Sample,Ax,Ay,Az,Gx,Gy,Gz
0,-2202,-4953,5981,-1027,-1952,1549
1,2002,-7850,3471,-1140,-1208,-1114
2,4616,-405,3701,-106,-1160,-936
3,-7552,-4351,-1685,-1339,90,193
4,3214,-4867,1315,298,988,634
5,-321,216,-7728,445,764,-1888
6,176,-3472,-108,1260,49,-824
7,-6994,7406,5058,1071,360,-946
8,6927,-1933,-6092,651,-1827,-1085
9,972,-2125,-4869,918,-1161,1566
10,1110,1620,-327,-975,988,669
11,2731,-5585,-411,-826,-443,1279
12,6404,903,5130,1241,1819,-1881
13,2230,-4448,7832,-732,1610,1895
14,-6414,-4482,-2215,-12,-513,1615
15,-7905,-1133,-6194,-907,-1165,519
16,-6554,523,-7615,717,1583,1651
17,-3062,-4437,6336,898,1640,923
18,-6759,2801,-7226,685,1993,1628
19,-578,-4533,2471,-1389,1461,-1525
20,3959,1562,-4759,-1981,31,1451
21,-198,-7312,-2431,1933,-969,403
22,-7692,-5076,-665,-1610,1449,-1722
23,-643,-1100,6951,-1425,379,634
24,-4692,484,952,579,1638,1166
25,-2065,5602,1325,1609,-458,1189
26,-637,5394,2637,1348,1003,-1086
27,237,-941,5308,-674,1227,-723
28,2942,-4261,-3209,-1116,715,906
29,-4018,-6951,6075,-1096,707,1037
30,-7286,-2004,6459,1589,-1492,-706
31,-7365,3548,4730,1844,1233,554
32,-6015,1911,-5334,761,-1975,1320
33,5042,-2290,3166,833,1391,383
34,6067,-4706,-3108,519,1397,-1116
35,399,-4602,3431,-258,-990,-60
36,5010,-5641,5317,273,-1366,-1189
37,-2386,-952,4151,1502,-1733,612
38,4375,-4494,-6753,-1334,-1410,-1248
39,5725,1566,736,778,-1068,1121
40,-7307,-4636,-3688,428,-1919,200
41,264,4060,-1175,406,-313,-863
42,-7586,1200,5860,-34,-1649,1738
43,3940,5334,-4228,-326,-336,-1976
44,156,-4882,-2824,26,-205,227
45,-3934,-1997,-6638,-1815,681,-1155
46,-3133,7724,-6192,987,626,-1439
47,-676,-1462,5951,1769,-1866,1197
48,960,-1024,7094,804,374,-1730
49,-7487,7434,4831,-1157,-36,1513
50,7729,5451,-4115,174,-1496,689
51,2442,737,7393,324,1637,-424
52,-2152,-438,-366,177,357,1415
53,1271,6323,7351,681,-965,-1602
54,-2201,4073,-434,1088,-302,231
55,1772,-2932,2376,-1919,-1119,-801
56,-458,2680,249,-1080,359,1443
57,-1002,-3502,-6973,681,-1230,1278
58,-6029,-2696,-6397,1890,779,1125
59,-3280,5904,-7045,746,-1084,1146
60,-7005,-5370,-4141,751,-1273,1285
61,-921,-3978,-5125,-1178,-1864,-70
62,-1102,-5145,-5774,1742,-1919,1781
63,-3648,7139,-4594,-889,89,419
64,-1616,-5879,-846,1013,1395,491
65,-137,3186,-4323,-317,-214,502
66,1096,-1525,4086,-879,1795,302
67,5943,1233,1322,959,-596,-661
68,6924,-4319,-7853,927,1483,668
69,-4731,-7280,-1447,-1201,1243,1466
70,-1659,-2624,-4118,430,1811,-233
71,6694,4335,-4876,1769,-1740,-796
72,4559,-1526,-5634,-1610,413,770
73,3194,-210,-846,-956,-586,-886
74,1741,6954,-5572,1279,-335,-125
75,-1499,-2193,5680,314,1416,-1478
76,3196,7080,6832,1994,-1990,-1289
77,-2621,6685,3350,-1529,-221,-1138
78,269,3070,771,-345,-646,-81
79,-1064,7353,7850,-599,1901,1849
80,5215,7312,6635,-717,1512,1627
81,-5571,283,-4720,-25,-811,-892
82,4908,112,-4875,-384,746,-389
83,-2240,-2075,5706,1579,1553,-313
84,-26,-6450,-1963,-544,1989,1705
85,-3607,-2439,-3935,-982,1970,-945
86,-3217,-281,5517,133,-1527,-543
87,-4850,-7871,-7823,-1080,1526,-125
88,-5556,-2251,-2392,-1442,-1996,38
89,6204,-1789,-7418,485,1703,-24
90,-695,3909,3960,1012,-1108,348
91,7179,1375,5027,1114,-996,-1161
92,2893,-5982,-1640,421,1560,1570
93,-6596,4395,-2548,1197,-1965,649
94,7245,171,-7186,262,-507,716
95,-7364,3256,1067,1130,1419,812
96,4552,834,-5406,332,-1368,1207
97,6395,-7770,3802,-514,1220,204
98,-1346,2081,200,-1470,1784,-1209
99,3570,3026,-5195,1822,589,-784
100,-1098,6106,-6735,456,333,-686
101,186,-3683,-284,-1940,-442,-1023
102,-6996,-6870,4106,-501,161,-1984
103,-2005,5794,4849,1051,905,1628
104,1618,2567,189,1854,948,1658
105,-4886,-1583,5837,842,1209,891
106,-3029,1058,-213,-815,-1896,1125
107,1527,5808,-2874,87,225,-390
108,6492,-3140,5995,-795,-134,328
109,-4414,-7385,-6325,1531,154,-1469
110,3485,543,1924,666,-747,-771
111,-3049,3662,-1880,1844,790,-379
112,1371,-1286,-5117,-499,-994,722
113,-3631,-5777,6169,-1955,-1838,406
114,4690,-7713,5192,-656,734,-1262
115,6479,2210,-7383,-288,-927,-1554
116,7571,1590,3116,1816,-1801,545
117,2211,-3067,-3465,1880,188,960
118,2165,-84,-7946,711,-161,1556
119,-6558,261,-7051,-1954,135,-1245
120,-462,38,-1578,493,-1642,-1588
121,1398,-1056,-4179,-982,-1569,36
122,-4999,4874,3327,-1474,-806,1769
123,6705,4547,-5280,878,-337,-377
124,-7018,-7063,-6232,1420,-1803,-1939
125,3575,2417,-2526,-833,-243,-125
126,-2652,26,-5699,-1614,-919,1981
127,-2595,609,-3679,155,-1616,86
128,-1519,-945,837,-1068,394,1378
129,-2403,7929,3383,-835,-881,398
130,-472,-2965,-4397,-459,423,-1814
131,36,6303,-3958,1519,-68,-514
132,425,-7945,-7017,-1422,701,206
133,7966,-119,-7038,1992,-776,-996
134,-1170,-7676,4023,-1475,184,-500
135,-2514,-369,-2801,774,-989,867
136,-6774,470,7396,-1920,-520,851
137,5452,5293,2548,157,-1066,-1790
138,-885,-2541,-2951,1145,1338,-950
139,-5544,-615,4048,1092,921,557
140,-6178,6239,-2507,1874,514,1991
141,-3964,-1957,1727,81,316,1818
142,6108,7908,5855,1386,1437,-1251
143,2526,70,-2120,1280,973,-1404
144,363,-6157,3975,1440,-1848,279
145,-5976,3405,-1630,628,-1940,16
146,-3695,-1914,2985,899,-166,-1747
147,-7359,7653,4091,1082,931,-1751
148,3403,6996,-2354,-383,-1083,-1388
149,-760,-2299,-4216,1432,1147,546
150,1901,359,-7297,-1253,-244,-468
151,3958,-4648,1614,-564,-1761,1661
152,6386,522,2453,163,-623,640
153,-5201,-5538,-4762,-10,-898,-1999
154,5992,-7683,-5145,1687,-1489,1679
155,6859,-6733,-2258,675,-626,-1127
156,-3427,3221,-7603,1167,1231,-1941
157,2428,-5804,-6037,1057,-1364,-65
158,4149,-1376,2134,1546,486,-1328
159,3566,-5271,6577,-327,821,465
160,2196,4452,6178,554,1745,15
161,-685,2460,-3216,1107,-589,-492
162,-692,-7798,-3554,-985,1884,-1610
163,7857,2470,-7469,-283,-625,1005
164,843,-6153,-5042,330,498,407
165,-493,-2929,-5625,1448,-639,1103
166,6520,1184,-5708,1548,640,-1941
167,-3332,3014,4307,1853,-537,141
168,4345,6464,5988,356,1861,823
169,-1353,-426,-6921,-214,-703,-1247
170,1052,4096,-7757,-1196,-1439,-553
171,7080,317,-1562,1620,-832,-1126
172,-6818,4829,-7680,315,824,-1042
173,-278,-6190,3466,543,1147,433
174,-5452,7690,-790,-1220,1485,1756
175,-4388,2077,-4216,-1606,1162,-1471
176,-3469,-6822,2037,-737,588,1654
177,-2618,5787,1292,456,-1029,85
178,4049,-5496,1833,606,1034,-108
179,-5525,4158,4144,195,1059,-1551
180,-4626,6072,-5672,-1966,1291,1867
181,-1410,4457,5195,-613,-1246,-458
182,7624,1516,5914,168,-1467,-1786
183,-5667,6680,6312,-210,-604,1576
184,6493,6797,-466,-309,-1203,-1186
185,3165,5804,6346,289,-1028,29
186,-5671,-5941,4483,-1264,-236,-251
187,264,7670,7591,1295,1719,-510
188,6870,-5610,7708,1075,-210,-240
189,4482,-3441,208,1730,1769,-1291
190,-6779,7797,-5477,1663,237,-776
191,6172,4371,-6162,-1678,744,-406
192,-7744,-6208,4986,843,473,255
193,2989,3407,-7312,-1048,1551,-1512
194,7074,6113,-6161,-911,1183,-199
195,-4254,7671,-2943,-969,-857,950
196,1900,-1277,7002,-1169,-52,-1549
197,1637,-3499,2879,252,-1848,805
198,1546,-4514,1035,-7,1149,-580
199,-3341,4319,2571,634,892,1151
200,-7435,125,-7475,-1740,204,124
201,-5069,1407,-7359,1905,-1056,1793
202,1183,4118,-575,1772,1531,-978
203,-2619,4581,7824,-336,-684,-71
204,-2858,-1163,-7342,-246,-1331,1437
205,6954,630,-7674,-797,1259,-1436
206,5252,7949,4690,-732,-462,358
207,-4068,5197,5486,-115,-786,896
208,577,3973,-6688,-1207,323,22
209,-6415,-782,-537,-459,580,-238
210,3101,-3449,6465,-1682,-1580,1552
211,-1744,-3140,1174,-796,-1092,1349
212,-1100,-6398,-7862,-88,-987,1651
213,2011,6508,-2901,486,1816,1702
214,6693,-3309,-6694,456,45,-1436
215,2413,-4197,-2654,-398,798,1336
216,-1195,856,-7483,1186,152,86
217,-4569,3606,3567,-1987,-52,-588
218,2251,4032,-1010,1053,-263,-612
219,6851,-7273,-3473,9,-1653,-361
220,6149,-6749,4448,1697,1704,-1153
221,-212,-3058,-4994,775,968,440
222,-52,5007,-7186,665,1741,-1028
223,1905,979,7354,284,-960,-1801
224,1758,6183,4367,-1464,-1788,752
225,3854,1366,6022,-1030,330,-1498
226,-3087,-5476,2510,898,-1983,279
227,7055,7476,-6418,103,-926,-1584
228,-4090,-4977,7797,-699,831,1555
229,5855,601,7686,674,-122,637
230,2099,4581,6976,-759,-1672,-507
231,-3232,4544,-3880,491,-571,457
232,-3087,-172,-7032,-1202,-1329,-1008
233,316,-6944,-2831,1160,1754,-1624
234,-3316,-198,7050,-1831,1366,97
235,-4648,-7611,1833,-1553,-373,205
236,-2695,-7524,5000,-1528,1345,-215
237,-354,-6883,-1922,573,531,1966
238,906,7782,-5058,340,-610,-1495
239,5930,467,-5229,-184,1726,1901
240,2455,1402,4822,-102,355,1611
241,-4054,4181,-2042,285,1395,489
242,-3044,-6259,-1346,-1250,-370,1593
243,-7913,-7590,1461,-1494,288,342
244,630,4897,-4490,-804,1176,-639
245,7349,-7764,-3082,-180,483,1566
246,-1826,4692,3547,228,-644,-824
247,-3845,-2870,7714,-577,-277,646
248,2399,-5459,4593,1998,-214,881
249,31,5147,4753,1544,924,754
250,709,3150,-423,1900,1782,1359
251,-5123,-4520,4384,-443,-1909,-1906
252,-345,-5542,-5335,1517,581,1144
253,7202,5640,5242,-392,-1423,-1164
254,1621,-1507,-5262,-1082,-1564,39
255,-1444,-2388,-3073,481,1612,-1172
256,-2725,5229,1663,1021,-1772,-1820
257,-6230,7637,7194,-762,-1428,-564
258,-2508,-1576,-5970,-360,441,1865
259,2994,-3918,-1689,-295,-1181,-1428
260,-2602,-6495,968,238,-127,1549
261,2167,2251,6356,-1617,-529,451
262,-4969,-133,-5680,519,510,96
263,-2238,-5506,5505,-981,-614,-1669
264,6732,2528,-3476,-395,-646,-76
265,-6053,-7628,7211,291,-576,-1600
266,3291,4291,-4441,13,-1915,-545
267,7055,4437,2418,771,-150,-674
268,-593,1694,3341,903,1322,-583
269,-7326,1962,-7271,-873,-985,-1361
270,-706,-7070,-4322,630,-666,-1674
271,3404,-5405,5332,-208,-1849,183
272,-2350,-5706,-1622,1799,1224,-1508
273,6865,-583,6771,-770,205,-973
274,4671,4514,-3814,-1934,-655,-238
275,1314,-4085,-3801,-1598,430,-1938
276,-3453,4464,751,1695,-165,974
277,2690,2483,-6111,30,-443,-27
278,6460,731,584,1085,1164,-90
279,-526,237,-5403,-1332,-1194,-167
280,2988,2370,1835,-79,-336,608
281,-860,3087,-2650,-900,124,-468
282,-2236,-3691,-5523,-158,1035,-800
283,6878,3527,4445,924,157,-1530
284,5762,-2675,605,-605,-1944,1601
285,2748,-7142,1552,1301,-148,-1017
286,-1317,-3573,-7143,1825,420,55
287,-5293,6272,-4108,-504,615,218
288,-7168,-7040,-7173,-977,436,427
289,-7654,3967,5983,699,-722,-425
290,5949,3853,-792,-1408,762,1006
291,2353,-1980,-6913,1841,1653,945
292,1834,6071,-3291,352,-1285,-603
293,-7910,-4180,-6320,-1839,65,-1152
294,-4095,362,230,1104,875,-790
295,-5049,6633,3214,-103,-507,384
296,2437,6137,-908,1269,1789,1536
297,-3834,-5053,-6678,1487,-1877,1691
298,302,7450,-7004,-1931,413,-1433
299,-2147,-987,6735,-1989,-142,612
300,-1499,-5510,6573,-439,-1335,1856
301,1095,-1016,-4160,1059,1802,-161
302,-5367,-3369,-5151,-436,-1312,496
303,-2681,3432,1162,436,1849,-1448
304,-6553,2350,-4720,444,174,64
305,7830,-3114,2552,1004,94,-1100
306,2053,1775,-7739,-421,1947,-1439
307,5069,3385,-5392,-820,-1569,611
308,3438,3804,-7967,-1272,1108,1059
309,-2354,5102,5758,1459,-961,-1720
310,5818,-3333,-5461,517,198,-865
311,1607,5776,-5730,1218,-935,-603
312,-3180,-7879,6989,-80,993,-1937
313,384,2375,1847,-1951,-1646,-1907
314,632,-2391,2007,1663,-1580,-142
315,-5423,-3067,-3840,-628,-599,981
316,5941,2567,991,-925,333,1456
317,-7116,6432,5703,-572,1884,-1571
318,5267,-413,-5505,1630,-315,-1125
319,952,-1985,1209,-61,325,778
320,3303,-751,5832,820,-926,1935
321,7851,7811,2906,1739,1801,-1422
322,1756,6789,7472,608,-1869,1328
323,-799,158,4353,390,536,1636
324,-3068,-4784,5159,-56,-1728,114
325,-3130,775,-2551,-1597,-1228,-141
326,7497,4512,4308,-1829,-1601,20
327,27,-3476,-167,1499,-1638,-543
328,-4763,-1985,-4842,858,892,-258
329,671,989,4247,-1339,-1073,563
330,610,-3051,6333,-197,1794,-1291
331,1606,-2438,-2386,888,1776,1616
332,2244,5946,-308,1491,1777,71
333,811,-7773,641,-1885,166,-1629
334,927,7311,-5750,1468,149,-1670
335,-1131,-7042,-678,147,309,106
336,273,2974,6275,-373,-733,-423
337,1856,3653,-223,-639,-1755,-109
338,-1244,-340,393,-1462,-1174,-1775
339,3665,-460,-341,1090,-131,325
340,7740,2795,-2374,-86,-776,-721
341,648,-7627,4911,-57,1513,1071
342,1365,-2763,-175,1888,-52,931
343,2130,-5658,7386,604,-1175,-40
344,625,-2092,-6816,636,575,320
345,2450,305,6945,362,1281,132
346,-2288,3739,6122,-302,1792,767
347,-1958,-3910,-5707,-25,-721,514
348,5317,6334,-6516,-1584,1392,334
349,7834,2238,-7550,56,-421,1491
350,-984,-2576,6519,796,-601,-983
351,1818,-2405,-1300,-1043,-1100,66
352,5482,-2525,1262,-414,572,1454
353,-1556,7447,-2875,379,-919,1513
354,-3685,-5561,-3365,1703,-504,-436
355,-4181,554,-1290,687,-472,868
356,-778,-3711,1999,-982,864,-236
357,-6620,2588,-379,-1783,528,-1026
358,-6567,2069,-6914,1858,-1935,-1444
359,-4278,-6259,1503,651,-117,-1692
360,2185,299,1232,851,1453,-937
361,1102,-7412,-3145,-765,273,-1408
362,-1935,-2408,-2499,1005,826,-109
363,-4343,1905,-6465,1915,366,914
364,1330,5783,6442,-803,781,-159
365,4562,5945,-2276,-262,39,-1421
366,1731,2767,-1737,-1991,-491,748
367,-2000,916,-2224,-106,-1774,752
368,6741,-3467,4952,755,1908,-627
369,5612,5229,-1266,803,1210,-1857
370,-2208,334,6915,90,1229,1581
371,-7973,6853,4089,1333,-1542,-1860
372,7145,6081,-120,-82,101,-1187
373,2988,6976,4622,112,188,-388
374,-520,-7897,890,1847,756,1324
375,200,664,-4353,1373,-1150,374
376,-6349,3163,-2526,-1882,-1893,-755
377,-652,-6506,4747,-747,126,-1527
378,3823,-5985,-552,-1738,152,-263
379,-830,4270,233,595,1510,-1526
380,4949,3950,-3829,-863,656,-341
381,3700,5246,-5,-1371,-1355,164
382,6627,2970,2625,232,-1390,1279
383,5384,-1234,3723,1644,1162,599
384,5022,-2786,-5182,-694,-977,-33
385,-979,556,7497,1226,1291,123
386,4133,-6284,-4192,1324,-154,-257
387,7506,3799,-2258,-264,382,1963
388,5590,-3767,-728,1937,-863,1194
389,3702,-7356,5521,1283,950,507
390,2586,-1252,-6417,-194,-1378,-576
391,1280,2507,67,1323,1282,246
392,-5572,-5295,5738,1252,-702,-264
393,-546,-4842,-737,156,437,9
394,1434,641,-7902,810,-993,-738
395,-6560,-4678,7501,-424,-1329,-1503
396,7610,-5657,7450,-1216,1538,240
397,3794,-3941,529,342,16,1563
398,653,7247,-129,1707,-1898,1309
399,-7650,-6199,5041,855,1123,-1728
400,-2135,731,6264,690,1373,260
401,1462,572,-991,1996,1387,-505
402,-6962,-1638,-2061,-727,-1768,1321
403,-7048,-2529,-54,1024,1308,1486
404,6836,5143,3525,-672,713,-933
405,-515,-6384,-1757,768,372,4
406,-1303,7299,-863,1497,1503,271
407,-913,1315,7413,-1503,-333,913
408,7743,-2373,3081,-810,-1638,-201
409,3851,1489,1483,-614,-561,1221
410,3865,-3876,-7730,48,799,-756
411,-1942,6628,-3538,1617,61,-881
412,-3513,1039,5558,-966,-532,525
413,326,2280,1414,1934,-1579,-1079
414,3621,1538,-312,1772,805,-951
415,-2574,840,-4171,362,1723,-1453
416,-3658,1630,3644,-1371,1838,1252
417,-5910,2198,4415,-1370,-876,-744
418,6061,4962,1539,759,527,-645
419,-2770,7170,6838,1787,1571,870
420,7768,97,-542,-1231,-1650,1830
421,-5341,-5101,7982,1444,329,1792
422,-177,-7460,-7832,181,-123,-1413
423,-4236,-2830,855,1486,1071,-966
424,7364,3479,-6459,-1636,-954,79
425,2883,-895,-7326,1978,-1337,902
426,-6660,-5613,4917,-795,-1481,1643
427,5312,-6737,-1180,1777,-1326,452
428,-384,-3130,-622,1680,1118,1462
429,4820,7332,7737,-663,-1213,173
430,-5478,3493,-1983,-311,223,-965
431,6451,7987,-3944,-334,683,192
432,-7382,-5479,2638,531,-1668,-1448
433,4805,461,5560,-1426,-1907,-575
434,-3841,-3401,-4490,1789,-1653,-1012
435,4059,6064,-465,129,75,-624
436,4654,1134,100,1091,295,1703
437,7414,5705,-385,-1125,1031,-959
438,3362,3657,5818,-790,-1645,-1846
439,-2467,1907,910,581,-1266,-290
440,-3416,-6488,-1004,-1058,1414,-40
441,-4136,7100,-7063,-1884,-512,1321
442,6480,-7711,-5295,-389,-1754,1299
443,7298,-1470,-6983,-1636,-236,808
444,-6071,-5257,5954,86,1606,-1667
445,-2834,-3773,-4555,-1494,1923,1474
446,-7988,-5112,7141,1512,1777,1801
447,-1613,-5188,-4791,-1765,827,1014
448,-5534,6682,353,-1853,-447,154
449,1750,-2823,5201,-95,-1417,639
450,4770,4266,-3033,-803,1273,688
451,-4785,6542,5772,1235,-879,1508
452,-6362,7985,5893,370,987,1483
453,-2532,-4884,-113,1026,-570,1346
454,-6069,251,-5253,-614,-1415,504
455,-2624,5875,-4109,-1764,1902,1384
456,-6225,916,-2437,1169,1492,1261
457,-3,-685,-3,1267,-1235,-1074
458,-7071,1127,1351,1342,-310,-1988
459,6661,7816,2307,1438,1238,1301
460,-6890,6040,-2212,-1573,-621,-1882
461,-4317,6122,-5129,517,-486,-1288
462,-5173,2278,-6813,1295,-1073,555
463,-5350,-6054,2118,1965,1403,1329
464,7868,530,2842,785,-1923,198
465,-4900,6215,4009,-171,1193,556
466,-4539,-2776,-1197,961,483,1667
467,-37,6327,-2465,-942,967,-1505
468,-4230,-4424,-1578,1482,879,627
469,802,-42,5722,-1098,889,-404
470,-3844,-5186,-1129,1813,1024,-282
471,763,7983,2478,1713,184,-716
472,4124,5304,-2642,1463,773,191
473,3940,3448,3545,420,1413,-1044
474,-1248,6193,4688,905,826,-1072
475,-7092,645,1129,-1560,1693,1631
476,917,4872,-277,1853,-1350,-187
477,-5435,1310,-2713,-609,-194,-1817
478,-1962,4473,5748,-783,519,-1318
479,506,-2207,3064,275,1362,-1780
480,-395,5334,-1787,-1604,14,731
481,-2564,4245,-6705,1339,1503,620
482,-3767,-6626,-686,-1804,-907,-1638
483,462,2488,2157,227,-201,1556
484,-2945,-2550,3963,501,224,1129
485,357,3333,-2099,1242,77,-639
486,-1175,-5221,415,-550,495,-656
487,3100,-5331,5319,-1601,536,1075
488,-7928,2881,-5172,648,1062,157
489,-4415,-2392,-2062,-1077,1228,563
490,-2397,2915,-4891,-1324,120,-529
491,-3915,-2384,-3613,1357,1534,1987
492,3614,6619,1487,-1490,-979,103
493,549,791,5003,-419,1003,-1027
494,-4391,-4474,-533,1557,-782,-1878
495,-2825,938,4460,587,-765,-1590
496,4927,5079,3594,-1875,-875,-173
497,1097,3449,-2684,1310,-20,-309
498,-7723,-2290,-745,-442,397,542
499,-1504,-7109,-3974,395,-1692,125
500,2715,7664,5485,1607,-1438,962
501,4060,-3015,-2037,252,961,-1797
502,-4247,-7201,-3142,1218,-1881,1712
503,-6227,-7670,3699,1644,-1632,-126
504,-2029,-1004,-6847,1194,1583,-937
505,1924,7458,-3713,919,766,167
506,-2238,3493,4326,1163,596,-129
507,-6109,2678,3687,-1298,-1057,1972
508,7619,-6260,-616,862,-838,1214
509,4072,3955,-5530,-103,402,474
510,6089,7497,-7221,-358,187,-1193
511,-5988,-5344,5889,-1054,-637,1541
512,1910,-7912,-4206,1077,659,1421
513,829,4704,5506,1802,665,-160
514,5152,-1779,-4148,-410,917,766
515,5591,-317,-4956,1651,1025,577
516,3019,-2534,-5728,-1123,-1550,-933
517,1851,-1089,5278,1689,455,-1739
518,2627,5558,-829,707,-448,-246
519,5585,455,-3777,958,-156,-1752
520,-1393,329,4712,762,1574,-1884
521,-3763,2024,120,1026,-593,-816
522,-5225,4811,5189,1868,1782,-1364
523,7177,1680,2049,-600,1379,822
524,4947,4330,-4933,-118,-1838,-365
525,773,1739,-958,-1374,803,-307
526,-3996,4776,-716,914,-1075,-1920
527,2195,-2390,-6882,1892,-598,1088
528,-4237,4888,-3547,1332,-352,-1019
529,2850,-2072,1889,-1135,1787,59
530,4532,3555,-190,-1074,1707,1524
531,1983,-7694,-26,1122,1829,-1884
532,-5754,-7460,-2769,72,371,-255
533,3227,-7577,-2062,284,1956,906
534,-2268,1719,4988,832,1957,1504
535,3161,-189,-2437,1387,-1434,-1275
536,-7779,-890,5556,-1469,645,-952
537,-4482,4816,-1997,1055,789,-749
538,7791,-7706,12,-1511,1191,589
539,-1251,3005,-5305,98,-1686,-350
540,2413,-7107,-6483,-427,371,1606
541,2017,-961,4137,1566,533,-123
542,-4075,5396,5749,1335,-1006,1463
543,6206,3193,-7085,1204,-43,1758
544,-5223,1179,-7043,-75,843,-1687
545,-4295,3420,-3918,1911,-1654,1628
546,-1995,3664,-992,-97,-1827,-1861
547,-2190,-263,-5698,-206,-33,303
548,-4330,-7160,7739,921,259,-511
549,-6043,-5336,-2205,-1379,-468,-1359
550,-3959,-2439,3831,-1191,-1587,-1377
551,7586,5053,7202,-1100,208,140
552,-7035,-7760,-2100,1973,-601,787
553,-2743,266,790,-333,-549,244
554,-6697,2142,7512,-1049,-917,1766
555,394,-4450,-2453,-631,529,-326
556,4258,-2856,3181,616,-1479,-943
557,1012,-305,2826,63,911,-1065
558,-658,-5861,-5068,881,-288,494
559,5274,-5774,-5043,466,-1274,-1207
560,-4583,-6237,5283,-1870,1650,-152
561,5375,6263,-1948,1722,1014,-776
562,7646,5803,-825,-382,-350,-399
563,5581,2394,3010,-49,349,-1202
564,7165,2391,-6702,-742,614,1457
565,-6126,-5906,-5211,-347,1958,1614
566,-6628,2679,432,-1181,312,1580
567,-1162,6173,-5956,1985,1140,27
568,-1846,-7907,7265,1411,-246,329
569,6464,467,-7660,1479,1641,768
570,-3832,6957,7891,119,1457,428
571,-4656,2050,-1775,1731,1309,686
572,7711,7365,1955,42,-1266,99
573,1682,-3675,-5603,-290,-1571,1897
574,-1831,-6831,7507,-1858,-442,-1782
575,-6699,-6947,2276,1731,-241,395
576,-2301,-7504,-5546,71,-732,-1521
577,489,5040,-2132,209,1066,-905
578,7999,6842,2700,-135,-318,-1961
579,1360,-5211,-7968,-21,1330,-406
580,6985,-6814,1166,-201,453,1978
581,1982,7006,-6273,259,-984,-349
582,256,812,1200,-1013,-2,1426
583,-328,6265,-2890,-737,1154,492
584,4745,-4830,7394,-235,-626,903
585,2265,2141,-5444,1805,1689,1847
586,3686,3960,944,1587,-580,1804
587,1345,1471,-4396,-1059,-1290,-698
588,2306,1322,-7734,1123,-1939,1046
589,2854,-5982,7124,1541,-1131,345
590,2459,-1037,4687,1185,320,1134
591,3788,5298,-6386,-1650,-566,-933
592,4080,6799,-7627,-1270,-930,-136
593,-4399,54,-1777,-964,1195,314
594,-148,-3302,2803,1725,-373,1527
595,6840,3665,-493,-171,-891,-287
596,-1387,-7920,5644,-368,451,-468
597,-1889,5528,5613,-1494,138,-922
598,-1224,-7375,621,669,-378,-1475
599,646,-907,5527,-193,440,126
600,6521,2067,-225,960,571,1331
601,1671,7911,4679,-1007,44,-536
602,-6620,1315,1828,-532,578,-1587
603,-7043,-5071,-7620,-1429,718,156
604,-3360,-58,716,1106,-895,-1227
605,-7708,4556,3531,1896,319,-943
606,4719,2163,-6542,-531,1478,350
607,-5898,-7172,2516,1251,-389,1331
608,7593,780,5301,-228,-435,-1991
609,-12,5649,1964,-22,-797,-280
610,5343,5688,-6996,-306,-1115,-1320
611,-2048,-1313,1347,-855,1811,-577
612,-1000,-4969,3938,-1298,-1802,771
613,7904,-2441,1995,1472,489,450
614,1473,6100,3809,-1963,1073,70
615,7164,5984,-5410,456,-994,166
616,-6975,-6744,-3727,755,-894,36
617,467,568,-6134,1026,1456,-1976
618,7029,5584,283,-1402,145,1886
619,3300,-4016,373,-1207,-76,-1439
620,210,2639,6282,-1959,477,269
621,7137,-4419,7807,1520,-1522,-500
622,7289,-5967,185,112,24,274
623,5931,5806,-1542,-1735,17,-279
624,-4428,-5107,4918,1100,-1808,-35
625,-4796,109,2973,327,-694,-270
626,-3907,3870,-4400,-82,1801,1994
627,2457,-1276,-7089,1534,1171,-1406
628,3779,3195,-6766,1826,-1043,-1087
629,-4323,-1648,-1869,-1373,1741,851
630,3534,-2286,6367,-1007,290,748
631,-594,3484,4885,670,-888,-1319
632,1813,-5031,-6801,-60,-106,602
633,2342,-3707,-5359,-269,-1059,1691
634,3139,5436,361,670,-1715,-1263
635,-4510,2747,-2310,858,-586,-1271
636,-4891,821,-3488,-385,208,633
637,914,1351,-6073,-1609,1186,1886
638,4513,-2208,7215,-1691,415,-196
639,-4058,-5724,162,-1554,720,1194
640,-2044,3873,7048,1273,397,1141
641,-7700,-4912,2101,-410,-1679,223
642,2349,-5883,2914,-464,-1451,1910
643,-6707,-5666,5106,786,-1388,-645
644,4610,-7505,-4953,-1003,246,1095
645,1716,-2296,69,1682,458,234
646,-2320,-5693,7580,1285,1964,-1810
647,-1197,-3042,-2062,-1705,-141,1582
648,4015,2231,-5069,344,-533,1795
649,7048,-3364,2894,1888,1015,1988
650,2528,-1159,-2743,-525,-1979,1019
651,711,1891,3687,-1006,306,-1239
652,1990,5228,-7249,-117,838,-428
653,3597,3776,-367,-760,1874,-1655
654,-7362,-4455,5322,1310,1084,1899
655,2960,3725,-7577,1496,-733,1474
656,-3562,6895,7201,-343,-391,345
657,-495,-2272,-5919,1585,-1491,-1081
658,-4026,-6829,3320,-1751,1875,1876
659,5168,-3538,7523,1892,-1187,-376
660,5584,7028,-1283,-200,527,1668
661,-7578,-7867,2105,-374,-910,1575
662,958,-259,-1945,1490,-1676,902
663,-2781,-4351,-3462,-1442,1693,-1166
664,2147,-2701,6201,1503,-423,167
665,-6702,-523,7988,993,-1240,-793
666,-7363,4818,-255,-1036,-539,-1540
667,5577,7002,-498,-1830,1654,578
668,-4684,-5215,1377,337,-1322,1213
669,1063,-3781,-2194,1006,445,363
670,3946,2902,-1488,-812,-1166,1511
671,-3382,2322,-5770,1394,30,779
672,-2154,221,2328,569,160,1564
673,7730,-6709,1354,1566,873,-760
674,-1608,-1189,5873,-1842,-1968,1027
675,7559,6941,-5864,-455,-1453,987
676,7242,1347,-1235,-2000,-1401,-944
677,7677,-7380,2793,1876,-630,256
678,-1398,7770,-622,-1410,-291,-1487
679,-494,-5534,-6912,939,-1409,-1086
680,-4673,-7689,-4541,-1810,476,552
681,-2162,-4981,-1698,289,99,-375
682,1013,-3347,-1203,1471,136,1847
683,7152,2044,-1308,-414,-1994,-1963
684,372,5117,-5361,-141,-607,-573
685,1076,-186,-7581,-1289,-1711,705
686,396,-7021,-593,1058,-1533,457
687,-1440,1185,6365,-765,-1664,-592
688,-7927,-4000,-2381,790,-1363,-634
689,-1041,2543,-7956,1803,691,1758
690,-6199,6527,5857,1420,-1656,1327
691,-5091,-4657,-1248,1262,-979,-1886
692,6321,-2764,2626,266,-381,-620
693,5816,-465,-5656,-1714,-1579,1281
694,1778,-5126,326,-528,-379,1060
695,-3137,4925,3409,-723,-1345,1680
696,-6985,2272,-1736,-1926,-1578,-614
697,3464,-1821,-3568,-7,-1212,-1628
698,-7687,-3077,-2055,-786,-1120,1411
699,-3808,4214,-2468,130,1066,889
700,-7721,1962,7621,758,222,-278
701,1571,-3812,-2636,1218,689,1840
702,-5770,3604,-7073,593,1651,-1197
703,2872,893,-4944,-1642,-723,1773
704,3398,-4158,320,-1,1358,522
705,-5553,4272,-7392,1611,759,1286
706,2920,-2341,4298,-1443,-228,-1457
707,-4841,-4494,-3402,-1477,-803,1942
708,-6910,-2014,7646,1150,-400,-1978
709,-694,2587,-5735,-957,-5,-699
710,-4031,-3514,-2823,1576,262,113
711,1371,7194,5621,142,-1929,-1549
712,-1523,788,1190,837,-119,-752
713,-1405,6131,4027,1384,1077,-432
714,-621,2917,828,-745,-1571,-1552
715,-7780,-1148,-4390,-1433,-344,1196
716,670,82,-2300,839,1723,1849
717,-7890,-726,4504,840,-1382,-571
718,2456,-4351,2786,-1130,400,1429
719,1058,-965,7585,438,1353,526
720,-2838,-5414,3750,906,-1048,1003
721,-5444,4572,-2062,857,1654,-515
722,3480,490,2706,1645,807,-586
723,3744,-6462,-6333,838,-845,1161
724,-3064,2281,-4230,-1215,-758,1019
725,-4769,-2913,7321,-1766,1513,-1787
726,4892,3591,93,-1977,774,1780
727,7673,1309,-7126,-169,1606,1645
728,5091,5371,-487,1714,-181,1778
729,7314,3067,2287,-686,131,-1770
730,7171,1604,-4959,-1569,-1443,-1967
731,1531,-1708,2406,1633,-1184,1852
732,-968,3060,-5984,208,825,-915
733,6402,6102,2951,-571,-1353,-320
734,2200,5198,4522,-291,-1761,1351
735,3443,-4492,515,-671,-219,-293
736,2746,-1367,1794,-482,-995,-1643
737,-4018,-1582,-5899,1354,-804,-108
738,-1754,370,-5221,1936,1072,1880
739,1134,1483,-7490,-666,417,1447
740,-3372,101,5040,-664,1044,607
741,4850,-5185,-6434,827,1541,803
742,4448,2848,-4670,747,-1890,1366
743,-2658,-6572,1334,1347,-414,741
744,-3912,-3086,2602,31,-479,146
745,7642,-7685,2145,-1918,1119,-1290
746,2230,7683,-5536,74,-1898,738
747,481,-1159,2098,-110,-919,1265
748,547,-3087,-1820,-1255,-229,-42
749,-4555,257,5337,926,132,-219
750,-1378,1383,-2978,-1006,-217,478
751,-7571,-763,786,1011,699,217
752,3032,-5617,-1299,-1060,346,1289
753,4833,3860,-5748,500,1052,-1246
754,-4527,7185,1059,-339,271,-994
755,2129,3254,5357,-952,1352,921
756,1463,2726,-7195,1695,-522,407
757,-6981,-4125,-823,-204,1929,-889
758,5305,2251,5844,396,789,1740
759,2380,-3628,7622,-1744,-138,-818
760,-1060,4131,-616,-453,-175,-133
761,-1710,7745,6885,-1572,-570,-947
762,6834,4851,616,-1520,-937,-934
763,-2653,1591,7566,1888,-319,1371
764,4549,6190,2394,1876,-1636,-891
765,6859,426,-4679,-1230,-1708,1684
766,1294,-27,-2397,-303,465,133
767,1339,-5662,615,-956,-390,-1590
768,1995,-3025,3636,-468,-1396,1537
769,4653,-512,3679,-262,1902,1449
770,2989,-4137,-3119,-114,1153,1762
771,-5772,-5522,-6895,1605,-1870,-1973
772,-1810,-4132,2982,-1648,-771,-537
773,543,4150,7973,411,-1293,-1288
774,-216,7386,-2172,361,1949,-826
775,560,-4891,-6181,1105,442,773
776,7685,2103,-5602,1534,-1336,1961
777,-1617,7732,-4433,-595,-39,964
778,-5261,-2703,-4759,770,-773,-1927
779,3571,1717,-5466,533,-79,-1150
780,-5721,-7819,5,1335,725,-114
781,-2619,-2046,-5005,420,-815,-202
782,5135,-6336,-3187,1365,-1749,1768
783,537,-7167,-262,-781,-459,284
784,1808,2583,-3319,-1487,383,-280
785,-6181,4245,3720,-405,1037,-225
786,-2065,7303,-5742,-220,128,-1450
787,-5659,6971,1381,-1606,-474,-1437
788,-2463,-5732,2378,-1828,-827,1980
789,-5198,-4637,-6506,-1786,67,754
790,-3430,1800,3140,-227,-266,1943
791,4550,419,6628,-1858,1411,-1997
792,-7343,1620,-205,-800,-1863,-12
793,2087,183,1878,-1970,-1346,-307
794,808,-6585,-612,-1203,82,-618
795,-3269,-3798,4432,-936,-1576,-95
796,-5930,3287,-1026,1046,1769,1845
797,-2998,-7213,4608,-1247,-1268,1528
798,5551,2885,-7020,672,-130,723
799,109,-6106,-4758,-1668,836,1225
800,-3794,1660,4286,596,396,-1935
801,5735,6629,5345,-1104,387,-718
802,1046,-5009,6254,-1718,-146,-1013
803,6648,1802,4676,1339,91,5
804,-7073,3569,-5945,-939,286,-1608
805,-1560,4675,6603,1091,648,902
806,-6281,-6022,-1041,1104,1702,-1138
807,-6629,-2063,-3364,1813,-27,1188
808,-3973,-5591,-5912,1824,-568,1953
809,-3658,-813,-2882,-1021,-1110,-1042
810,7770,-2756,6570,-1910,116,-1783
811,-146,-2418,6073,-1330,1246,-1790
812,-2408,5360,-1102,-1639,-117,-1323
813,-6169,1882,5521,-195,-1468,1103
814,5097,36,-5840,1970,-634,879
815,2864,4458,4098,1541,1043,-1386
816,-7217,-4348,2184,1957,-1667,1357
817,-5585,-1334,-340,1874,1173,-862
818,-4055,-7505,-1308,1989,-789,-1027
819,-3506,3420,1113,1873,-302,-551
820,7550,-6865,-786,440,360,121
821,-3085,-3818,7138,352,-1437,1602
822,-6361,6784,-2367,11,-1632,-1252
823,-5426,2375,1053,-1165,-1863,1431
824,1182,-7041,-4815,-1466,-1203,1536
825,-1498,2539,-556,-1397,435,-982
826,998,3419,-6779,415,-573,-1699
827,-50,412,3350,-1036,-388,1757
828,-4562,-6387,-5256,-1858,1694,-723
829,-6166,5425,-4904,-1688,-1240,1236
830,880,-2640,-4517,1542,884,-771
831,7796,-4427,-2711,362,604,-1567
832,-3732,1403,-3965,-1963,1440,638
833,-3935,4110,-4173,-1627,610,-706
834,5402,4823,-5890,-371,959,647
835,-7701,5388,3781,1096,1576,1246
836,-3325,6329,6375,-1144,576,1465
837,-5423,-6609,6037,187,-1509,1158
838,-4377,-18,-5399,-1127,1090,-1022
839,1844,16,-2540,-307,-12,96
840,-1330,-428,-351,1460,-503,-1666
841,-3482,-3966,-637,627,-1150,-1236
842,3627,195,6020,726,-1330,1764
843,-6116,3878,-3302,1297,940,-1066
844,-6053,4110,5814,-353,-774,-1287
845,1112,1427,536,-849,-1182,376
846,-5477,2157,1325,-1523,-595,61
847,5773,568,-1918,-1444,822,153
848,-2321,-7485,-6818,-80,1499,-356
849,2420,7725,-4890,313,-818,768
850,-7063,5943,1400,1219,-1138,816
851,-6437,-1714,1891,-150,-322,-1074
852,-386,-7166,2191,1029,-1939,646
853,2157,1956,2453,562,-592,-1852
854,4203,6747,4456,980,-282,1037
855,5967,-1483,-6117,-6,705,-1811
856,1513,6298,-7627,-1383,-18,-884
857,-530,868,-2332,785,859,-376
858,-7141,1970,3784,-3,1831,-1808
859,-6193,-3097,4883,-1536,-718,1130
860,-1906,3906,6749,-709,1535,1941
861,-7146,70,-1102,1528,1419,519
862,-1303,3087,3530,1047,-421,-1353
863,3650,-1668,5037,-76,1722,-501
864,-3796,-3705,4769,-1861,-1,-1050
865,3585,-7747,-4765,905,-1941,600
866,4751,5910,5329,-332,1980,-1660
867,7810,698,-605,-1012,-1438,1452
868,806,6342,1667,-1475,803,1954
869,1512,3850,-5040,-1138,805,846
870,-6613,-301,7254,-1624,-483,1526
871,-1504,-6291,4467,-221,-288,-1861
872,-47,500,-1943,-1623,1180,-1824
873,-5157,2157,2215,1789,-27,-1532
874,2103,5292,3744,916,816,609
875,-4002,-1663,3570,-846,1258,1300
876,3690,3611,619,1076,-1802,-1389
877,-2505,7675,-5530,-1396,-1702,1409
878,-7064,-6376,-6971,-316,-358,1774
879,4666,-7487,2083,-554,1101,-1071
880,6650,-5945,5524,697,-389,1007
881,-821,7267,18,-1199,1439,-28
882,5780,562,-4352,959,-1043,89
883,-7665,-4822,-3548,-956,-1969,-544
884,-4290,-2778,-7203,1163,-629,1826
885,-5577,935,1133,1179,1367,1193
886,-2715,6192,4665,-764,164,455
887,-1795,1352,-2905,-1089,484,1454
888,-3251,-4908,6284,-1810,1359,1416
889,2361,-1162,-6222,-230,-1396,597
890,-4167,-2763,-5885,1706,1642,256
891,-1563,-4815,917,-1496,-1585,-1733
892,-2141,7821,-2397,1590,-1743,-1646
893,3705,432,4766,356,721,698
894,-2879,1655,-3788,1336,1831,348
895,-251,1756,1179,-1291,-605,-1403
896,-1820,-198,-2375,428,1472,512
897,7136,-2973,4596,-377,1318,190
898,-82,3555,-5792,1643,1148,-791
899,-1338,-909,5183,1435,-154,-1063
900,-5595,-1909,1363,-640,44,-517
901,-3165,-2831,-7689,-1826,-1262,-568
902,-5308,-1791,653,-1518,1388,1012
903,3073,-1181,-4807,1963,1645,1665
904,-6303,1037,-342,-1200,-341,884
905,7335,-4797,-4939,-624,1014,-463
906,-4877,-4137,-3483,-665,-1916,803
907,3939,-2595,7696,-554,1228,-53
908,-7671,-7060,3218,890,1018,393
909,-435,2825,5835,881,580,-471
910,-4936,-4320,-4895,-1878,-874,-1077
911,6938,4109,376,-1004,818,-700
912,3184,-211,1794,-1614,-1226,-704
913,2079,1695,-1278,302,1744,-1791
914,3588,-3220,-857,692,770,-897
915,-6803,6761,5739,261,-410,1758
916,-7713,3596,-6789,1614,273,-152
917,514,682,7128,-1565,-1210,186
918,-7842,-2034,661,758,1061,35
919,-3349,804,99,-1549,779,922
920,-4291,60,3833,70,-1385,325
921,2083,-2395,3284,-1908,1638,976
922,2462,-3975,-2530,337,1364,1752
923,1693,7583,4830,289,-1398,1117
924,3513,270,-5150,-965,1304,-1919
925,-5799,3166,2235,1833,-231,1248
926,3338,-6732,-173,-184,-719,-628
927,1548,-6139,4147,-555,1280,648
928,-4887,-3459,-6307,-1887,215,578
929,4934,2212,194,1735,-1892,-1180
930,-3803,1737,5928,-987,-1114,-127
931,-5532,4940,5876,1438,154,1132
932,-3007,-1989,-3750,-841,1801,57
933,3740,1994,4380,640,-1756,-1096
934,-3824,4695,-3848,478,1192,-277
935,-4401,2048,3688,-963,-1727,1856
936,-3236,-2911,7015,-112,-1450,-289
937,6680,6943,1540,1264,-432,205
938,7882,72,-6737,1083,-1085,386
939,6753,5249,7863,1740,-148,-694
940,-1492,-5317,2102,1382,-479,-1547
941,-1107,1166,-4123,-1040,1058,-1101
942,-3683,186,6476,-799,766,1541
943,-461,6015,3566,420,1858,-765
944,-5634,1592,6108,942,484,483
945,3503,-7064,-1341,-929,-996,1440
946,3545,7975,-153,602,-820,-336
947,1577,3668,1055,168,-750,-1169
948,1000,-2849,2376,-1944,1316,1599
949,3611,1957,125,93,-773,-473
950,-7945,978,7965,-1830,71,-217
951,-3414,-5666,2041,598,1110,-727
952,-7095,-6420,-7528,-1319,-1758,-1351
953,201,2434,-1595,810,1223,-1130
954,7395,-8000,-7079,1922,-489,-551
955,-2201,126,3890,1034,892,-1934
956,1143,-5295,-1090,-716,1819,-1729
957,-4302,6509,-1355,-849,-1226,1717
958,3938,-4789,7606,-818,-1623,-1800
959,889,444,-920,1420,-174,1414
960,6645,496,3489,792,50,1674
961,-6262,-5358,6603,43,649,832
962,7164,-4443,-2461,1998,1894,432
963,-891,7549,-4649,-1624,1493,-918
964,2850,-4903,-1534,884,487,61
965,2429,2716,7029,1516,1585,-1347
966,-3,-2609,3917,648,1607,-599
967,5852,-7581,-264,497,1459,-1175
968,-5169,2186,2487,-1453,219,-1241
969,4975,1235,-6520,-1827,-1945,1483
970,4836,-1881,199,435,-102,1010
971,-4362,1237,2280,-258,1894,320
972,-487,-7110,-720,-93,1225,-460
973,5024,6170,565,-222,-1016,-162
974,1542,-4864,-5491,-795,366,917
975,-6459,-364,-3650,-160,-558,-692
976,5574,-964,-5274,342,474,-60
977,2004,-1686,-2508,510,-422,-1101
978,-6689,-3533,2998,-390,1392,1492
979,7601,5879,3271,-1281,-1284,-623
980,-2910,-901,5245,17,-1915,-1052
981,-7009,-836,-6097,819,1534,-154
982,6272,377,3328,-1907,-1416,364
983,150,-6580,-3039,-1991,-830,-864
984,-2753,5072,7525,1251,311,855
985,476,-5790,7461,179,1025,-944
986,5549,853,3075,750,-1663,1485
987,-5859,5574,-5253,1152,662,-1049
988,2123,-1130,-6273,-1364,1990,-1395
989,-7315,-4576,2295,292,-1892,1436
990,5927,2845,0,618,1766,-724
991,3428,-2157,1413,-970,14,571
992,3134,-5534,735,407,-1639,122
993,5806,-4077,-4862,-970,-6,-1321
994,6540,-6504,4553,1506,1314,-38
995,3539,1609,-7545,510,1563,-82
996,3165,-7173,6216,321,-1832,463
997,2915,-6983,1978,-764,-704,-711
998,-7900,-5000,-4096,-190,-1197,1542
999,6206,5654,-7381,896,1292,-383
1000,644,-7906,3393,-298,-739,547
1001,5150,-7824,-1548,1508,-1575,1309
1002,-3760,1139,-7622,-1049,1566,1783
1003,-2748,-531,-6068,-832,-1728,-1059
1004,-3997,-4114,-5800,1157,1190,-166
1005,4469,4268,-4459,697,558,1176
1006,3382,-5517,-5920,608,-1556,-397
1007,2416,1376,2395,255,956,1251
1008,-279,6552,119,-437,1489,1879
1009,-7824,-4047,6304,-1264,-1257,-374
1010,-4957,2373,-955,1917,1510,1512
1011,-4018,878,-6517,-1348,-1332,-376
1012,-5530,-7366,-3205,480,-9,1503
1013,3876,-5219,-6409,-1663,1897,-1376
1014,-5471,-2085,1538,-541,-1774,-1997
1015,2050,44,5799,510,-332,-1358
1016,3689,7634,-6371,-1235,1929,1757
1017,-413,5612,-1012,-616,1843,-650
1018,-6396,1721,3657,1076,747,-1980
1019,6544,6183,2982,-860,-666,499
1020,4912,-6682,-7205,-923,407,342
1021,2431,4645,-7524,-89,1676,-1685
1022,7383,-3688,4080,894,-203,-1965
1023,-5720,-6111,4234,271,467,43
1024,7156,-351,-2451,-425,961,-1189
1025,-3241,480,-1194,1506,-839,-1416
1026,-3173,-671,-5052,1363,1056,-1047
1027,3782,5925,1638,-1167,1720,-1355
1028,-5387,2474,-1092,542,263,1511
1029,-3418,6239,-6340,1716,-91,-759
1030,-4508,7642,-4712,-147,1195,1377
1031,5552,-7507,-982,1726,-1257,844
1032,-5924,-2304,-6921,901,1264,416
1033,458,2437,7693,1788,1005,867
1034,2124,-2335,-1557,-76,214,1366
1035,-4789,2712,-7349,-112,-1024,144
1036,4330,2965,7911,1301,470,290
1037,5280,-3972,-3053,1922,-943,1322
1038,-6753,5943,-1343,1834,1032,831
1039,2762,2714,1926,-1065,1251,-548
1040,1374,7519,2841,431,-1187,-58
1041,7131,-2604,-2445,-1120,937,-1495
1042,7697,-93,2763,160,655,71
1043,4082,-6275,1190,-595,-796,-50
1044,4788,-7436,-703,-955,-177,913
1045,1705,-825,-6740,-823,1776,-306
1046,4042,-4189,-2871,692,1590,-876
1047,-3759,6910,-2553,-456,-1227,1471
1048,-926,-6479,-4478,1733,1018,-1860
1049,-2444,-3427,-1374,-525,-1820,3
1050,-190,3744,-5597,1745,469,-1830
1051,-5506,-1935,6439,302,173,-835
1052,-4132,-3312,-3004,42,-1573,-1228
1053,3770,492,-6295,-834,1979,-161
1054,-2966,6530,-4836,471,-406,275
1055,1659,-896,-3562,498,625,60
1056,4245,5304,3653,-128,103,-1886
1057,418,7927,-7462,893,1028,1358
1058,6076,6968,4009,-1887,-1403,1743
1059,3896,3916,-3150,1616,-1873,-417
1060,6117,-5608,1500,-632,-1310,-63
1061,-7455,-913,3117,-68,-193,-948
1062,-1945,3280,-641,-1547,1926,369
1063,-3262,3725,-117,-1681,-820,-326
1064,3595,-6632,2141,-248,602,-938
1065,-3875,6749,-2277,565,444,858
1066,-3323,2504,4543,610,-1288,1985
1067,112,-1308,-4319,-379,-429,-473
1068,-7321,-7709,7434,460,-1792,110
1069,990,-3379,4768,1681,782,-1674
1070,-5355,3184,6293,-1410,477,-1595
1071,-4213,3259,-1323,-698,749,1339
1072,-1252,-3848,-3978,148,775,201
1073,-4248,-1984,7831,57,-1284,-721
1074,5648,1536,-3218,287,-1215,886
1075,-1963,-6012,3301,-1623,-1256,-1565
1076,-70,-5342,983,-974,-709,-1222
1077,2830,958,501,215,743,607
1078,-2802,-2114,456,1114,-52,-1535
1079,-6304,-4767,-7270,831,1238,500
1080,7990,-5705,904,1503,-844,-64
1081,-5695,5066,-7300,-800,-164,-413
1082,-6884,5522,7287,-330,-1579,-556
1083,66,-5638,605,953,1669,-99
1084,279,-104,-4280,594,-1040,-649
1085,2663,-2001,1444,697,-55,-408
1086,-6678,233,2682,-1319,812,1901
1087,2666,1979,-1948,-1212,-1722,1048
1088,-4899,6784,-2037,-1026,-1492,-168
1089,7041,-7699,-2741,869,669,-1850
1090,750,5184,-5809,-326,498,-571
1091,-2559,2818,4854,1374,-450,1245
1092,6281,-7748,1600,506,-202,-842
1093,-1493,4959,-4240,921,-1289,129
1094,-1586,6248,1879,894,-252,-1028
1095,690,-7890,4227,-1380,-125,-1505
1096,6595,-2443,5922,-413,33,-615
1097,-7256,6644,-7005,-846,-179,-438
1098,-5755,-7983,3601,1906,858,-587
1099,7932,5240,-4300,1416,-562,684
1100,5403,-2703,-3510,-979,-114,-358
1101,-6556,-6607,-365,-713,-596,-899
1102,-4452,-5549,5365,435,421,-1725
1103,-2710,7766,-653,68,-1143,-168
1104,61,-6785,-3664,-1966,844,582
1105,-7188,5586,-4479,1181,32,-386
1106,5851,-4611,-7088,1746,1101,-307
1107,-190,1290,2176,19,-1224,617
1108,3043,-5774,-5204,1374,57,-805
1109,-7962,-6964,-1044,-727,1033,-485
1110,-3705,-6113,-1298,1838,-1179,1046
1111,6125,1967,-225,-1076,1347,-1632
1112,-1872,4543,3350,731,-778,-926
1113,2162,3565,-6670,1537,1309,979
1114,-4745,2497,-1244,1812,639,-686
1115,-2872,5413,899,666,-1622,529
1116,-4083,1445,-2301,1815,649,822
1117,-6711,6560,6582,223,917,-1135
1118,4336,7345,3106,1907,1404,-977
1119,-2240,501,2450,66,-945,-79
1120,5800,-2996,1485,1336,234,1060
1121,-648,7882,-7104,-270,1788,898
1122,-7606,4895,-4923,1905,104,916
1123,-2445,-1718,2430,612,1232,-170
1124,-7216,4823,-6441,1054,286,-396
1125,-3856,7862,5635,366,-1407,1243
1126,-2671,4680,-6438,1941,-1634,147
1127,-7861,2939,-1738,1061,-764,-851
1128,3905,778,4260,-1848,1392,1280
1129,5331,-3557,5451,-1204,802,1151
1130,-1277,1380,-2563,704,127,-699
1131,1029,6718,-6391,1897,1597,-996
1132,3143,-5005,-6317,-451,-1583,-810
1133,-1290,2598,-7609,179,1306,1929
1134,-4797,7031,1902,-1680,1424,402
1135,5390,-1891,-6607,-168,-1011,1475
1136,-4888,1879,2581,757,-683,982
1137,-192,3013,286,-1386,859,-1173
1138,2008,-5988,-146,-1461,1144,1383
1139,-3442,-5743,-4998,-127,-54,92
1140,-2375,4046,-2439,-141,-622,-231
1141,-5705,-183,-551,274,1970,-428
1142,-4696,-5890,303,-1828,68,-639
1143,-3100,3031,-7952,196,-456,953
1144,4493,-5554,-7442,1351,-1036,-338
1145,-3273,-1890,-799,143,1743,775
1146,-1446,3241,1556,1948,1490,1989
1147,4939,-4949,-1699,-97,-1636,1696
1148,-4676,4136,-767,-557,-998,-554
1149,-6946,-636,6514,-796,-1722,1358
1150,-299,-4676,4401,1742,75,1216
1151,-6235,-1739,7572,1340,-1580,-947
1152,-4026,-2254,-5551,-546,334,1200
1153,2899,5666,642,-79,1973,-1755
1154,5970,5549,545,-331,559,1407
1155,-1384,6633,78,-1340,1984,-1486
1156,-1899,-1039,-2787,323,250,1607
1157,-5321,-7572,3132,761,-491,744
1158,-2773,-3351,7301,-1691,-1220,-1364
1159,3074,5135,-2375,-96,-789,-1814
1160,-5840,-6458,3393,-23,1175,-1489
1161,-65,-161,2919,1918,-162,-1817
1162,-1580,-6574,-6333,63,921,1594
1163,7245,2159,-6512,-1797,539,1400
1164,-4666,-7661,-3001,-83,-1420,-376
1165,-4936,-2645,-2645,1981,1680,365
1166,5475,-949,7458,-1722,932,1962
1167,7086,-5948,-2634,1831,975,1695
1168,-7975,-3129,4311,-1817,-674,-1474
1169,5439,-1384,-2889,-1702,-158,-1898
1170,2687,6479,1530,28,-818,-1722
1171,-6127,6882,-5514,-1092,595,-843
1172,-4639,-6776,-1345,-72,-378,1741
1173,7420,5849,2369,17,-482,-857
1174,-1903,3346,4858,1459,38,-1580
1175,7255,5122,-1070,1820,1389,-497
1176,1318,-4540,-5894,-990,8,979
1177,-2808,6853,6367,-1540,1508,-804
1178,7418,7559,2110,1421,701,-1098
1179,-5422,-7495,6767,-186,450,1728
1180,777,5195,-4305,1803,-1407,852
1181,-7568,-3252,2191,-738,-1191,1526
1182,7645,2180,4419,-1795,1345,-645
1183,-3268,-1931,2860,-663,-942,-1057
1184,-3848,-1384,-7051,-668,1257,1936
1185,3562,-4102,5324,1091,474,1973
1186,-4908,3103,4138,-1604,1394,1970
1187,-3253,3174,-1169,1694,-692,-1196
1188,-3565,4209,3997,600,75,-1790
1189,-410,4185,1310,1617,-1341,-302
1190,7098,3771,4683,742,1202,-1649
1191,-6290,-5566,6101,-1633,140,-419
1192,-3581,-7313,-7839,-1762,-1143,-628
1193,2683,2059,-3534,907,1470,1628
1194,-6734,-4818,2294,-1965,1495,323
1195,-1485,-2345,-3945,-1757,-1273,745
1196,-6429,5971,2604,1172,246,-1596
1197,5515,6106,1613,-298,1495,1937
1198,-3102,4060,1539,-520,903,-895
1199,-7123,-494,268,-706,1743,-554
1200,-1097,-5157,7030,-447,-1439,-1581
1201,-7670,-4849,-2993,1561,-710,1163
1202,-6332,6818,-3448,416,-1120,-913
1203,-1208,-3774,-2423,-185,272,494
1204,-5835,673,2827,-252,-914,274
1205,-7843,-3393,7381,1709,294,1403
1206,-1228,-2146,7228,-1953,476,1911
1207,6372,-5675,5095,-1783,-1652,1757
1208,5926,4794,-3583,-1595,-290,-1707
1209,-3393,6996,6043,-733,603,-752
1210,2914,2356,-5289,243,1002,489
1211,-6932,2886,3573,-284,-1997,1208
1212,-70,-2740,-6847,1105,1497,490
1213,790,-4032,-3296,677,-1758,-1870
1214,-554,4792,-712,-1493,1512,-498
1215,4621,-4384,4541,821,-56,-832
1216,-643,-4028,-7833,-125,-1729,-997
1217,-5544,4587,-5181,-320,-1433,-829
1218,5011,1889,-4537,293,1461,47
1219,1394,3377,-363,1573,1573,817
1220,-7755,-1318,3128,181,-1286,-1238
1221,-4988,1084,363,-1938,-281,-685
1222,-5766,5536,-4854,-1168,-650,1936
1223,-4905,5465,-339,-1310,-931,-604
1224,-936,3041,2188,114,-865,-941
1225,6136,5161,-767,307,444,435
1226,-2897,-845,-5367,-699,-28,-62
1227,-2284,-1074,1971,-1162,-103,-452
1228,-5637,486,7100,-1212,921,-118
1229,-454,3860,-4160,-1114,828,8
1230,3664,6300,-7266,253,1067,-512
1231,6706,5792,-4366,527,467,1377
1232,-2088,-1635,-2500,1292,505,-1701
1233,-3635,3126,4034,53,-881,-1454
1234,-2363,-6102,-2112,-379,-790,-515
1235,3568,-7982,-6583,63,-935,1343
1236,1206,-7707,3883,612,1875,1235
1237,4990,6105,789,149,1955,224
1238,5540,-7262,-5530,-939,1085,1506
1239,-5724,-5384,4115,-532,-1728,381
1240,-4359,-3386,6253,1497,-996,-948
1241,5432,-546,-5537,-1426,-1775,-226
1242,-316,-6776,-3584,1646,-610,996
1243,-329,4495,-2940,653,-1804,71
1244,7725,-4350,6954,911,-1487,-1176
1245,909,-345,-5506,-758,-66,1325
1246,-5762,981,-6648,-136,-979,-958
1247,5672,7698,278,27,-840,1514
1248,3403,-2579,-1309,-1178,-295,-998
1249,6169,-348,-3139,946,-1116,1338
1250,-7971,7204,-4502,-1453,11,-906
1251,7265,-6236,2965,1134,1299,1628
1252,-3363,-3817,1493,-252,-646,-1003
1253,-7196,2139,4586,83,-881,1599
1254,1448,-7160,3669,508,1149,-985
1255,-5829,-3865,7710,1795,714,-1332
1256,-830,-446,-7003,-223,-449,1639
1257,2036,-503,6430,-441,802,-1074
1258,7974,-476,2629,-914,-1658,-700
1259,4260,-7211,6847,1371,-1129,974
1260,3804,-2193,3614,888,1347,1937
1261,-2571,-7209,1065,31,-673,470
1262,2672,5981,-270,-172,-469,-420
1263,6797,-4868,6043,-1253,1918,1884
1264,-5013,-1886,-3041,-906,643,247
1265,6231,-6544,4790,-1316,140,-1281
1266,7985,-509,-6072,723,1691,1377
1267,4101,-1541,4523,-121,-1766,-105
1268,-1933,671,7059,-885,1372,148
1269,1750,-2924,505,1741,-1285,1027
1270,6903,4832,-1634,1760,1959,767
1271,-1546,-7237,7852,-1958,1406,1993
1272,-5269,-530,-1288,133,-842,609
1273,-5380,2154,6916,-1224,-897,-1581
1274,2596,7321,-657,47,1232,1313
1275,-7648,-3567,4746,1442,-810,-322
1276,-1158,-7750,2596,-1936,329,-1320
1277,5745,3589,6628,76,149,1825
1278,-1886,-287,-5165,1063,1355,1362
1279,7537,2862,-5172,682,1118,-957
1280,5113,-2517,-1937,1423,1667,276
1281,-3691,-4647,-5062,-624,1493,89
1282,6937,5685,39,254,1587,172
1283,928,-5435,6740,-1611,641,-352
1284,-3800,6056,-1871,-9,-668,62
1285,4253,-2836,-2071,-396,-1208,854
1286,3090,-6950,7538,-612,1241,-851
1287,1909,-936,6526,-221,874,-338
1288,-4716,3082,-1416,697,999,-924
1289,-1441,-7084,-1929,-1914,1891,319
1290,-2936,2602,-3179,348,-1839,1280
1291,619,5177,-5400,-1794,-240,1045
1292,-7596,6726,4462,-700,232,1132
1293,3998,-4766,-7795,1931,-1704,1727
1294,-7762,912,7545,-1378,237,-198
1295,-7663,2106,-488,-564,1290,-658
1296,-4651,2840,5272,205,1101,1924
1297,-6251,-1340,-5625,1030,480,-1442
1298,7347,4026,-5092,142,-1842,-1670
1299,-6512,307,-6657,-711,1435,-1954
1300,7495,1962,-5916,1516,168,-434
1301,-5470,685,-2922,498,-1536,1911
1302,5930,3668,3421,-1435,1301,638
1303,-3302,-6675,-6093,-1477,-64,-366
1304,6725,7425,5472,-538,-685,944
1305,1483,544,-4955,-1012,-1423,-1181
1306,-353,1289,-6473,139,1538,-1915
1307,6509,-542,4052,1504,-929,308
1308,258,-1882,627,-1803,-93,-168
1309,2032,6839,3079,354,964,-793
1310,4312,-3210,-1333,-586,-969,1102
1311,2701,-1591,-2187,-1653,-663,1110
1312,-2952,-973,-2056,965,-75,-717
1313,-3807,1803,2268,-721,-1339,617
1314,2135,-3303,-6557,-997,37,454
1315,2276,5276,-374,935,501,-1400
1316,3484,6430,5965,-1646,1083,-1275
1317,-5590,-4368,-709,960,541,-248
1318,-6809,-3687,5153,-674,-790,-396
1319,7872,3743,-4180,227,1662,1824
1320,-5678,-3797,-1,-1503,1951,441
1321,7367,-2490,-581,-802,-1253,213
1322,-7774,-4678,-6206,78,-653,-1603
1323,5574,-1414,-5403,1890,-777,-1631
1324,-187,6816,7568,1215,512,425
1325,7342,1782,-2421,166,1970,783
1326,6416,6357,-798,530,858,166
1327,7367,-3466,5820,-1999,1213,-257
1328,-3316,5685,-5805,1372,577,1316
1329,-4493,1004,3010,1153,-557,830
1330,1666,6136,-4058,515,-626,363
1331,2779,6940,6893,-1844,1355,1770
1332,-313,7783,-1880,1857,-512,-1377
1333,-3680,-943,4249,-758,-140,-1095
1334,4068,7138,-1663,-183,1440,886
1335,-1511,63,4311,1348,1204,343
1336,3890,5148,-5166,-1832,115,-1706
1337,2885,7962,-6423,-525,805,558
1338,-5192,3707,1316,-466,1327,-593
1339,-118,-5132,1895,-272,1619,-603
1340,2912,-4685,3625,-729,934,817
1341,4118,4937,4191,1554,-232,722
1342,6194,-6644,-761,10,1848,-1928
1343,6631,7527,-369,-272,778,-218
1344,-4577,-1955,5789,-967,-1156,-1552
1345,-4886,-853,2742,1515,-1985,1006
1346,1220,-6572,6862,-1445,1646,733
1347,5486,6932,-1348,-963,-773,-104
1348,-7246,-4673,5086,272,1759,-159
1349,-3256,1713,3555,332,608,-1652
1350,6627,559,7519,-373,1263,1923
1351,406,3022,-2955,1497,-989,-1812
1352,-3439,-7318,-3381,77,825,1214
1353,4890,-4095,-3739,1251,-1608,1864
1354,1414,-6004,-3626,1843,950,1450
1355,-392,-992,5347,-520,-756,-1059
1356,1827,1409,-3244,8,1643,-353
1357,3289,3570,7920,1119,1067,1969
1358,-4356,-3134,5570,647,-1180,46
1359,-4832,-3742,7991,903,-1604,213
1360,3314,5407,-4837,774,-116,-564
1361,-3144,2782,7732,11,299,-810
1362,2124,-2342,-5712,770,659,1517
1363,2746,-3006,-6609,1813,861,-1933
1364,203,-7070,3299,-272,412,-1844
1365,-871,6209,1396,1128,184,-393
1366,-7069,-604,-7002,-1473,624,-1517
1367,6490,4516,2120,1356,1397,1979
1368,6792,5548,-1964,935,-701,587
1369,-7186,-595,-7859,-525,-892,1190
1370,-2370,5963,-6509,-1200,-542,995
1371,-4192,-774,-2455,-997,808,257
1372,-322,7600,-6397,1694,-935,1859
1373,-928,-3572,4500,-1477,-1631,593
1374,3177,3439,3229,-804,-518,1568
1375,-4984,-5172,1062,332,646,-842
1376,-6533,758,4680,-868,-1842,-1769
1377,1554,-3370,407,1190,-200,204
1378,-409,-2371,3764,-710,628,-1426
1379,-4925,-5856,981,389,-177,-1641
1380,-5642,-141,-6770,1632,1868,728
1381,-4557,3252,7171,-889,-1364,-40
1382,-6596,-6481,-1072,1483,-1446,-1256
1383,7798,-1914,-2169,-225,191,-1513
1384,-4020,-2716,3127,-885,526,-130
1385,3501,-5234,-870,799,966,-1197
1386,2296,-1544,-3562,1163,-1963,541
1387,-3149,3871,2285,1184,1427,1564
1388,918,-4658,-1677,-1761,-1856,-697
1389,2935,-4107,7974,-1749,1325,-1931
1390,-6218,-4627,6170,654,-1296,-1170
1391,2370,4643,3363,-385,-877,-385
1392,302,7939,4897,-720,705,-77
1393,554,-3977,-1188,-1591,-1631,-480
1394,-4713,-7281,1117,1459,1826,-434
1395,-3400,6238,606,1876,1342,-1142
1396,7536,-6418,-5611,-102,1778,978
1397,-5004,6315,-5255,1464,-1617,-432
1398,2642,-4874,2114,1191,-363,-1344
1399,-4823,-7876,-6795,1276,-813,1639
1400,-4861,5431,-6480,-1795,-1861,-1765
1401,-6392,6166,1812,347,1891,1641
1402,5580,-1417,-995,1345,-561,-1706
1403,-4961,-1054,7565,-558,-1615,-877
1404,5016,2093,3264,-272,-989,-297
1405,-4070,-2444,5871,-1498,483,-212
1406,4493,7757,-3024,1922,852,1953
1407,-2826,-2569,7968,734,320,-367
1408,3240,7117,4110,1710,-956,-1557
1409,5980,1604,-1069,1052,-915,663
1410,-2076,577,5503,646,598,-1723
1411,4206,-1199,-5020,1314,848,481
1412,6059,-665,-6339,-887,-522,1020
1413,1110,6986,-5786,-228,-1559,-1273
1414,3736,-2061,-84,-862,1690,-1997
1415,501,-7906,-7654,-722,1949,1412
1416,-6971,-6679,-4090,-731,1591,55
1417,6007,1317,-2348,852,1710,-1422
1418,5211,2492,419,-352,-597,297
1419,-2124,3013,-5179,-716,-147,300
1420,6431,-6064,-6722,-665,-1326,-766
1421,937,3328,1451,-650,822,654
1422,7631,1140,-7793,281,1246,424
1423,-7079,-7911,-1608,-663,-1128,1853
1424,1717,5874,-4914,1639,-1607,287
1425,2393,701,-2476,251,889,-869
1426,5402,5750,-3822,707,1914,1005
1427,-3420,-3939,535,426,-432,-1323
1428,-5753,-2233,-2600,-489,1636,461
1429,2168,4094,3063,885,-502,1279
1430,515,2741,-6466,-574,-148,-830
1431,6131,3998,1096,50,1969,667
1432,1972,3409,5749,-984,-1946,-1077
1433,-1478,6207,6437,-1013,-488,-1504
1434,-6656,-7509,-3152,-1275,-1682,181
1435,7975,1820,4750,311,1337,1057
1436,-1696,7706,-6033,-1976,1673,1126
1437,3021,-6808,-2392,1897,-314,-309
1438,4675,4351,2661,1557,1540,-276
1439,-918,-7573,7057,1137,154,1323
1440,-17,4855,566,-1877,-1327,-412
1441,5342,4544,4310,-1499,1905,-1270
1442,4399,-5241,2460,209,-1902,1741
1443,-3867,5976,-6950,766,-1701,-244
1444,1284,-1923,-2629,1321,1197,1765
1445,7010,2402,-524,1747,-1763,-1467
1446,-5658,2859,249,-231,1395,1675
1447,-3512,-4090,-4520,850,-1816,-26
1448,-5807,-5363,-1994,1287,-407,1629
1449,-6408,3065,-4794,1928,1387,1438
1450,-4864,-6904,6286,-880,593,1168
1451,-4893,2011,-6843,-491,1946,-208
1452,-7269,148,-2568,-1263,-39,-810
1453,5507,3711,7606,-473,918,1327
1454,-4376,-710,-4315,-647,915,911
1455,-6961,-6446,-1881,1190,-1091,-1431
1456,3869,-5308,-7896,-1999,-361,587
1457,-5432,419,-6046,1684,606,492
1458,-1811,6448,2326,-954,477,1053
1459,7503,-521,7389,1998,346,-398
1460,5883,-6433,563,-820,-70,755
1461,1206,6495,-4247,1751,1980,-540
1462,-1706,7338,1848,-577,1392,-1611
1463,-5265,-1113,2953,1819,-976,-1381
1464,3345,-615,-4012,-1771,1309,967
1465,7465,1634,6610,842,1639,241
1466,-5556,3339,1207,1396,1954,-607
1467,-1415,-1862,-4949,946,-1728,-1273
1468,-475,975,-5730,-118,1337,-427
1469,-5044,-2246,1016,1723,1223,1473
1470,5718,-7083,2786,541,1938,1709
1471,4488,377,3411,-1806,703,796
1472,4814,632,3294,-1038,399,1475
1473,-2129,-6769,-1881,769,-849,-1336
1474,4448,7031,5209,1408,-1495,-750
1475,-2280,-1785,-2980,159,-1212,1186
1476,-3211,-7040,-2581,-1014,-1408,1157
1477,331,740,449,1878,-1792,671
1478,-7782,2095,4731,-1073,496,51
1479,-422,-4345,2165,1275,-1124,-1232
1480,1448,-6035,7122,-1961,-1379,-1573
1481,197,-6671,7517,1740,1233,1485
1482,-6870,-1425,-1091,-1780,-193,-1688
1483,-1016,-6304,1758,-25,1893,-47
1484,-7228,-4724,6675,-1378,-111,1466
1485,-3432,-5407,-4952,1192,-1484,-1592
1486,7417,3664,4439,271,-54,598
1487,-6530,1955,-1193,127,-1835,-1630
1488,-2404,1249,6093,445,435,-1296
1489,5481,-4676,-4422,-1304,1251,-1156
1490,-3427,-1306,-6988,-78,-358,920
1491,861,-3986,-2758,517,-1903,-311
1492,-4998,-5816,450,-855,1430,359
1493,7758,-1460,-5524,-530,-1442,-1353
1494,6109,-6430,-3971,-1619,445,-1465
1495,-1621,-2661,-5595,845,-180,-1968
1496,2044,5264,-5119,1345,-879,-165
1497,5845,5511,-7482,1710,1917,-1347
1498,3308,5515,-1936,733,595,1656
1499,7814,2140,-7134,-1642,450,-984
1500,5800,4198,5274,-1503,1524,-1345
1501,-3878,-3661,-3827,-1963,-1920,1803
1502,-3425,42,4450,1477,723,1624
1503,5142,-3563,-7552,-1038,1087,217
1504,-1029,-4112,-779,1354,-659,-1265
1505,597,7518,4807,-218,-1331,-446
1506,-5087,-2713,-4452,1602,526,562
1507,7851,-4215,-2205,47,-351,937
1508,-2348,1759,3277,-313,1281,1500
1509,-4804,7996,4472,-343,779,-1961
1510,3859,3260,-1779,-114,1358,1445
1511,-4800,7342,3695,1090,-1059,1337
1512,-7114,-7058,-6755,354,-1951,550
1513,-1701,-6447,5286,1508,1002,1160
1514,-1772,-3702,1393,-1797,621,-1794
1515,1041,4622,-949,-1052,290,-807
1516,-4939,4285,-3773,-497,1588,688
1517,3128,5003,5437,-350,1697,156
1518,-7585,-2725,-4081,393,787,610
1519,-1488,-1802,-1596,-1047,-442,-17
1520,5859,4340,5902,1922,-201,-1512
1521,-2861,1361,4304,1113,36,306
1522,2453,6125,3879,-607,1468,1742
1523,-1022,-220,7375,-426,552,139
1524,-7726,-690,-2599,520,1458,-444
1525,5387,-5116,-2490,1719,325,117
1526,-1950,5570,3593,942,1001,1541
1527,7561,-2804,2452,1983,-44,1092
1528,-904,-6772,-6865,-206,-127,-701
1529,728,4849,-6216,775,1424,-1185
1530,5170,-3011,-6128,-36,-1597,141
1531,-4979,-6905,-5187,932,-1832,-1636
1532,-779,-4242,328,-1871,1494,-1418
1533,-638,5207,6728,-1023,-840,268
1534,3137,-4531,-2440,851,1649,-1413
1535,-4611,-6221,-7098,-127,-1469,-304
1536,-5363,7072,-1485,1819,-1665,1755
1537,-2940,6603,-1084,-302,-1191,-1113
1538,3009,-3676,-5816,1069,147,-65
1539,1783,5140,4343,-799,-803,-1684
1540,2687,-1713,4195,1409,-921,-421
1541,7415,-182,3563,1022,-1844,647
1542,2287,-4662,3925,-726,1534,1800
1543,-3726,-1040,3182,1203,-1127,308
1544,176,2945,-1338,129,1426,-299
1545,-5882,-3239,4230,1598,-1958,522
1546,2334,-2302,-6750,1761,-829,997
1547,-5482,7971,4768,1576,267,554
1548,2091,-2139,646,-1669,-273,-1836
1549,-5546,199,-6540,-898,-96,-1137
1550,2135,-7520,-4569,-1452,732,1821
1551,4736,6973,4583,718,1977,622
1552,-1281,1257,1789,-638,-1289,1327
1553,5231,-5255,7576,-6,1868,-480
1554,494,347,-7470,-237,-1893,1567
1555,3180,-6279,-6511,-1547,-116,-1975
1556,-4510,7307,5127,541,1305,353
1557,2521,-4796,-2012,1214,114,-929
1558,-4125,61,4643,-884,-514,1273
1559,-3422,2922,2114,1984,1891,-117
1560,-2360,6888,6574,1074,108,693
1561,7884,-2425,4416,59,387,321
1562,-2157,5695,-2050,145,1064,189
1563,5076,-2778,-7943,1751,-1414,-1761
1564,-7316,-3457,-7266,-1426,-1568,640
1565,-1737,-2173,-4877,1304,-1511,-323
1566,6665,3797,3218,1818,14,1094
1567,-1898,-6208,2847,1637,903,1434
1568,6309,-250,1213,153,-905,1962
1569,3463,-1917,-218,-737,-556,-697
1570,4762,2146,-484,31,-171,-851
1571,5203,-6642,-1643,1813,39,1940
1572,2072,1448,-5486,813,107,1353
1573,-5259,-5503,6438,1236,-1268,741
1574,-6758,-860,-2969,391,1630,1539
1575,-5125,1183,7492,1286,347,-79
1576,4036,-2976,-1999,76,-1560,-1879
1577,4722,6161,6943,-89,-1196,1092
1578,-7911,7856,-2869,-734,1088,-1871
1579,3609,-5886,-5477,-1643,-202,42
1580,-6939,-5016,30,415,224,-711
1581,303,7264,7599,-505,1158,1715
1582,1081,-5059,-5296,-973,-43,731
1583,-7056,-1515,-1579,878,-491,114
1584,-1790,-4772,4603,128,1483,-1148
1585,3706,1003,10,857,-133,1465
1586,5793,-3594,3500,-167,-1155,506
1587,4150,-6127,-634,1778,-440,-303
1588,-2741,-1291,3921,668,-1898,-906
1589,-3624,3035,-3070,-813,1752,1324
1590,3193,3422,-7919,-360,919,627
1591,6341,-77,-6497,100,490,1942
1592,7410,-1454,1387,-1490,-1650,-12
1593,-567,1857,2936,1805,558,-1884
1594,-4180,-28,-6575,1584,1386,666
1595,-3207,-1130,5438,-961,-940,-907
1596,-5268,4193,-6390,-1158,-315,1650
1597,-6740,3699,6769,-900,897,534
1598,1930,-1121,662,-1637,1549,801
1599,-3866,-5922,299,-1409,456,-806
1600,-3604,-7678,-7477,1606,-1306,1325
1601,-3659,4420,-3621,1342,-264,1603
1602,5589,1225,-834,-1089,-261,1146
1603,-741,2090,-4220,1617,-1084,-605
1604,-2020,-6866,7193,-1171,-1531,795
1605,461,6852,2380,408,-506,-1000
1606,5943,3590,4788,688,-54,-1700
1607,7201,3162,2605,-232,574,1086
1608,-2394,-948,-490,1608,1086,104
1609,-736,-2850,5795,491,1748,-857
1610,6058,-1805,-4546,-1702,853,-763
1611,-4264,-4254,-7860,-825,1789,77
1612,6984,-1108,6703,1680,1590,1305
1613,6601,-1406,7436,548,1574,-1265
1614,-3814,965,6592,-774,1557,1927
1615,-7098,-5498,-6134,1591,553,489
1616,640,-7157,-6127,1090,-1461,716
1617,5599,5461,5973,489,744,-701
1618,-7703,-623,4973,297,-205,-1129
1619,-1392,-7721,-1600,1648,1504,-90
1620,-1063,7930,1998,1352,-449,-725
1621,-6536,6179,2265,-609,-588,579
1622,-3281,-4159,3458,482,-1465,1462
1623,-1701,-1517,-1814,-321,1139,1119
1624,3171,7607,-7928,-1656,-99,974
1625,2175,2641,-4399,-1891,473,-1983
1626,6837,5263,-4241,-1824,445,1597
1627,2576,-4939,-534,-1714,465,1237
1628,3177,-1028,6935,-952,-1123,-1486
1629,-4819,-393,-1820,1984,1120,620
1630,-1072,6447,6000,610,1090,-758
1631,-7521,-225,-4705,1560,-884,-1507
1632,816,-5819,-513,-429,1105,293
1633,-6185,-7367,-1333,-1345,-1025,-927
1634,1755,-3458,-2992,1033,1556,-1087
1635,-6906,5279,1826,1883,-476,-63
1636,-4306,4876,-776,1859,1017,-799
1637,-5249,-1790,499,1601,-94,-872
1638,1912,6611,-6535,-952,1765,-630
1639,5987,7684,-7089,-847,1437,-1696
1640,-6215,2936,5057,-1575,130,107
1641,-1592,3148,-6476,1216,1009,-1542
1642,6216,-6935,218,1278,-1612,-1484
1643,4640,-287,1244,-1816,-1918,648
1644,-7331,-2846,4109,1974,-551,361
1645,-1911,-4834,6657,350,910,-765
1646,-5785,4483,5252,-138,-636,932
1647,-2226,-890,-6339,128,817,1250
1648,-6159,-1272,-4814,-445,1547,1583
1649,-6474,6355,-3059,-258,512,-1017
1650,-590,-6851,3548,-391,1503,997
1651,-1895,6789,-4190,1947,1295,1193
1652,2664,2386,-6638,430,111,-509
1653,-4522,-6054,687,-1477,1648,-725
1654,6408,4834,-760,801,-294,-1895
1655,-5057,-7272,483,559,1779,-1165
1656,-4911,7941,-685,-581,-1088,-1486
1657,-5953,549,-1896,-1148,297,309
1658,7991,-27,5936,-1736,-51,-1673
1659,5579,2430,1709,-329,-1436,301
1660,-4253,2421,370,919,-1689,1805
1661,7296,4780,2935,-866,-545,745
1662,-99,2532,-2526,1480,-1994,-784
1663,4836,5662,7979,1378,-1372,948
1664,5741,-4047,-3136,814,767,1100
1665,6464,-2510,7948,160,-1888,1487
1666,-7587,209,-2068,839,-1911,-1283
1667,-5278,2506,4647,-155,-143,357
1668,5584,4432,-4739,285,-1841,-1971
1669,-363,-7580,-4596,-630,1190,-1346
1670,6358,-4414,822,-1793,1309,-308
1671,4811,-3363,-3596,-1251,583,-1121
1672,-5578,-5627,3319,-1306,1115,-1401
1673,-2659,4656,254,891,1681,-1223
1674,417,-6937,2595,-294,358,-1089
1675,6232,1236,4822,-1024,-1416,1849
1676,6496,4743,-4524,1191,1469,-544
1677,5881,765,3260,1116,-1626,-236
1678,-6887,2350,2882,418,403,-891
1679,5747,-553,-3691,996,1324,-1983
1680,-3122,-1826,-3735,-1933,1599,1352
1681,-5811,5708,6400,-1558,203,1672
1682,-5795,6636,5591,803,-1017,-699
1683,-2961,-2012,-2645,1513,503,1572
1684,7104,507,-3574,436,1763,985
1685,3251,-3549,-4936,-1176,-345,-212
1686,-854,7546,774,-1315,-876,-1902
1687,3167,-3904,171,432,260,-460
1688,706,4061,7462,-1787,1311,-71
1689,-3106,5264,2457,1254,349,245
1690,3951,-85,1220,-118,-1921,792
1691,-3095,-1801,-3979,1357,1802,-1838
1692,4043,7769,-7752,-1830,-791,854
1693,7857,-5797,716,1322,643,409
1694,2088,4917,-2626,-1465,-332,-1039
1695,-446,5915,308,-1666,-1067,229
1696,-3771,-5384,4094,-1670,-1790,-1718
1697,307,-389,5633,1563,-1560,-1980
1698,1753,-6487,-7982,691,-1590,-1530
1699,5271,-3681,-7403,-999,139,1030
1700,6179,-6933,3893,-816,877,-44
1701,2070,-6356,-6577,-1725,1015,-1069
1702,-5288,-2327,7273,434,-482,-1827
1703,-2209,297,853,1104,1795,379
1704,1450,-1297,-5402,1059,1317,1808
1705,-3314,729,5321,333,1650,291
1706,7208,317,1183,675,-554,-1251
1707,-5779,3072,1478,-1049,1884,-1010
1708,-4879,-4961,1874,-820,-922,1302
1709,-5340,2436,3953,-482,-941,822
1710,-5586,1955,-1132,-1601,-291,-1682
1711,-6893,7190,-4924,-516,1581,1417
1712,671,2995,4890,506,-940,603
1713,5009,820,-1604,127,365,-1865
1714,-3389,-1388,5282,1619,1144,-1239
1715,-4186,6379,1067,847,1534,437
1716,6823,-3726,-1876,-1594,1296,-256
1717,7710,998,-5390,156,541,1173
1718,7740,-502,7173,-1679,-106,-1184
1719,416,-4212,-382,436,570,1451
1720,-7455,-3005,5493,807,592,-62
1721,-2814,-1493,-3663,-1913,891,-735
1722,6638,4951,3684,-995,1003,-1238
1723,4513,-5994,1690,-412,-602,175
1724,950,4933,-3547,1319,-818,490
1725,6429,-2787,288,545,494,-540
1726,6449,558,-4065,-375,-1416,-1994
1727,-1534,2277,1457,627,-1877,-1553
1728,5998,3458,5630,-412,-330,-185
1729,1158,3621,5041,953,421,-1131
1730,-5688,-4167,-6085,-230,-1954,-806
1731,4648,7046,5744,1717,-178,1857
1732,-6644,1319,6985,1289,421,1777
1733,5550,-841,-5424,86,-1032,-260
1734,-6106,-5547,793,582,371,564
1735,1242,4630,3982,-1612,-1358,-119
1736,-3477,-4209,4823,-1935,-374,-192
1737,3448,-4243,2708,-545,-1651,1867
1738,7607,1228,3450,-13,232,-170
1739,-2072,1872,3847,1736,-1171,694
1740,290,7669,-1019,-22,57,1383
1741,357,1328,-1274,-439,-164,-1927
1742,-7664,-2474,-6591,432,1317,-81
1743,6718,-6049,5719,-1915,794,-629
1744,-1071,6714,3555,1483,929,-1226
1745,-607,-5046,7950,1267,-684,708
1746,-2183,3409,-1221,-1992,1109,281
1747,-3322,2524,-6605,-418,1898,1242
1748,6900,5817,-2978,1817,-226,-509
1749,2151,-7844,3064,-1153,1497,1889
1750,2802,6595,1223,-1767,1836,783
1751,7449,-6628,2068,415,-1135,-1110
1752,5178,-4006,-2137,1922,-807,1582
1753,-2463,6921,7219,-129,489,445
1754,-4391,4105,3291,-1313,-1067,824
1755,-3091,-6178,-5654,566,-1203,-750
1756,1174,-2137,-1543,796,-883,1061
1757,-663,-7286,589,-1143,-728,1293
1758,7794,5494,-4138,59,-1021,1833
1759,-7292,5577,6232,-1949,1421,-1810
1760,3156,2284,593,1909,-1012,1012
1761,3522,2003,1381,1181,-882,-1932
1762,3661,6510,-3772,1960,1992,-216
1763,-2711,-3058,-4646,-1049,-1322,-991
1764,-6978,-934,-1034,337,1919,1776
1765,-2711,-291,2257,-1828,-1498,-1688
1766,5209,4324,5693,-917,-744,231
1767,3793,5538,-5468,-637,-1723,1572
1768,7438,4186,-5590,707,-1624,-173
1769,4975,-3862,-7754,-1437,-192,-152
1770,-3829,-3929,5017,696,1991,-1712
1771,4632,7360,-5724,1385,1628,1451
1772,913,-1506,-7135,-999,-524,-1986
1773,-5394,-2459,3819,-1220,405,404
1774,-7942,-5984,4483,-922,-776,-1433
1775,-7099,-5443,-4791,1478,-855,1311
1776,2208,-6533,3123,-1032,-781,-759
1777,3203,-2977,-7554,341,-1189,16
1778,3942,-917,7092,-894,-330,-298
1779,1230,6685,5044,1138,-1748,186
1780,5437,-6228,517,886,-591,-577
1781,-1347,-178,-6579,279,-1512,-786
1782,6761,6151,2802,1486,1135,788
1783,-3975,5337,1273,-988,-1507,-868
1784,6486,-346,-3639,-1512,560,1915
1785,-6985,-320,2031,-1440,1188,1288
1786,-3559,6811,113,-849,-535,-733
1787,1451,-525,1745,-896,-843,-964
1788,-3633,5996,13,1134,1632,-1118
1789,-6438,7774,-3011,-1864,-1923,1248
1790,5389,-5530,-1056,-44,-1737,1367
1791,-7766,2230,3119,657,809,1522
1792,6313,5650,-220,-1512,-593,382
1793,-2561,2313,-3557,1198,-1642,316
1794,7676,-6275,-792,122,1554,-1204
1795,4164,-124,-4457,-378,436,1952
1796,-1827,6008,-710,-951,734,-270
1797,-3428,7320,-7829,-1521,-1559,1470
1798,7009,1341,-6563,-192,-1263,-1104
1799,-39,2391,-5657,9,-1842,-588
1800,3219,-714,-571,-115,1674,891
1801,1551,-7006,5449,-164,-1546,-1732
1802,1248,-7890,1950,1876,707,-1723
1803,5673,-2534,-3997,243,759,-1261
1804,-873,2031,-7353,1313,1535,-423
1805,-550,7933,7079,1626,660,-551
1806,-187,71,7508,1069,666,1436
1807,-2146,562,2348,437,1759,-1492
1808,3193,6936,4923,-1013,295,-1305
1809,840,-4507,2757,-860,1722,193
1810,3145,-1648,-7046,-488,-802,661
1811,1925,-4143,-2372,1887,1428,-1310
1812,1293,-1526,-353,586,-1868,1758
1813,502,-121,4527,-391,-1578,-1650
1814,4080,-1260,2164,1848,-543,360
1815,3331,-7560,-6162,184,-1551,-434
1816,5203,-2352,4649,450,-725,-993
1817,6600,-4686,-2812,-1304,-989,44
1818,-3628,1957,-4789,825,562,-1203
1819,1438,-2288,5857,1763,1588,-341
1820,-3318,6025,-6260,704,1029,1989
1821,-6744,-1306,3182,325,229,-276
1822,1593,-2053,-3335,87,104,401
1823,3266,-5158,4044,219,-64,-1729
1824,-1534,2274,-4373,414,-1311,-935
1825,-7702,-5871,-3142,1736,-544,1957
1826,-6320,-1655,-4620,1615,521,-116
1827,7851,1294,4690,-364,276,990
1828,-7,6083,4328,1556,674,-634
1829,-3294,-5501,-6617,1162,68,263
1830,-5467,3627,-3630,-171,1718,335
1831,4225,-4477,4168,-103,-207,1016
1832,-7508,5668,-2301,-259,-3,95
1833,-493,763,6701,-159,-1375,-1940
1834,3260,-5601,2945,-673,1644,-940
1835,1273,-1922,-5745,1386,-861,997
1836,-151,6260,-6748,-1505,1878,1104
1837,-3098,-4563,6585,-1194,-733,1070
1838,336,-4133,4549,1389,-1925,509
1839,-6008,7076,6495,1045,1140,1198
1840,6499,6597,-4470,346,-1934,7
1841,-6330,-1243,3996,1599,1718,-669
1842,186,-3536,3022,1544,-1772,1434
1843,-6457,-5534,-61,-1219,-1602,-801
1844,5794,-4706,7753,-1616,-140,-290
1845,2075,-1341,-1619,-740,168,606
1846,-2780,-4069,-6190,-1508,547,-1203
1847,-3965,470,-4237,885,1612,-58
1848,4405,-2408,4420,-1901,-1157,1453
1849,-1334,7204,4023,-988,-891,1388
1850,-3592,1487,-3049,1896,-609,1146
1851,-5780,7603,4395,-1465,1235,180
1852,4821,-304,-6974,-179,1937,1058
1853,2767,-1561,-666,694,991,357
1854,4723,-5184,7847,1813,383,-1875
1855,-4689,-6635,-7693,764,887,-1535
1856,-4254,90,-5209,228,-164,-1527
1857,-2926,-6291,-1147,-545,1912,1560
1858,-2849,939,2648,1938,1782,-407
1859,4814,5273,-1,-1158,-1040,-398
1860,1007,64,2877,-558,158,1030
1861,-6881,7032,342,506,-1499,1100
1862,-3591,-186,6555,1478,-753,-1177
1863,2760,3673,-3454,-1205,311,1695
1864,-4236,1191,6324,1921,-233,1711
1865,1888,-2490,-2028,-1716,278,433
1866,4664,-878,1308,1217,1643,-31
1867,-4225,-7602,5040,1370,-1716,-1679
1868,316,-361,5240,-683,869,-725
1869,-2570,-3322,449,-414,940,-504
1870,606,3491,-955,812,-318,863
1871,140,6354,2772,49,-471,-349
1872,5220,3397,895,-1364,-598,1913
1873,2656,-1621,-3549,1259,-249,1624
1874,-4016,3413,560,1771,1721,1105
1875,413,6951,1416,-172,-1834,651
1876,1106,-5638,3340,1851,1637,-983
1877,3353,4616,2446,13,-571,-1090
1878,-4650,2122,-884,1412,321,1698
1879,7862,4272,2531,-1905,982,878
1880,6081,-2376,5299,-1576,-765,1486
1881,3342,-2359,3350,1422,1409,-1403
1882,2831,3720,6419,-826,-442,-711
1883,-3774,-205,-2835,-1088,-1984,1091
1884,2273,4651,-2992,-799,-177,651
1885,-6945,-5410,806,-412,-311,-713
1886,7385,2331,-2656,153,1044,842
1887,5640,6090,6908,-745,-1445,1372
1888,-709,-7256,-5854,-982,1679,836
1889,2089,-6786,7133,392,-310,-73
1890,-1024,2376,4624,-1043,-1007,-507
1891,-7368,5992,-6932,1027,-1957,-788
1892,1533,-4433,6191,790,-375,-463
1893,-3649,1862,-4666,-1302,-704,-738
1894,7850,-6282,-2449,-267,871,1151
1895,-3131,5063,-2489,-1452,1486,-816
1896,1159,972,5934,939,692,-1159
1897,-537,6112,1539,-1407,-1992,-817
1898,-5990,4055,-7727,-1544,-1683,1045
1899,4955,-999,-3144,-1514,-1530,-1007
1900,-7274,-6961,-7216,-381,1890,843
1901,4788,5237,4906,205,-924,-415
1902,1999,7903,1935,1187,23,1050
1903,-4895,-7766,2831,-1435,146,-562
1904,7219,-6541,-1728,-677,171,-601
1905,3071,-4658,-5390,770,-1754,1355
1906,-204,3504,-2394,1884,-26,116
1907,-5436,2239,-4594,1140,-373,1393
1908,2168,-6027,-4641,-1773,1900,-925
1909,3524,-917,1283,156,1461,1859
1910,1718,2525,-2441,993,1553,1593
1911,-3537,441,362,882,-386,1655
1912,-81,5579,6186,-1755,756,504
1913,-5340,-5446,456,281,1137,-570
1914,-1293,5334,6992,-1577,-1559,1681
1915,1275,-1120,-7273,1169,-402,870
1916,5043,4838,-7621,-1018,-544,-9
1917,7728,7510,-3950,-1602,151,442
1918,531,-1485,203,-1044,1903,396
1919,-4464,-3270,-1267,-1800,-1512,-1324
1920,6135,-6774,-7004,470,-56,920
1921,-5548,-7118,-5240,1703,-381,298
1922,4662,1175,-7677,1274,-1778,36
1923,-3963,-1198,-2062,-1921,94,1290
1924,2384,-6523,-1290,1406,240,1681
1925,3229,-5312,7076,132,-606,-550
1926,-3166,-2490,-5507,-1727,124,-1697
1927,4733,1105,-3898,126,-1045,-1755
1928,-3764,4736,-7921,-146,26,574
1929,-109,3578,-2328,114,1705,573
1930,6209,-6930,-69,1921,776,-28
1931,-7708,1516,3972,-1651,785,-480
1932,3191,-2618,6773,1165,-530,29
1933,2581,1850,1830,1743,-1212,-120
1934,-4092,216,-5943,1606,-546,1224
1935,6261,-104,1757,1177,-1936,-1366
1936,7158,3317,-6327,-1359,-1010,548
1937,6749,5215,6549,1672,-1838,1002
1938,-6522,6071,6800,1490,1954,-606
1939,7652,539,-4753,1748,1456,1282
1940,4867,-3728,-5582,-1062,-1557,-879
1941,7222,-1743,-7058,1247,1,-698
1942,-7117,-6315,3695,-1745,-1998,1494
1943,7635,106,-2236,-1397,318,640
1944,-3663,2814,2905,607,-1814,-1011
1945,41,-3086,-5670,857,1289,1312
1946,6055,6236,3780,-184,430,1089
1947,1873,-596,-2179,-1267,-1127,31
1948,-5462,3798,-4566,-273,-458,-1030
1949,6129,-4113,1511,270,-37,-354
1950,2395,6549,4205,-347,1911,1493
1951,2440,-6633,-4653,-1481,-623,1943
1952,-1694,-316,7248,-470,753,1598
1953,6350,-3214,-7898,1301,-784,1658
1954,-3640,-3010,-2165,-468,-400,61
1955,6112,-3256,788,-65,-1536,809
1956,574,-2193,-6625,1289,1813,-442
1957,-5986,960,-2685,-1220,934,1722
1958,-3422,-4271,2192,1347,-477,-546
1959,-2499,-2128,7258,-884,-180,1830
1960,-3197,6444,2000,880,1750,-300
1961,-5259,-344,3521,460,826,1341
1962,-1488,4870,6638,1542,712,-1408
1963,-67,-1350,-7080,-923,931,1503
1964,-6234,7852,-4850,-688,1781,-946
1965,224,-5180,-3871,1719,364,-1986
1966,2284,-2990,2492,-130,-495,-415
1967,5506,6038,-1448,-1782,-1883,270
1968,-2793,2783,4265,-843,-1591,-447
1969,-1182,559,-4189,-1325,592,1800
1970,5408,822,-113,1346,517,-1829
1971,1250,-7089,-2198,650,1903,-295
1972,3177,-3460,7982,-1095,983,340
1973,5988,-7675,-3568,734,-205,985
1974,-6171,7355,7880,1422,347,571
1975,-4302,-5524,4431,-32,-1179,-616
1976,-2148,-3303,753,-1154,1690,-1649
1977,-5887,5637,-3386,-649,1999,-1280
1978,5082,-4839,-1074,751,1108,-122
1979,-1945,3479,5677,194,938,1896
1980,-4644,-159,-3806,-781,-433,1332
1981,-5564,4719,1195,1152,1776,699
1982,6081,2664,-1324,-670,1350,-1304
1983,6609,-5194,-4890,1000,-422,304
1984,222,6636,7240,-1525,864,-1883
1985,6093,-98,-364,-822,1719,749
1986,-3094,2291,4064,1938,-1080,794
1987,4547,2816,1234,1260,-1969,1671
1988,-7628,-2448,-1606,957,585,961
1989,-6656,-2131,-7827,70,492,1216
1990,2460,4795,-7997,1752,-1139,245
1991,-4753,-4551,-6256,-1151,505,-941
1992,1471,6033,-1488,-565,1612,-967
1993,-7780,-4825,-5346,1037,173,1745
1994,798,4332,5573,47,530,-1207
1995,-4754,-7247,140,-119,1285,828
1996,7420,-7159,-3496,1019,-475,1340
1997,220,-3812,7803,-97,-509,-1685
1998,-3911,-1531,-4260,-1552,818,-1
1999,2870,3098,-6842,-1655,1964,-1963
2000,2152,-4485,4098,1221,-1896,-830
2001,-6,5861,1573,1480,-130,-1189
2002,-3843,3674,550,-1601,-1897,504
2003,2848,-4471,-1524,-1501,1063,-1340
2004,-2692,-6988,248,-270,1638,1980
2005,-7017,-1923,-44,-251,-1760,-651
2006,-1722,1151,4587,300,1038,75
2007,6115,-1191,-451,-1160,85,-221
2008,2107,33,2207,-1274,-1577,-1204
2009,-2960,-3545,1573,-534,-1046,1150
2010,4430,-1879,4584,1009,-34,-1998
2011,-521,-1508,4127,677,256,-1931
2012,7392,4598,-1952,973,1969,-805
2013,-1807,-4488,2546,536,1340,281
2014,7087,-5712,7623,-30,-1396,1946
2015,4366,-145,-2986,68,1775,-1967
2016,980,5643,3355,1583,578,505
2017,-4876,-6131,-319,1444,-1444,-1010
2018,5872,-217,6898,1694,1212,-735
2019,2343,1669,-1379,-35,428,-852
2020,4796,-2849,-1655,1174,-554,-447
2021,4749,-4066,-4062,-1804,1722,817
2022,5883,4464,-1437,-1483,1394,-1088
2023,7777,2360,5692,-1023,507,1199
2024,5579,606,6850,1096,-1890,-538
2025,6463,6156,-1440,-1763,-920,333
2026,-5857,-683,-73,-1864,1668,-363
2027,-6444,2777,-2631,-1371,1691,-105
2028,-7447,4834,-2688,1752,269,-166
2029,3143,3365,583,1397,-212,564
2030,-1434,6632,-2799,-592,1626,705
2031,-1489,-390,-3500,-1002,-1279,1106
2032,4665,-6186,-4632,1503,-1769,-655
2033,1885,1108,1898,1682,-1917,734
2034,4405,-1912,-22,1686,-1054,-1776
2035,2725,-485,-920,82,-80,191
2036,42,-6178,-3242,-237,-329,1117
2037,2099,-7904,3800,-1442,407,-519
2038,-4750,6835,-168,1673,-1061,-541
2039,1551,-2773,-1181,-1554,-981,-1489
2040,-4291,4417,3984,799,-1817,33
2041,-1970,-1651,1006,-1049,-202,1630
2042,-3577,-340,1038,-609,310,688
2043,5060,-3617,-618,774,1956,911
2044,-1387,6129,473,-1868,-1403,-1196
2045,3494,510,-5047,1689,1960,1616
2046,3736,-6917,5704,604,922,199
2047,4278,-7991,7127,745,1812,-935
2048,2556,-2888,-4327,-1263,1835,-1576
2049,-7082,5850,-3831,-308,35,-147
2050,-2649,-7584,7116,1525,-1220,-169
2051,6920,7904,3228,1176,928,-265
2052,-3630,6942,-6230,1527,1418,-1551
2053,5102,-4135,2108,-366,-1203,1623
2054,39,-3679,2092,873,-1867,-1405
2055,3298,786,5899,-617,536,-652
2056,-5987,4517,-1752,-1469,669,1949
2057,-4173,3735,-2353,878,-948,307
2058,2564,-3473,1362,1773,941,-1429
2059,-934,7929,-6173,-1407,471,1113
2060,-1783,556,1239,-1492,1727,86
2061,781,-6383,266,1059,1042,1553
2062,-28,-6954,1951,1275,-4,-644
2063,-401,1553,4607,759,-1396,1395
2064,5489,-7558,-146,-1606,1346,-439
2065,-5033,1718,-2025,-1478,1014,696
2066,3589,-2209,730,1522,1372,-1353
2067,1042,4720,1141,-1286,1837,788
2068,-2389,-1157,-5417,-133,14,1698
2069,2807,1385,-6352,820,1548,-226
2070,5092,-2448,7255,-284,25,36
2071,6203,-7190,-3651,774,224,-422
2072,5046,945,6598,516,-391,-980
2073,-4891,2519,-1029,-1921,1784,-1344
2074,-7209,2712,-1483,-82,1350,-709
2075,-4089,-4227,7212,-118,-833,-1267
2076,-712,856,6872,-1406,630,-638
2077,-2554,2462,7826,-1864,1978,-444
2078,5081,-3663,3952,-1132,1765,615
2079,-4988,7558,6544,1544,-1701,-956
2080,3028,-6091,-3456,1112,-1035,-1363
2081,-1138,5624,-1656,-1065,823,764
2082,4409,7374,6777,-1103,-1338,1003
2083,4066,6706,6021,-681,497,-1877
2084,7785,-6021,-2565,1535,1291,-502
2085,7911,7122,4953,-1550,938,878
2086,-3200,-2627,-316,1367,415,1236
2087,3090,-538,-1562,-1891,-1183,15
2088,1033,5542,-5774,-351,-1793,-170
2089,4660,-1518,3684,954,-155,-281
2090,4811,-2125,-6153,-213,961,357
2091,2988,3323,1359,1761,1511,354
2092,4294,-5845,2105,152,-1614,-1288
2093,-941,-2766,-3616,-1536,196,570
2094,-1918,6303,2977,-213,534,1164
2095,-5014,-6655,-5145,1304,-734,-1510
2096,-5212,6582,-1023,-594,-332,285
2097,3367,-5873,-1523,44,-390,-304
2098,7633,-2384,-6931,625,1591,-1054
2099,3733,-6223,1884,51,-44,-533
2100,7048,2619,995,-77,583,429
2101,5793,6367,-4761,-1489,1968,-1156
2102,3444,251,4381,705,-1627,1189
2103,-2865,-1743,-4114,612,1730,-1183
2104,6226,-7309,-5199,567,-425,-1169
2105,3433,-4755,-5255,-231,77,1611
2106,1748,6343,5063,-952,-1702,542
2107,-6592,7412,-3703,1746,94,-1777
2108,-5444,7268,1862,156,-1301,1639
2109,736,-6872,2180,-596,-1931,830
2110,5968,2936,6471,-1228,307,-1981
2111,4309,-5198,7356,-1527,1619,422
2112,157,4890,-436,323,-388,1682
2113,620,-3660,5145,1939,1974,-594
2114,-5351,6143,-471,-820,1893,-1222
2115,-4677,2085,-1029,-1332,-739,739
2116,510,-7423,-1539,-1001,185,1787
2117,562,3596,-5581,155,1125,-1855
2118,7674,6057,-1879,515,-339,1601
2119,7352,1370,-1469,-1269,603,-988
2120,-5503,5746,-2392,-1566,-1423,807
2121,7128,-3675,-6236,506,831,-807
2122,6983,-2182,299,527,-1198,1904
2123,4036,5463,5907,-825,1123,-1407
2124,-1312,-529,-1844,-1297,1658,-1835
2125,-6121,-7794,5532,234,1550,845
2126,-1973,-6674,-7136,618,-1653,-1264
2127,-6282,-1072,-2289,-1793,-828,-738
2128,-1500,-2881,2767,968,416,1266
2129,3698,2511,-7353,-1228,-738,1195
2130,-709,47,-1171,-1112,1205,426
2131,-697,2175,3065,942,1789,-1005
2132,-2250,-5635,-7067,241,1837,1229
2133,-3436,5331,-1550,-195,465,702
2134,6053,-5869,1112,-649,1176,-671
2135,5119,-7156,5890,1332,-1120,-1304
2136,4017,1840,-646,-713,-1995,1521
2137,7157,-364,-5565,1844,-1629,-437
2138,1868,345,-3358,-537,-555,-1706
2139,-2850,1865,6096,-1568,-1790,-109
2140,-620,-1844,-1719,737,-1779,-10
2141,-1488,-1312,-1752,-579,-165,-1557
2142,7381,2383,1131,-1682,-1405,-1681
2143,-4591,-5004,2774,66,-795,-1524
2144,3654,-7541,-2490,788,-187,-1653
2145,-7780,730,3447,937,296,350
2146,1680,-1890,6256,487,1777,1844
2147,6462,7578,-7512,692,64,1607
2148,-2013,1733,-221,-1783,-595,-945
2149,-7206,-4202,-5941,-1533,1290,410
2150,4515,7232,7534,-220,-9,-715
2151,7265,-2560,-5138,-635,-92,1359
2152,5944,2194,3360,-230,-333,1862
2153,6578,4188,3071,498,-1046,-1080
2154,-1277,-1327,-5328,-997,1745,712
2155,-208,-2722,7298,667,-1601,1602
2156,3860,6718,6406,1279,-1663,1582
2157,-796,3987,3184,466,-184,-662
2158,-2250,-3729,-317,-180,-636,-521
2159,1495,-7472,1038,1126,1388,521
2160,1718,-4955,4543,-1390,1887,832
2161,436,-5660,-3113,-1444,1405,-628
2162,-986,-3360,5497,-459,-918,-625
2163,7091,6695,-4196,-1743,1446,1725
2164,-1448,1319,-7951,248,-193,-393
2165,-5511,4058,-5689,795,-827,-81
2166,-1513,-2976,1416,1401,-1974,515
2167,-6581,4529,-7259,702,-1891,95
2168,-7678,-1029,-5294,-770,80,1674
2169,-6459,-777,1082,-280,-851,1233
2170,2943,1662,-6709,-471,958,-1012
2171,3035,-5409,-3821,38,-327,-360
2172,6560,-4802,-197,-1706,-69,-286
2173,-6904,7664,5123,-586,-1323,-547
2174,5693,7533,708,-1136,1711,-579
2175,3030,-2187,-2141,-1781,-349,1450
2176,1564,-1851,-6497,475,1501,-1125
2177,3764,-4073,-820,215,624,322
2178,-6860,5318,-122,65,-1190,-1399
2179,2461,3130,-7081,-1941,1299,-1224
2180,4349,-6780,645,-1427,663,1212
2181,-6585,1717,5305,-1872,279,-1927
2182,4710,-1769,-3255,-1585,-1000,1430
2183,7437,1060,-2194,-1288,-574,1241
2184,5120,-3840,-6302,-1712,-1498,586
2185,1003,-7796,-1676,-1847,530,1039
2186,-7954,-4876,-7888,876,937,-802
2187,7897,-2651,-6916,844,699,-160
2188,-2502,5281,-5184,-1291,-658,405
2189,-7979,-4233,1590,-130,-906,1649
2190,-6511,-7499,-6914,1893,1680,-1190
2191,391,-5964,4800,843,1400,263
2192,-64,360,-5976,42,446,-557
2193,7225,2128,-5653,-1271,-800,-958
2194,-657,2911,4623,-1002,1860,816
2195,-5389,1844,2065,-1544,1288,-1607
2196,-548,-6008,4557,1092,919,1452
2197,5457,-325,-471,-1179,217,1860
2198,3254,1236,1154,1809,-74,-1102
2199,-4216,-1455,6982,8,1753,1011
2200,7146,-7406,-1391,15,1085,-995
2201,-4111,5547,6413,550,-1235,-904
2202,-3023,-4965,3625,209,503,-1705
2203,1036,-7089,-4098,1416,-1361,754
2204,6281,7055,1378,-325,396,-943
2205,-3261,-4012,6939,-1453,-252,1458
2206,-4358,7504,-1431,-185,728,-1440
2207,-2327,2144,6461,1980,1698,-481
2208,5080,6825,-6145,-251,-287,1594
2209,-7234,-3886,2265,1532,1690,521
2210,6092,-7234,3325,-458,1177,-38
2211,1499,4557,1080,604,-710,1317
2212,3827,-1192,-7539,1454,-1902,-771
2213,2670,4633,-7741,267,1873,-441
2214,-4113,-5412,7986,-782,597,81
2215,-7045,3337,-7700,-178,-78,1315
2216,-5943,-2156,1632,255,484,-1607
2217,-2122,6907,-3161,-1373,-952,1611
2218,-3465,-1439,-3642,-1029,1512,-1748
2219,3329,-1758,3098,-102,-1213,-225
2220,-3631,5809,6869,-980,-1668,-72
2221,3271,-5095,-3297,779,-732,1096
2222,2940,1154,580,-815,635,971
2223,-4123,5874,2359,-130,-797,-427
2224,1197,-6929,-5570,-70,673,1383
2225,6544,-2382,-1690,-698,-342,-1863
2226,-6687,6544,-6142,-1224,-1679,322
2227,-5285,-648,-2262,-742,543,1397
2228,1254,734,-1160,802,356,432
2229,4385,551,7695,-392,1511,-276
2230,7664,-1725,-388,-479,-1507,179
2231,367,-1197,2300,1827,1683,1357
2232,6833,2263,-1983,-1894,1978,-1197
2233,2370,-4133,7507,1193,-830,353
2234,-1330,4482,-7701,348,1752,-1490
2235,-5909,1681,-7921,-161,-162,1410
2236,-3309,-3506,-2796,-259,552,1435
2237,1657,3234,2947,1707,1678,1216
2238,-5656,801,1265,-224,-1608,788
2239,-1829,5547,2409,292,-580,1426
2240,-1709,4727,-1490,-475,1550,688
2241,3693,732,4534,1603,-1429,1922
2242,6063,-6612,-1541,43,949,739
2243,5851,3630,-7336,1066,-964,-587
2244,-4570,2010,-1775,1677,1246,-550
2245,-2667,-639,2696,543,-280,-853
2246,-3666,7665,763,299,-201,552
2247,2319,6875,-290,241,1350,640
2248,5991,4146,-657,-906,-98,-358
2249,-3798,4574,-7291,988,-1132,-1320
2250,-7801,-1392,2690,734,1694,-229
2251,-4318,1731,-4996,-1826,663,-190
2252,-7734,-3885,6266,-791,1987,-1218
2253,12,3998,7215,-1887,-1445,-1542
2254,-2236,-698,7232,1738,-569,1153
2255,-16,2940,6245,-1312,-285,-96
2256,7385,-345,-4819,1322,1130,203
2257,383,-3617,4256,128,-1211,-1182
2258,3915,5182,-6086,-44,279,867
2259,-6468,-5103,5849,-115,-149,-1300
2260,3223,7335,-19,-1220,1291,-1549
2261,4439,7132,3732,749,-1624,-426
2262,5295,-2514,-6289,318,-191,1106
2263,-4090,2850,5466,239,-25,1613
2264,-6833,-3322,5699,1092,-1635,-874
2265,1910,3898,-3583,477,1190,1399
2266,-2958,-6942,-3282,88,1083,931
2267,3960,7947,7233,-1451,-1316,346
2268,-5138,-1801,-5713,-233,751,674
2269,-2354,6629,-88,-1852,-222,-919
2270,-2443,-3572,2761,624,963,-1916
2271,6731,-1914,5756,293,65,1556
2272,4784,1703,4749,-391,575,-1272
2273,-5893,-6577,6796,1633,-1394,1935
2274,-332,1377,-2341,-79,1981,-296
2275,-3110,-7784,-1732,1288,-400,124
2276,-3232,4833,-6206,380,1001,5
2277,5506,-2068,5487,1766,1368,-198
2278,4073,-2634,-1078,1372,-627,1270
2279,2174,1080,6265,1425,-1078,-224
2280,2402,4928,4333,-1698,141,-237
2281,1199,-1542,2331,-1672,-1914,-213
2282,-5344,-2287,-6561,-1425,1835,-90
2283,5116,-1363,-1327,606,-1065,1390
2284,2107,6026,-3210,-1937,-988,1163
2285,-2941,6382,1315,-813,-1907,417
2286,2805,-1849,-7094,-1904,-1168,754
2287,-4497,-7881,-1350,762,1107,1943
2288,2599,4953,3386,-633,-934,-252
2289,-6279,-7677,640,-1982,-33,1006
2290,-3563,3488,626,943,858,915
2291,-1605,-1402,-6227,1157,1062,-525
2292,-4158,3883,-3256,-823,-554,177
2293,-786,-4996,-6908,-1768,-711,1825
2294,6016,-424,-7480,-1859,-1296,-1433
2295,-2082,883,6535,-1624,-901,-232
2296,2509,-4091,3992,-1500,-685,-1452
2297,7519,3882,-6048,-1763,-1172,1918
2298,1728,5461,1507,485,726,1100
2299,4381,7507,-2870,-1406,130,1131
2300,-6243,829,2681,157,-1327,-759
2301,1878,-4629,-6918,1926,-1414,696
2302,953,5736,3365,567,-1026,-269
2303,-1879,7090,2890,1998,-1605,1525
2304,-7551,7848,6954,1667,-1032,-462
2305,-6924,3492,6740,-197,1287,1714
2306,7448,1879,-162,1170,-647,-1375
2307,3733,7268,-3989,-886,-563,1607
2308,4503,-6211,-4105,1934,838,-963
2309,2967,-3503,1051,1935,-1310,-184
2310,7008,-2968,-4201,-1928,84,295
2311,-2442,-1519,-7036,1511,-649,-1555
2312,3902,2252,-1040,-1017,-1588,-239
2313,-4513,5293,952,1770,-317,1299
2314,-5543,1762,4173,-357,-1082,578
2315,-861,-2469,-4753,-1107,-151,-423
2316,1500,5060,3751,-1259,1874,1298
2317,-351,-6195,-3900,-733,1018,105
2318,3985,-5362,-4521,-1425,-281,-1815
2319,-4790,-2679,7670,-56,-1466,284
2320,1540,2196,-4521,-1114,1854,-539
2321,-1899,-5493,-1511,-1893,1917,1053
2322,-1763,-3481,-3168,-1777,1690,730
2323,6343,-456,-1997,310,-139,-91
2324,-7202,-3661,2672,1173,1277,1558
2325,1870,-6400,4624,1713,1438,-1576
2326,-5505,-2734,6395,1876,-1026,1632
2327,-404,4865,-35,-1759,1683,-1059
2328,4610,7925,674,-1877,-698,-1167
2329,3930,-3490,2710,-1989,616,1366
2330,4473,2066,1617,-345,-1662,-612
2331,5213,5588,-3485,-807,1820,1951
2332,-1469,1408,6872,-29,-1206,1046
2333,-1044,-5228,-787,-1544,42,-74
2334,1769,6898,-5654,-381,764,-1247
2335,2424,6171,-257,1510,1937,-172
2336,3624,6955,-6089,-701,-1904,-897
2337,6293,-4358,-2998,-1730,-179,1652
2338,29,6477,-3615,-1247,1155,798
2339,-4168,906,-659,224,-1523,-1520
2340,1271,-2247,-5448,-1394,243,1846
2341,6066,-4695,3272,1729,-827,-126
2342,-5750,2408,1243,797,1382,41
2343,2037,-3829,-5761,1132,-876,-1361
2344,4992,4751,-598,1188,1867,801
2345,-1241,-1444,-3892,-613,169,-904
2346,-1006,2557,-1879,-315,-265,-1625
2347,-888,4100,-7366,864,442,1166
2348,-5204,-6794,847,-1565,1387,1277
2349,-5573,-6940,-4833,-273,1080,-1480
2350,4082,3060,-6100,495,924,836
2351,-7455,-5011,-7618,-1752,-911,-849
2352,7229,-5164,-1724,1641,1033,563
2353,141,-1655,-4091,-225,-737,-103
2354,1527,3824,6736,-675,1874,769
2355,6499,3891,-1053,-1090,-1799,-930
2356,1878,2988,3191,1558,-1482,-791
2357,-4893,-2976,5116,1294,-1346,1964
2358,1979,5412,888,-1428,-237,-1715
2359,-6139,464,5825,-1488,145,-476
2360,-3986,4384,5779,-1638,810,256
2361,736,3484,-4356,624,-357,676
2362,-2539,-6181,-2759,-1888,131,-1119
2363,157,-879,4895,406,1356,469
2364,4291,-3691,-6253,314,307,883
2365,2333,6079,3563,-1984,-1733,791
2366,3046,3040,2317,-899,-1285,-137
2367,-7700,-4216,-2415,-458,109,-201
2368,912,7300,-6926,-1055,-1318,1889
2369,-1721,7818,2070,-618,-238,125
2370,-472,977,-7829,302,236,812
2371,1338,-7833,-2918,-495,908,36
2372,-1312,3392,-4286,590,-265,-715
2373,7481,-7397,3450,-1569,705,-1031
2374,1751,-7392,3041,536,-894,-77
2375,5612,-6547,1328,454,283,1906
2376,-6541,-4894,-5693,-826,-1276,1295
2377,3414,-5126,-1204,-1108,1933,71
2378,-6002,-334,7024,-1,571,-1857
2379,6528,536,-2228,941,1614,-1501
2380,-7274,7403,-5680,1032,-1905,47
2381,6999,7375,-1863,-1327,-673,-1805
2382,-564,5163,1061,649,-63,-1345
2383,6416,1589,-438,1141,-309,-842
2384,-5576,-1990,-1706,927,-1672,-1016
2385,-7329,-1694,-3633,881,918,-777
2386,-4190,-5654,-2250,1065,-1757,-351
2387,7626,-771,455,1885,-109,1631
2388,-5176,-6468,1850,-550,1496,1991
2389,2522,-4224,6446,-624,-815,111
2390,6703,-1012,993,-1897,885,1174
2391,588,-2968,-3593,1701,116,-1195
2392,3344,7663,-7386,-1510,827,-1046
2393,7721,-7170,-1476,-905,-747,588
2394,-7480,1162,-4845,-1951,-1956,573
2395,2774,6165,7983,-1050,1771,-1171
2396,-7889,-2764,-4076,-528,-305,-761
2397,1371,5076,-5132,1808,1734,1094
2398,-493,5016,-363,-81,524,1883
2399,-7299,-7050,-5850,392,149,-219
2400,3488,-1763,-6233,-1692,1996,1036
2401,-4339,-5829,992,334,-211,-1674
2402,-1667,2383,1053,1712,-639,1014
2403,1806,-1297,1082,-1695,-1332,-1938
2404,-6915,5668,-1252,-947,-1534,-1990
2405,-4257,-322,-3354,495,1544,468
2406,5602,-5327,-5308,1748,968,-280
2407,1664,3002,1995,1586,-1421,-1234
2408,-3570,-5535,2463,-481,568,-1901
2409,-1504,-74,-4872,-807,510,331
2410,4114,-6015,-5319,846,96,1363
2411,5532,-873,3837,1635,-899,1122
2412,5492,-2996,-7866,-33,1296,-92
2413,-3550,59,5035,1043,746,1675
2414,-4930,-6318,-1638,-1102,712,-819
2415,-4595,-5022,547,-929,1374,1835
2416,594,7074,-164,491,894,1854
2417,5220,3695,2789,-83,-908,1088
2418,-4416,3405,-6941,-1697,-854,-1042
2419,5470,-387,7577,-85,-800,1271
2420,-512,-7718,-1219,269,1307,-271
2421,4940,425,-7573,-1221,40,-890
2422,-4378,7467,1895,-1550,-899,-1759
2423,-395,-5791,4118,-1740,-213,-966
2424,2114,-7155,-5858,-441,-466,1507
2425,3862,598,63,1165,-1391,1508
2426,7873,-5169,-213,-1925,739,990
2427,396,-169,7616,179,1149,-1273
2428,-4799,5537,-5253,1724,-763,1686
2429,1466,640,-1317,-170,-713,-164
2430,-6015,3431,-3202,-1637,1318,173
2431,3758,-4898,-6848,853,118,-1656
2432,2701,7341,-6622,-1007,-536,-1757
2433,3327,-1091,2289,-1785,47,1732
2434,-3222,2771,-4468,309,-209,1256
2435,-6330,-7887,5649,-1260,-774,11
2436,174,-7770,-4730,1964,399,-1130
2437,-595,-3140,-2478,1724,146,-1344
2438,2023,2448,-5616,428,-1827,-604
2439,4678,3174,4858,699,-872,-53
2440,-4127,-2360,-2560,1566,-1000,-937
2441,-4160,7342,-7573,571,-1546,1878
2442,1518,2235,-849,-1804,-1126,-1534
2443,6117,-2675,1636,-1781,-25,1024
2444,-3562,4246,-283,-1139,-1000,-1950
2445,-5875,-1012,5203,-779,1629,1644
2446,7205,-7425,2091,962,-212,1838
2447,7705,3347,3002,-1164,1462,-1175
2448,3784,4408,-5765,1244,-1513,49
2449,5510,5067,-7893,-1529,-1875,-1931
2450,-7426,779,5003,116,1839,-360
2451,-6610,7785,-7334,-1282,1183,-347
2452,2460,-6055,-2891,1490,661,182
2453,-2070,-146,5766,-1201,971,1100
2454,-6953,-2804,1381,-1348,1332,1024
2455,6691,2785,6817,1631,670,413
2456,6432,967,5612,-575,-1287,414
2457,536,-6141,6311,16,885,-357
2458,5275,175,-5665,1760,23,303
2459,-7081,-3238,6375,779,1049,1018
2460,-1505,-714,4827,-1009,-1924,698
2461,4760,-6358,4878,1459,1639,365
2462,-5319,-4724,1739,1726,-260,1879
2463,898,2154,-6482,243,-988,544
2464,7003,1607,7158,-288,-1754,-938
2465,1160,2597,-7,701,466,850
2466,5802,-438,-4773,1767,-1567,1060
2467,-5951,7257,5808,-1330,1253,-1346
2468,3354,-647,-7392,545,1389,43
2469,4736,2398,7660,-1304,1321,908
2470,3532,6071,2514,-986,77,-392
2471,-5875,465,-7749,-1459,-165,1499
2472,6557,5941,-35,-1268,1888,1781
2473,2000,-4271,5262,-869,170,-346
2474,-644,-6514,4664,873,591,-168
2475,4492,5684,-5844,-99,1782,974
2476,-5659,-4076,-5338,1630,-596,-499
2477,-2043,-7697,3981,344,-453,-151
2478,-1368,-699,5299,-42,504,264
2479,2614,5116,5823,579,-1953,-1712
2480,6073,-4587,-7491,96,1179,913
2481,7402,-5944,-5356,1910,-224,1152
2482,-3688,-210,7836,182,-63,-951
2483,-7503,7215,6547,1738,-1070,-615
2484,5262,-682,-4218,1675,-1912,1574
2485,-7961,-7198,-2626,-301,-1700,671
2486,-3510,7519,-5958,400,709,-651
2487,7790,428,-6683,-1612,-845,46
2488,1940,5236,-3506,1595,-215,1099
2489,6598,4358,-2243,-452,908,890
2490,-5029,3558,-6434,-311,1957,-685
2491,1239,6090,7858,-1429,623,888
2492,-4415,-1842,-7951,190,-468,236
2493,-2208,7476,-6327,-1496,1946,853
2494,-858,-4944,-2421,1093,-1339,-1880
2495,-877,2561,-355,-370,741,1797
2496,2132,-3473,2459,333,-1845,1496
2497,4177,-7580,2554,86,-752,-580
2498,-4626,-1046,-586,334,866,273
2499,3529,-4229,7013,1303,-1833,-1280
2500,-440,-7836,212,-1170,-708,720
2501,4043,-5593,1730,361,14,-1647
2502,-2674,-4000,-1242,1353,-1302,1006
2503,-4646,-6121,-6302,-1045,-593,-448
2504,6691,-7337,6314,-1323,-1550,619
2505,-7270,5048,-7121,648,-1892,-703
2506,-2739,-6350,2080,-554,1309,827
2507,1353,7158,-7591,764,-496,733
2508,4922,1180,7837,798,542,-1601
2509,-7708,2775,-1594,1647,1446,2
2510,1606,-2258,-3252,609,-1684,1728
2511,7220,5609,-1251,1063,488,1013
2512,1811,4651,2889,-1814,83,888
2513,7356,-3847,-2101,-1813,-1267,-334
2514,5315,-7273,6766,105,1839,74
2515,611,5885,1923,-1508,722,-1143
2516,-5403,7945,-7776,1091,1573,-274
2517,5886,-5615,5755,-297,1791,-1935
2518,-4491,-1510,2065,-162,-1616,34
2519,7314,2411,1123,-73,793,-72
2520,-3397,6601,872,143,661,-382
2521,1299,6849,-3764,-1016,86,461
2522,7440,504,6086,-359,-128,997
2523,-2064,3048,-2350,921,-1882,66
2524,-187,3446,2704,329,1495,-917
2525,-5143,2824,5238,-481,438,949
2526,5588,-1299,7414,1058,1453,-1004
2527,-3938,-2855,-7199,473,214,-362
2528,3903,5728,-2774,-879,-142,1975
2529,660,1618,-3566,-1657,-902,240
2530,-6497,7315,-3001,752,1919,207
2531,-6081,-3526,4610,-1930,1606,1491
2532,-4628,-7026,-7909,-1038,-1865,-434
2533,7583,-7379,7267,360,-1607,-677
2534,-4555,-488,5714,-381,-723,442
2535,-3851,7988,237,448,-1682,1049
2536,-3013,-2480,1271,1122,1866,-127
2537,1553,5375,-7687,-144,-230,1709
2538,-3490,4582,-5946,-1195,-1222,1983
2539,992,-6829,-1699,-643,1663,565
2540,-445,5274,2152,-579,240,-387
2541,4494,-3586,-5880,-800,1615,-1859
2542,2682,4100,-4330,-802,1742,71
2543,-4554,7748,7627,-954,421,1695
2544,6384,-7502,-4360,-1726,-1419,-1734
2545,-409,-7657,7312,599,-247,585
2546,6014,-616,-5482,-1814,293,946
2547,-5390,6974,3867,1877,-676,-1907
2548,-1754,7427,5751,-932,-1805,949
2549,-555,7738,2170,1135,1061,-546
2550,-1063,7958,-6430,1123,-576,-1984
2551,2878,2836,259,-794,1368,35
2552,4211,4319,-5616,183,-1245,1223
2553,-5381,2907,-6122,-1292,-1012,-144
2554,272,-492,574,1926,936,666
2555,-1244,7725,-3322,126,834,249
2556,5634,-4274,3890,1257,341,-1065
2557,-4923,-59,-6240,1910,492,1641
2558,1352,2017,-1654,-263,1993,-914
2559,1273,1532,-7425,-866,348,-1105
2560,-6007,7262,2122,1247,-768,-1688
2561,-6368,6192,-3199,-1540,-738,-1578
2562,-1240,7168,-7749,-238,-1832,87
2563,-3058,-3094,3346,-360,-1723,1047
2564,2603,103,3827,655,1844,726
2565,-5415,-4712,-6878,-507,1746,47
2566,1034,-4494,1295,311,-311,1919
2567,-2800,2192,5129,-413,-97,418
2568,-2981,1331,-1503,-893,1978,932
2569,138,1550,-4649,-1814,-1814,-110
2570,3337,2568,2951,1971,-1740,-462
2571,2532,-1882,3836,-1748,1941,1053
2572,-2249,-5088,-2832,-438,-300,-840
2573,2434,3416,4799,1452,-817,1873
2574,-6709,2002,-6190,1504,198,-625
2575,-2185,-1762,5948,60,1422,1933
2576,6186,-1993,-2270,54,-1976,853
2577,4695,-425,-3367,-1250,-1810,-1548
2578,5752,-3335,3537,1649,1513,-276
2579,-2998,-3887,-3076,475,1882,-1733
2580,-7307,6144,4397,1286,231,-1955
2581,-4796,-2960,910,586,-1239,1840
2582,4138,1268,7273,309,-1086,1379
2583,5574,-5284,3400,-1086,1270,1753
2584,3482,-3157,3780,645,-1685,1488
2585,2204,2431,-3743,708,45,1802
2586,-341,-1029,-4068,-119,1098,-1646
2587,-1979,-2880,5896,-778,-172,978
2588,7573,-4705,-23,448,-1063,1781
2589,5779,-3392,1191,-51,327,810
2590,2818,2035,-259,116,-695,1203
2591,891,-5372,-4775,676,631,-633
2592,-1212,-3527,1898,600,-494,-715
2593,6027,-1615,-961,1660,603,1956
2594,4773,7318,3500,403,-1589,416
2595,-6113,-2194,1598,-418,177,73
2596,7185,2181,134,-1461,1077,-511
2597,3242,-3240,-7448,1994,-1793,672
2598,-2940,7685,-7148,947,-1350,632
2599,-4028,7093,5388,639,577,635
2600,-3346,-2704,-5534,236,1020,317
2601,6223,-523,-3737,814,87,1377
2602,-228,7362,-2768,1105,-1809,-368
2603,2959,-5777,-598,-142,-436,-465
2604,1500,1116,636,-1893,648,1932
2605,-3980,3064,1386,935,-8,483
2606,-3828,2078,5683,-1116,1632,-466
2607,-1868,-2232,-5266,139,-847,269
2608,-2115,7123,2361,-1632,1317,-1928
2609,4423,-4499,5216,252,1871,737
2610,-1168,-4812,-5774,32,-682,-1541
2611,3167,4035,-5916,-1800,-1411,1231
2612,-1932,6162,-2271,1203,-717,-1942
2613,-2326,100,5528,1077,972,-1813
2614,-2494,1945,4676,1136,60,-663
2615,-1239,-221,1604,210,-1184,-772
2616,1316,442,4302,-628,-154,1743
2617,6595,-4679,6024,-516,931,622
2618,6735,3587,-7706,-105,-1222,1896
2619,4201,-2926,-5779,1596,1193,225
2620,-1881,7062,-6613,-421,885,-1102
2621,7430,-4136,-3414,-151,986,-745
2622,-87,6995,3964,-1631,690,1229
2623,-3845,2128,1328,1712,-1217,1004
2624,6182,-2516,-1520,964,1684,849
2625,-600,-2077,-7605,-1610,-412,-1176
2626,1625,7515,7909,1244,-375,374
2627,-5010,-106,817,-1342,1495,-1073
2628,3080,-3741,-3496,199,1863,422
2629,-2810,-1130,3259,-1857,1116,-466
2630,2624,4771,518,1583,907,-170
2631,5436,-2107,2802,329,-992,-388
2632,6582,3519,5598,-864,1673,1106
2633,4269,2265,-7392,851,770,-906
2634,-466,-6573,50,-762,-1884,1389
2635,-4280,2261,-1069,-1561,-1627,-249
2636,1830,-3620,2682,-406,865,652
2637,-5021,7036,-6592,1819,859,-1956
2638,3072,-685,-3022,-920,1539,-1131
2639,5217,2398,4896,-195,-357,985
2640,4532,731,-4602,-1729,-803,-1207
2641,6692,-5898,-6255,366,1777,928
2642,382,-6138,1575,1916,277,-124
2643,5120,-6473,-1350,571,-1222,-1126
2644,-2825,3235,-3399,-1409,1924,-39
2645,4723,5855,6418,1424,-394,8
2646,-4409,5327,-767,-625,1,-276
2647,3864,-1017,7265,-1357,-1149,-1850
2648,5447,-2349,-2272,343,1696,-1770
2649,1104,-3628,6335,-1989,-1369,-650
2650,-4731,-2826,-5247,30,1714,1738
2651,5442,6888,-2092,-1042,717,1691
2652,7172,1047,1037,681,1779,1683
2653,-4090,4012,-7243,1022,-321,-18
2654,1395,-5304,4307,-2000,-122,-963
2655,6645,138,-1588,-1673,762,-312
2656,169,-3457,-3921,-904,1541,1369
2657,5981,2069,1741,1881,-1102,696
2658,-3603,-6758,-5792,926,1793,324
2659,-1203,6736,4072,1861,-393,-80
2660,-3577,-6237,253,32,59,-1849
2661,-7980,-5630,-5618,623,-795,1822
2662,4062,3282,873,-192,920,-1079
2663,1065,4354,-6992,565,1822,-925
2664,3593,2156,3869,-996,1741,1503
2665,5092,3423,7450,-1173,883,-538
2666,-7817,-3066,-6477,167,-1652,-1582
2667,-372,7387,-926,838,1603,-563
2668,6818,-5449,7260,-736,-279,1219
2669,4895,7739,191,-22,-833,-1492
2670,-6272,-7838,2266,955,1888,-1578
2671,-2351,-3289,-4812,-1643,-1851,1405
2672,-1010,702,6765,-779,-1385,-843
2673,-1004,-2978,-2957,-1644,281,885
2674,664,-642,-193,-1106,460,765
2675,-3274,690,3912,1118,1737,1885
2676,1900,7101,3765,-121,-1021,1191
2677,7331,3291,-1803,-1854,-329,-211
2678,5005,3394,-407,940,500,-1923
2679,2881,-7434,-1818,901,1818,1087
2680,4112,-308,-4412,-652,282,698
2681,-7990,-6260,1253,808,460,-117
2682,-3196,-7567,4038,-823,1877,-690
2683,1014,-5434,-3721,-1939,421,586
2684,-2248,3431,2063,1976,1661,1833
2685,7384,4800,-2368,1671,412,-1797
2686,-6830,-5196,1087,-322,-920,-744
2687,-7276,-5570,190,-1209,1498,427
2688,6891,-4448,-3065,-1456,-557,1302
2689,-7979,-4519,6434,-780,-1595,1084
2690,-1866,-1988,656,-934,-1244,-1694
2691,-543,-759,3791,-1926,-420,823
2692,-7492,5913,-3878,-454,-147,-587
2693,-5678,-1017,-702,-1533,1959,1909
2694,4121,-663,3393,1493,1197,1821
2695,5258,676,371,-170,-1572,-339
2696,6866,-3707,4509,-103,1066,-1260
2697,7292,-533,7889,-573,-1457,-1337
2698,-3990,1125,-1847,1591,-251,1377
2699,-7524,7318,-975,-789,-1599,1849
2700,-4106,6432,1159,1031,-1947,-1446
2701,-7164,4808,7715,1903,-1573,-1990
2702,-3555,1339,5245,1997,195,-306
2703,-2371,-5558,-5156,-1718,-1049,-1707
2704,-7121,-3547,4498,331,747,-1554
2705,-7220,1905,-3940,1479,329,143
2706,-6862,-6199,3523,520,-1860,72
2707,-509,4373,-1889,-588,1680,178
2708,6613,-4406,6946,1185,654,-493
2709,-2156,-2411,-6109,1699,-1642,-1649
2710,3051,-3068,-3582,879,1524,1424
2711,355,5461,4042,-550,1299,247
2712,5168,-5266,427,-1244,-1175,-710
2713,-3623,-1713,6913,735,-228,-62
2714,1831,4337,4699,1153,-1727,1742
2715,-4985,-2346,-3685,-420,5,-302
2716,6809,-2519,7618,-1912,-1797,452
2717,-6582,-3546,-4293,-1688,-926,543
2718,-1433,4347,5019,-1788,1887,1013
2719,-4800,-2688,-7764,-1056,1357,-1166
2720,-7809,966,6087,1630,1328,226
2721,7356,472,3125,-195,-388,-1271
2722,-1496,-3638,-7306,-1272,-1331,-1957
2723,-2675,2936,1850,782,1992,1212
2724,-4847,7171,-6095,-107,356,-293
2725,-4577,1791,1415,1227,-1655,-1939
2726,-7789,-5252,7347,-1292,1328,1270
2727,3058,-4401,4061,-1725,-1495,-242
2728,-4661,7045,3780,700,-2000,1002
2729,-6545,-5256,-2565,98,-982,92
2730,5657,6181,6468,-1655,-314,-973
2731,7416,6436,-5508,1153,-650,-535
2732,-4560,-4318,-4823,731,1438,-572
2733,3123,-2678,-2901,-74,482,-976
2734,6494,6854,-3864,1134,-1027,557
2735,6136,-2434,-6971,-1729,-1410,1926
2736,-1233,3424,1290,1809,-382,783
2737,6158,2261,3785,213,-194,754
2738,-3918,4437,-669,-131,-1935,-1705
2739,3635,-7259,4138,1838,-1528,1803
2740,-6065,7647,2149,1500,-1773,1316
2741,-159,-6743,-2220,-1104,1657,242
2742,1919,-4300,-2800,1461,-312,467
2743,-2090,-5155,2255,-1405,910,-569
2744,5688,5082,7720,-312,444,-857
2745,4133,488,5960,1912,-1097,823
2746,-7244,-6393,1360,1175,-1192,1881
2747,6195,5094,1303,128,-133,854
2748,5182,6439,-732,-1035,-1561,-135
2749,-7898,6514,1555,-1173,459,-261
2750,4381,-2628,3529,-1203,-279,863
2751,-7012,2007,4349,299,-1351,1608
2752,2739,-7168,-6644,-1133,-1719,692
2753,-1582,459,-3507,-230,-1643,-1670
2754,457,2100,7394,1475,1858,-1552
2755,-7023,-749,-2290,1783,592,-293
2756,-6568,-2551,-3067,312,411,-775
2757,-4933,7897,-7903,118,-219,319
2758,588,3607,3718,-815,-1728,1471
2759,-5896,3123,-5936,1417,1525,-626
2760,1721,1970,316,1738,3,-270
2761,-4497,3186,-7260,-1958,-998,-1806
2762,-982,6284,2858,731,-218,-108
2763,3771,3868,-1733,-96,1241,428
2764,4541,5404,1526,1835,1127,-560
2765,-3682,1490,-6343,-253,-637,-1772
2766,-898,6267,-4097,1434,-1316,-836
2767,-2571,7251,-2113,1542,-841,1941
2768,3325,-6272,-613,494,-90,-612
2769,-7633,7321,-163,-1341,-431,741
2770,3526,6756,-5875,1866,573,390
2771,-3667,-1542,2147,267,1986,-405
2772,-578,7620,7866,157,1373,4
2773,-4554,-2779,692,570,1744,1029
2774,6911,-3487,-6502,791,-1461,-337
2775,-697,130,-6143,1483,-324,-178
2776,6520,6809,7588,13,-1828,-1829
2777,3801,-5719,-7223,1449,508,-1403
2778,-5114,1942,5480,-296,-1740,-254
2779,666,6823,-6228,637,527,-1930
2780,6785,-3935,-7066,1529,-783,1024
2781,4581,7413,-7476,-222,1914,823
2782,3318,-3238,7129,-70,-445,-1614
2783,1725,3737,-6947,1035,1491,1776
2784,-3125,2493,-1186,719,728,-1189
2785,3586,3486,1738,406,993,768
2786,-3684,-1711,2641,-422,-1243,-1735
2787,1425,-7094,-4155,-1731,56,662
2788,-4308,5779,-4133,1077,-1593,960
2789,-4675,2597,287,1269,1609,1678
2790,-2378,-2746,7672,-378,509,802
2791,5214,-5098,-2722,74,-326,1940
2792,-6560,164,-5366,371,753,-1644
2793,-7009,5350,1582,1612,1484,-1673
2794,6650,3138,1886,709,-1964,929
2795,-214,-4722,5680,258,1042,-776
2796,6714,322,-7469,-451,1677,-1257
2797,1790,-5692,1575,-1147,358,748
2798,5720,-3299,-3193,-871,1585,-1681
2799,5834,-6162,-6872,926,-261,709
2800,-3606,-3609,437,1660,1078,-933
2801,2023,-72,-70,-1767,382,1532
2802,6743,-3784,1595,-992,-56,1763
2803,3790,-7670,4039,-291,-641,1274
2804,793,-2755,-2474,409,-747,-1921
2805,6260,-1669,-1420,686,1221,-1156
2806,-2848,-7261,-1970,-1373,-1793,94
2807,-237,-3708,7696,1354,1513,1014
2808,439,1745,-871,-1656,-1982,-677
2809,-5221,-6921,-5388,359,288,543
2810,-6372,6150,5236,1417,315,-1615
2811,7337,-1627,-7525,-256,1578,-1143
2812,4671,-1321,7719,856,40,27
2813,4389,3138,6209,1436,-1300,234
2814,-4678,5833,3252,-653,720,-1713
2815,1697,1159,7060,1945,940,22
2816,-6241,-5743,444,-4,-753,-45
2817,-6581,-2118,-426,1216,792,540
2818,4552,6296,2712,1311,-820,538
2819,2585,3721,5753,-746,-738,-327
2820,-6355,-4349,-917,1955,1992,1087
2821,1739,3713,7066,443,-1650,-1274
2822,4368,-6157,-4893,332,939,-1215
2823,-5462,4177,5281,1362,-153,487
2824,3289,3834,-5635,-519,1619,-1112
2825,-190,-2121,3313,-679,1228,-199
2826,-3183,6535,2528,761,1161,559
2827,7947,-4766,-3762,-1240,-449,-222
2828,2875,3736,2381,-390,20,-1049
2829,5686,-6001,5549,-1079,1350,-449
2830,4900,-1742,-4907,1950,-715,813
2831,2419,457,232,-56,-1984,-523
2832,-273,-5770,-3400,-927,177,847
2833,5492,-1071,6783,-1707,11,583
2834,-1107,-1383,7568,-1281,-1625,-1694
2835,1471,-5950,-4189,708,-1949,-679
2836,-5144,7795,-5464,-1844,1200,-1298
2837,5196,-6524,-3032,1240,1270,-597
2838,1689,-3409,7083,803,-839,603
2839,-969,-2684,-6163,1114,-962,-1276
2840,4608,-6032,-2238,-57,-1574,1054
2841,-863,-4870,3166,1914,-1088,-288
2842,7641,2281,-2491,-1807,1929,859
2843,-743,6565,-2763,-1957,1057,-212
2844,-4449,1765,1026,-1865,-1483,579
2845,2280,-1976,7865,-1884,-1366,880
2846,-4545,-756,2068,-867,-1605,-1423
2847,-3650,-7457,-5565,1758,1315,-1319
2848,-6637,-2122,3303,1083,-929,989
2849,-7364,-5449,3668,-1554,778,1902
2850,620,-7633,-1623,-232,-1666,545
2851,6202,-1035,-6387,-632,-968,839
2852,-726,-5412,7064,313,-963,-449
2853,-4175,-6539,-5225,-1259,-1874,-1247
2854,3040,-2405,-6042,-1169,63,-1798
2855,5126,1352,-7855,1623,-1855,-899
2856,6694,-696,7098,561,-308,-783
2857,5515,3186,-5167,-901,1925,1724
2858,845,-6800,-5505,1750,-1364,1204
2859,-4101,-1551,7877,1658,-1437,1818
2860,-923,-7833,7032,1957,685,1659
2861,2323,5364,-3271,757,-254,910
2862,7414,3801,-4880,1429,1535,1844
2863,5644,5484,-1574,-755,565,-946
2864,27,-986,-6790,1433,-1745,248
2865,-1175,5122,-5316,-842,1742,-69
2866,-5564,-2468,6535,1519,-73,-949
2867,3150,-7138,-984,-1717,735,1017
2868,-7590,7995,-4035,1868,-1161,1473
2869,5905,-2745,-2309,1933,-145,-1462
2870,1007,-7364,-949,504,1738,977
2871,2521,2481,-2834,-1537,1509,-1461
2872,6574,6028,2070,1722,-112,1006
2873,-6964,-2341,4057,1461,1244,-936
2874,-2896,-6001,-1306,434,779,1549
2875,-6443,-5183,-4329,-841,-1656,1661
2876,3769,1545,3934,315,448,1198
2877,6245,6409,-1000,-613,106,-1433
2878,4628,6362,2192,-1318,300,786
2879,-2220,-3929,-995,1328,165,-1677
2880,3214,4057,7692,-117,-1752,1314
2881,3759,-7789,-7201,-1559,1813,1145
2882,-3017,-4904,-7420,329,1753,664
2883,269,5856,1106,-1040,-943,-1064
2884,6058,1249,-5953,-489,1780,-778
2885,-6423,7545,-6936,-1670,-1753,-563
2886,-5141,-649,5423,-1429,-157,1938
2887,2559,-5726,-6374,-209,-1926,-1582
2888,-2197,3401,-2622,1259,-1808,595
2889,3579,4809,2137,241,-588,1044
2890,1108,-998,-2961,-90,-1873,-217
2891,4625,-226,-5147,1728,-1674,-1852
2892,-3406,4700,4555,1967,-1410,1042
2893,4362,5534,3190,-49,-49,1181
2894,7610,-6445,-3139,-1290,-1396,1205
2895,-4853,-3023,-5517,-597,1793,-283
2896,-1481,6510,-6818,-985,-79,-342
2897,2479,2187,-7896,-265,-233,1413
2898,-7892,208,-1456,-1242,1508,1149
2899,-4461,-7393,984,-1766,-1483,1571
2900,7652,2419,-1704,-654,-1993,506
2901,-3392,-6834,6678,327,-137,522
2902,7738,-3291,6849,1047,-638,-1451
2903,2883,-1728,5790,-1502,1250,-1436
2904,4449,4544,-6861,-88,-665,-1219
2905,3168,935,-4365,1965,-900,-1553
2906,7935,-3747,623,817,1895,-895
2907,-2086,1616,-2653,1725,-1897,1746
2908,-4271,-5468,-4748,-942,-1610,1873
2909,-4551,-4202,-1918,1635,-1887,1333
2910,-5824,-2771,-5819,-410,1256,383
2911,6705,-5386,5207,-354,-1499,1559
2912,3481,-1366,282,-373,-554,1095
2913,3842,-3987,-153,-1621,1451,109
2914,-4780,-2002,2978,-1613,1062,-1067
2915,-6012,821,-7035,817,1791,-1241
2916,149,7630,7779,-892,944,1528
2917,-2014,4942,7860,-934,-1834,388
2918,-3837,-5638,6674,1714,1061,973
2919,7712,-6060,1463,-975,1898,0
2920,-3453,-6462,-6803,-759,1654,-660
2921,7902,-4101,740,213,1071,307
2922,-4382,5397,-3146,-174,1916,-575
2923,1558,820,-7801,-1332,-217,667
2924,3614,-2026,-6021,797,266,1688
2925,-4382,-3730,3781,281,-1381,639
2926,-5759,-7765,6371,-1671,-405,-741
2927,4243,-4414,-2000,-1580,150,1019
2928,6969,-6490,2781,-426,-1836,-1302
2929,-6615,-3940,3608,848,512,879
2930,-5343,-6851,-4923,-183,1115,-25
2931,5430,-5805,-1882,530,-713,581
2932,-3084,2582,3753,-1756,-1225,-657
2933,-346,4672,-3368,-952,651,-1736
2934,2405,4943,-5050,1540,-851,-1552
2935,3276,988,-3824,-1501,1301,-1836
2936,-3824,3184,-88,874,-1631,-293
2937,-6561,-6436,-623,1693,353,-706
2938,4065,-3780,-6142,1286,-1219,48
2939,-5499,3089,4946,901,-27,687
2940,-2067,3006,-3764,1803,-742,-609
2941,-7259,-717,-7619,-959,772,1804
2942,1711,7265,-5435,-322,1847,-1019
2943,1771,-552,-675,-942,-1911,-1216
2944,5510,-1134,-4184,-387,1827,-872
2945,-5146,-3668,-2615,-928,1259,-347
2946,-2279,-2758,-2682,1396,-1814,-56
2947,-2240,5596,-2591,-1540,913,1253
2948,618,203,-3654,-1403,-128,607
2949,4667,-1554,-2846,722,987,-1604
2950,7515,-3612,-5907,-27,-555,13
2951,-5206,-6999,2264,-1120,-71,748
2952,-399,-6634,-7862,-1792,1954,1104
2953,-5883,-2900,289,-78,845,-1959
2954,-2911,1788,-5946,13,-1722,-16
2955,7460,7897,-1243,577,-1088,-282
2956,3111,-2467,444,771,494,-1867
2957,6319,-6304,7829,-640,-183,-1902
2958,-6752,3448,3679,401,206,-490
2959,2055,7387,4342,-233,80,686
2960,-1612,-3076,-7385,-528,-1645,-1781
2961,5037,6328,2269,1100,1181,26
2962,-6419,3570,-1960,888,-1555,524
2963,5309,-7752,-7323,1422,736,-280
2964,4725,-6214,-4618,1536,112,27
2965,6121,-4141,7850,-912,-658,-1641
2966,-4027,2307,1390,1256,163,273
2967,-3146,5573,-7015,-282,1736,74
2968,1531,7166,3276,1817,-313,-90
2969,-961,3275,4715,347,-212,-219
2970,3565,-5284,-2565,641,1531,386
2971,2663,-1724,-1645,-143,477,-932
2972,4994,2635,1746,561,-182,778
2973,-1120,6340,5432,950,327,-1773
2974,-215,-2362,6256,-179,293,1535
2975,3859,-3481,2261,-66,1599,1007
2976,-975,466,601,1214,-1783,-722
2977,2551,6165,7623,1525,48,-1856
2978,-1378,-4873,-3674,-843,-80,1687
2979,-7928,-4859,175,-790,56,-1619
2980,-2820,5318,1105,-98,1050,-598
2981,-6127,-2546,-5177,1240,-997,-1140
2982,2490,5499,7259,1620,1901,669
2983,-5219,5020,5584,529,676,972
2984,-7007,-4296,825,-606,968,584
2985,-3945,-3861,-7336,-1269,1480,-454
2986,7574,-3377,2794,-172,212,47
2987,-5720,4163,-1228,-1872,-780,311
2988,6686,-1155,-4913,1492,419,-666
2989,3424,3752,594,-1312,-972,1547
2990,-507,403,224,60,1945,-502
2991,3971,-3843,-709,1142,-1974,-1336
2992,-1030,5841,4613,-560,677,-1314
2993,-7043,-2162,5330,-775,-187,1376
2994,-2426,-1295,-6079,211,-238,209
2995,-1267,-6985,5116,-1859,1357,760
2996,-3966,1094,5457,-14,876,103
2997,7073,-2338,1475,452,94,-1332
2998,5611,-6816,973,-1344,-605,100
2999,1477,-8000,-3401,-1740,-663,98
3000,-295,-1020,1065,-345,-1157,-200
3001,4737,-4976,2232,-1544,1809,1313
3002,-6846,-4372,4735,-1973,1575,-968
3003,-4910,-4689,1534,1437,1679,-776
3004,-4545,-174,-3385,1251,401,-107
3005,2345,-7844,6652,-496,-1106,1955
3006,5929,2315,-2670,-248,-1290,1293
3007,423,2439,5811,735,1080,-1298
3008,5058,4507,-5702,-51,-1084,993
3009,-2131,3685,-955,-449,1718,-819
3010,-2563,6470,-245,1982,-708,1767
3011,2645,-745,-907,-1957,-1061,610
3012,1666,4064,2551,1285,-81,953
3013,-519,1413,2482,1709,1623,118
3014,1519,2495,-590,814,1236,1817
3015,950,-7616,-7277,1480,1822,94
3016,4424,-1339,-4021,-716,1750,-635
3017,2196,5345,-4244,901,132,-988
3018,6864,1025,-1169,155,-1804,-1536
3019,940,-1261,7935,1889,803,1124
3020,4802,2488,-1316,-1113,905,-548
3021,4532,2643,6930,692,-1984,445
3022,7512,4680,-6493,-1267,-106,-420
3023,-5841,7513,3836,341,1387,-233
3024,-2101,2873,7297,-1308,879,858
3025,-3365,6338,-2786,-1318,1617,-492
3026,-6169,-2038,-7650,163,1602,-1997
3027,4280,-131,-2358,-455,-699,1064
3028,5549,254,-7546,1059,-1769,-453
3029,1862,2364,-4533,780,1255,1806
3030,-427,2560,-4061,1041,-1628,-1609
3031,-6213,355,-2614,431,1837,1849
3032,4816,4321,4404,1476,141,-1117
3033,4530,6913,3870,-416,1203,770
3034,-3416,-2593,7636,-1733,1371,1818
3035,-7219,2720,7579,-196,756,-644
3036,-1403,2804,6661,991,-942,997
3037,-4006,-1529,-7156,1362,-1106,-1264
3038,3068,5317,859,-179,1415,366
3039,5514,6291,2718,1715,1821,-66
3040,1870,-2197,5955,1955,1286,188
3041,1666,-6622,-5146,-926,-725,430
3042,-5311,7707,-7062,221,233,-1512
3043,3602,-906,-7529,1210,-1274,1785
3044,7302,-151,3039,-1710,1579,-389
3045,-4322,4232,-2780,-1427,-79,-1024
3046,4574,897,-1167,819,1297,-1957
3047,6297,-3467,596,292,1943,1525
3048,6808,1170,-3173,75,-1741,-1208
3049,5713,2293,1038,-1249,367,-1164
3050,2399,5992,1166,579,499,10
3051,5813,3140,2710,-663,-1305,-1267
3052,-681,-6246,555,-501,1236,-780
3053,-4743,6235,-4318,-1198,1823,-368
3054,-6656,225,2758,-554,633,-1320
3055,-4337,520,-3051,-141,626,-48
3056,-4074,-7796,6930,760,1286,-1912
3057,-3506,-4509,1507,310,-1159,-903
3058,1580,-7749,6939,-1651,1513,1787
3059,-7052,3638,4272,489,499,-333
3060,-4675,-6343,7213,-809,1312,-685
3061,-5937,1758,7336,-506,-374,1441
3062,4682,-4001,-6344,1294,-215,-1974
3063,2536,3471,6936,-1120,-1483,-1559
3064,6092,-1853,5146,1628,-1185,469
3065,-5873,7600,-5442,56,510,-907
3066,-3935,-5868,-3539,-1682,58,-1180
3067,4177,-3877,-5376,-167,-803,1911
3068,-1625,4639,3909,288,445,731
3069,-5015,-7874,-2245,-343,-1100,987
3070,-2615,-204,-2377,-953,-845,1022
3071,997,7268,7765,-690,273,-1424
3072,946,-6560,2543,571,-1456,1291
3073,-5867,7533,7971,-1909,-812,1142
3074,-2127,4566,2018,849,939,1967
3075,-2596,-3210,2469,361,59,-1218
3076,3090,5838,-1676,343,-761,-72
3077,1851,7100,1707,699,119,1623
3078,2221,206,-5656,-41,-539,-1461
3079,-1565,-6072,-4513,-704,-425,-166
3080,-7534,-1997,-3605,739,251,955
3081,4376,4409,-1953,-1711,-236,-248
3082,299,-3078,4892,1108,-897,330
3083,4228,-3412,6779,374,-1721,1385
3084,-5578,-1077,463,-69,-848,-1336
3085,-3054,2744,5384,1681,-784,800
3086,-4414,-3990,-7169,1169,-667,1431
3087,1781,-7359,-2204,1563,-323,1004
3088,4528,5697,7805,618,-547,12
3089,3443,-2910,4597,1848,-1780,1122
3090,-6012,-7657,2037,-368,1285,764
3091,7125,7995,-4151,367,-625,1683
3092,-3183,-3141,-4905,-1387,-4,-861
3093,6620,-7392,5332,535,504,230
3094,1665,-1767,5550,-1514,-685,57
3095,4174,4357,-1174,-1751,1984,426
3096,5916,5179,5344,1453,897,1479
3097,1740,1750,2405,-1431,-1659,1455
3098,1332,-6981,2286,614,1458,-326
3099,6693,2231,2910,1439,-1781,943
3100,-5247,-1730,-4211,1791,552,-313
3101,125,-180,295,-1220,498,1907
3102,-1142,-5482,2250,561,-1942,924
3103,-3372,2894,6776,-88,-332,-766
3104,-2964,-3764,-3717,398,975,1246
3105,-4149,6657,-5271,109,1755,-572
3106,4881,-857,-1023,-508,-903,-1680
3107,-6557,-5184,4907,1166,1210,-1748
3108,3253,-3590,4479,867,-1114,-1020
3109,-1556,-1645,7501,716,1758,781
3110,-6552,6780,-7177,1918,1578,-1900
3111,-4656,-7055,-6208,-1991,1896,1002
3112,-2776,2084,-81,-671,-360,-10
3113,5273,6219,-3241,1753,-1479,41
3114,-6090,515,5184,-1230,-1547,1160
3115,3632,1552,2593,-878,-140,-343
3116,-2241,-129,6235,-1731,-839,-427
3117,-570,249,6531,1555,-1972,245
3118,-4128,2565,3616,1178,56,-1939
3119,-2302,5328,-4670,-141,-1249,-1850
3120,725,3152,-7365,-196,-104,-1696
3121,2439,-948,-1407,1411,1799,1232
3122,-1406,6850,3682,925,464,-1258
3123,2434,2555,-5180,-1419,-1170,-603
3124,-2659,-735,-402,-967,-1765,912
3125,4306,-5155,7393,-1355,1723,788
3126,-4835,-3135,-5306,-1845,-912,1115
3127,-2159,-3632,-800,-1410,-549,-943
3128,2235,-7565,4257,509,2,1512
3129,-3976,7293,-7710,-1728,1378,-862
3130,536,-4664,-6728,1385,3,563
3131,4813,-7953,-2132,-1152,1756,23
3132,-929,-747,6712,741,754,1043
3133,5682,6910,4927,-1636,-880,1608
3134,-5791,-1075,6565,-716,-622,-939
3135,1078,-5501,-6844,-391,-296,-1219
3136,1041,-2450,-5230,217,-77,450
3137,-6440,-4536,-1609,620,-391,-1405
3138,1401,2960,-1750,979,-1023,862
3139,-3817,2910,-746,-1707,1647,831
3140,-2964,5259,4629,1221,904,-79
3141,-3605,-3592,1175,917,984,-676
3142,-467,99,-4958,-1161,-1329,1908
3143,-3387,1835,7404,-972,-309,-902
3144,7739,-2142,2445,-1611,-14,90
3145,1110,-2266,-1874,-573,-472,1647
3146,2891,5629,7025,-1894,-931,467
3147,633,-4859,5635,1518,260,-584
3148,-1024,5456,3841,347,63,-1594
3149,4763,5262,912,-642,1397,-1769
3150,1603,-4939,6449,-1428,-865,497
3151,4674,2323,-5604,1670,626,-1434
3152,4261,688,4997,1797,-1684,493
3153,-1059,3904,1996,1535,1938,-989
3154,3973,3213,-2347,66,-765,-1027
3155,7477,5199,1577,1751,-1714,-406
3156,-3698,-7759,-389,1921,905,-563
3157,-3356,-4786,-1396,-9,179,-1865
3158,7991,-4617,7865,1550,1392,-862
3159,3116,-7254,-4029,-1785,-464,-1808
3160,4514,166,5478,1911,-1080,-1193
3161,-7610,-7686,-7807,1254,453,-1833
3162,2645,-4287,7053,-1764,908,-14
3163,-5147,-5771,-5137,1480,1618,-881
3164,-3969,-733,2437,1324,1541,854
3165,-1517,-2651,2743,1326,-1936,646
3166,-2033,3248,5982,-1757,1612,1710
3167,-3326,-6199,7368,-971,-1865,351
3168,1263,1705,-4777,1935,-705,-1122
3169,4992,868,5016,1651,-211,1258
3170,-2925,4036,-7960,-356,-875,363
3171,-1046,2237,-6871,1855,-811,-1094
3172,-430,-6478,3545,-1330,-957,513
3173,-3417,-1109,-7082,-1432,-204,529
3174,3378,7255,-6128,-1436,-878,1608
3175,4037,5810,-7866,-1906,442,1779
3176,-4735,5502,-5024,-640,131,891
3177,-5952,-4498,3912,1507,-1889,762
3178,612,781,-109,-1208,467,1467
3179,-4278,5928,-5124,1197,1702,-829
3180,3545,4566,5709,-1182,-1881,1337
3181,2243,4053,-4851,1424,1104,1948
3182,2695,6753,6932,1607,1376,-1715
3183,-4727,2325,-732,-1331,-571,-1724
3184,6925,3095,3946,914,62,921
3185,5486,1746,6756,345,370,-1534
3186,4239,5208,3777,-1763,577,-278
3187,-5456,-2291,-5907,1550,-24,1097
3188,5815,-3188,-5360,-120,-1386,-45
3189,4498,6425,6627,313,-71,770
3190,1602,1870,-4253,-358,854,1707
3191,-2190,-3352,7094,1400,1387,-1019
3192,7985,4525,-1567,-1316,-230,-907
3193,2197,2681,-6689,1069,1515,1018
3194,-3023,4672,1259,-972,59,-1446
3195,-3487,7339,2982,1685,1257,-1905
3196,2186,7493,5834,32,854,454
3197,-6164,-2355,1642,-995,1637,1335
3198,3212,5233,3476,-701,-1646,-161
3199,-5173,95,-1051,-1687,-1008,-852
3200,2609,2847,5646,1986,-558,1697
3201,3095,1564,3686,-720,-52,1806
3202,4869,-6616,-763,-1276,788,-1529
3203,-3789,7290,-3812,618,745,-1869
3204,-6821,7992,-7764,-1993,-266,1004
3205,1904,5894,4177,1393,-1009,1601
3206,5070,-3481,901,749,-1162,-21
3207,2009,-2699,-2816,1847,1586,-106
3208,-3770,5167,-6761,-168,-152,-1710
3209,-7001,-3048,-2395,1976,-312,1016
3210,1055,-622,-150,-1738,-1064,-516
3211,69,-6543,-4587,-184,1286,77
3212,3371,2750,-7888,-550,1157,1451
3213,3506,-7398,5917,930,23,-1763
3214,-3878,-7650,-6130,648,-722,176
3215,-7713,6319,3942,1750,-1315,73
3216,4558,-6114,2997,1891,832,573
3217,-7602,2945,-1920,-1755,1031,435
3218,-5649,-3665,-4255,273,174,-94
3219,6184,6435,-6236,-1291,-441,-1072
3220,-6726,1166,-7899,1450,772,-917
3221,3602,-3684,1369,-506,-510,-1029
3222,4673,1313,-3990,-1521,843,408
3223,-1904,-900,-4411,295,-960,-1049
3224,4545,-3951,-4763,254,-1346,-679
3225,670,-2020,2293,-340,-1028,-1342
3226,5135,-5617,7280,-230,-1512,1122
3227,2090,-100,3888,1822,-1666,234
3228,2975,1455,3765,-1102,24,-585
3229,5366,-3941,-685,782,-473,-1002
3230,5445,-3000,7440,1517,638,573
3231,1358,-4762,-6392,-1551,-1166,-886
3232,4850,2534,-6490,1566,-1912,1434
3233,5674,-4086,1077,1562,-1498,-349
3234,2670,-7972,-1290,-494,-567,1192
3235,6256,6659,-795,1093,1844,110
3236,-7240,6397,-7333,-506,378,-227
3237,-3903,5836,5253,262,-1932,-946
3238,6586,438,-7633,1352,420,-1116
3239,-6211,-3976,5540,-1659,-137,-1151
3240,-5979,-3262,-1968,-996,187,-119
3241,5550,-1701,459,-1950,1650,-613
3242,4947,984,-2922,-588,569,1574
3243,-4814,-3057,-5840,-563,949,-1608
3244,1153,2270,-7229,1281,1626,-1347
3245,7837,-5384,-7279,-1295,-1862,-1759
3246,1536,4012,4595,1790,342,262
3247,2267,-7489,1781,264,-784,-1029
3248,-2741,3852,-5183,645,1586,-183
3249,3726,-956,7546,-1924,-1552,960
3250,-2947,2896,-844,-726,-1276,-1451
3251,5588,1514,-7850,-1448,-1220,328
3252,-1553,504,3108,-1435,-268,1866
3253,3654,-2447,-5447,-1030,1944,817
3254,5284,7516,3464,26,549,511
3255,5049,-1433,-4188,-920,763,-1777
3256,-5976,600,598,-297,1933,-1610
3257,301,-3170,5455,-698,1741,-483
3258,2782,-2870,-5450,74,1964,1990
3259,-5439,-5602,6076,-543,617,-345
3260,2637,-1359,-2532,1865,223,1332
3261,809,-1814,-7744,1843,1812,492
3262,-6222,6713,-7660,2,1927,971
3263,7368,5802,7317,1506,-1642,401
3264,3476,-205,-1345,503,-1850,1014
3265,2673,-4067,3537,-1394,224,1562
3266,876,-4113,5039,-427,998,1438
3267,4936,6299,-3698,-428,229,1393
3268,3596,5029,-7290,-171,-1794,559
3269,-6862,-349,6726,-42,-1422,1935
3270,4142,3781,-7515,1452,-850,212
3271,-7840,5955,3837,-1996,935,1349
3272,-198,1567,-4367,-687,-1240,-470
3273,7474,6914,-6755,224,1269,437
3274,-4672,3048,1427,-280,1948,56
3275,4923,-1943,6431,1095,-454,-998
3276,6873,-416,2440,-1688,1571,-1874
3277,2137,-6489,2422,743,-392,296
3278,7987,-6671,-7188,-1211,-337,1505
3279,1307,5758,-5998,505,-1241,1809
3280,4153,3569,-929,-688,247,-1253
3281,-3243,7990,1841,677,1635,1589
3282,-6991,-2370,-2797,1116,-184,783
3283,-2083,4618,-1650,1827,-1442,-1955
3284,-3578,-7689,7242,267,1123,110
3285,1586,-5673,-482,1931,656,-1132
3286,3994,3469,1555,497,1704,-1432
3287,-530,711,-7852,26,751,1406
3288,-5393,2556,-1037,-1504,-968,976
3289,-5924,-1725,-1753,-235,772,282
3290,-1250,-3688,1732,-1813,-1821,1070
3291,-7695,733,592,-906,-1450,-964
3292,4898,229,268,-1466,-149,-1392
3293,-1276,-1994,-474,-689,-1854,617
3294,-2862,-3038,-1302,296,1957,1216
3295,-6683,6184,-7617,1118,-1156,-1060
3296,-443,4238,1096,-141,1865,1779
3297,-639,240,3287,1247,198,556
3298,5929,-7489,-1333,-217,496,-121
3299,794,553,4395,-697,328,1749
3300,-1015,-5707,-5081,38,-1233,1527
3301,7866,-6623,-1151,1590,-1535,705
3302,4001,-1646,4556,-1905,1216,-278
3303,-1206,-4791,6942,-783,1695,735
3304,-2156,4899,-970,-1349,-1758,-1451
3305,6772,4026,894,-1567,-1537,1374
3306,7297,3014,-3711,-659,-758,386
3307,-4746,-6589,-2268,121,681,959
3308,2055,1455,7685,1487,967,-979
3309,2405,5962,4315,-4,-1176,446
3310,-3426,2523,-6014,1365,1530,792
3311,2686,-7372,-3297,-1343,-764,-94
3312,-3416,5116,-2348,-1840,-352,925
3313,-2069,1440,7419,-1838,-665,-3
3314,-1102,124,6274,275,-785,311
3315,6242,-1794,-2756,1074,-694,719
3316,2647,-7180,365,1340,1340,-1591
3317,933,3639,-3987,-957,1794,-454
3318,1938,-3309,541,-1994,1298,1789
3319,1103,6247,-5138,-1695,-825,866
3320,-3408,4068,7520,-767,-1136,1762
3321,1254,-5907,-7959,898,1991,1414
3322,3153,-2941,-4349,1661,-1935,-473
3323,7059,-1716,-5104,-610,-426,-481
3324,-3320,-6047,1278,-486,-1798,-555
3325,-787,2300,6123,1524,325,-488
3326,6902,-3935,5299,-1188,-494,-535
3327,-6481,-162,5565,729,-666,-766
3328,1527,-2427,-6039,-1906,-1973,1981
3329,-7811,-5169,-915,554,120,-1799
3330,-5743,-1617,-7434,1175,-862,-784
3331,-7135,5034,-2843,-1344,-193,-1866
3332,5838,-4472,-7737,-1622,-82,-422
3333,1935,-1444,4695,-611,1407,-918
3334,7137,3485,2920,305,-1714,1863
3335,5269,-1955,1894,906,-502,-786
3336,-6030,-2360,-6223,-280,1731,850
3337,2398,105,220,302,1793,-1453
3338,-6040,5498,-3246,1117,-1999,769
3339,-1437,-7954,-3425,-1872,800,1985
3340,6500,-7809,-3392,1262,-97,-583
3341,126,-6178,2833,-406,-1052,-252
3342,-7743,-6225,-692,1223,-1241,1203
3343,1613,1295,-676,849,466,-1716
3344,-949,5398,-5985,-724,1459,357
3345,-800,4638,-939,820,1243,1533
3346,-230,-7301,2323,1532,-232,575
3347,1894,-3790,3697,-1531,1998,-1850
3348,-4474,1843,-2518,-194,-1992,1582
3349,7302,3388,-1310,-749,1944,-341
3350,-1557,5732,-770,-128,103,1173
3351,6862,253,5100,397,-1313,181
3352,5619,5799,6596,1020,1035,-544
3353,2892,4876,4245,1192,-1215,615
3354,-5298,7319,-5058,525,-559,-934
3355,1863,7493,6940,-271,-252,772
3356,771,-5825,281,-1714,-1473,1107
3357,6033,1843,-4133,1329,-1074,-422
3358,-1751,6413,-22,-957,1457,-1598
3359,5841,4275,-7583,-60,-137,1702
3360,2533,7960,-2253,-399,398,1169
3361,-7428,3632,-1781,1895,308,-909
3362,6934,6642,-5976,-1593,338,1117
3363,-4716,7717,4735,-186,-1423,-1068
3364,-2129,2008,4699,-900,-670,-1047
3365,4040,-249,2060,1987,-1464,-1478
3366,2275,-721,-1023,413,12,-557
3367,-4797,3641,-1502,1952,1231,-1710
3368,-1588,-7247,-3766,972,1921,560
3369,6913,-4932,4755,1316,-324,-1098
3370,-2697,-3882,1049,1269,1099,-1876
3371,-3445,4508,7634,928,-1732,-463
3372,-5595,-5731,5162,1346,1249,-596
3373,-4133,6729,5404,-1125,-910,-1039
3374,-188,-5136,1033,1328,-1761,1107
3375,3023,6575,1197,353,668,1540
3376,-6786,-748,2848,-1777,647,1110
3377,-3723,-3151,947,1633,-439,-1928
3378,1297,6704,301,1433,1858,631
3379,-1153,-7272,-7208,588,-402,1250
3380,857,-245,2742,-896,1175,-114
3381,-362,342,1914,1509,374,91
3382,-2586,7792,6424,-9,-346,-4
3383,7132,-6941,-7404,-1153,-1302,315
3384,-5639,1301,-1910,-353,-309,313
3385,7044,4776,632,-899,1864,-261
3386,-6359,5645,3130,1764,96,1142
3387,6130,-4319,-3881,1049,712,-354
3388,6106,-5305,-5485,840,-1571,-1426
3389,-5075,-3032,-6296,-198,-586,0
3390,-4175,-5582,6990,-872,391,670
3391,-3815,2077,2582,-230,1458,-1423
3392,-1378,-1003,-7673,-340,791,964
3393,-5293,-4913,-5074,-249,102,-452
3394,-2505,1302,-3778,-743,436,-531
3395,-7715,2923,1890,1253,484,924
3396,-663,5052,243,-1882,-1541,-1930
3397,-3451,2666,4407,306,375,1355
3398,6389,1089,-6993,-1607,941,-159
3399,7624,1599,3809,-1962,-940,-90
3400,-3412,7436,-7839,980,1680,629
3401,-2471,1502,5518,406,1746,1815
3402,4802,-6842,-3663,409,796,134
3403,-694,-7607,-2805,1093,-1220,-1797
3404,601,1266,-4219,667,666,1134
3405,3023,1548,7695,-357,1538,-17
3406,-1264,-2763,5746,-435,816,413
3407,2961,3870,6828,1329,-1950,1913
3408,-4394,4428,1141,500,-1987,-1255
3409,-2054,4063,1354,-499,833,768
3410,-6982,-1696,-2937,1987,406,-1869
3411,126,-5997,3126,82,-596,97
3412,1252,-5746,-7655,403,1228,251
3413,403,452,-7482,426,573,1484
3414,7126,-2826,4718,-362,1823,1833
3415,-3833,5072,-1944,221,-1538,-253
3416,6152,2413,-63,-1613,326,-1827
3417,-4071,-1625,3290,1348,1874,-1784
3418,3807,-6541,2395,-1721,1960,368
3419,7928,-4362,1316,918,1385,-1959
3420,905,-383,462,-1002,1486,565
3421,-1615,-6219,-6525,-200,-729,1086
3422,-5219,-317,-7489,1453,50,-417
3423,-1685,-5922,-7086,955,667,1962
3424,367,-4353,4776,-943,315,1344
3425,6252,7793,6715,-1253,-1159,895
3426,2927,2840,2553,-603,367,510
3427,-2137,6309,-311,1748,854,-609
3428,-4807,5618,-1968,-575,-423,-1939
3429,1797,-485,1674,1959,-1708,-752
3430,-4377,7775,-3679,158,1997,-122
3431,2052,-6789,-4792,-1551,1669,-293
3432,3430,2771,-7911,-1455,1877,-860
3433,7521,-5518,6238,-1103,-91,1172
3434,-6707,6794,7088,-880,1398,1541
3435,1121,5815,-5050,-535,1882,313
3436,6526,-2846,-1791,-138,-686,192
3437,-5218,-3720,2318,-677,1294,151
3438,1279,-4014,7501,-319,1597,952
3439,-1168,2631,7286,-1877,1824,-1886
3440,-4711,3095,267,-87,-1221,1419
3441,5129,-1949,-2279,-1796,1425,24
3442,-5208,1824,-1689,-1160,-93,403
3443,-7597,-664,-6446,1657,638,1249
3444,5096,-1544,1771,-737,1653,1528
3445,-7597,4234,-3650,-1776,-1890,-1210
3446,-7897,-3874,-5651,295,1209,-1573
3447,-1110,4729,298,264,1368,-1058
3448,3345,-4222,5360,-1195,1370,813
3449,-5105,-4627,-801,519,-234,-1009
3450,831,-7511,2253,-209,730,1503
3451,-6317,7862,2416,306,322,297
3452,-7653,-3619,-2828,-1932,1896,-1135
3453,2340,687,2893,-1480,1491,1568
3454,7798,-5045,-3177,441,1303,-1113
3455,569,3630,6636,-1205,-1385,1321
3456,-320,5333,-653,-1579,-196,-1413
3457,3181,-7450,5479,-181,293,-823
3458,-3829,3913,-6025,-413,187,1382
3459,-7165,5421,-7620,1528,1950,-625
3460,-2813,4238,-7756,-1568,-1623,-667
3461,6187,-5396,7307,-273,-1743,1894
3462,-5343,5816,-4255,1431,-1006,-846
3463,-1106,4304,-6325,-1381,-1437,305
3464,1449,-2928,7880,-514,1983,495
3465,7109,987,-7040,-1812,-1793,-1311
3466,3334,-1585,-4438,-384,973,317
3467,-7362,-7804,-2255,1352,1877,-1490
3468,5101,2632,1387,-1928,375,-691
3469,6052,2565,6732,-1151,1432,-688
3470,1917,-3680,1245,-1287,-1074,-340
3471,1051,688,-5050,1179,1515,-436
3472,4186,2144,5732,1625,-685,-1878
3473,-5811,-4135,-2018,-1666,360,-908
3474,-6465,2708,7127,-1311,-156,186
3475,4761,-4687,-2099,785,899,-1434
3476,-7581,799,-5284,1961,-1522,1114
3477,3090,2825,4925,740,1579,-936
3478,4369,-3251,5887,1257,-779,60
3479,37,745,117,1696,879,-86
3480,-5168,-3441,-7840,-687,-651,1716
3481,537,-4665,-2377,1611,-1914,-560
3482,104,4964,-7090,-1358,-74,-1508
3483,6561,496,-4239,-986,836,-1869
3484,2143,1276,-2167,995,-1460,-1451
3485,7552,-1033,-7151,-1761,-11,1446
3486,-7694,-7255,5270,539,128,-514
3487,837,-7457,5013,622,-1153,794
3488,2725,-6778,-934,-830,-1390,888
3489,-5975,5045,6179,680,-438,-458
3490,5996,-6741,-282,1172,1555,-1315
3491,7557,-7686,171,-870,-1963,1394
3492,-5472,-4585,5719,629,-691,-571
3493,-781,-6688,-6828,427,1156,-438
3494,3342,-1759,-6828,-1045,375,-934
3495,579,-753,717,594,-934,1591
3496,-833,5211,597,531,-128,791
3497,7310,5945,-4423,-186,-104,-1212
3498,-5995,4210,6659,-1453,-1098,-383
3499,-2901,1181,-6403,-1672,1491,1120
3500,2433,-6813,-6150,1955,921,1759
3501,-7131,2440,7344,-1243,892,-401
3502,-17,3816,4859,-1841,692,-1642
3503,-5102,-5422,-3246,-1407,-899,1914
3504,4956,7956,-1159,-1019,1081,1068
3505,6027,4178,-1928,-526,792,-1103
3506,775,-6026,-4195,1468,76,1944
3507,4543,7217,-2495,758,486,-1735
3508,375,2109,-6027,-1936,958,-454
3509,5388,-7133,-4716,1882,-338,1531
3510,-3849,7763,1498,-203,-832,-1389
3511,-2225,-7989,-3984,758,1003,-426
3512,-5334,3430,6595,-1522,1718,466
3513,989,-2432,-104,935,-1461,-1598
3514,6316,-5337,-4813,532,295,1848
3515,4458,4544,7188,-1001,160,-822
3516,-1528,-4307,6848,726,-1600,-192
3517,-6815,1508,4520,1408,-1440,648
3518,2972,6049,-6743,782,1324,-1146
3519,-1897,1474,-4817,-1083,866,-1815
3520,2658,-4774,-2122,-1931,71,-617
3521,-6978,3357,2100,1709,-999,-1409
3522,-2960,2529,6940,327,904,378
3523,4604,-136,7882,1921,1887,385
3524,-5189,6117,-3095,-1157,1891,-318
3525,-4689,4494,-357,-1842,1702,-591
3526,4594,-508,5679,798,1991,370
3527,-731,-3041,2705,1828,1197,397
3528,7341,6996,-5442,-59,652,-327
3529,-7544,2541,7973,-159,1494,1244
3530,-3482,-3282,680,226,714,236
3531,-6773,-7275,-7506,-1022,-1655,1325
3532,572,7177,7866,-61,-1223,1699
3533,7777,2049,7781,-211,-209,-258
3534,-2553,-1742,4538,-626,425,1737
3535,-4330,7150,5101,419,-250,1781
3536,-7322,4288,-1635,129,-310,-1502
3537,-7812,-754,-2820,338,75,-316
3538,1420,-804,5923,1348,472,-1128
3539,-1550,4771,5314,493,-432,1918
3540,-6292,788,-5982,-1528,804,613
3541,-4571,-3943,-6470,-1048,-1447,1627
3542,-4975,-1746,1014,855,1307,-224
3543,-4083,1325,-6852,580,-529,-270
3544,-212,-7142,2645,-1874,1385,149
3545,5150,-216,-2606,818,-514,-1637
3546,6889,1197,6965,405,92,-325
3547,749,7398,-7874,-1429,-336,-1311
3548,-3213,-1869,5268,1675,-1269,-1304
3549,7103,1431,6522,1927,94,-1489
3550,-3689,800,7466,1664,-1625,807
3551,-4836,-605,-4523,489,932,504
3552,-1135,-4717,-1248,-162,651,1948
3553,-1119,7920,5599,1301,1309,-588
3554,5628,4626,-7749,1282,-1250,-246
3555,-852,4294,-133,674,-1940,375
3556,-7762,-1238,-7456,1732,-1742,1535
3557,-5337,977,2669,-883,811,-1603
3558,1555,503,4659,-333,-861,-1959
3559,4968,-7646,5820,458,-403,-1731
3560,1968,547,4085,-317,46,86
3561,-6615,-3680,1743,-179,-326,-574
3562,3947,-5597,-1958,1982,176,-1862
3563,5380,5416,-7229,-647,362,-417
3564,5301,5295,1049,-458,1013,-1527
3565,-4301,3212,6056,1147,-450,-454
3566,-4141,4601,-6739,1291,-1247,-1169
3567,-2350,5433,-2966,1649,-1110,14
3568,-7855,-7879,3690,1150,-1235,-1333
3569,-4628,-194,6780,499,-647,1496
3570,-4351,7568,-4149,-730,-1254,1128
3571,-1845,-3403,-5969,-1933,849,-273
3572,-7510,7636,1813,-1776,-722,1086
3573,-5005,-982,-1980,-902,272,-613
3574,64,3424,2556,401,-1046,-1656
3575,-4009,-1456,-2532,817,-149,-1886
3576,-189,5236,3276,426,-33,-1108
3577,-649,3775,2079,-1975,704,-1208
3578,-3359,9,-2819,376,287,-675
3579,-4941,1481,-4149,-1303,-1284,977
3580,-3988,7032,-6617,-971,-1798,-1577
3581,-6619,-4521,-4945,-1271,-756,-1440
3582,2953,7715,-4480,-1525,-1150,749
3583,-220,-5091,5245,943,-1891,1188
3584,6570,1419,-915,1331,-386,-1877
3585,6208,3413,143,-573,254,210
3586,-5717,-5645,-5615,811,-708,1103
3587,-158,1961,376,1644,1218,-1935
3588,2988,-4768,-6575,1340,-1648,1151
3589,-7657,-742,-3129,-733,1953,358
3590,7955,1054,686,-655,1672,-622
3591,301,-7827,-5134,-894,1731,-276
3592,6680,3763,-3609,-391,545,-689
3593,7169,-7270,-471,1036,1052,-1885
3594,6101,-5153,-1343,1131,833,-416
3595,5729,-6127,-1061,1004,830,-856
3596,-25,-1259,1762,-1675,-721,1476
3597,4152,1226,799,-307,-823,-1656
3598,5164,-7143,7133,-286,-464,-1676
3599,6053,-961,1447,1751,1011,-743
3600,6604,4997,3481,1785,-474,117
3601,-7920,2209,4508,905,905,237
3602,-4631,5444,7214,1237,-1255,-816
3603,5283,-504,-1737,1845,899,178
3604,747,4707,7952,1278,1453,412
3605,3557,6857,1933,-1794,-242,1794
3606,-185,1290,3571,534,1464,1440
3607,-5683,-7199,1796,-1790,1531,-45
3608,-1383,-5159,-402,667,241,-275
3609,-4995,-1362,3627,-1144,-1843,-1545
3610,4478,4029,-7349,123,-1695,-366
3611,520,1976,-7008,-669,-437,1008
3612,-7189,-2598,-4207,1659,-1302,-59
3613,4361,-6422,-6265,541,875,933
3614,-1919,-7609,2686,-1454,385,-1343
3615,-7562,-7676,-873,1476,1938,246
3616,1949,-326,-7893,-1105,929,311
3617,4926,-7653,3377,-1545,272,-1510
3618,3350,98,4061,-34,-1200,1376
3619,5234,6002,5330,1252,-1171,-1536
3620,7076,4782,-2915,-524,1475,-1481
3621,1586,-4164,1885,1020,-1065,-441
3622,7295,-7393,-1236,-194,-1763,-1617
3623,-7955,5267,1087,0,-767,-1272
3624,-7268,-1243,-5974,125,1706,-133
3625,-5334,-989,-7231,-801,647,-1566
3626,3122,-4490,7124,1060,1049,1414
3627,5725,-2768,-6414,590,-797,-736
3628,-2258,1494,-1894,-508,1125,-1483
3629,-2428,7876,-2656,-678,1255,-632
3630,-6362,-2383,6178,-461,-895,1238
3631,4943,-1625,-1079,-1840,-954,360
3632,-3728,-1675,6736,-953,1418,-1335
3633,6594,281,6951,333,27,-1867
3634,4634,-2499,628,1033,746,-60
3635,-4007,6957,-6225,440,676,1218
3636,-443,391,7624,1014,918,409
3637,2636,2558,-6360,1425,1028,1371
3638,2013,-524,4407,-1363,-1604,-239
3639,-4681,-4182,-4588,219,1419,62
3640,-7638,-4121,-2817,973,75,-647
3641,2599,1255,4471,241,-1370,-1777
3642,7146,3424,-3245,344,1818,791
3643,-4025,-7863,2031,362,-126,618
3644,1136,7700,5668,-1949,-1567,154
3645,-7736,4024,4677,-1319,-1910,608
3646,-6854,-175,1906,1721,124,126
3647,-4687,4019,2679,-1517,-807,-1849
3648,2697,-3629,5206,52,868,1805
3649,6175,-1305,7835,1541,1924,-1680
3650,-2955,4433,2117,-1392,1698,-826
3651,7664,-1531,2762,-1724,-522,780
3652,-1099,-1300,2676,307,-1262,977
3653,6125,3116,-6105,-1736,363,-95
3654,-7163,6169,1736,1811,1644,-1900
3655,-5984,2084,2217,122,423,-1575
3656,-1946,-566,-5510,-462,-1982,456
3657,2599,-4973,-5171,-1071,-894,-227
3658,-2950,1428,-7536,172,1033,-1599
3659,-2800,-127,3020,1967,-121,-1321
3660,5017,6076,1586,377,-1714,-369
3661,-513,-689,-1680,1296,180,-1887
3662,1292,7950,-4016,1560,1292,1037
3663,-6508,6393,1992,1868,1664,602
3664,-3848,3888,4437,258,1022,-1762
3665,3061,422,-2244,952,-1281,1945
3666,-2601,-6023,-358,-1896,1662,-1909
3667,263,1916,3740,594,-260,923
3668,-3771,-7560,-6500,1435,-42,1166
3669,124,229,-6989,-1214,-988,-1561
3670,-4658,-5096,-6698,-210,696,1675
3671,225,7728,213,237,925,1798
3672,-3045,-3289,7054,1371,-1657,-449
3673,89,-1042,-6719,-1772,1319,1250
3674,3339,3134,7628,-780,598,1573
3675,6657,-338,-2659,748,159,1108
3676,-2004,-2120,580,-1027,-1431,1413
3677,-5671,-5634,6520,-1842,-1261,-1047
3678,-292,-7403,-5234,137,-269,282
3679,-3265,3554,-2447,-1059,202,1158
3680,-2226,7519,437,-1295,-573,-122
3681,6356,-6261,5304,-1776,-47,1876
3682,-430,7411,6737,513,-823,-1737
3683,3369,6643,526,-1104,683,-1922
3684,7180,7634,-7769,-1887,-654,-805
3685,-5933,-4732,4279,-113,534,1862
3686,-3803,2159,3807,1528,-1654,-692
3687,-2586,-6743,3342,-80,-1817,-1756
3688,6640,-7742,-7200,-1983,182,1958
3689,-5323,-5551,7812,-1965,1555,509
3690,-765,1865,6072,-825,-912,-162
3691,-2273,2171,-2920,-1127,614,-256
3692,3208,-4353,7431,-1535,-1377,-1592
3693,2546,-1467,2483,-550,-22,985
3694,1382,2167,-5588,-1010,-226,427
3695,6754,7028,7549,-1366,1840,1632
3696,7203,-4093,5270,1348,-1157,97
3697,5881,2082,7194,968,1424,821
3698,-3106,6087,2575,-557,42,-143
3699,-6,-241,7068,-123,1745,276
3700,-7474,-773,-3986,-1795,988,-1523
3701,4377,750,-3919,-942,-173,-1598
3702,-3038,1720,3019,-1182,-1990,1161
3703,3095,-5723,-7424,-1482,-626,-291
3704,569,-602,-7111,397,1954,-1029
3705,708,1546,3781,558,-757,-83
3706,-4620,6843,-7775,379,-1138,1670
3707,-4917,4957,-565,-14,778,-1502
3708,664,-3343,-5555,-1849,-362,-297
3709,-5885,6605,-2984,206,1432,-1173
3710,5322,420,-5726,233,1117,778
3711,4574,7445,-7461,-1918,-1091,-1912
3712,-2759,-887,1379,-1467,1803,16
3713,-6883,1864,7791,1368,-1192,-125
3714,-746,3316,5064,1295,-1798,-798
3715,3628,2370,-5622,1707,1074,958
3716,-1461,-7442,-6652,716,-380,-1707
3717,6708,-6846,-6365,-601,-586,-406
3718,-2019,1319,-5152,-1769,297,-481
3719,-3776,-5339,-7243,-834,896,1759
3720,5767,2554,-3429,962,1725,1462
3721,434,6052,-3552,1556,-951,-864
3722,-6446,-542,3210,-1067,-367,-1510
3723,933,-542,971,-365,-1844,-261
3724,-5379,-3873,4674,-1779,-61,-2
3725,5105,-2447,867,-980,1045,797
3726,4938,-690,-486,-51,269,752
3727,-3313,5919,2605,-1840,-1692,-954
3728,3276,7911,-3833,1515,417,-524
3729,-2471,5969,-7805,-794,-1810,-934
3730,-138,6762,2569,1982,1362,519
3731,-5605,2172,4232,-932,900,1012
3732,1869,-974,6546,-1534,-1828,1329
3733,-1288,-7692,3502,-1375,-1222,357
3734,4924,-4897,-7353,1738,367,-1876
3735,3661,6981,6751,1148,-1937,-1767
3736,-7834,-6854,-2336,1372,-890,-467
3737,-5621,-2800,-236,632,-1506,-1875
3738,-7701,-7470,-2911,48,-1386,1663
3739,-710,5496,-7651,-1624,-1034,-1592
3740,-4768,-5631,6716,167,-1551,-733
3741,993,2042,-7813,-1651,-263,758
3742,-2279,-3727,3313,357,-1850,-182
3743,-7826,-4608,-7464,-1557,-1005,326
3744,6570,5518,3604,445,-1069,1430
3745,-887,818,1781,-289,1116,1393
3746,5731,1052,6278,153,713,-1425
3747,-3735,345,-7907,1528,1188,1079
3748,-7579,-5840,-5565,240,-853,34
3749,-550,-3890,-4342,-1736,1386,-1694
3750,-3647,-7873,1860,1785,-222,1756
3751,2302,1755,49,-255,-736,667
3752,-4234,-1659,-1262,1323,-485,1003
3753,-5099,241,1458,-1979,1011,1754
3754,7165,-3210,393,1394,854,-700
3755,6872,-2969,5614,1250,890,1186
3756,6380,-3190,-7558,-1912,-1877,-426
3757,1233,-32,-5395,-1672,271,-1414
3758,1954,1296,-5010,1374,-205,-491
3759,6305,-365,4738,-588,711,457
3760,-3944,-7464,2604,-1066,-168,-601
3761,-7304,3714,-2717,1883,506,-1392
3762,3448,6291,-985,-532,711,-449
3763,-1218,3420,-6355,-697,-240,-584
3764,1646,-3034,-244,1990,-1571,208
3765,-6994,5585,3490,857,1352,77
3766,4024,1992,-2630,-1969,-1031,-1270
3767,2362,3545,-3508,392,-1934,-389
3768,-2815,-5448,3340,-741,-1998,1041
3769,-5467,-3085,5898,-1562,1854,1710
3770,7551,6219,4646,1904,-122,209
3771,801,6080,739,1505,1719,-1123
3772,1107,7537,1929,592,-1241,1030
3773,-3369,-4824,-5757,-678,1821,1746
3774,-1056,212,-3484,428,382,-755
3775,7032,7047,6379,-325,-422,-1442
3776,-764,4431,-7801,-1725,-1555,539
3777,1141,-6242,72,-861,194,-736
3778,-4921,-6420,2208,-365,1025,-1470
3779,4804,-1619,-1858,1919,-539,1267
3780,-5143,-448,-6138,-701,779,-1001
3781,-7957,-1105,-2958,1839,1195,695
3782,4290,-6935,764,-1043,1897,989
3783,-6845,-3212,-3336,-1040,178,-819
3784,1876,3391,3189,1159,867,-270
3785,-3848,-5821,7359,973,-1128,572
3786,5115,-7169,7223,-1907,-1329,763
3787,-3889,2721,-7482,941,1125,-1887
3788,-6046,-1753,-6488,1751,-1632,-170
3789,-2000,-1742,2052,-1952,-1982,388
3790,7710,-1092,267,195,-504,672
3791,967,-4211,-3960,-1294,-1512,1255
3792,2679,-4102,5195,-1349,-258,-1660
3793,7516,5102,-5107,1138,356,1266
3794,-186,7698,-6696,-1653,-188,-1801
3795,1156,-5678,-7773,-1144,1279,47
3796,-7925,-1621,-4783,1249,-1948,1095
3797,279,-3735,2690,1019,-560,-1670
3798,3708,-1740,1612,352,-147,-471
3799,-330,-7185,-3151,1654,1715,1924
3800,1268,-3309,-7736,-1283,456,-663
3801,6212,1321,-3503,503,-1607,1245
3802,-3434,3371,-7761,765,-1554,1374
3803,-1421,-5216,-1504,71,-1773,299
3804,-619,3393,-3056,1646,-353,-1694
3805,-5371,1999,3418,1876,-1856,-1468
3806,-6951,4074,-4459,-1930,-1895,1897
3807,4551,-1798,-569,716,365,1001
3808,-2017,-4025,2219,1934,-1540,1643
3809,-5283,-5911,6990,-1293,68,866
3810,-7368,-438,2367,454,-44,1761
3811,-4687,-4463,6406,-1112,-542,-1946
3812,-2272,2072,-7435,633,551,-126
3813,-916,-6640,-4460,-1988,-129,-1496
3814,4239,5517,-5017,-222,-115,1082
3815,-343,-7859,383,1544,1324,668
3816,-1843,-47,5731,1719,-1921,-1514
3817,5539,485,5598,1136,-363,-386
3818,-3804,-3677,6790,1027,377,-1671
3819,-2545,4878,-510,750,-1185,21
3820,4569,4679,-7442,1991,1674,-113
3821,-7786,1743,-2870,-1495,-402,-1653
3822,-3007,-5655,247,1419,-350,-1451
3823,-6871,7610,104,79,-88,982
3824,5575,-6492,2750,-1418,792,-768
3825,6993,-1373,5673,-407,1548,1680
3826,-1573,3946,4681,-1605,464,696
3827,-2506,-553,5962,1943,1945,-775
3828,-3781,-1442,366,1461,-1928,-983
3829,-5297,5771,-7200,-1172,1733,1626
3830,2489,3491,5794,-1848,1063,-538
3831,-714,7728,4641,228,-1371,1355
3832,6438,1834,-7568,933,-1701,1395
3833,-3718,-674,6360,352,1885,1561
3834,-7188,-1881,-3594,-626,1722,-929
3835,1881,1948,-2991,-565,961,-1041
3836,7179,5308,559,-1000,-684,-67
3837,-178,7977,4566,1550,1225,-1182
3838,4264,-4742,-963,-1468,227,-1320
3839,2806,4522,-5596,-1041,-630,238
3840,1614,5215,-4038,557,884,-1212
3841,1757,2013,957,-1581,-1637,-1614
3842,4656,-4654,-1888,-764,1329,268
3843,7568,-659,665,-1793,933,-1926
3844,-2494,-1233,-6505,-1320,351,1645
3845,6347,-256,-1984,915,1553,1866
3846,2775,3807,2778,-941,1435,1406
3847,-278,1410,4722,955,-898,-62
3848,391,-6125,-7054,-1409,2,-1532
3849,458,7217,7541,-68,809,143
3850,-4934,1479,-7674,534,1810,-17
3851,-2534,-5862,-5912,1044,1846,1970
3852,652,-1068,-711,534,1139,1508
3853,4535,5495,-7547,-1411,1092,961
3854,-4686,65,-6455,248,-345,1086
3855,6618,-209,919,-1238,-392,1726
3856,-4175,5181,-3784,-1726,-654,882
3857,6633,-6474,-242,1417,1856,-1800
3858,2647,-6214,6461,1971,1158,-1950
3859,-6550,-4897,958,-728,-440,1427
3860,-7134,2155,7429,-1225,1523,137
3861,-2842,-5596,-397,108,1538,1383
3862,-6393,3818,7720,-149,1911,841
3863,4671,5034,-3914,-157,-1382,-1490
3864,6821,746,-636,-1237,-1978,1809
3865,-7491,-1600,6272,-1364,-1570,1916
3866,1080,4243,-4316,644,506,-1204
3867,913,712,-688,37,1949,641
3868,5547,7220,1580,-1225,1450,-1856
3869,-808,-4181,-4330,1064,-1408,-1299
3870,-283,7272,-6823,-1744,-821,-1204
3871,983,-3702,-5154,977,-418,-376
3872,6905,-1629,-5463,55,524,-1365
3873,2572,7183,3542,1783,845,1830
3874,7915,681,4765,-429,269,-1779
3875,-5932,-7943,-5364,-164,801,-1755
3876,-7960,1269,2353,-291,1560,-602
3877,-4329,-2439,2534,-1459,-458,-713
3878,-4925,-831,-6559,-1968,582,1819
3879,3919,-686,-7890,193,-713,-729
3880,5419,6335,-4783,-1627,1224,1887
3881,1759,5376,-1733,-516,447,-1080
3882,-5536,6195,-2379,1409,-1048,-957
3883,-4521,3123,-6479,-1339,-335,-1825
3884,7870,7168,2314,-710,1194,243
3885,-24,5422,-4553,-1467,298,-471
3886,-4808,-308,-4502,1416,-1410,-704
3887,7816,6322,-3639,-72,-1995,1276
3888,375,7123,1768,-369,881,1978
3889,-580,1065,6651,-1830,291,563
3890,1399,-7534,5927,524,657,-931
3891,-7901,-4266,-5144,782,-886,1145
3892,-1879,-7466,-1407,-241,1002,63
3893,4131,4,4593,-318,1432,1020
3894,4203,7913,5112,798,-677,-1457
3895,2040,7681,4923,-1603,1818,375
3896,3331,7997,6300,1346,-1102,-1585
3897,5029,7007,4234,1961,1652,1051
3898,4495,671,5016,356,1877,458
3899,-2891,2493,-3202,-74,384,-974
3900,1483,-7233,-4555,-864,702,818
3901,-998,5375,4899,-711,-1156,-1909
3902,7328,4675,2570,-701,41,1677
3903,-5054,5251,-4219,1012,1498,-882
3904,-5845,-3907,5449,-700,-1184,-1859
3905,-1204,6762,7846,1361,580,-211
3906,2879,-7510,6022,828,-31,83
3907,-5541,-7558,6123,1841,137,1760
3908,2921,839,-1107,177,1521,-1317
3909,-5523,296,148,351,458,1425
3910,-4050,-5889,5851,-668,1704,-165
3911,-4926,-731,2888,406,-1742,198
3912,-7317,5361,-6616,-664,1860,-154
3913,-7616,-920,-3324,-1856,-334,447
3914,-6416,2417,2475,-576,-1666,-1366
3915,-5320,-1127,-2462,945,-643,-1490
3916,-3332,-4716,-4968,856,-1413,631
3917,2828,393,-5882,-1792,-114,662
3918,2840,-7147,1238,713,-281,1002
3919,6845,3183,-1449,1199,478,1861
3920,-4477,-7915,-46,-1359,477,1690
3921,3601,5990,-1934,760,1214,-1766
3922,-2395,-7921,6871,-1212,890,-1750
3923,-2468,-7158,-4887,180,-1678,1827
3924,-2274,895,-3382,-131,1110,-1933
3925,4019,7749,-412,-1594,506,-870
3926,-6247,7796,1187,-28,1722,-1044
3927,-5003,-5488,-19,880,882,-237
3928,858,-7628,2468,-960,-248,-603
3929,2652,-3165,4179,-842,242,1684
3930,264,3888,1726,627,1882,-1947
3931,7274,4856,6525,1427,1042,-1774
3932,5206,6415,-791,281,-151,177
3933,7490,-1444,7410,-433,-1789,1172
3934,-6081,-2534,7365,557,-1680,-1085
3935,6970,-7162,-5463,-342,-82,-1996
3936,-1017,-6716,489,-765,1149,-1242
3937,-7690,-6358,5811,-856,697,631
3938,6138,-4950,-4028,-1593,1092,260
3939,6161,-7577,402,599,397,111
3940,-1887,5824,2335,-1525,-819,-997
3941,4692,1557,4698,1714,-1916,659
3942,-5229,4123,3698,-1165,-1116,1855
3943,-2358,1220,2163,1919,-1853,1863
3944,-7040,-1524,-2581,1770,-1915,-641
3945,-7496,-5785,-227,-1587,-1636,826
3946,3629,6874,5584,-537,1481,1976
3947,-3197,-6068,-2677,713,-1244,1451
3948,1659,3879,7555,-1208,334,-1095
3949,4563,-7658,-1131,901,-794,1685
3950,3603,-1094,-7694,-364,-1430,-1614
3951,1868,2780,-6493,605,-515,-1736
3952,5054,-5782,-281,-1847,-1420,-635
3953,6557,-2440,-7011,-467,-179,-525
3954,6480,-1740,443,1380,731,-1843
3955,-4052,5077,-3151,-1844,182,-1268
3956,3511,2111,3279,-1408,-1632,-42
3957,-2678,6800,3357,207,1182,-412
3958,4008,3664,993,-1397,38,-23
3959,-5685,6534,-7124,-724,1589,-139
3960,2098,6092,7850,1994,-261,1957
3961,-3954,2433,-5490,-1068,246,858
3962,-6290,6454,7488,1710,1985,1995
3963,-6860,-7085,-5250,518,-1032,1587
3964,3453,-2248,-7830,1237,1250,-1356
3965,4727,7294,560,895,1376,109
3966,1503,3881,-1630,1563,697,1875
3967,6225,3799,-794,1793,1749,851
3968,-5846,-5262,-6164,-892,1849,133
3969,3127,-546,-7487,-511,1908,1807
3970,-2314,-623,-4436,-1456,504,715
3971,-2924,-4603,-4648,-712,-1051,-1387
3972,-6934,-3159,-6631,-1033,-1807,1579
3973,4962,2228,1899,1170,-1295,506
3974,3827,-3313,-1769,1299,-1523,886
3975,6922,-3424,-5568,586,1241,1330
3976,-147,7722,6234,-1231,1680,1243
3977,3821,4557,-7174,1162,573,-724
3978,-3338,7221,-1,742,987,1237
3979,6561,1905,6663,-475,-1193,1406
3980,-7747,7283,4920,-628,-1472,-394
3981,6402,4729,-4242,-1614,321,-677
3982,1779,-2474,-5091,89,651,-325
3983,-2100,-7670,-7080,-1021,-997,843
3984,-384,-3393,-4626,1979,-419,1464
3985,-7966,3632,1178,1890,284,-1140
3986,5419,2831,-2131,743,-1172,-639
3987,5514,-4596,-4018,1819,320,-203
3988,5893,-6196,5739,1803,-136,-1377
3989,-6189,-6683,-2463,198,1274,278
3990,-1055,-6405,-4490,1079,-1243,74
3991,-5991,-903,5909,1756,1198,-352
3992,-4833,6905,6365,-1629,-101,662
3993,426,5257,3883,629,1591,175
3994,3627,-7718,-4656,-674,-1437,671
3995,7793,6073,-4057,461,450,-1131
3996,5509,-2360,550,-1064,1157,1721
3997,-134,5288,-2150,1377,-626,-1813
3998,-2786,-2669,-6882,1256,-1681,-535
3999,3766,-3810,6579,1207,-1599,91
4000,-6696,7288,6001,-180,757,-407
4001,7131,-6384,-5784,1037,94,1633
4002,-3103,2292,-3243,1170,-627,-1225
4003,-527,6726,3221,924,1477,-1985
4004,6382,6155,-2408,-1671,315,687
4005,-3339,462,7754,534,-860,972
4006,-7397,-6811,-4725,1726,1174,-990
4007,-6119,-7795,-7943,-1813,1281,-1133
4008,6546,-4015,-836,-101,794,1394
4009,4103,-6940,7804,1201,1746,-935
4010,-2733,5309,-5220,1207,-1475,85
4011,-6865,-6301,5231,-1095,538,-1521
4012,-4582,-7309,-5127,998,1429,1427
4013,947,-2319,2666,509,1238,856
4014,-4238,3132,-5014,-874,993,1568
4015,3614,3021,7116,1136,1838,1984
4016,281,1674,7016,1002,-1498,-1219
4017,2230,-7423,-1142,-1564,-391,-1473
4018,2329,-774,4355,-106,436,-198
4019,-7963,-6220,305,-218,-1752,475
4020,-1635,-5799,4146,-1504,526,35
4021,-978,2930,823,1784,-1349,-54
4022,4040,4284,3753,-978,1307,107
4023,2549,4494,3445,1740,-645,-1995
4024,-7154,-6880,7676,1742,642,725
4025,5542,510,384,1659,-1717,906
4026,-7004,2852,-3774,-570,-1975,476
4027,6288,4841,4397,-1090,-1391,-2
4028,7947,6794,-3529,-259,-1809,-465
4029,1946,-6305,-4816,1680,763,-1924
4030,3836,-3032,2834,-843,1716,1874
4031,7778,5000,7923,1115,-739,336
4032,-3327,2569,-7931,469,1762,1322
4033,3273,-6017,-4878,-882,-1532,858
4034,6470,2312,6018,1943,-492,1219
4035,2475,-912,4166,1802,1605,-51
4036,-799,2563,-7683,647,-159,513
4037,-7939,3076,-3800,-1901,-160,959
4038,3078,497,-7283,-476,875,-992
4039,9,1083,-5115,720,-302,294
4040,-5337,-3679,-1968,-924,1085,1673
4041,2438,7268,-3626,1478,824,441
4042,2797,3727,6217,-389,900,-749
4043,-2543,-4820,1645,-1737,250,-1313
4044,-56,5315,-5819,-685,811,138
4045,4676,-6552,2056,-117,-688,1509
4046,-411,5690,5368,-785,-1907,-884
4047,-5151,-3336,-2570,-877,-1484,-1788
4048,-1154,7193,3016,168,-363,-1216
4049,-4860,-3375,5244,-972,-2,-1267
4050,-5428,3385,4741,1199,1635,-1844
4051,5077,-6876,2841,484,-1386,673
4052,-1306,7024,5116,-1073,-527,174
4053,-146,-1088,-2750,1389,-1505,-1835
4054,-6816,7233,-5893,-1377,-320,816
4055,5601,-6476,-3095,-215,-836,-746
4056,-2638,7325,-5296,1735,524,-377
4057,1661,-5063,5292,-1465,-999,-1106
4058,-2053,-1638,5449,-1927,1354,-936
4059,-5704,1217,1580,496,-146,138
4060,-4193,2811,5549,-1737,1467,-1114
4061,2626,-6979,-2701,-794,-409,-311
4062,1167,1775,4868,-942,-1361,-398
4063,1561,6461,5674,-48,-703,458
4064,5581,2156,-333,1160,1219,669
4065,-7602,-842,670,-1236,560,83
4066,-2730,-7450,3676,1032,-1221,1609
4067,5327,5366,1401,-583,-1420,-684
4068,-607,7791,-1883,1070,469,-502
4069,-6228,2868,-383,527,-959,-1524
4070,-1361,2158,-460,1532,1598,-1986
4071,-4162,113,4094,-28,-1059,248
4072,-6248,1553,6866,1230,-1895,-277
4073,-5761,3139,-1560,-1933,-1280,368
4074,4501,-4277,-333,-333,1486,-206
4075,5791,-5408,2916,-18,409,-552
4076,-3324,5413,6624,248,-1884,531
4077,7890,-545,-930,1283,1496,-1563
4078,-1514,-2250,7822,1107,1405,206
4079,-3683,-759,5788,1537,-1410,1439
4080,7823,5578,-4249,1127,-1511,-1657
4081,4753,4715,3657,1265,-1544,-277
4082,-5054,-7630,-2087,1832,1803,1988
4083,-3725,6771,1698,-636,957,1508
4084,6968,806,-6306,1690,-1287,1224
4085,473,4358,-2694,-1845,-1164,1960
4086,3976,-2862,5224,-1448,-101,1200
4087,-4690,-6787,-809,1802,395,543
4088,-7851,-2973,-575,-1221,-290,-999
4089,-7250,3826,5370,-1676,1761,1570
4090,-4371,-3119,-7356,1954,1561,1035
4091,-3987,-2236,-6341,-663,1662,-1722
4092,2937,5114,5596,942,-848,1731
4093,6693,5242,-7981,-368,-793,-424
4094,-2538,421,-7392,770,-1695,-715
4095,-4031,-5426,869,-1833,1673,1843
4096,-2135,5283,-7422,670,-220,303
4097,424,775,2418,-862,1251,716
4098,-6503,2527,-2298,1083,-1945,446
4099,7321,215,-5417,1366,820,811
4100,2829,-6121,5170,1356,-1438,1104
4101,-7018,1641,-2452,-815,606,1734
4102,-1278,1590,723,-615,393,869
4103,4331,-6127,-5674,1826,293,-210
4104,5546,-4909,222,-1307,1760,-632
4105,6327,7692,3028,-409,-1723,-1614
4106,503,4869,7227,1474,-1455,309
4107,-1968,-4913,637,-648,-665,-213
4108,-5460,-4826,-3197,-784,57,790
4109,-5980,7160,5761,465,1773,-744
4110,7381,5805,3871,720,-1778,-315
4111,-57,4814,1272,148,-917,-253
4112,911,-1654,4612,-1769,482,1896
4113,4793,7317,3474,1597,1852,-1567
4114,5405,303,65,672,1711,-1990
4115,-591,3074,-1902,1643,1655,-1607
4116,2349,2764,-7602,-1490,932,457
4117,-6055,1555,5987,1619,1258,-1005
4118,5526,-6408,-5152,-1156,-1716,1300
4119,-5508,1496,5271,-973,-189,-1759
4120,-110,1908,6486,-978,-984,-343
4121,7825,2714,5134,1647,-856,689
4122,-336,1911,5809,102,1262,1710
4123,3038,-2430,1142,-1381,1254,-921
4124,-4103,-3534,-3836,1929,-1379,1068
4125,697,742,5118,-277,-1226,110
4126,-1650,-585,6921,1204,-1806,-1657
4127,-5764,3837,-1559,-1800,507,1744
4128,-5662,-6448,-3267,1212,-1692,-1582
4129,6952,-7658,-7161,1200,-108,-1271
4130,4628,-146,1739,-1129,-572,-1247
4131,-5430,5250,7294,-1189,-1072,-111
4132,7282,-4054,3528,-1886,-752,162
4133,3921,4480,4561,1693,10,8
4134,3902,-7438,4129,-1755,136,1895
4135,-3930,324,-6027,-1202,-1551,-1080
4136,7217,-5665,5665,1117,-1580,39
4137,-7826,-4596,-6589,1650,-499,684
4138,-2096,3598,3324,-1665,-336,-803
4139,6726,7899,-239,1311,-923,-481
4140,-5105,-6588,1377,-1521,288,1676
4141,-2293,1326,-5036,1101,-1524,846
4142,7468,-3216,7354,1442,1695,644
4143,1606,5810,-287,-1482,-629,-1380
4144,-7969,-1799,-5512,1203,1813,1987
4145,3201,-3230,3787,100,-779,1637
4146,7189,-3201,5872,-851,760,-322
4147,-7115,-5549,6265,1306,-1974,-387
4148,2218,-1559,2966,-1817,257,1885
4149,-830,4533,-1525,-360,-646,-1035
4150,-4702,7040,5014,-223,-908,1913
4151,-5600,-6790,-1221,-1435,387,1030
4152,-2017,4760,6104,-350,512,-797
4153,608,-6963,-4396,1973,-1220,-1960
4154,-283,6376,-7380,1181,1812,804
4155,1528,592,-5765,147,-1270,191
4156,188,-2302,3555,1469,875,-50
4157,4950,-6821,1042,-1711,-719,1975
4158,4689,-4386,-6253,201,-777,-682
4159,-7311,6017,7627,1062,910,718
4160,-5717,3360,-3600,406,-986,-1921
4161,-6418,-4376,6101,-1063,1775,-265
4162,4798,3900,-588,643,1231,-1155
4163,5043,4876,-3838,-688,-1774,-391
4164,6758,-66,-4076,-1256,-1117,776
4165,6782,-7220,-4457,-272,803,870
4166,1785,-4443,-5511,330,1664,-358
4167,749,178,-7227,1142,132,-68
4168,6388,5888,3743,-392,-302,149
4169,-1281,5511,6803,142,1823,1895
4170,-5784,-5109,16,1204,202,-710
4171,662,-4055,-2873,1382,867,-905
4172,-4402,-3236,7430,341,-1201,-1931
4173,7924,-4237,-1812,558,1723,320
4174,704,542,-7073,1319,1703,1505
4175,7252,-7320,-1795,1341,-1204,-125
4176,1611,1586,7007,208,-1109,882
4177,-23,-2916,3098,-1370,1822,-430
4178,1373,7920,-4032,-1509,-951,1608
4179,-6534,3906,676,1278,-40,501
4180,3859,-3267,-5622,-1763,1512,1
4181,-4193,2077,-6714,-1597,615,512
4182,3218,5239,1635,845,411,1695
4183,-6668,7625,3618,1701,-303,-327
4184,2851,1216,-7455,-64,1849,755
4185,2093,5420,-6611,-315,339,961
4186,2658,770,-2547,1438,-1432,1338
4187,-6676,-2445,-278,-337,-241,-110
4188,6405,5300,7896,-15,129,688
4189,-2389,-5403,-2981,1011,993,1012
4190,7998,2452,5848,-1112,1566,-1792
4191,-161,-2002,-1016,1602,-1337,-474
4192,-762,4262,1109,623,1118,-296
4193,6331,-370,305,-1415,-1470,-1178
4194,75,1326,2047,518,-1696,-378
4195,7202,5638,728,1641,53,263
4196,4922,-1915,-3194,-685,396,-370
4197,1835,-2513,3654,382,-279,-491
4198,5155,4931,-1010,-1218,460,1170
4199,2242,-3673,-266,1294,-1838,-1720
4200,2290,-2485,-2033,737,-1184,-1941
4201,-6377,5650,-3559,672,707,-351
4202,-7494,5117,-801,247,490,508
4203,-6444,6867,6007,1507,-1287,945
4204,-4931,-2906,2808,-1214,-1159,1202
4205,1642,7042,5393,60,-1015,-828
4206,4999,4715,3674,-1212,1634,837
4207,-4599,6783,-3600,-1197,-343,-98
4208,-1843,1528,5420,1472,-743,-1583
4209,250,678,6860,-1758,871,-1157
4210,-1221,5148,5051,-257,432,808
4211,1103,-1964,-6132,-1607,-1082,348
4212,-6216,5106,-5951,523,-564,-881
4213,7761,-4711,1967,1101,-1546,676
4214,-4086,-454,1648,1618,-1880,-145
4215,1615,6704,-6813,1334,-103,-624
4216,5906,882,6930,941,-1980,-1242
4217,3666,-3417,-2847,-1495,743,560
4218,-4457,124,-7243,1921,-1606,1809
4219,6435,-5622,7595,1239,1256,-508
4220,4411,3535,6391,-1004,-865,-1326
4221,-2528,-2343,-686,-1366,571,-1441
4222,-1886,4122,5159,-751,-579,-280
4223,-5104,6094,-5682,-392,-530,1112
4224,3412,5475,5597,-1546,1274,1729
4225,3319,4450,149,711,-1787,-1540
4226,7033,-2784,-4948,406,892,1464
4227,4861,-1511,-1865,642,-1455,-1367
4228,2243,3598,-2853,-1812,1601,746
4229,-4935,-7809,6888,660,452,-346
4230,-4788,5895,-2519,211,1356,-1791
4231,-4914,-2128,2722,-1772,1622,58
4232,2366,-6124,3325,-1539,-646,631
4233,6883,5836,-3693,-1736,1353,-183
4234,7199,1493,-5031,251,-411,3
4235,5203,2463,6201,1853,731,974
4236,-2737,-5512,4620,877,-1138,-367
4237,-315,4898,5543,1443,-745,-244
4238,-6353,-1677,-7862,-1831,793,-871
4239,-6483,-7212,5220,-1813,884,733
4240,584,-3318,7907,-1316,-1752,37
4241,-3697,-1503,959,1027,1128,-977
4242,-3017,1180,-2005,-1083,-869,1427
4243,7383,522,2135,1067,138,430
4244,1433,3502,2099,1687,-1502,-1301
4245,-460,-6428,-1429,-1359,-794,1275
4246,4846,-250,2,-764,-1194,1376
4247,6687,-7382,-7011,913,1086,1268
4248,211,-5683,4784,1839,977,424
4249,497,-6482,-30,-1029,-1891,973
4250,-4494,2792,3678,-583,-370,-636
4251,5630,5324,1645,768,1374,-107
4252,-1574,5754,1175,-932,515,1445
4253,7949,-541,-5386,1042,943,-17
4254,-2342,-6505,-7491,-1955,-1937,1793
4255,-6460,7208,1041,1435,807,-1684
4256,-2011,-4799,-7320,676,954,1564
4257,-4320,-1669,-7844,608,-202,-1838
4258,420,4338,-528,-1837,1765,-340
4259,4221,-7281,2045,-1847,1597,1026
4260,-2137,5062,-3300,-168,-762,1177
4261,-7269,-4425,630,-372,-1768,-1749
4262,-3426,1415,-6783,-698,-701,369
4263,876,504,2720,-313,-492,-1878
4264,5523,1122,1544,1483,-143,770
4265,482,-6233,4324,-614,973,-636
4266,-565,-1923,7401,-944,-1110,425
4267,-6044,5728,2291,104,1212,44
4268,7611,-1615,-3284,-518,79,163
4269,-5869,-1551,-7765,-1691,-908,1354
4270,6213,6712,-7778,-1741,-21,853
4271,5105,5446,-3130,652,-256,-1566
4272,-5192,-5294,-3517,-1269,-906,-298
4273,-1555,7301,-2767,-228,1623,1280
4274,3724,3296,3887,519,-1331,1485
4275,633,-3986,1809,-487,1184,243
4276,-2379,371,6027,1361,454,-1214
4277,1892,7864,2703,33,-144,535
4278,-6135,559,6092,-652,224,-575
4279,1477,2627,-7582,1341,-883,800
4280,-6671,-5744,-5946,-1683,-1867,-1976
4281,5061,-4791,-3152,-1711,-357,-280
4282,2159,102,-1805,-1759,1342,-1830
4283,7263,-6275,664,795,-488,325
4284,2875,3735,5099,740,0,-941
4285,924,-1868,1757,1350,142,1091
4286,973,-2801,-5118,947,1302,-887
4287,4642,6730,-7261,1360,1129,-445
4288,-3620,5145,-6624,-1875,737,-800
4289,-7951,405,-5400,-959,-828,-679
4290,-4069,6638,7296,-320,-1321,1781
4291,-1596,-3802,-4381,1117,1959,442
4292,-2320,-6004,-7272,-183,319,541
4293,-2089,5205,1827,1309,245,55
4294,-7501,6577,-6870,165,-1919,1907
4295,-387,3282,2724,1577,-1426,1750
4296,-4449,7921,-5156,1379,-1633,1618
4297,-1799,-2720,2531,-806,-1619,501
4298,554,1709,4103,-1730,-224,-1686
4299,-145,7650,-3483,1939,-529,1424
4300,-4362,-699,914,-1724,-1545,-1219
4301,-6101,-5412,4604,1208,1022,1706
4302,4033,3823,5693,104,-1329,1622
4303,157,-3408,5515,734,-1709,697
4304,1094,-7865,-6375,-1044,-692,1077
4305,-6619,5713,-2339,553,-1042,156
4306,4940,7473,-5365,1654,1000,1524
4307,7849,7754,5343,1296,1905,-263
4308,578,-371,5138,-989,-144,-1198
4309,-1752,2566,538,-1499,450,-946
4310,1246,-5995,7601,585,-803,-79
4311,-6915,7144,-1600,-599,-1027,-1700
4312,-431,5835,931,334,134,-1500
4313,-7629,-2334,-2568,-865,-1385,-968
4314,-1060,5421,2913,518,-1894,-412
4315,-2531,-1574,-349,-1553,1830,-935
4316,-1046,-3977,7116,1760,912,1912
4317,4596,627,3402,595,868,-92
4318,-4948,-3962,7468,-529,1970,189
4319,7929,7224,926,-1605,-1098,-912
4320,2092,1924,4455,1466,-181,-427
4321,3910,-7246,6750,-711,-1348,-1672
4322,-97,-6434,-3018,953,-1058,-1802
4323,-2944,-7191,-5312,-700,-395,-1970
4324,-5907,3712,3012,1637,316,1602
4325,2261,6569,7794,1842,498,-384
4326,4215,-3306,-5729,982,932,-860
4327,7895,3572,-4803,-1856,-1803,-747
4328,-6746,1709,3507,-1552,-1496,-1879
4329,-730,-7906,1663,1106,1898,-1327
4330,4605,-2599,-934,200,973,1408
4331,-2594,7932,5055,-1138,1056,-1126
4332,-344,-946,-1474,766,1858,841
4333,-7521,-4426,6341,353,286,1426
4334,-4839,5124,-4435,148,83,243
4335,-5121,2316,3341,-212,-1581,600
4336,-3289,-5112,-3487,102,-558,1972
4337,7475,6990,-1869,-698,151,-453
4338,-7979,7039,5358,270,952,-514
4339,-1600,6323,2724,1332,-559,-1867
4340,2451,-7644,1903,1932,1042,-828
4341,6626,-3571,-6188,-1181,147,-1442
4342,5664,6867,-1378,-676,1886,-1004
4343,-7365,3584,7800,47,-762,1759
4344,7507,-3995,1128,987,1729,158
4345,-5554,3192,-5846,-1649,-1825,-355
4346,3983,2581,-4758,-953,382,-851
4347,-5294,7464,6091,1233,-1561,300
4348,1599,333,-7263,956,-483,-436
4349,-2528,-7661,1196,514,-1589,-1832
4350,4013,7604,7279,-404,928,-1652
4351,-34,1238,1661,1195,477,1173
4352,1279,-4205,-4359,71,-635,1987
4353,5337,530,797,-455,1049,305
4354,1460,-1749,-7185,-1422,1861,-1040
4355,7598,5267,5676,-441,-1139,-1999
4356,5964,-2653,-6610,-544,1374,-683
4357,-3907,-6085,3092,68,1373,1147
4358,-3433,-4667,-5143,1183,345,-772
4359,-7814,3878,-5030,796,-233,1606
4360,-2849,-6221,-1974,1309,-1882,1656
4361,3806,3942,2212,1274,-506,-1771
4362,1168,2400,597,297,-1066,-422
4363,-7842,-407,7731,-1491,-1048,-314
4364,-2180,-372,7036,-297,-1364,-336
4365,-2021,-3181,-7466,576,-1916,-240
4366,7157,-6506,-2776,1083,935,1541
4367,-1824,-6723,-3544,860,60,1544
4368,-5760,750,-3254,-1009,1940,1162
4369,6654,-1263,6654,-1776,1679,-1717
4370,-6084,-7975,5672,626,-684,-1869
4371,4518,2774,-1149,890,1309,625
4372,3474,-3565,6120,-396,23,-351
4373,-1683,-2846,-4109,1860,1008,-1524
4374,5398,3218,-4602,-267,-332,-134
4375,4085,4337,-7316,-1251,1739,1613
4376,2139,-7064,-3074,-1788,1321,-13
4377,2262,4562,3676,-1945,1142,-708
4378,6084,-4007,2560,524,1049,534
4379,-7582,-874,-6686,1062,1434,-95
4380,6288,6144,1364,169,-1053,97
4381,7577,-7298,-405,-1758,-1421,1159
4382,-662,-815,4450,-863,692,414
4383,-3511,946,-5124,1578,276,204
4384,1251,-3065,-7231,-1087,-779,996
4385,443,-1371,4121,271,1040,1471
4386,-419,-2036,4494,1154,123,-1026
4387,2918,6720,-6210,1561,-1720,283
4388,5874,6849,1737,747,778,1535
4389,6483,2716,-1963,-949,-1714,-489
4390,-6891,-1297,3647,565,158,123
4391,227,2525,-2727,-1374,-1154,-1642
4392,3281,-936,-4744,-1393,-1806,-672
4393,5325,1001,-3054,-1402,-177,1404
4394,3294,-614,-3613,-348,1531,1253
4395,5458,42,-5232,-35,551,-97
4396,-533,-2313,-957,-1371,1479,153
4397,1633,-5090,6097,839,-390,-1590
4398,7767,498,3099,1190,629,-969
4399,2063,7672,-1161,-1250,-819,-97
4400,278,-7376,7959,1840,401,1333
4401,-6024,-1027,-7771,-654,1231,-579
4402,6457,458,-2328,911,1687,1181
4403,6568,-4863,6580,-1543,1857,-1925
4404,3253,-1494,-3676,1648,1854,-433
4405,-5284,-6030,-7700,809,1995,-1993
4406,-7220,6879,5918,756,-631,25
4407,-7421,-3038,-3962,-245,1341,1576
4408,-2473,3370,1192,-1844,399,1536
4409,-5571,-508,-759,-447,-839,-790
4410,1047,-1689,-5780,-1948,-629,333
4411,5124,-4932,-5121,-626,1545,-872
4412,-6275,629,4128,1614,-1143,1224
4413,1308,-219,1288,1140,454,1156
4414,867,5234,4091,412,497,779
4415,-1031,-3263,73,-358,-629,1758
4416,3030,-1071,-3175,1820,-28,971
4417,231,4381,-6457,1458,-218,-766
4418,-2035,5166,-3466,-1542,1686,1395
4419,-1997,-588,3386,1204,1137,-1501
4420,-7932,-6430,6042,-331,1720,1344
4421,219,1765,-3878,-1838,-1832,1562
4422,5034,3498,-4995,-1134,396,1764
4423,-7639,-3051,-4950,-839,-1109,389
4424,6220,-759,-500,1950,1701,-1252
4425,1108,5298,-6557,1683,1515,1366
4426,397,637,587,-239,1973,-705
4427,3623,5059,1807,-1333,589,-1800
4428,-6539,7301,3798,929,92,560
4429,-4266,-7364,-7562,-183,-1936,-994
4430,3006,1526,-6212,-250,-1426,1858
4431,-5609,3943,3542,-1342,-1169,-367
4432,1538,1762,4260,884,620,435
4433,7072,-4922,4906,-1161,-1786,-1632
4434,4164,-1814,7871,-1872,1594,1860
4435,1824,4259,-5726,-1008,-565,1091
4436,5641,7455,-3404,1144,-761,-1347
4437,-723,6222,-145,396,-1044,1183
4438,2083,1721,-5208,961,-332,-1152
4439,2475,5890,1957,-538,1302,-917
4440,-187,-5618,5397,1055,650,731
4441,3282,-6258,107,-254,-605,938
4442,6306,-1173,-107,-358,-812,-1531
4443,7868,-3915,1780,-1009,-1838,834
4444,-1171,-842,2365,-1836,-1066,1206
4445,-2995,-3160,5894,-45,-1105,-1885
4446,-1867,-15,2860,1082,1355,-728
4447,6967,-6080,5344,284,1751,-1721
4448,5362,-1375,1650,-1184,108,-747
4449,3122,-2871,-7818,-208,806,-685
4450,6536,4754,-6654,1624,1849,389
4451,5745,2757,2651,-1131,786,1744
4452,-3355,-7024,3901,28,-1425,678
4453,7335,-4683,-3630,-1069,-1262,-1787
4454,-6381,-1132,-3918,1035,1114,-1358
4455,-2060,-6065,3676,-1137,-568,1496
4456,-3585,6544,-2051,-1988,-1664,47
4457,-616,5198,-7522,930,-1479,-975
4458,3350,5938,2057,-340,205,-1514
4459,4837,1625,3941,1108,1590,-938
4460,3195,-7886,5816,-1117,1414,329
4461,4594,1397,1420,-285,663,729
4462,6473,315,-3592,710,-763,-320
4463,3974,1573,2553,1991,-703,-677
4464,-2762,1496,-5647,-1525,1514,-1745
4465,-3108,5648,223,1449,101,1375
4466,-7382,6150,7733,599,-1949,1499
4467,5792,-6067,-864,-399,383,-915
4468,7750,-4743,2081,-1547,517,-1223
4469,5253,-2228,3871,-405,1168,-1863
4470,2192,-158,6193,1644,195,1007
4471,1896,-5425,2800,-438,1762,-854
4472,-7531,1620,-3580,-165,-1247,-1020
4473,566,-7458,2048,-732,1617,-1112
4474,-4771,-5542,-5272,-1395,-1519,-318
4475,-1905,7161,-492,160,-1036,1145
4476,390,7327,824,1875,-881,1495
4477,-1649,5187,7715,281,935,-479
4478,912,-5300,-4319,-716,-1023,1126
4479,683,789,-2803,-1994,1351,162
4480,1553,-2236,425,909,-1569,315
4481,7290,5378,3166,-1282,-845,-50
4482,3624,2658,-5366,-1327,-870,-1906
4483,2482,-158,3718,-1394,-290,1496
4484,3316,-1361,-6864,-238,157,779
4485,-5422,7864,6748,252,1826,-1497
4486,3450,-2416,6600,1988,1504,633
4487,80,-7827,-5321,381,-1615,1022
4488,-7171,6300,-2677,922,350,-158
4489,676,3475,4048,897,5,571
4490,-4068,-779,5600,918,1462,-1948
4491,-7282,-2935,-4764,-320,155,-60
4492,-7330,7025,3504,981,109,-1853
4493,4289,4290,6316,936,1802,504
4494,-1116,4569,2508,-200,-1676,417
4495,-4242,-2451,-1532,-1259,-1487,-1549
4496,-5861,-6289,7053,389,1832,-208
4497,3434,6993,-6341,803,1702,-316
4498,-5977,-3371,-1244,1250,-1391,-370
4499,-1868,-4435,-5509,721,-1543,-607
4500,-6336,-508,4504,431,847,-531
4501,-1400,-1326,3858,-1166,1840,-776
4502,7420,-2718,559,1248,1075,317
4503,3181,432,3572,1488,897,-1708
4504,-3376,7594,3240,-781,-982,-1615
4505,2630,-4678,-3513,-244,1263,-1883
4506,7475,5145,3188,997,-91,1947
4507,1343,5270,5844,-119,-98,-1394
4508,-5167,-2057,6734,-464,-1364,1064
4509,-7832,1433,-1429,-497,-1843,1483
4510,3487,5659,-3063,-1959,-1926,784
4511,-6178,2596,4380,1245,1609,1688
4512,6603,-5953,-1582,1284,72,407
4513,3983,2518,2460,-197,1144,828
4514,79,-7696,-6013,1880,391,-1624
4515,5067,-6826,6046,1204,1543,902
4516,-624,3200,-6560,-874,-1119,-1327
4517,1217,2709,1478,700,621,-1330
4518,2760,-5586,4344,-368,-634,380
4519,4639,5003,7395,1841,1128,192
4520,1588,-5095,4194,-1689,-930,-1899
4521,3163,6623,-2251,145,687,-982
4522,-4002,-806,2942,1490,-313,710
4523,-4438,762,-7846,1476,1849,1285
4524,424,4976,-5826,-509,-56,-1390
4525,-3878,-541,2695,1987,1131,241
4526,5203,5801,3869,1111,-1997,1780
4527,5550,3124,-4534,1665,-671,-713
4528,1345,3476,5031,1309,1283,-1857
4529,4036,6863,5465,-1211,1464,-578
4530,-1628,209,-1553,1649,103,1513
4531,133,-4257,-1462,-773,-641,-1114
4532,4467,5205,5412,1670,203,348
4533,4408,-4967,-345,251,-1490,-799
4534,-4772,1494,-5221,-1468,-1395,-279
4535,4869,-2655,1020,-1884,-1650,1980
4536,3522,6228,-3212,-1600,-732,677
4537,-3860,-5619,696,1489,1823,-638
4538,4854,962,1080,-1841,611,-648
4539,7538,1127,-4985,1138,-65,-14
4540,2661,-4459,3576,-1424,-947,1272
4541,-1789,3268,3720,248,281,-941
4542,-7650,1642,6686,-789,1058,27
4543,4210,3358,7651,-1680,-1740,-1410
4544,2087,7085,5280,-1570,1029,419
4545,3669,-1304,841,-652,-448,1471
4546,44,4795,1679,651,-1060,1735
4547,-3442,-7850,-7549,1342,-1775,-514
4548,-4825,3329,3062,-1451,380,-698
4549,-2518,-6464,-7262,1693,246,-445
4550,-2783,6227,-6785,364,1165,381
4551,4802,-4839,-7457,-393,-969,1236
4552,7368,-6312,-6069,283,-1725,-152
4553,1942,-3787,-5411,1604,-558,650
4554,7813,6013,4201,-49,69,-1722
4555,7236,23,-3128,-411,-25,-1706
4556,-2008,-2514,2648,1386,-262,-1601
4557,6464,7630,-1989,1978,1821,1512
4558,-2861,-6282,1335,1348,-1009,-69
4559,3899,-3062,-4245,-1101,-1732,177
4560,4387,5342,-544,-119,1319,-1795
4561,-494,4453,-3355,543,1939,1320
4562,-7998,-3620,6185,413,1210,507
4563,-5069,-7616,-2903,878,-1069,268
4564,209,-840,-7281,-1958,-1429,1064
4565,1408,1284,6217,1447,-966,-310
4566,-1943,-750,2135,-742,-1171,473
4567,5716,360,-4879,1615,-575,-867
4568,570,6450,3931,821,-1415,1579
4569,-5120,573,4595,-1227,1560,-263
4570,756,-3325,2217,1787,-866,1895
4571,2235,2273,-1394,915,-173,562
4572,-3848,2635,-1337,1578,542,1712
4573,-1114,7411,6048,1984,-1276,1392
4574,-2862,-7614,6160,341,827,-900
4575,-4176,2702,868,1500,-1392,-321
4576,-7670,-2357,-3986,-503,-847,1946
4577,-1131,-1867,2478,568,-383,-72
4578,-6329,-1639,-5570,1572,294,-1447
4579,215,7061,4003,383,-401,-472
4580,5153,-2589,6462,803,-1438,-1030
4581,4301,6355,-761,-1227,-1687,-1449
4582,768,-3326,-1420,-1411,-765,-1770
4583,3102,-1183,-2,1987,-1535,327
4584,-1383,-5440,-2475,-1348,-781,647
4585,5604,784,4926,-1832,24,1740
4586,7502,5174,-6314,914,102,-1159
4587,-7672,1886,7022,1989,-1005,-38
4588,448,7736,-479,-442,1971,-24
4589,7290,4554,7822,18,1478,-1127
4590,-2099,4613,-3717,-1373,-752,-153
4591,5308,-6263,-7678,-207,-266,-1105
4592,-945,7709,2171,1788,-1650,609
4593,7770,5804,6247,359,1087,282
4594,2819,-2385,2200,-841,-1716,1785
4595,5221,5485,-2607,-1404,1689,685
4596,5330,1166,2602,-70,946,1932
4597,-2604,3851,-1260,-1417,-1061,220
4598,5346,-3768,6074,1391,1860,1577
4599,5383,-6023,-5497,-43,1697,-1087
4600,1905,4333,6805,-1544,-809,1537
4601,-873,-1662,-6289,-1404,-76,-701
4602,5916,7075,-2031,-1099,1240,1546
4603,2080,-4450,3100,736,-615,1667
4604,5740,71,-3323,-1406,-717,-1118
4605,3719,-7283,7860,1377,-263,-943
4606,-1188,7620,5205,625,321,-973
4607,-3832,-7777,1871,405,-1773,1402
4608,-6292,6626,-7262,1734,151,-1951
4609,-185,3324,-3986,338,-1980,1684
4610,1994,7849,7753,-784,-1329,-953
4611,4957,1575,3072,-1985,-156,-42
4612,-6583,6513,-3060,765,-1610,1052
4613,-6270,-7229,-6371,187,-1616,-1080
4614,3681,3909,5138,-1747,-497,-234
4615,-6255,-254,7384,-1879,974,-1536
4616,-1576,7688,-6984,169,-489,-1128
4617,-7174,5007,230,1907,-970,1114
4618,4903,3556,1990,94,258,-533
4619,940,-2122,5091,350,1256,1538
4620,6923,1673,1671,1168,-83,154
4621,-3661,-5042,-4842,-1626,283,-746
4622,-5376,4728,1907,1966,1890,348
4623,7877,-4620,-947,492,-647,1354
4624,-7308,-2412,-2909,-283,256,238
4625,7122,-2411,4315,-1954,1970,813
4626,-1250,6557,-93,-36,-1232,-1970
4627,-4681,6160,3170,888,1119,1060
4628,-1908,-1027,7604,1616,838,-802
4629,-5771,-310,-1556,852,-202,184
4630,-6715,-5488,-3978,-512,1328,1700
4631,4460,-1976,-7917,595,976,-1786
4632,-7638,6042,4007,-890,1775,-1052
4633,-2355,-3655,-5779,-1048,516,1687
4634,-971,-3888,-4708,1164,701,-1196
4635,-6581,-1886,7621,-223,677,-1915
4636,-3657,-2120,2543,366,1945,1791
4637,4226,-4578,2310,-1641,1691,1350
4638,4762,-3220,4168,1239,1030,-662
4639,-5946,-115,-3353,714,193,1182
4640,-4435,-1092,5475,-995,-122,1994
4641,548,3806,1368,-1655,-741,1907
4642,6682,-6746,4223,58,636,1639
4643,6001,646,-5989,580,1857,-1305
4644,7090,1559,760,-326,-1480,1533
4645,3240,642,7066,656,414,-1806
4646,-6795,-4910,7242,-1128,1204,-723
4647,3157,6576,6209,-1408,-1371,483
4648,-3594,-258,7604,349,-1665,-336
4649,5383,-4266,-88,-1108,690,-261
4650,5865,3589,-5977,780,-267,-1471
4651,-5333,6967,-6716,-556,-132,155
4652,4389,-3500,-5290,1525,1225,1404
4653,-4027,205,5392,-1300,539,-1165
4654,1989,-2247,3304,1954,762,-517
4655,-2204,5689,-28,-971,540,103
4656,1258,4872,-862,1375,-875,-1672
4657,-5653,-2091,-7710,1871,177,-1282
4658,6951,7850,4499,132,-1367,333
4659,-5244,7635,917,1756,625,871
4660,-6792,7121,4664,-1571,1075,890
4661,-7753,-6053,5302,-89,103,-592
4662,1746,-300,2016,1157,-1450,-308
4663,6568,-4113,1743,1407,-907,1946
4664,7570,2826,3601,-1551,-1309,927
4665,-3273,2204,6964,-1671,-487,-577
4666,4995,-7021,-1709,-1666,-733,-478
4667,-7101,1610,3070,313,-321,-1293
4668,4056,2852,-1658,-367,1610,-138
4669,-1366,4974,-5257,-1073,-1838,689
4670,802,131,7570,1093,-1279,480
4671,461,-22,4556,893,1597,-1915
4672,4699,3767,2511,694,1358,1462
4673,-960,-7155,-1568,1850,-546,1639
4674,947,4999,-3354,-25,-1998,-470
4675,4067,-4600,3895,1036,-1374,22
4676,7776,1961,-4690,-68,-372,-882
4677,-3268,-4527,3198,311,-272,-1408
4678,4977,3587,7771,-1867,-969,-1945
4679,-5668,6791,-5779,-282,-178,130
4680,7617,-5528,1835,55,-1286,1632
4681,-4036,-5043,-6240,-370,-472,1235
4682,-3436,6755,3579,-1869,1502,1922
4683,-1954,-28,-6225,-1065,1945,-1277
4684,760,281,4648,-1568,-1551,1324
4685,6660,-5283,1322,709,36,1332
4686,3586,6861,-3294,-719,1959,-1037
4687,2111,-495,-6939,-1668,-959,-1524
4688,3124,-1173,4369,1141,-1428,-805
4689,3303,-4454,-4963,1347,-19,1728
4690,187,3105,-2993,-1231,266,-143
4691,7362,-3038,7958,331,-1328,702
4692,-4576,948,-3272,1213,1188,655
4693,-1701,-1081,803,-1918,-1644,-1540
4694,1035,-6430,-137,-1249,352,655
4695,-6283,4711,7827,-639,1881,-1064
4696,2647,2437,7090,-872,845,-1088
4697,2309,-778,-2532,1716,823,-1613
4698,1932,-5564,54,7,1889,716
4699,7994,2331,-7178,-1293,-612,-277
4700,4777,1732,7460,-67,677,-1582
4701,4351,2720,-3106,1015,-291,-1413
4702,-749,4912,-730,-1362,-548,1067
4703,-7086,1283,4898,-1246,-1648,1381
4704,-6092,-3078,-5348,1967,539,-688
4705,-1216,-6442,-4423,646,640,1295
4706,-1351,1790,6709,-1950,-1889,-665
4707,-7740,-5154,5839,-356,-1104,-315
4708,-7459,3413,773,-574,-1329,1177
4709,-3727,6556,-3415,229,-1,1144
4710,7607,-247,-3714,-1211,-1368,289
4711,2511,5145,4501,665,4,-35
4712,-5910,-6734,2111,1646,296,53
4713,-691,-2643,5051,592,1165,784
4714,-4182,-2644,-3789,290,1784,894
4715,6883,1449,1551,-194,-269,509
4716,-5669,4988,2150,1576,-915,1538
4717,-3780,6645,4458,-664,-1803,-612
4718,-1906,-5875,-7894,197,776,-984
4719,-1900,-6002,3605,-710,1078,1822
4720,-7612,881,-5309,1379,1745,701
4721,-3558,-134,-5280,332,1590,922
4722,1088,222,6707,1271,-1288,1893
4723,5580,-2960,-1711,171,-1803,191
4724,2680,1253,-7443,1418,-1908,1817
4725,5595,-3558,1378,1547,906,1037
4726,-7531,-561,-3453,626,260,1423
4727,-2008,6680,-2173,1437,-1552,-41
4728,2589,-7542,-2471,266,796,1193
4729,2816,4294,-7010,39,1948,1806
4730,-3837,6696,4888,1393,-494,893
4731,7725,6754,-3127,504,-711,124
4732,-6838,2984,-3353,-1408,-1776,-597
4733,-1990,2801,3907,-992,1391,1264
4734,335,4437,7502,-585,-732,198
4735,3534,1679,-341,1746,-690,1696
4736,2922,-1345,4660,1432,996,-1675
4737,-28,-3294,-3363,-1266,713,677
4738,-3890,1840,6404,314,1298,-1488
4739,220,-3691,3461,-97,-479,1091
4740,-6160,3014,-4317,1597,734,1935
4741,-2181,-2080,-644,906,-1223,227
4742,-1169,-5088,-2737,-1037,-252,-224
4743,-7464,5802,-6720,1654,1135,475
4744,5469,-2364,4641,-228,57,630
4745,6002,2283,-5537,1812,-184,742
4746,-4778,4020,-307,1057,465,1062
4747,-770,3260,-5966,1277,1313,-805
4748,-7556,-7393,2470,1452,-623,1554
4749,-1779,-5426,2621,-1773,-1445,1680
4750,-7186,6785,1470,-1887,-1506,1651
4751,-4989,-3842,2647,1313,-1727,-975
4752,2114,4585,-6279,-1516,-1496,-1600
4753,-7814,-1030,-5705,91,-222,-1712
4754,6696,-4362,200,678,381,1215
4755,2598,1089,5834,636,-587,-365
4756,699,999,-1833,-1105,-1564,-850
4757,7038,-512,1014,-1699,-755,78
4758,-2728,-1243,-6509,831,-959,-1083
4759,-6966,2669,3226,1105,-1269,-1269
4760,-4687,3714,-5157,737,1866,-168
4761,-2080,7237,-6521,1625,-1531,-1153
4762,7768,6775,2762,1452,1189,1837
4763,-2467,1169,-1219,-1019,629,136
4764,3609,3574,7138,-1649,-281,-117
4765,2292,-3699,1689,-41,-635,-292
4766,-4794,-2421,-7775,1804,-98,1226
4767,-6050,1642,-1073,1899,-309,606
4768,-7307,-6734,-6440,-1028,41,1102
4769,2654,5477,6402,150,1625,-1100
4770,2165,179,2202,-958,1174,1767
4771,597,-1388,-4393,-1090,963,-1925
4772,3597,-112,-6214,1170,631,1241
4773,5792,-3163,-4125,-1756,235,1132
4774,-7104,-3670,-7395,-1754,1931,-1850
4775,4255,700,2898,-135,513,1530
4776,3628,811,4730,-1449,-493,-1780
4777,4280,-651,-2066,1760,-1428,535
4778,-3845,-1742,-7314,130,-132,-94
4779,-2212,-3403,3645,1498,-1630,-1547
4780,-4162,-1601,-109,-933,-1297,1077
4781,4080,-6969,-6005,-469,-419,376
4782,2846,5381,-6746,1357,1612,1007
4783,-7632,1306,5732,-1654,1005,-1234
4784,-4791,7064,205,992,-1049,1576
4785,-3114,7242,-6013,-928,-1487,-239
4786,6250,6376,7970,1557,1744,-654
4787,-5112,-3463,2839,-1372,1771,996
4788,-4197,2753,-1747,1303,1959,-111
4789,-2298,5746,-1610,1662,632,120
4790,2732,-7933,5521,-1809,1791,1896
4791,-237,-7318,1975,-1985,-549,-1584
4792,-3988,-4465,-6949,-1703,-1923,-75
4793,-5167,-6687,-6466,1861,1682,-974
4794,-5533,7516,6304,-1,960,880
4795,4762,5748,-6661,532,-140,-111
4796,-739,5977,-4092,254,-1596,471
4797,-4094,-7854,-6956,1097,-1343,-1441
4798,-3456,1848,-7235,-284,825,1069
4799,7216,-7173,-5138,271,-1199,-240
4800,2052,-376,7833,-5,345,-1271
4801,6596,3175,3054,1806,1338,-1506
4802,3105,-5505,-2256,-1312,-859,-431
4803,-5273,-5969,6278,-1069,577,-1162
4804,2,-2344,-7696,233,1815,-1172
4805,-2068,7381,-1686,-1608,1109,-1712
4806,498,-3302,-5829,1719,-1445,178
4807,-4525,789,-2416,-1849,-1383,1991
4808,-705,-1958,7798,-1465,1795,-1240
4809,-5470,-3814,7334,986,392,-1338
4810,3186,2403,-1458,1096,60,327
4811,4198,-7523,4544,-720,-1493,1458
4812,5156,5251,-5966,-46,1948,98
4813,1145,1260,-2779,400,-1805,-1764
4814,-1895,-6397,-6238,-728,1860,567
4815,-5185,-1271,-6583,1626,-1459,37
4816,1751,-4867,-2114,793,1814,-1854
4817,-2373,-784,278,-1432,1609,1280
4818,-2990,2017,-1407,1544,-88,101
4819,-1893,-2326,5872,-451,869,-1588
4820,3668,-7612,-3006,1399,-799,1195
4821,-6032,2412,3167,-137,640,954
4822,-7192,7350,-6048,1790,-1254,-1051
4823,-2385,7049,3142,104,280,712
4824,-1341,6359,334,-1584,-149,-671
4825,5335,7050,6144,-1140,-640,-1551
4826,4155,7728,2047,1611,-733,1723
4827,-3804,3616,-6373,1770,-901,-1797
4828,2854,4418,5306,-460,78,-1192
4829,2427,-1328,-2082,-389,-1118,1081
4830,-7513,-2819,336,1288,-527,-788
4831,-5287,-2038,-4789,-1269,1875,439
4832,-5300,-4890,1490,1531,-83,-1235
4833,2712,2430,2067,1512,745,226
4834,-4409,-2634,-280,84,1691,1736
4835,5226,-6671,-1625,-1831,1768,-1670
4836,6558,2729,7395,39,-188,-104
4837,2809,66,159,558,-806,846
4838,2082,2340,-6397,1761,924,-1299
4839,-4741,6175,-7742,-550,-431,-1924
4840,1841,1719,256,770,1336,-1942
4841,4210,-2838,-1544,845,-650,-1257
4842,-2472,4371,-6387,304,1725,-1731
4843,-4241,-7797,-703,-1882,1779,42
4844,-6662,7150,2956,1531,230,1788
4845,1945,-1871,-7842,1654,444,1639
4846,-417,6437,326,1360,279,1405
4847,-4228,7462,5967,-799,-1824,1137
4848,2143,4541,-6455,-46,271,-1853
4849,3829,7258,410,-452,151,-1944
4850,-7050,5167,7012,-1512,-292,-1359
4851,-4876,1203,-2384,-723,-852,1956
4852,-6448,1627,2202,-1475,944,-526
4853,4858,-1885,3626,1004,-1782,-644
4854,-7007,-4090,3892,-1268,-1570,833
4855,1012,1442,-6309,-732,1371,288
4856,-3991,-5920,-6976,-1690,256,421
4857,-3351,-2430,-1471,-790,-508,437
4858,-7998,-6454,-6721,-843,-216,203
4859,3880,7533,4352,-142,-1362,1462
4860,-2155,2540,-6156,-1787,-1370,896
4861,-3624,4559,-4395,1321,-194,1343
4862,5738,1918,-7724,280,856,1397
4863,-7655,-1129,-4952,1225,243,238
4864,-1341,3631,-6722,-365,1523,-609
4865,4764,2981,67,873,469,-532
4866,-1273,6458,-2109,907,-482,-1162
4867,6252,-6036,-167,254,-921,1315
4868,-2814,-3537,-4146,-1456,-1522,-1082
4869,-2359,-4953,-4579,1973,-920,-326
4870,-4420,-1666,7447,-1646,1599,1124
4871,1099,1668,6511,-1111,-1478,1589
4872,-5417,3311,7469,636,-1544,1008
4873,728,74,-3945,-1331,-747,698
4874,-1404,-2285,-3802,-239,-33,1185
4875,-6275,-724,-42,659,-659,-518
4876,2748,-5864,1641,1661,1966,-56
4877,-7576,-6871,-7768,8,-782,-434
4878,-4808,1118,-6398,-890,481,694
4879,-1730,-1252,322,-1866,1899,-1706
4880,-2894,4228,6699,-1223,-1971,-1353
4881,-6092,1650,-1701,-1668,-1814,1657
4882,-6597,-1107,-5753,1020,1232,-347
4883,-1124,-5242,963,751,-1775,1497
4884,977,-1746,7655,13,1873,-288
4885,-3928,-45,-5912,-1010,627,1367
4886,4367,-3346,-5104,1506,-866,1602
4887,6058,5830,-1283,-493,1505,378
4888,7273,6857,-3239,822,-365,-1829
4889,6114,-91,-4315,-1026,-859,1290
4890,-7528,7949,4497,-739,-1018,289
4891,5588,690,3034,-1786,-1235,829
4892,-6880,4423,905,337,-1093,267
4893,5827,1986,3329,-1768,1885,-1915
4894,5300,2469,5532,-1890,-116,-1045
4895,-2115,136,665,-514,-483,-1063
4896,7340,4435,-560,-300,-1682,1580
4897,-4686,7866,-5696,1514,-165,1385
4898,-2422,7378,5854,373,554,-367
4899,-6344,5975,-4255,1558,-589,-1258
4900,-4363,-5940,4999,-844,-110,999
4901,988,1668,5316,-605,-261,1188
4902,-2904,3015,6322,455,1776,1001
4903,6652,-961,-3163,-1259,-1416,-291
4904,-7177,4162,-3929,1542,879,917
4905,-6601,-1311,2222,515,1604,1177
4906,2225,-5881,7850,-1636,-780,575
4907,-3041,-6126,-5452,-972,-311,-1176
4908,6377,1863,3381,348,-1693,1539
4909,-2039,-1519,6963,-1770,-760,-1778
4910,7564,3326,-837,-1832,90,-619
4911,7128,1939,-5377,-1729,-442,-676
4912,2092,-2020,-5787,1881,7,-776
4913,1845,4760,6807,-1531,1580,-602
4914,-639,-5523,5630,1474,1142,-427
4915,7520,3492,6416,1507,-1840,1288
4916,6309,660,-2655,-720,-342,-336
4917,4107,-4973,-961,-38,1410,-1664
4918,-4131,474,4586,839,-1611,-436
4919,-4586,6190,7205,1672,124,-780
4920,-5390,7028,2464,1298,261,1248
4921,1026,-3916,5740,-1250,1042,-1285
4922,-6569,4950,7053,-1884,-141,1182
4923,-3728,-4919,3929,-1558,-1426,-611
4924,1033,-1066,-6527,-695,-1880,-874
4925,4183,-6531,7183,994,-831,-1184
4926,3559,4786,-1176,731,-114,-1548
4927,3957,-5680,6267,-1203,1048,855
4928,-4145,514,-5219,501,-1390,-1023
4929,-6242,-6187,2896,-873,1057,1434
4930,3724,5369,-5838,227,444,1641
4931,-4190,575,4129,211,-1287,-308
4932,-7532,7485,-7402,1032,1152,-560
4933,-2829,4577,-4830,496,193,-1620
4934,-6189,6158,339,403,1576,-393
4935,-42,-4931,-3617,372,1353,1001
4936,-4760,6350,-4237,-12,1183,756
4937,-2046,-1385,-2568,-593,928,-610
4938,-5158,2335,-7732,-291,1237,814
4939,393,838,-7848,1310,-1508,615
4940,6822,-4754,-2207,-1909,273,1217
4941,-4158,7897,1931,1175,-1614,634
4942,-583,883,-4316,-1206,1170,-908
4943,-4591,6761,-4601,-561,-285,1804
4944,-6318,-7846,6122,691,1322,-540
4945,3507,-2520,6026,788,1347,1728
4946,-6183,5524,3278,-38,1670,-1444
4947,-5324,6978,2365,1304,452,343
4948,-162,-7532,2917,1485,-605,-1793
4949,-2247,6787,6264,225,936,-341
4950,-2138,7099,4377,307,-621,653
4951,5967,-934,6538,-1888,-1893,-716
4952,-6464,5890,-7111,1527,562,1178
4953,3425,-5217,-1422,1064,1419,1455
4954,-1562,-3699,4266,297,913,-1864
4955,-2406,-4355,7322,1177,837,427
4956,-6734,-6922,5673,-365,-1941,1539
4957,7226,2629,-4091,-1644,-223,1590
4958,-4842,6864,-7721,-1558,-826,-1972
4959,-6781,7830,-386,-242,467,1949
4960,-6938,7125,-1354,-184,199,-218
4961,7585,2744,-4740,1741,-675,-459
4962,6319,1352,686,-1360,1113,1410
4963,260,631,5670,-1167,-1011,-952
4964,917,7533,3283,-1172,890,1051
4965,-2627,-3403,-1934,1107,652,577
4966,4730,1317,-1818,-627,-806,963
4967,1587,-7256,3305,-1969,1882,814
4968,-3794,-4798,3586,986,-1972,458
4969,-1785,-6842,-7372,972,-589,-469
4970,546,1039,-6590,39,1859,-1009
4971,2000,-3134,7943,-1793,1749,-150
4972,-5743,-4188,-3677,-1389,-583,1446
4973,6659,-7748,-1917,920,1952,1886
4974,-66,-7504,7835,-22,-777,-918
4975,-5286,-5889,-5843,1645,1518,1929
4976,55,52,5944,-1550,143,-1358
4977,-5924,368,264,-409,207,-666
4978,7817,1635,2089,1938,845,1884
4979,0,-1216,2363,1899,456,222
4980,-6448,1442,3750,-949,1603,553
4981,6585,-7337,7190,-129,1796,-572
4982,-7171,1970,6940,-928,-1682,1963
4983,2617,4995,623,1903,215,-1429
4984,-6114,5852,4244,466,1525,-729
4985,-7061,-4102,1439,78,1148,-426
4986,1515,-4112,-5665,1433,-1349,-966
4987,-140,-1726,285,1436,850,653
4988,5788,1715,1388,1552,11,1820
4989,1650,-6895,-1530,1279,1690,1487
4990,4155,-6561,-2171,1332,711,867
4991,-4565,5758,-4097,-1858,1030,-260
4992,-5056,-1899,-913,402,1547,-745
4993,-2402,7472,6047,-844,-45,934
4994,7580,-4947,-2447,-1565,256,133
4995,2165,2171,-5132,683,1498,1253
4996,2791,2202,2335,385,-288,857
4997,6582,-5953,-2095,-55,-862,-1694
4998,3608,-1396,7694,-818,-760,-94
4999,-4813,1724,-3199,1538,-1379,1170
5000,7242,849,5806,1122,1739,-1089
5001,-2404,-3150,-5504,-1044,564,-1766
5002,3057,-6095,2688,-1712,1669,-1650
5003,-4507,6098,6941,1862,546,-1766
5004,3700,-3956,1520,909,-1070,437
5005,-3501,1660,4317,1984,1968,938
5006,2641,-2472,-5785,-1623,-218,830
5007,4650,-7055,3739,1665,-789,-351
5008,-6627,-4941,-2322,-777,-197,-17
5009,362,4983,3968,1400,1375,1897
5010,-5917,-6773,-7682,-264,-948,-1472
5011,-7250,-4094,-7728,-880,1277,-913
5012,5372,1043,1808,596,-903,-335
5013,4831,5991,3338,1853,-989,-806
5014,-5001,-4178,-5537,-345,-634,137
5015,748,4696,1218,692,-159,-37
5016,-6872,6460,4761,-1067,1120,-177
5017,6420,-5819,4354,-349,1644,1171
5018,-6786,-7217,1943,1037,-460,-1830
5019,-3283,1086,881,1522,41,1569
5020,-1082,-926,5427,1463,-141,-1058
5021,7628,-7850,7362,-1809,1857,518
5022,-589,1207,6347,1585,1799,-1486
5023,-3301,-7001,-4326,1843,1747,980
5024,-2098,1175,2903,1813,1931,-1404
5025,827,-5146,-6769,422,-471,435
5026,-876,-2114,-6531,-451,948,1142
5027,-4524,7984,-2775,770,-1722,-1444
5028,-1272,178,733,-1686,-1417,1133
5029,-6156,-1247,733,-1025,775,958
5030,-7835,-398,1455,-1458,-1722,-951
5031,942,5173,1027,1481,102,-989
5032,-6389,6716,1087,-1838,-964,1378
5033,-7518,7945,1753,-995,-642,928
5034,4581,-2726,4907,1385,-19,-1648
5035,-566,4462,7102,-21,-148,-1853
5036,-2646,-2337,-640,-1599,255,829
5037,-16,3349,-1389,-1236,260,-134
5038,1509,4545,2485,566,-546,501
5039,-2349,-1491,-4334,-652,1194,-1223
5040,382,3666,-7944,-773,-700,1602
5041,-5012,3926,5254,-1320,1052,-1940
5042,7888,4293,5878,-910,1674,1562
5043,7700,-2310,-4404,-1694,-1754,-1812
5044,-6366,-1623,-6559,1199,-1891,-1924
5045,-2637,4032,3437,1998,997,-912
5046,-188,3751,1669,927,1992,1213
5047,-3392,3482,2520,-1106,1231,-399
5048,-4776,-6576,-4381,452,445,-1815
5049,-425,3655,1428,1940,-1751,-251
5050,7282,-7511,-1017,-1561,-1324,-1459
5051,-5360,-2275,-2301,-929,1931,-1764
5052,-352,6268,-6654,-1084,-1114,1050
5053,-7163,-5940,4008,-1450,1372,144
5054,-4142,-4115,3816,1522,-129,-117
5055,5952,4784,7878,171,-558,-1580
5056,3996,1236,7055,1201,139,-1926
5057,397,1599,4139,-1123,1293,264
5058,7372,-1742,-5185,779,-577,-1728
5059,-5771,6759,-4795,-518,-986,-1548
5060,-5140,7823,3548,1091,-1613,1964
5061,3690,-7638,6326,-652,470,1270
5062,-5140,1049,6377,-1452,-314,1246
5063,1999,2559,3857,-232,-1423,-911
5064,-2514,1775,383,969,42,-868
5065,-5352,98,-6103,1445,-1628,-1564
5066,675,-1708,-6547,-818,1520,1617
5067,2215,-7046,-6215,1053,-1556,384
5068,2157,-5617,-7743,1226,1057,1040
5069,-7397,5335,-1920,1814,1253,-237
5070,-6605,-7708,-1255,1407,1082,358
5071,3995,7731,1037,1917,-84,986
5072,285,7788,5140,1492,1560,-943
5073,1236,-5895,4086,334,1925,-743
5074,-4840,2137,-461,850,-1727,1149
5075,-2006,-7596,4807,684,316,1549
5076,2078,1811,3978,1359,-1966,-1735
5077,-3113,-5043,376,-54,305,1128
5078,-7080,6252,-644,410,-1742,-331
5079,-1189,-5060,7316,-92,-1088,-1472
5080,-3200,2986,-2240,492,1645,502
5081,1878,-1870,7959,1627,1734,-448
5082,6030,-6223,-5882,-92,1672,-1312
5083,1701,5458,-631,-125,1077,-1009
5084,2160,-2319,7761,-1344,1621,490
5085,1310,-1532,-2409,-176,-413,1648
5086,621,2019,-2902,1444,-1462,-651
5087,4132,-3027,-794,933,1085,-10
5088,6402,1868,-955,918,-1326,-1836
5089,6419,223,7626,1543,160,1431
5090,-5376,2450,15,350,-1957,639
5091,1956,-3573,-229,-443,45,-27
5092,-4596,6023,2906,670,332,-1079
5093,7854,-5220,-6506,1810,-256,1021
5094,-603,5082,1431,-1291,902,560
5095,-2418,777,1272,208,740,-1171
5096,4315,7384,-2598,-1952,513,-733
5097,-3130,7530,-6722,735,595,-1310
5098,1350,-7221,-927,1533,-1142,69
5099,1955,2485,1273,-1710,1874,191
5100,5217,6678,6100,-418,1776,-1137
5101,-7379,1712,-7809,-682,-1128,1894
5102,745,2491,4761,-191,-356,-266
5103,-1969,-6988,4019,-538,-1347,986
5104,503,7872,-2792,-1365,-249,282
5105,-6486,4026,-217,273,-385,281
5106,4431,1576,1967,-82,-1320,1909
5107,-7139,-7884,4375,-1738,-592,-61
5108,5010,-6651,-1213,901,-1507,1305
5109,4555,-2483,-7226,499,-1258,1780
5110,4141,-5375,2862,-669,-1150,1778
5111,112,-6121,-1029,1201,1476,-1554
5112,5410,-4537,-1484,-842,1249,-377
5113,-780,-1951,1900,-1242,1896,1835
5114,-19,5418,-3074,-762,1798,-1355
5115,-166,-6483,7074,-528,-1781,-818
5116,-1966,-1648,7106,-1304,-872,-1419
5117,2443,-3415,-3561,826,822,-884
5118,-5264,-2687,3521,-2,-521,324
5119,4769,7482,-4019,-821,1692,1388
5120,-6200,-6104,3565,-652,1257,-1909
5121,5322,-1231,-2439,121,-610,-157
5122,-2660,7217,-5697,250,-1015,-1269
5123,-2839,-7249,-3382,-1247,1316,604
5124,1903,4660,5752,1233,86,-565
5125,-7635,-3001,-2875,-395,77,-1925
5126,-7278,-1399,1367,1134,-608,-1288
5127,6005,-3040,2065,1863,-1125,988
5128,-3455,-2820,3650,-1037,88,308
5129,1061,-1019,1664,716,705,-648
5130,-5292,7664,7372,1453,1305,1949
5131,-7798,314,1883,-976,-1748,-557
5132,-1631,4590,-3230,1696,946,1939
5133,6970,-2291,28,-638,1200,1195
5134,4030,-7998,-1466,-1641,-1422,1452
5135,3516,-5545,-4493,-178,477,1857
5136,-1620,-2183,-704,-1282,697,-916
5137,6978,-1946,-2313,-1302,1011,-1836
5138,7976,-5359,2522,-1446,-884,1942
5139,1132,-3744,470,1863,1059,351
5140,2096,2761,30,1224,-1016,-352
5141,-76,4545,-7573,-996,1470,-1553
5142,7970,-2945,-3741,1010,1438,987
5143,4113,5867,7578,348,861,-714
5144,-2118,7730,-1793,-510,-1954,-1668
5145,-2892,-2240,-719,-1725,1998,1338
5146,-7841,3113,-4715,-431,-1559,568
5147,702,4662,-4273,207,757,-239
5148,7339,-3237,-7409,-1665,-425,782
5149,6269,2171,-63,-249,-863,118
5150,1540,2530,7677,1944,-580,1585
5151,-5578,-1731,5593,820,1180,-820
5152,-6754,4705,1570,1139,-774,1487
5153,-6472,4240,-4113,699,1698,1027
5154,-6632,7408,-5716,1126,318,-1497
5155,7616,1375,-1705,333,258,1228
5156,6021,-6491,-4156,-570,1663,-1097
5157,1948,-7746,2440,792,1492,1066
5158,-7453,4019,-6330,-1966,-85,1142
5159,-5120,-7892,-6141,-162,896,1556
5160,3446,3632,2908,1529,1022,1871
5161,6593,-1280,6138,-695,1968,-1283
5162,-7014,6292,-6463,-206,1370,1940
5163,-568,-4834,3396,-1293,-962,1214
5164,5026,4967,-7700,-1874,135,746
5165,-7425,-6197,7729,158,-129,-283
5166,3797,4024,-3926,118,1716,1944
5167,4572,-1236,4264,-1417,-1213,675
5168,-120,-6474,-5094,-1287,-1883,253
5169,7291,5714,4756,-403,-1813,1964
5170,-6344,6619,-3830,282,112,-977
5171,5420,-7847,-240,1073,-299,1364
5172,-7969,-4187,1166,-1485,-585,-140
5173,4308,5415,-5254,-1867,-936,-1367
5174,-2766,536,-6760,-350,787,-939
5175,-7407,-4714,1612,-749,-881,1225
5176,-7068,-3477,-2919,1614,9,-875
5177,4100,-5526,-5547,-745,-1619,1664
5178,7820,-4705,-4525,10,309,-1336
5179,-7674,-1419,203,-841,-1011,1422
5180,2385,7348,-3225,933,1600,305
5181,-7649,-1378,6373,-1629,-1650,181
5182,-6374,7720,-7548,-1236,1568,954
5183,-2021,6859,-4938,192,-466,-1383
5184,-4799,-142,3042,1379,1237,676
5185,-314,5,1916,-875,1812,1403
5186,-5676,4234,2213,-306,-946,1867
5187,1405,-1837,-3960,-508,-945,1151
5188,3807,7614,2836,-1461,-331,-94
5189,6032,-7303,-1922,-1695,-746,1244
5190,-6997,-991,157,-1236,898,-586
5191,-2694,-1716,-2,-335,-1208,324
5192,5190,-1691,-7118,1722,1817,1767
5193,4799,7674,1562,-205,-1600,-1937
5194,234,-3266,-1141,-361,1835,367
5195,7849,-2112,6666,1032,-59,1935
5196,1146,-7748,-4773,-1014,91,-1676
5197,-4726,2678,3568,1638,244,-500
5198,6863,2914,-1244,-1773,1157,-293
5199,3210,-5016,-4139,1149,-119,-774
5200,198,348,-7774,1597,-763,746
5201,675,462,712,-1206,1499,1241
5202,6790,3357,-7708,1611,-1195,-1343
5203,688,5627,3948,508,1204,-959
5204,3,-4860,-3482,412,-729,-1965
5205,-4488,4212,-6185,644,-152,996
5206,-577,2446,-4614,-1934,-606,1075
5207,-143,325,-2765,1554,388,1876
5208,-5848,389,-2753,1104,1557,-1868
5209,-227,5240,-4294,-1778,-1474,-1315
5210,4030,497,4040,-467,-1664,234
5211,-741,1173,4107,1043,1412,108
5212,3205,-1899,-981,1329,893,-501
5213,-4334,-6087,-6368,-103,916,1686
5214,-5218,-5374,-6595,-777,-747,-209
5215,2023,-403,-6836,768,634,-499
5216,4475,-1899,-3038,369,971,1873
5217,1010,-5247,4615,-1603,1762,-1582
5218,-4137,-4256,-4722,1747,-43,1743
5219,6073,1159,2854,-1580,1566,-625
5220,1998,-2243,2343,-91,1179,161
5221,-2733,-3644,2850,-135,697,-484
5222,5504,3302,-5501,-348,-775,-1897
5223,-1133,-6985,7361,-13,-268,-433
5224,-7595,5987,-6582,980,424,176
5225,3965,-2888,6909,-1576,-924,-687
5226,6466,-5541,5082,-1501,211,-1643
5227,2114,-2685,6601,-1017,1792,-120
5228,6264,-2786,7125,1913,-113,731
5229,-7204,2315,273,-744,-1486,1445
5230,3609,1961,1478,454,874,1272
5231,2057,1392,4103,-123,1000,-1079
5232,1223,1592,-7265,-410,1770,-882
5233,3533,5706,4009,98,1804,103
5234,687,-3545,-417,-789,260,608
5235,-913,3107,-2410,-295,-1476,1185
5236,-6807,-7446,4719,-623,-1741,-130
5237,-5949,-1686,-1863,164,-1692,321
5238,155,1098,3898,-484,659,1215
5239,-1732,-3619,-619,-1408,453,1329
5240,-3749,235,3047,799,-1129,-389
5241,7501,-6783,-5776,-1486,167,-343
5242,-7217,-3854,-4454,124,638,699
5243,7224,-2009,-6142,281,-1816,1054
5244,-1469,-2752,2132,304,112,-17
5245,-1640,3522,5035,-1582,-1238,1423
5246,2489,-1379,-6008,-1759,947,-297
5247,-5515,-4716,940,-1497,-682,-1173
5248,2683,-6106,-7252,953,-1369,1691
5249,-6965,-12,-521,-1132,-78,607
5250,481,-3462,-7612,-777,1901,-736
5251,-5871,6585,7745,-520,721,-129
5252,-6111,-190,-5238,-1628,-361,1500
5253,7967,-2994,1053,887,1076,-1628
5254,6960,-6637,7818,-1313,-679,-625
5255,-4413,6031,-4053,-1980,-1574,439
5256,-6196,641,6041,1006,222,653
5257,5141,-5362,-7379,414,-658,1299
5258,2166,6869,-67,-1639,-690,-745
5259,-678,-984,-6154,1443,-445,-397
5260,-1282,3839,-913,-444,501,-1030
5261,-7167,245,-2482,-1158,1698,-910
5262,7101,-1607,-2945,1225,-1268,200
5263,3056,6630,-5150,-1273,1778,-1561
5264,5416,310,-6144,655,-1795,-965
5265,7624,2435,5502,-1963,1210,-1949
5266,-5766,5840,7636,1324,-1835,938
5267,2524,-4644,7931,-614,1497,-1782
5268,4779,4045,-1775,-405,1427,-554
5269,6051,-5812,1824,-1903,-1070,516
5270,-2728,6786,7372,-1947,-1883,1449
5271,6685,2254,-1204,790,879,-129
5272,-4264,-3885,1168,-1502,-1060,1788
5273,-4762,892,-6468,27,-681,-722
5274,3362,440,646,-1435,143,-639
5275,1331,776,-42,-1458,1457,-1060
5276,-3210,-4131,-1706,889,-1954,-943
5277,5488,-6774,5747,-832,-1141,364
5278,1318,2200,4050,1411,-1256,1500
5279,5097,755,6352,-408,1937,-1164
5280,-5573,-5566,-7070,200,505,-323
5281,829,-3654,-7023,1645,-1580,1147
5282,2340,-2993,-946,405,-449,1157
5283,5912,-587,6588,313,731,355
5284,-726,-1486,-4154,1343,1460,-1661
5285,-6907,-305,687,297,-135,1985
5286,-5021,-1162,-6552,-639,-1729,-1770
5287,2309,6599,2914,-1626,-1868,233
5288,-7131,3882,-3068,-1018,499,1041
5289,-1653,-7568,4221,-521,688,-493
5290,7029,1733,-3178,-601,1446,-1681
5291,-6480,3308,-4446,1904,1163,-717
5292,1291,2390,21,-1581,1951,-209
5293,3495,-2804,-1249,-191,1511,1127
5294,6120,-3620,-3462,-1558,747,1064
5295,-1376,-6067,3818,768,234,-508
5296,-823,-7782,-6046,949,-770,653
5297,-4499,369,-6417,-1167,-1870,1845
5298,5669,-5168,4391,202,-1452,100
5299,490,-6795,-7570,977,-1605,-601
5300,7762,3857,-367,1914,57,134
5301,-205,836,365,-1343,1756,127
5302,-7274,-2072,3238,65,-480,1547
5303,-2003,2126,7278,1005,539,1082
5304,5354,-3163,-5858,-1301,-806,1005
5305,-2314,2219,-5106,1382,-844,-1003
5306,7598,-2307,-7711,-1940,1561,1403
5307,-1620,1901,5260,-1894,1503,-1865
5308,-724,5288,3715,31,1088,-883
5309,7853,1592,-2575,-1210,1928,-676
5310,-6148,-3803,6863,908,1167,134
5311,-3510,-6657,-2319,463,624,704
5312,-7004,1922,2926,-464,-1888,-99
5313,6165,3277,-1616,31,-1621,-525
5314,6518,7505,-4457,1165,905,-638
5315,7546,6267,-1821,1642,1654,1272
5316,6796,-5410,6412,-1967,-1973,690
5317,-2866,-1641,2325,-1675,-1942,-435
5318,6823,1227,-6909,-1578,308,-1732
5319,-751,898,7759,-1778,-1145,11
5320,5865,-6591,-5595,624,-236,-1436
5321,1963,-3045,-3804,-1647,1426,-928
5322,1114,-3702,4714,-188,1578,-536
5323,-4932,-3800,3152,-1463,1075,-1756
5324,1443,2547,-1164,355,-810,-1448
5325,3979,6472,-3975,-693,1083,1198
5326,-3145,-4138,1420,710,-545,1028
5327,-3703,-164,4096,-288,112,-917
5328,-3857,1252,-615,292,1306,-624
5329,7229,2156,22,650,641,-1320
5330,-6651,-2097,4631,978,-1991,-1116
5331,-1191,1115,2660,-200,-1695,1358
5332,-6245,-1678,336,798,1844,-576
5333,-3550,-4229,1586,182,-230,-1631
5334,2579,-6032,-7741,-194,-1938,591
5335,-1020,1013,-4722,1636,886,-1707
5336,1859,265,7873,-750,-198,928
5337,6312,-6164,-6679,-1139,1337,1024
5338,-5712,-2437,3148,1991,1417,-831
5339,-5955,-1202,-458,1975,1863,-1760
5340,-4612,3121,4306,-426,1294,-689
5341,1266,-7682,-2794,-28,-1234,111
5342,-1958,4227,3626,-1989,1523,756
5343,-2866,1299,-593,-1440,14,1583
5344,5289,-4382,5402,-251,-579,42
5345,6608,7002,-1031,-1160,-378,-211
5346,-5629,5382,1762,-963,-1448,-22
5347,5577,-4045,6368,-359,351,276
5348,-3065,-5109,-4249,63,1771,1115
5349,3180,119,338,510,-1323,1116
5350,-6316,2712,-1032,939,-257,-112
5351,-1880,-3454,3550,-1564,672,473
5352,-6326,2227,2549,-294,-609,378
5353,-5425,2886,-456,1910,329,67
5354,4059,-4496,2973,-1050,-1318,1924
5355,6961,-4731,7776,-1800,969,1597
5356,7311,3692,7740,-162,1715,-1656
5357,1054,142,-3403,64,1531,-873
5358,2707,-2083,-5474,451,-1031,-1799
5359,5660,5163,-1281,-905,125,-1424
5360,7196,7988,6672,368,358,1615
5361,-2990,-1562,-6252,-1107,1297,216
5362,-4162,-616,7545,-70,1822,1071
5363,6441,3544,923,-1609,2,1646
5364,-474,-5464,7036,1328,665,-1528
5365,4085,-4568,2902,-1110,1229,-1722
5366,-597,-2338,1621,968,-106,-754
5367,217,-6814,6733,-1664,1714,-247
5368,7446,-628,3711,-52,278,514
5369,4489,-642,3740,-2000,1983,-478
5370,-1018,7955,-6424,-298,1572,718
5371,-5624,7844,-7022,-193,-348,1775
5372,-1703,-3076,6561,-1122,484,-1300
5373,-945,-2364,4045,263,-1722,464
5374,-2743,5812,3531,1883,880,-1020
5375,-371,4080,5172,-1843,-171,248
5376,7695,-4496,5655,-1209,-1123,-276
5377,4537,6492,-3201,-392,1784,291
5378,-3666,6885,-777,1283,-205,993
5379,-5068,-4230,-4515,-904,1213,-1244
5380,-2972,-1436,-5085,415,278,147
5381,7216,-574,291,7,740,1482
5382,7564,-7151,-165,210,498,-1649
5383,4356,1029,1405,930,-1509,1216
5384,7095,-5727,6553,-760,172,611
5385,4253,1372,6201,-795,-1639,506
5386,7994,2887,-540,-714,928,-17
5387,-6258,4440,4745,-454,-1833,-1583
5388,-2589,3746,-6732,648,1606,-926
5389,7867,5527,7684,-12,689,-770
5390,-4896,-1440,-7240,1838,528,1633
5391,-1828,-3580,7437,-101,-1555,-573
5392,-4898,-3450,6402,165,-64,-523
5393,7487,-2287,-4271,946,435,272
5394,694,4881,-6736,-1719,1266,800
5395,6595,-6771,5577,217,533,-1409
5396,1692,-6151,2123,-1104,881,272
5397,-3636,-1599,-5212,131,-248,-1680
5398,7217,555,2701,1161,395,1123
5399,2594,3572,5273,1771,749,-821
5400,4136,-7164,-7427,1388,1422,-1060
5401,-3970,-2379,3181,-330,-12,-782
5402,-1440,5210,-2492,-550,1968,1028
5403,-3541,5557,-6786,-97,-1254,1391
5404,-809,2074,-346,-564,457,-279
5405,-4459,-4194,2643,503,-1264,647
5406,3156,-3610,-2382,-107,-1998,-1772
5407,909,-5499,3285,-1063,-1991,389
5408,-4387,-1258,7168,1060,-1451,-1496
5409,1947,2583,-5421,-327,157,-870
5410,-2934,5968,4765,-1425,-794,11
5411,3770,-5335,-6395,-1511,740,-675
5412,-458,1600,7582,1416,-733,-1829
5413,2599,4986,1891,1511,-1951,-422
5414,3175,-3659,-7195,522,-561,-397
5415,5923,-5357,-167,-55,-24,-1006
5416,4073,1056,6656,-1638,-1998,466
5417,-7390,-7369,4787,-970,381,1038
5418,-1554,1710,6991,1667,1159,804
5419,-3236,-7906,111,-702,-384,1835
5420,1281,-4081,4920,-959,-1463,1020
5421,3507,-2141,3814,-1019,1533,122
5422,-1931,5962,6729,307,1070,-1571
5423,2837,6483,-7851,822,219,-744
5424,4177,-4037,5761,-42,1624,-551
5425,-3533,-6841,-4106,236,-39,1212
5426,-2261,-6947,5988,978,814,-200
5427,1098,7198,7134,-657,317,1405
5428,-1542,6643,628,-1780,1413,637
5429,-1873,-2704,-4631,-282,342,289
5430,684,-5623,6198,-961,1367,-1667
5431,-2200,2909,-916,-268,737,-317
5432,101,-2416,-2184,534,1699,1272
5433,-882,6123,2301,-1773,-855,1065
5434,-7945,-7088,7046,-1047,1937,1904
5435,4897,7935,2497,1063,472,-1769
5436,3546,-6685,-866,1701,454,1840
5437,-6280,295,7252,1445,-1747,-209
5438,2511,-861,-5013,957,-1661,-1852
5439,1887,6503,-4287,407,264,-1332
5440,-2137,-6000,-606,-1995,46,132
5441,-3611,1003,-6548,-268,-1527,1181
5442,-599,-2664,-1454,-352,690,-962
5443,-4736,-722,7277,211,791,763
5444,-7115,-7851,5315,103,-1148,-1084
5445,4898,-5645,-5042,-1934,989,-726
5446,-7196,-2019,1157,120,-456,748
5447,1132,4694,-5191,502,330,-1180
5448,-4502,5799,-3676,-1126,1039,294
5449,7452,6852,1827,-530,914,1468
5450,1306,5454,6545,402,711,1067
5451,-3177,2774,-7330,-674,-806,1775
5452,-7079,-5580,3461,1741,-1400,371
5453,534,-7504,-1333,-456,-1212,-293
5454,4802,5004,-6452,-1958,1376,288
5455,7591,-7987,-419,-1122,773,-1393
5456,1266,1162,-7518,1087,-1323,-47
5457,-628,-7161,872,1135,1506,-1414
5458,7386,-7026,2290,1247,170,-224
5459,1827,-1556,1858,-1367,-759,-1110
5460,5516,4696,-2184,-238,-1266,595
5461,2007,-7846,6467,-1484,1677,986
5462,4478,-797,-787,934,-1723,85
5463,-4236,-4668,1659,1490,1238,-1311
5464,2441,2562,6030,-1980,398,-1052
5465,6595,6249,-1104,-1624,-331,107
5466,-6596,-93,-1131,-436,1687,393
5467,-2302,-6508,2616,-1519,-1407,-1710
5468,423,-5960,7145,-1462,-1803,-977
5469,5132,-5434,6470,-981,-841,-106
5470,4192,7842,5864,-1394,-926,541
5471,726,707,-6182,1764,-931,-1126
5472,-3144,4609,3360,538,1119,-1484
5473,-3558,1467,-2013,682,-359,-1438
5474,-1100,-2255,6782,1033,1079,71
5475,4017,-2490,-7478,-1487,-435,-83
5476,-2160,6343,5921,-299,-720,491
5477,5897,2601,2033,1851,-991,-1162
5478,-1680,706,-1214,1555,-988,-223
5479,-679,6358,7527,-100,1572,-1501
5480,-7391,2573,4269,-1108,-411,948
5481,-5059,-2106,3451,-179,1488,1849
5482,679,-497,-3673,1537,1296,-861
5483,2409,2099,-1904,361,1609,-1092
5484,3171,-60,-3976,1055,-20,-708
5485,-4550,2197,3752,1001,-438,-272
5486,-1907,1554,5537,1444,1189,1550
5487,-2707,-1192,4903,-905,1634,349
5488,-888,4493,2604,801,-316,458
5489,-5063,-2924,-2235,-490,855,-122
5490,-7717,-5940,3126,-1673,1885,104
5491,-354,-5299,-801,1171,-370,-939
5492,1623,-1641,20,1456,617,201
5493,-223,4351,5870,-1047,1353,-1434
5494,2115,3112,3050,840,548,1215
5495,-5671,-5692,-2365,1298,-64,732
5496,-5638,3254,91,1345,1094,1776
5497,-4037,-2282,528,-768,-1425,502
5498,2493,6449,-641,1620,1670,1624
5499,4235,-5457,-2005,1022,162,1391
5500,-673,5413,-1858,1196,981,-154
5501,-3803,-788,-7189,987,1016,-585
5502,1473,-7089,-7263,947,1176,-1475
5503,-856,-5045,3095,1237,-875,-93
5504,-3436,230,-1017,166,-193,-811
5505,7329,2686,6301,1165,679,1495
5506,-4937,-1731,-7609,-1871,1379,-464
5507,2513,-1978,2534,308,1219,-85
5508,-6925,4347,3038,-861,-818,1507
5509,6805,-253,-905,-828,-940,-1477
5510,-2442,5767,-7610,-1274,221,-1491
5511,5323,2303,-5310,-1626,166,-1935
5512,-2414,3342,6696,-882,-1846,750
5513,-4209,-3492,5715,416,1047,1037
5514,-167,-4620,-1709,1767,777,-349
5515,889,-7739,4595,-1097,-1333,-1415
5516,-3719,-6373,4002,-459,-121,266
5517,-3531,6420,3448,1951,-359,83
5518,-727,-3728,4305,890,-1306,883
5519,6795,3454,-635,817,1054,910
5520,-2373,-4977,-6968,395,-126,-853
5521,-3934,-3642,3607,-607,914,-1529
5522,-6570,-4509,-6692,1115,728,-1209
5523,918,-6485,3993,-350,143,1042
5524,4391,-2866,-4679,-358,562,99
5525,5765,-4934,5491,-822,-737,1735
5526,4472,6252,-3939,-758,591,-450
5527,-1089,5960,-6484,-1258,-360,-1402
5528,5773,-4562,5082,-134,1979,-1494
5529,7267,-1267,-4235,-63,1039,1863
5530,-184,4151,3725,1769,428,-781
5531,719,-5301,3248,-1115,1965,-1910
5532,-3665,5462,3454,-1820,998,1823
5533,6872,-5054,4761,-454,-1198,-641
5534,-1949,3150,-2067,253,-1100,1951
5535,5146,-4109,-2964,1129,1049,1016
5536,6537,-6050,-4715,-1911,-40,-647
5537,-5980,-1615,-1472,1556,-1983,1618
5538,-844,-1416,-5714,831,-568,-83
5539,-6804,-6622,5987,252,-1884,-1924
5540,-2997,-1531,-685,1500,-1965,-1759
5541,-4157,6491,7468,-1293,-830,744
5542,2588,-2384,7189,-1724,1610,144
5543,1806,5593,-2377,-1131,-841,-1501
5544,-7047,-714,7586,877,-770,1274
5545,6704,-969,-4447,-1154,1123,1842
5546,5986,-1245,-7919,-571,-922,-1115
5547,3658,-550,-3494,1167,-1823,78
5548,-5984,-2412,-3416,-1643,1438,1982
5549,-1398,782,-4323,384,904,-484
5550,-5186,7392,569,1712,-187,-1950
5551,2818,5923,-1044,348,870,-131
5552,6857,5795,4170,203,-1172,313
5553,-7342,-6574,-5522,-375,1494,-1257
5554,6466,4578,-3066,1224,-280,-614
5555,5431,-6739,3423,-1836,-1963,-159
5556,1091,1418,2492,-1644,1806,693
5557,1319,1178,3448,-711,-931,987
5558,2906,-1703,-6438,1912,866,80
5559,923,-2297,-1259,1840,-444,-780
5560,2247,-2274,1195,1987,187,722
5561,-7299,-2075,4567,1709,625,-1245
5562,406,-2030,-4059,-1751,-1090,-1514
5563,228,-4379,1560,-738,876,-194
5564,6965,78,-2643,923,-1765,-1573
5565,1350,-3920,-4245,-498,-1039,116
5566,-7351,-2603,7275,-698,971,227
5567,6209,4257,-7745,-1558,-1517,-1504
5568,-3664,7541,-6069,-204,-1713,960
5569,-7680,-4871,-1747,-1271,-543,-728
5570,7865,3252,7215,-576,1756,627
5571,3203,1048,-34,-171,-632,125
5572,3771,6438,3056,-255,-1130,-1002
5573,-6618,-7897,1772,-349,1819,1981
5574,3653,-4258,-5127,55,1173,-331
5575,-551,-5943,-6992,574,-1718,754
5576,-3255,5130,-6489,-44,-79,-619
5577,-7541,6788,-1781,-1177,-356,183
5578,-329,-7596,-7682,1735,-1361,1131
5579,-625,-3853,4259,-261,-1823,-959
5580,-2957,-5417,-399,-1968,145,-544
5581,-1024,-2068,-3474,-1357,759,-1088
5582,-3994,1423,-7602,-1878,1575,-552
5583,-5503,-1669,527,438,515,-1549
5584,-2057,4081,6386,-902,-377,-1535
5585,-6664,4392,5796,1471,390,1471
5586,-6883,-6514,514,396,214,-281
5587,-4597,-4466,-4051,-1857,-1932,1161
5588,-4912,-796,4380,1628,-621,-1594
5589,-5772,-4902,-1331,-785,1406,179
5590,2439,3233,6817,1989,690,-1636
5591,-661,5229,1820,785,747,-1982
5592,7553,2835,-6633,184,-1932,1665
5593,-6074,-5101,-4345,379,1392,671
5594,-1331,5017,271,151,-133,308
5595,-5484,6921,-1168,-1927,-736,-923
5596,6064,1380,-847,1117,-95,377
5597,-6046,-7883,-6460,418,1187,461
5598,-6706,1176,-6334,-1719,-1600,445
5599,-4916,154,-232,795,1958,-915
5600,2678,6065,-2782,377,513,-494
5601,6846,-7677,7814,-1545,-1287,-1881
5602,5938,-6018,3855,1734,22,1263
5603,6935,-1596,4214,200,-468,922
5604,6494,5455,-5756,-90,1361,416
5605,4882,-7443,-2313,-244,-1501,1449
5606,-1138,982,-7494,-1779,1766,1144
5607,4852,45,-403,-1409,1899,-267
5608,4035,7345,2036,475,-702,-1876
5609,1096,-292,4157,601,-834,1059
5610,-2452,3047,-1124,-385,1836,1159
5611,4559,5036,-7863,1784,-283,1436
5612,5891,-1271,-7731,-1892,57,-458
5613,2435,-5531,5624,-202,-157,1849
5614,1996,-1431,5549,-614,-865,796
5615,4145,7086,1944,133,-807,-1828
5616,7233,-6041,-1147,-1559,854,105
5617,7235,7173,139,1964,1830,-572
5618,1713,5617,4801,-1776,-320,-977
5619,2382,7860,-7011,-1235,1741,-1843
5620,2832,-6551,6535,-737,365,-65
5621,7426,-4311,-6740,1482,16,73
5622,-3056,-4628,-2470,461,-1856,177
5623,-7390,-6718,-2163,-613,1504,1240
5624,2526,-596,5034,1596,-925,-156
5625,2626,5091,-5084,-1795,-986,201
5626,3864,-6031,-3899,-1507,102,1542
5627,5737,7298,3730,1032,576,1937
5628,2618,840,-6980,-1253,1463,-1604
5629,-7052,-7922,-7289,-1394,-1404,-1743
5630,2546,-1293,816,-1401,881,497
5631,-4449,-5919,-4667,1563,1710,-1317
5632,-1062,7593,-2123,1679,-1121,737
5633,-834,1842,1263,874,920,249
5634,-1229,6870,1954,713,-1618,316
5635,5862,2083,-2477,1599,-866,693
5636,-5990,-6717,-4759,-287,450,766
5637,6198,-2606,1228,-1245,332,1674
5638,1942,-6315,3279,-568,1967,-1736
5639,3682,1686,4803,365,-512,-482
5640,-3909,298,6061,1412,-649,-1086
5641,2922,1616,465,-21,-584,-1176
5642,-7473,-2291,570,970,858,-1379
5643,-487,-4373,-6711,-25,-860,-953
5644,-1618,-3854,7294,-1171,1245,519
5645,-3313,7045,-1085,1385,705,147
5646,-7985,1716,-891,-143,-77,1414
5647,7369,-6759,-6928,57,1282,-128
5648,-4808,1826,6001,781,-814,1787
5649,1204,-6821,-2196,-1491,1149,1116
5650,-5940,-4380,5690,604,1645,-1361
5651,-6887,7546,-3938,314,-1134,-655
5652,5598,-1961,-4451,-717,-719,-270
5653,6201,-5562,3538,1231,-384,897
5654,7291,5637,-5696,908,-1777,-492
5655,-7490,-2911,-4395,1833,688,-1982
5656,2432,7990,-6141,-339,-1183,1156
5657,4694,-201,-4525,169,1752,577
5658,-7343,2943,-6397,459,427,-1319
5659,-6733,-7463,-2647,1698,-502,1799
5660,2693,2121,4892,-315,1640,850
5661,-6046,1269,1482,-1850,-590,-859
5662,4889,2481,-1653,-1051,-1137,-780
5663,4355,2922,2830,54,-440,115
5664,4772,-5164,1246,1138,330,252
5665,1593,-2733,-3321,-227,351,-242
5666,-6789,6586,4683,1171,1715,-767
5667,-782,5675,3388,-27,-247,-1861
5668,-298,2840,5950,-1314,-1879,-1604
5669,-3090,7842,1892,879,-766,-100
5670,1153,1942,2855,-1306,901,-565
5671,35,3499,-6046,65,655,-639
5672,-1314,6759,-2066,1643,829,1061
5673,6654,7513,-7808,-1607,-830,-1796
5674,-1558,6738,-3488,174,1882,-295
5675,-1957,2876,-4183,209,-1245,-278
5676,-5353,67,-4706,1820,191,-1942
5677,6735,2057,4078,-1811,-1558,788
5678,-5504,7157,-583,442,1689,-479
5679,610,-2211,-6679,1483,1224,-1456
5680,-2338,5194,-4289,1094,-481,1333
5681,-6232,-1357,4701,1778,1796,236
5682,-2911,-5513,-7987,1804,-924,-102
5683,2072,543,-3021,429,-1003,-1349
5684,-2602,241,-6075,1038,1206,993
5685,-3938,352,-7785,-1357,848,1352
5686,5194,5324,2443,-1488,672,-1548
5687,4531,-5937,5321,-1303,1970,-607
5688,-2876,4451,-5992,857,740,121
5689,-1816,-6681,-83,-1886,1378,-672
5690,7383,-468,-4899,1500,1798,260
5691,-2760,-3684,5685,374,-1133,-532
5692,-440,4575,5174,-1278,1481,-1108
5693,-1861,-3984,6166,-1885,1982,-714
5694,-2257,2331,-2776,1264,376,1817
5695,2127,3196,-7270,885,152,1493
5696,321,5582,6133,-59,1525,-609
5697,-3256,506,-5556,1597,365,-231
5698,3136,41,162,1131,-1558,-270
5699,-1966,965,-5213,-1002,-985,-1548
5700,-2453,-5781,6635,-91,329,1201
5701,-4660,-2637,-6338,727,1363,-1681
5702,6932,-7915,-2618,1253,1215,-616
5703,2426,70,-7958,788,324,645
5704,-3091,5779,1824,-1227,-303,947
5705,7,-1075,-2873,-1928,1628,1167
5706,2344,2912,-6649,284,-741,-1771
5707,-4693,-1414,4166,43,-1405,1998
5708,-1940,-6637,-3510,-935,1150,-78
5709,1039,3668,3413,-613,356,-23
5710,-1602,-4546,5834,-887,1148,433
5711,-6130,-4263,2995,-863,167,328
5712,-7164,7407,-7446,-58,-341,-1068
5713,4363,4186,5819,-134,-713,1681
5714,-3039,-2136,4549,-1467,-1354,290
5715,-6823,6426,-4305,50,-1848,1290
5716,-786,-2193,386,134,-934,1732
5717,-7699,-487,-3053,497,-1549,-896
5718,1240,-2804,-5809,-24,1278,-58
5719,-4156,3556,5474,-1608,743,-562
5720,4280,-4339,-6716,202,-798,-1166
5721,-4029,-3368,-6452,-12,-1155,1782
5722,-1276,-6258,4730,1855,-1057,-1636
5723,3673,5048,7550,-1332,-696,-1973
5724,-6557,-4634,-2930,-827,855,1388
5725,4554,-4272,1188,1090,735,1194
5726,-1413,6251,-6099,0,1432,1307
5727,-1248,-2053,-1364,383,1020,1379
5728,-566,-3143,-3139,-949,166,1581
5729,-5288,2001,-5337,-1605,473,-156
5730,-5858,4159,6492,1712,-1421,350
5731,5460,2988,-6350,1338,-785,925
5732,-2588,-1222,7036,1432,1905,-1231
5733,1728,6697,-2395,-1323,-1894,-1845
5734,-1041,-2359,3650,609,-1530,-1507
5735,-1327,-3148,-6722,1767,512,-1525
5736,-6093,-3969,5423,523,-1609,490
5737,-2281,5380,-5332,1728,1400,-1544
5738,-6326,-3538,4400,1338,-1092,1371
5739,6962,-4221,409,987,-343,-675
5740,2849,-1973,-1385,-479,-320,556
5741,7976,4211,826,-1124,1067,-113
5742,2681,2582,3422,1425,-1957,-315
5743,-2968,5764,6707,-1404,-1430,481
5744,-5779,4980,4905,-1520,495,525
5745,4346,3284,4954,-1221,-1813,-53
5746,-7206,-3992,5200,-390,1855,711
5747,7327,587,653,-427,1573,-1435
5748,-3504,7442,3854,347,-1341,-767
5749,-4419,3726,2628,-221,-1589,1308
5750,6677,3366,-7623,-1962,-1160,-1588
5751,7020,993,-5977,350,390,-514
5752,6578,-4994,-7670,1786,1653,-535
5753,-7743,6242,6156,1401,901,980
5754,-333,-4359,-5730,-992,-1792,-889
5755,1196,-14,5446,-990,1017,-401
5756,7647,7788,-6787,74,40,-100
5757,-6177,5234,7254,-550,-239,1218
5758,-18,-5712,480,-1652,-1826,-1389
5759,-3763,-5930,-380,1696,-1006,1390
5760,-504,-568,2580,-867,-932,1823
5761,7473,4388,-2771,-1408,891,-1533
5762,-4253,-2100,992,622,1733,785
5763,3984,3924,4660,-1029,-478,1226
5764,-5350,1416,1038,1886,-1249,-951
5765,-3636,322,6035,874,-115,1070
5766,-3416,-7727,-5383,-937,923,-1176
5767,-811,-2196,5233,-155,225,-1807
5768,-3425,6607,5356,1804,414,-1325
5769,-635,-4863,7299,915,609,1150
5770,-3534,1992,-6204,-184,188,-1485
5771,1442,135,-2368,-1532,1846,-766
5772,78,-348,-2963,-557,-607,368
5773,1402,-3216,-5365,-472,1616,715
5774,214,2814,-5141,-270,1886,1068
5775,-5339,51,-3847,-885,160,-1669
5776,4771,-1979,7474,1947,1082,-1503
5777,-6479,-5679,-6743,739,-144,1782
5778,-4792,-7143,-5551,-199,1921,1088
5779,-905,-7362,2736,-369,1099,1420
5780,1971,-7870,-357,-121,-1700,-695
5781,4039,2911,3525,-1348,-1774,1758
5782,6269,2199,-6593,1873,1242,-575
5783,-7003,-7518,1659,1897,-387,1646
5784,4653,1950,-1963,673,474,1878
5785,4148,5072,-5717,-535,-945,-1184
5786,-541,-7228,-4036,1125,-977,-1127
5787,5614,4553,1944,1877,-1384,-878
5788,3703,391,-7,1016,32,1605
5789,-6313,5391,-7280,-1788,1617,1948
5790,-7636,-18,-7250,-859,-1687,1212
5791,-5945,-1117,-6426,1589,1319,-432
5792,-4391,-6774,-355,72,1485,-518
5793,-4292,3400,-5187,316,557,389
5794,-211,7269,-6115,-760,1659,-1141
5795,-3698,-5588,-4963,-1861,215,1967
5796,6450,-5292,2537,1786,-147,1106
5797,-163,1230,234,1712,900,399
5798,-4421,-4301,-2189,-1928,-876,772
5799,-631,-243,6040,-1824,-1321,1912
5800,3925,1366,-4512,321,-145,1518
5801,-7410,7788,-2972,-1533,-1125,1707
5802,1673,-6487,-190,-379,-360,-914
5803,-7961,-1446,4877,-660,774,-907
5804,-6132,-4379,5202,-1693,902,76
5805,1333,-3884,3879,1859,-138,377
5806,1786,-7176,-2867,-875,1526,310
5807,-531,822,-7208,1827,1989,-1306
5808,-6110,7386,-6982,1524,114,-903
5809,-3237,-4099,-6526,45,603,1435
5810,3861,-6726,3521,840,-289,-1235
5811,660,-2740,-5645,485,-331,-859
5812,303,-2941,-2001,43,-887,228
5813,-3311,-7049,6252,537,-1670,-55
5814,4733,-2191,6931,-55,1125,774
5815,5798,6742,2688,1774,606,1428
5816,2940,-5540,-7941,-1511,-1372,579
5817,-6260,6672,2856,1198,213,1502
5818,-7591,6902,6247,1145,1715,-90
5819,5078,27,6560,-1787,881,1329
5820,3547,3218,5180,-50,455,-1985
5821,-1732,-3759,3621,-1857,-1701,1177
5822,-3494,5591,2833,-896,-311,192
5823,-6294,-3791,460,-1118,-398,1716
5824,1155,6983,6446,-1838,972,-573
5825,-5499,-494,-2896,-1463,1382,1139
5826,7503,-3963,-2426,-513,-938,-1619
5827,5226,-7205,312,-376,-551,-996
5828,-6511,-4591,-3665,393,-519,-568
5829,769,7804,-3662,1894,-359,48
5830,-5801,3671,3966,-1532,-1648,1917
5831,809,3918,-4737,1370,-997,1194
5832,-7232,-5598,-2531,-1475,1371,1964
5833,-4837,-4702,28,75,505,-735
5834,133,-4525,-4695,309,1092,123
5835,5984,-6111,1619,532,-434,1976
5836,-5545,-5999,-5713,1751,52,-488
5837,5079,805,4021,1169,-672,-1119
5838,2018,-601,4971,-1555,304,-1782
5839,-4433,4985,-7812,-302,-1243,-374
5840,-7153,2197,-3549,-1300,-1269,260
5841,6439,-7464,3133,1735,-146,-1550
5842,3049,1562,6402,-478,-1352,37
5843,517,29,1124,-1825,-515,176
5844,5013,800,4964,848,-607,-1510
5845,-7950,7580,3786,-366,-1151,-899
5846,-3326,5947,-5702,-1304,1200,678
5847,2044,-398,-3904,-1743,1185,688
5848,5697,525,-1790,380,1908,1998
5849,-1296,-4518,6102,-1063,441,1114
5850,-2359,-332,-2338,-803,1511,-890
5851,-4940,-4435,-4455,-1687,1946,-1988
5852,1908,-2057,-5238,416,670,-158
5853,-2386,3659,-5335,295,568,1015
5854,-1138,-458,4075,-600,-327,-1813
5855,-7890,3593,-6664,609,-1300,-1979
5856,-3305,-3214,3185,-1361,-130,93
5857,7593,-706,2776,204,6,-118
5858,3787,1593,6399,-787,-521,-1908
5859,-3626,-7891,768,517,-229,1496
5860,-4361,-3947,243,173,-1672,-189
5861,441,799,-908,-910,570,-1773
5862,1917,-750,4663,-304,-1472,-802
5863,1535,4185,-1722,-1737,-971,-500
5864,-2051,-2406,-3437,-1787,-832,1326
5865,6457,-6325,255,-288,-1860,914
5866,-764,-4909,2846,1701,-13,-1045
5867,4339,-6997,3301,-165,-711,-357
5868,-2559,-4093,-5643,-682,-831,956
5869,-5071,2140,-2940,-156,171,-1463
5870,-4551,4963,954,-1874,1314,-1099
5871,7806,-3819,1568,50,-789,775
5872,-7718,2653,-3769,122,1352,-790
5873,-6384,-1540,1573,984,-1260,-778
5874,2273,-5399,4001,-510,837,-448
5875,4787,1472,5289,1852,613,1864
5876,2681,7100,2051,-1605,1248,-47
5877,4096,7995,-2156,-1949,-1756,-1723
5878,1212,-2786,-5718,1185,1481,1758
5879,-3217,-4443,2404,1912,-534,144
5880,3697,-4940,2507,825,-161,536
5881,7541,1407,-6161,940,1214,-793
5882,-3312,-4954,-6197,-677,-1058,-1476
5883,-1985,-1146,6556,1858,1497,135
5884,-1,-4592,1375,600,1101,-1883
5885,862,-1237,3169,-114,1891,-1668
5886,2491,-2166,-1490,-1987,105,986
5887,-7663,600,4096,986,776,1895
5888,-7008,4270,-7738,-942,-350,-769
5889,-2621,-5845,6853,-1271,-1236,1436
5890,-5583,3441,6423,364,346,-306
5891,691,4245,5887,-1711,557,406
5892,1707,-1391,-6140,-1444,-40,886
5893,-4950,3863,7397,1237,792,1972
5894,3402,-1193,1797,-704,827,-639
5895,5264,6749,7945,739,1589,-580
5896,7806,3710,6369,1501,1144,1118
5897,-7588,3296,604,149,1245,-1793
5898,2617,-5478,7660,-424,-1179,1797
5899,-5159,-684,-38,-159,-1292,-1984
5900,4351,-7129,2303,-388,572,-1398
5901,2301,-4540,-7678,-1099,-190,1179
5902,-7580,-3328,-4112,183,158,-1743
5903,1443,3424,3394,-1380,-560,1498
5904,421,2352,-6692,-1358,-343,1611
5905,-1092,-7603,-5636,-192,-982,-442
5906,56,-3971,3571,-386,-267,1020
5907,-7025,3198,5570,1139,1819,-407
5908,5122,-5627,-7773,1379,-11,-281
5909,4710,-1988,-1780,29,68,-1400
5910,-4935,3163,5703,-257,-1942,-610
5911,-4972,4307,7490,-1081,-107,-1435
5912,4744,-1262,3660,-642,-1957,124
5913,3517,-6461,246,1287,307,-1583
5914,-5230,6230,-2137,-1680,-1699,422
5915,4390,-1167,-1984,528,-126,1859
5916,-990,1961,-6450,1743,944,-618
5917,6576,-2822,3842,978,-1064,-1930
5918,-3619,-7066,-3112,1923,-1228,685
5919,-5633,-2249,-6111,326,-1901,-530
5920,305,3534,-3746,273,-708,1653
5921,-7848,30,-1890,525,-1810,743
5922,3943,-7347,-5396,-1073,-1321,-1673
5923,2542,2925,5043,1946,-875,929
5924,6564,4588,5255,1068,560,-755
5925,7226,7529,3013,1844,-1688,-1797
5926,-4218,-1530,-5534,1770,-564,256
5927,3996,2843,6478,1042,1688,-1887
5928,2355,2102,146,-1642,-1482,803
5929,-7674,243,-4632,-1667,1247,1643
5930,-5027,3306,-5366,-1168,-177,-343
5931,7067,4977,3538,-1653,812,-680
5932,6611,-595,-4933,-17,1385,-1996
5933,-7807,1573,790,-985,-1669,524
5934,3412,6693,6377,-1104,-1543,-1744
5935,-2412,-3456,-2006,1694,1336,-217
5936,2819,7286,4884,-1918,-785,1559
5937,-3577,-4103,-4558,-1745,1737,-1458
5938,-5077,-371,-6643,-1625,214,1733
5939,-981,-1756,3857,-1350,-1914,-757
5940,3927,2449,-7783,-827,-114,-1025
5941,4868,-7232,-322,1148,711,-1448
5942,3115,7070,-7539,-643,-1292,233
5943,4390,-5361,4127,654,1622,-215
5944,-250,6763,7356,-858,180,531
5945,-3544,-2942,3319,498,1095,-1717
5946,3552,3354,2847,-361,-1136,-747
5947,-1341,-3367,-5043,1435,193,514
5948,1159,-2104,5447,897,-134,-974
5949,701,1672,5848,-890,1437,-14
5950,7729,59,2256,910,1554,-1191
5951,-516,-7651,-3177,1060,-331,-394
5952,5865,6357,-6640,-792,-1840,1164
5953,-1992,-4108,-6916,1237,799,233
5954,-5193,-1766,4344,-537,1357,-72
5955,4659,-2135,-2245,-122,1544,807
5956,-3551,-4194,-3127,1546,741,1308
5957,-1045,-7725,-5548,1122,-713,356
5958,6596,-7830,7146,340,1512,1060
5959,-2062,-2269,5266,791,-631,985
5960,2997,-1428,-5458,-351,-1524,-534
5961,7130,-4119,3020,-1582,1587,1117
5962,-5146,-2395,4962,304,-1537,-1505
5963,-2388,7743,7333,1140,1370,-922
5964,-4466,-1950,-1014,449,1405,1839
5965,4757,2705,2813,49,-1187,-1290
5966,-2931,5385,-6230,-1073,-1697,-1767
5967,-1965,-3989,2330,1047,1825,-1203
5968,-4830,-990,6447,945,-823,63
5969,-5292,6820,-5333,1554,-1944,-414
5970,6740,-6366,6540,-696,492,-1196
5971,-1829,2217,-7187,1685,-725,467
5972,3430,7129,6198,1064,117,-1735
5973,5376,3860,4769,1973,-734,-1283
5974,-2800,-7052,-622,-1321,1986,1769
5975,-1178,6415,4097,584,1724,66
5976,-7221,-450,-3175,-668,-745,-1686
5977,-303,-5321,-631,1439,306,-1478
5978,4602,-610,4803,497,-1650,1198
5979,2807,5014,-309,997,-246,1485
5980,-2218,1944,-5929,-671,1659,-719
5981,-3863,3030,4310,-1870,-1529,-186
5982,-3471,-3151,-2173,-1470,1764,187
5983,-3669,5437,7630,798,1292,410
5984,6200,4814,-1730,1564,1238,-1817
5985,-308,860,6645,283,-73,1167
5986,-960,513,-6889,1009,1340,607
5987,7588,-4224,3354,23,-138,1075
5988,-7067,6658,7313,-949,-160,-910
5989,3241,-192,-6416,-1005,1886,415
5990,-4217,-2473,-2664,-1144,-1906,-1199
5991,-6100,-5479,3803,-47,1612,1758
5992,1593,5124,-668,532,-371,-280
5993,2050,5725,1973,1029,1703,390
5994,-6516,-111,-1599,381,214,1114
5995,-3719,-42,-2172,-1065,64,-759
5996,-6605,1960,2627,-1769,436,-1884
5997,-4610,7459,-620,-1432,849,-1716
5998,-1867,1381,-400,709,-132,112
5999,4621,-7685,-7676,-1123,-1250,-678
6000,-204,-5688,3237,287,834,1293
6001,-3520,-6860,2345,-381,-782,-1290
6002,2100,-3589,6158,-754,-487,1537
6003,255,6610,-4453,1395,517,-319
6004,-6470,-5896,-7534,864,-218,1866
6005,4120,-6400,-7334,-1806,-244,1714
6006,5943,5810,1574,431,1687,-1704
6007,230,7235,2008,1281,363,-22
6008,7250,-1440,4616,931,1851,-458
6009,-2187,-4108,5726,-686,1684,1940
6010,-2824,2261,-4900,1322,1800,-635
6011,2685,-6365,-3684,-1654,-1766,-1769
6012,6695,-2978,1837,-1087,-1626,1654
6013,-2567,-568,-5880,112,-684,-1631
6014,-389,6767,5511,-1921,1557,968
6015,-6775,4048,7351,1093,-467,-1808
6016,-6624,-6230,2654,111,-442,799
6017,-1708,3782,757,-582,-835,-726
6018,-4127,2074,-7246,-450,-1329,-1292
6019,-1527,2733,3705,1507,1430,172
6020,-333,-3519,-7502,667,-835,-935
6021,6156,-3230,-2456,672,825,-1755
6022,3959,7604,1455,-1623,-901,226
6023,-3610,-5545,-5855,181,-776,1830
6024,7615,5537,3233,-902,457,-181
6025,107,-191,2464,-1104,619,-506
6026,-630,3809,1482,419,859,-352
6027,-6399,-6923,7054,1972,-78,1089
6028,-2353,3139,-6966,463,-1521,99
6029,5643,-3627,-6175,-351,380,1859
6030,-4507,3012,1299,-776,957,1374
6031,5606,-6418,-2328,791,-589,-817
6032,-5177,-2986,1340,16,-602,1162
6033,-6200,-7744,-3478,1482,-959,-58
6034,-1098,-3326,-1355,-1386,1742,1151
6035,-1325,5105,7340,-835,349,-1726
6036,-2892,-5185,-7280,-719,-1782,-1383
6037,-1881,5947,7583,590,-814,-1347
6038,4008,6603,-7725,806,1857,208
6039,-1761,5027,-5897,-570,1445,663
6040,-4140,7870,7520,-75,-1267,697
6041,1546,-7531,7419,-696,-1636,-1921
6042,1803,-5160,7733,1155,1500,1074
6043,4794,-6350,-1932,1705,1743,1637
6044,7163,-1344,6817,453,-67,-1611
6045,5457,-4654,4419,-1605,1233,1736
6046,-1110,-917,1586,-1000,-330,-798
6047,7255,7916,-311,-546,-781,-1008
6048,6206,-1377,6876,-1807,-628,-1723
6049,-1176,3172,-7651,1362,-1226,1227
6050,-2953,814,-5094,-195,548,-607
6051,-3022,131,-2990,92,305,-899
6052,6981,-4261,6119,356,-1123,1874
6053,1704,4480,-6071,808,-1931,784
6054,-5636,1704,2901,-1758,-1466,-501
6055,-5672,-4880,2210,1805,1489,-1061
6056,-357,849,-4300,-296,1555,-1293
6057,-2111,-6881,-5807,1657,-304,-161
6058,-5199,251,5985,1604,876,1559
6059,-4434,-2296,-5544,1149,-1618,276
6060,-6434,-1045,5971,-1537,578,664
6061,3982,402,3716,934,1537,-1316
6062,7042,7525,5554,-1534,-851,-1190
6063,-5866,3963,-5250,1548,-664,-1636
6064,4727,-6901,-3927,-1077,-154,-1216
6065,-2809,-2720,-7832,-796,117,-1145
6066,5718,3164,-4493,1680,833,-481
6067,1737,-3995,695,1665,329,-264
6068,2700,6196,6493,-1583,1349,942
6069,1523,3305,-2889,-805,959,998
6070,2772,6877,4264,1830,-1383,289
6071,5322,4493,-4315,54,971,1678
6072,7171,6351,-3151,103,-1840,-600
6073,-7452,-810,-889,1881,-1624,-598
6074,5425,-3569,-1598,590,1105,-1978
6075,7634,-7164,1406,-1026,1249,1367
6076,-4026,5283,-3384,366,-349,322
6077,4404,7264,-984,892,352,-1922
6078,-4968,4257,-4732,1141,-1717,-1958
6079,4831,-1843,-4612,1607,476,-995
6080,2819,3732,3435,1845,204,-779
6081,6631,-1833,2623,-1247,507,1141
6082,7834,-5418,-1660,-852,-490,-115
6083,-5802,3901,4135,-1415,855,-861
6084,-1248,-1495,-6912,-589,-1470,1493
6085,587,4259,3295,839,-1925,1181
6086,1696,-3509,5658,-1741,-151,-1598
6087,6528,-2828,1928,1057,-337,400
6088,4154,5136,5383,792,74,-611
6089,-6799,2118,526,445,-1516,-919
6090,-3266,-6266,7037,-476,-340,52
6091,-5622,347,1808,1367,1406,-1874
6092,-5494,7383,2289,-681,633,-93
6093,-4335,4458,673,866,690,1630
6094,978,-4387,7259,319,-995,-1490
6095,-7896,7288,-2396,1720,317,-1615
6096,7913,2722,-7827,-1822,223,785
6097,-5603,-6603,6385,-1319,-1325,576
6098,3768,-3985,-6178,440,602,191
6099,7024,-2845,663,-712,-499,-726
6100,-7178,3200,7416,1142,1661,1773
6101,3751,3814,7893,1216,125,-1770
6102,-7455,5683,-6488,1817,766,825
6103,3322,-4176,-3230,1946,1945,1297
6104,-6066,954,-323,700,871,-656
6105,3582,3800,-7011,-399,-1381,-632
6106,6721,3910,-1816,1472,-1843,71
6107,-7134,-3655,-7361,1005,1713,454
6108,7042,7995,-1128,1388,405,1455
6109,-5446,3801,-5728,-995,1524,721
6110,-4188,4145,-207,711,-86,718
6111,-1457,1514,-5467,-907,1649,1905
6112,-4854,-2557,1063,1023,684,-355
6113,4201,415,-5865,-892,624,-1433
6114,2087,6103,1068,792,-1191,-1528
6115,-6967,-3992,-1337,-384,-418,-1941
6116,-1246,-6625,5092,-682,1379,-1823
6117,3846,7228,-3070,410,-1102,-481
6118,-3634,-5194,-3252,-577,-1960,779
6119,4980,-219,-4879,-739,1044,1640
6120,-5189,6741,-918,-685,988,1833
6121,-6204,4163,3787,-1202,776,-1517
6122,-1712,2642,-7241,-465,769,1531
6123,-6812,3299,-760,-404,-980,1899
6124,-332,-1929,7167,1919,-546,-1288
6125,-71,-2090,1710,-795,-957,-1354
6126,-3324,2063,-2818,-98,-70,1876
6127,7796,2398,7986,-415,-749,59
6128,-704,-6111,-5111,-1965,-881,-115
6129,3027,5500,7261,-1877,325,-131
6130,-2731,-54,4144,-1009,-90,-582
6131,5473,3943,2283,864,1017,533
6132,1629,1115,-3546,1118,1538,891
6133,2032,2981,-2917,1468,-973,655
6134,7164,7670,4700,239,-1049,-738
6135,-538,-6065,-4971,15,-241,-921
6136,-4974,-7655,6426,321,1434,-1379
6137,-6618,4380,-7199,66,-344,-1588
6138,5450,5226,-7548,1900,-193,1210
6139,3664,1637,-5859,660,-168,299
6140,-6138,-1844,7486,-280,-131,1131
6141,-4347,7119,-5625,-1439,315,702
6142,4070,-2613,-4871,-1677,1317,1031
6143,5977,-2125,-2553,-210,-1979,339
6144,-6502,6312,7968,-1909,-496,-1828
6145,6079,-5022,-89,1547,-337,-390
6146,-156,6645,-6588,53,525,-1704
6147,2173,-36,1802,464,-651,-429
6148,-4708,2063,-7400,760,-874,-1705
6149,6461,52,-5240,-1212,728,-319
6150,4663,-5399,-321,-1994,1178,1829
6151,-5723,-6730,872,-777,1140,1297
6152,979,-3283,7495,363,-975,523
6153,3821,-6356,-1585,249,191,-883
6154,5364,-1191,4839,-1196,-1512,1556
6155,-6501,-3756,-3968,-721,-77,-1434
6156,7799,6044,-6853,-77,1593,1030
6157,-7845,4648,3168,-593,346,1758
6158,1672,-1081,1075,831,-1648,1894
6159,-1776,-6675,2896,-1788,479,-708
6160,933,-4673,5421,1388,1119,1107
6161,-2892,5355,-7692,-1989,384,-113
6162,4121,-2317,6654,-354,-1367,260
6163,2167,7508,6887,-79,-459,140
6164,-2951,-1599,6292,-520,-1302,-1427
6165,2582,-2878,5419,-193,-1666,336
6166,5248,-2202,4414,-1470,598,-290
6167,770,-7618,-6125,-298,-1089,-21
6168,5495,4381,-3769,1617,288,-912
6169,-2325,2826,1444,1103,325,-143
6170,-6613,-5587,-444,81,542,-541
6171,-3946,4635,1171,-664,-940,242
6172,2979,6924,-5303,-1363,1918,250
6173,-7085,-4270,6150,-720,1183,1182
6174,-6035,-6871,-6713,-229,-639,1044
6175,-5851,2814,-1768,-621,-675,-1772
6176,-230,-7862,3278,1440,49,-114
6177,-97,-7063,423,1873,-1875,1616
6178,675,4119,-15,1025,1567,-884
6179,-2598,2858,-6352,1244,496,1358
6180,5441,7586,-3018,-563,-1441,-1858
6181,5907,-4847,-4685,-1916,1803,-226
6182,-6765,-6523,-5130,472,-511,1194
6183,-5994,-512,-2252,1940,-1774,1068
6184,5208,-7920,-666,-1157,-1610,1458
6185,-2295,3236,1401,917,1537,1579
6186,5079,-4763,6212,-1616,-93,115
6187,2223,-5446,7718,-1666,538,1235
6188,-3327,3275,-1823,485,-1681,-287
6189,1883,6504,-5786,-135,-1900,-477
6190,-737,-3459,2300,1835,-413,-862
6191,7707,5921,3784,599,-1413,257
6192,-6619,-5324,-1035,-1344,-1590,-1509
6193,-1554,4792,6736,-1110,1052,-1163
6194,-7157,-492,-4826,620,841,941
6195,6138,-2252,5331,-822,971,1653
6196,6355,84,588,-1997,1627,1930
6197,-7590,-3547,5330,1814,779,1893
6198,-2590,738,-209,1369,1982,-809
6199,3062,-4682,7902,16,1033,1674
6200,7998,4069,5447,294,1750,564
6201,3524,-4706,-7840,-1995,-1056,350
6202,-5602,6268,-4964,207,-168,1952
6203,7275,6597,-7893,1439,1254,299
6204,-7841,2797,1719,-718,-548,1627
6205,450,-1774,2534,1649,-20,1518
6206,6682,-4069,-2681,204,1480,693
6207,3668,7534,3556,-226,-1917,1259
6208,7801,2379,4947,1561,959,149
6209,-2090,-558,-2487,-555,-218,-1146
6210,-5820,-1700,3880,-705,-1774,698
6211,5081,-4402,6539,-1784,1439,1477
6212,201,6746,1491,-802,-1185,-1799
6213,-3124,-7576,4423,-1350,787,-206
6214,-3768,6386,-5433,744,-705,63
6215,-1332,5499,-7120,-1867,-963,1293
6216,3619,-4612,-1676,267,384,1351
6217,-3342,6146,-1329,-642,813,1387
6218,3605,4127,7556,-1071,-1320,363
6219,2691,7685,-7549,876,1639,-931
6220,-3871,-7042,-1696,-695,1682,-28
6221,-5429,-1488,-1818,-525,-1020,244
6222,6943,-1560,2925,1056,-1776,1585
6223,-7135,-2312,4691,-381,-1102,1197
6224,-197,3776,-7654,-1915,933,-693
6225,-2093,-6340,-612,-1076,515,-1411
6226,-6250,7938,6450,-1520,1238,734
6227,-5164,-5500,4259,-1024,692,-1937
6228,4959,-4991,2086,335,3,-1917
6229,-3800,3188,-7612,724,1816,1049
6230,-7484,6473,128,1531,-367,-1198
6231,-4887,7486,7366,-1494,465,276
6232,-2204,6698,-917,-1037,682,-1868
6233,-797,-1515,4446,-708,-114,-853
6234,-7966,-1629,-7710,-1364,772,-390
6235,2788,4457,-3838,553,-137,90
6236,-5362,6678,6219,-998,-280,-1743
6237,1740,-2543,7837,398,-1363,-987
6238,-4682,-1093,4841,-1608,1025,-171
6239,3726,991,-3100,1003,-1815,-352
6240,-2408,-4474,2493,-61,-57,-847
6241,-1644,-412,2799,1311,1073,-804
6242,-495,-3896,-7813,1219,491,1981
6243,3428,3383,-3991,-215,-1320,531
6244,-2116,-214,-4172,-664,854,116
6245,2774,-4359,6357,1827,-617,-871
6246,6468,439,6490,1889,1924,445
6247,6569,4665,-6763,-1135,915,-705
6248,1002,406,-6477,1717,-1981,-1555
6249,1705,661,5515,552,928,-733
6250,-1,7749,-6213,-1993,19,711
6251,926,-1518,188,-677,-739,-709
6252,4480,-2651,738,-1851,-1848,1366
6253,-1867,-1463,-1187,-950,1134,1880
6254,6513,-7528,-493,811,975,896
6255,-4354,1781,6945,-953,1004,-818
6256,225,-4275,2597,-1128,-434,-1816
6257,331,-2876,1691,1076,-1649,-1384
6258,7831,-1378,4546,256,-281,-990
6259,2473,7698,7338,1356,-1707,803
6260,-4443,-3718,-1150,1145,1315,-1910
6261,-6001,-4562,-3355,1218,1279,-817
6262,3364,830,-3804,571,-115,47
6263,-7984,-1977,7743,742,-1691,1227
6264,-7217,4393,5143,-765,922,1982
6265,-3961,-986,2616,778,1767,1793
6266,5319,1054,4545,26,-1547,20
6267,1629,-1623,6765,-1025,1708,-699
6268,-6877,5913,-735,829,-59,1663
6269,3465,-3540,-5331,1288,344,934
6270,6006,2712,3449,1547,1102,-1434
6271,-5949,-4728,-4727,674,-1731,-1118
6272,2629,4755,5747,-323,-957,1232
6273,5092,5004,-2745,-1247,-1325,1850
6274,-6808,3054,-2034,-774,-402,-82
6275,3087,-1062,-2629,633,626,-964
6276,4295,-4275,-1847,1967,349,-1318
6277,3502,-4058,6832,-1878,811,1825
6278,3166,-1765,4488,268,-1986,1035
6279,-5602,1677,6294,238,91,-287
6280,-7,-4014,5422,580,371,-1984
6281,3572,-7381,2306,1101,847,-1039
6282,1995,-7526,-2092,1139,1178,-1654
6283,-7495,-5700,-3718,1601,515,-647
6284,-5121,-3191,1793,1645,-357,-689
6285,2106,-4022,-1352,833,-1809,-91
6286,-4209,-1283,7132,-1231,103,-298
6287,-2669,3774,7289,-655,1071,400
6288,-7105,1003,6282,1397,-1227,-1456
6289,-7734,-5193,2112,-607,-1960,1481
6290,-1585,3319,4183,1007,292,-1751
6291,-2054,-221,-6965,708,-1023,-1176
6292,7108,2050,-5039,650,411,1430
6293,638,-861,3876,-80,1733,-500
6294,-3557,2950,-1258,-359,-905,-1871
6295,-7778,-6945,-1058,-1763,-178,-1072
6296,-6642,274,2742,1525,-613,1292
6297,-1752,2235,-5024,-824,-1053,-95
6298,-1896,2856,1513,-1603,160,-1858
6299,7786,-7945,5928,-519,57,-827
6300,-367,609,-7706,125,-1923,-1191
6301,6321,7824,-7191,-1704,1868,411
6302,-4491,9,5497,1069,-1073,-1381
6303,-2835,-1451,5896,1544,-265,-434
6304,3372,-1000,3069,122,1478,540
6305,7160,-5227,1241,-1200,1060,-1983
6306,-5304,1643,82,201,-909,-648
6307,4687,746,3781,1614,905,695
6308,7119,1620,-7359,-924,729,-719
6309,-1966,-5799,5067,822,-155,-1091
6310,-723,768,-4851,-1491,605,426
6311,3663,2188,1436,1162,-56,-1382
6312,-952,-7317,6248,-1833,-79,-245
6313,-4014,6415,-5940,-711,-1416,29
6314,-4319,-167,1005,-1901,-186,-1048
6315,329,7914,7073,-440,-1876,-791
6316,-5138,2061,-3110,239,-231,-1839
6317,-4500,-3272,-2669,-493,547,-1865
6318,6907,-4117,5603,-998,1991,1246
6319,-4460,7387,-3876,443,1723,-1738
6320,-4388,-2058,-2930,1775,-1999,1639
6321,7804,-6080,-4024,488,50,1784
6322,5692,-4687,-6528,-491,1449,514
6323,5943,7342,4783,-531,-1766,-986
6324,5411,2735,-3901,144,1358,1481
6325,-5998,1076,5508,1646,1079,1086
6326,-3895,4332,6194,1805,1851,-1534
6327,334,6772,6690,819,-1469,359
6328,-1779,-5628,-7128,1172,86,1956
6329,-217,-4869,-4220,-1326,-200,1575
6330,-6433,-5255,4509,-654,-951,-1828
6331,-4589,-2272,715,-499,-154,-23
6332,325,4634,1451,-1013,703,1667
6333,-2867,-4095,4929,1509,1497,-1739
6334,-2448,-2849,-6991,-832,-1602,810
6335,-6821,5947,-461,-1805,376,-1048
6336,2235,3482,3842,1361,872,311
6337,-4679,-4664,1921,949,-895,95
6338,-6907,1123,855,-1245,-1484,-956
6339,7562,7411,408,-1908,629,276
6340,6224,5062,-7795,540,526,-1621
6341,3571,3167,3608,192,1393,975
6342,7065,7856,-3074,106,573,-1295
6343,-2081,-5661,4381,-1504,1104,-1260
6344,7913,347,5269,1875,-1631,1057
6345,-2677,729,-5965,-1610,1050,-745
6346,5283,7864,5968,-673,1730,996
6347,-7758,-7780,-1515,-1382,1892,-340
6348,2876,1900,-2040,423,-386,1131
6349,4857,-4092,7032,-233,-1058,696
6350,-6092,2748,2604,1540,-596,1243
6351,4014,1543,-7079,1572,-103,-1586
6352,6407,-2649,1617,1874,-1091,637
6353,512,-882,-3815,780,900,-281
6354,-4806,1027,-7893,-573,630,-12
6355,-1081,-6193,-3911,786,-839,677
6356,6423,-2302,-1286,-823,1084,-1602
6357,1427,382,-7838,-1668,653,-1875
6358,-6691,1674,6348,-110,1174,1273
6359,-6025,403,-6694,-1724,1130,539
6360,-4867,6004,-4318,1293,1239,1123
6361,3367,-2069,-3776,541,1896,414
6362,1107,955,-5352,-1975,-424,-666
6363,-2502,1084,-5346,1486,1289,-187
6364,2126,-5107,-1424,997,-1076,-1036
6365,2761,-2593,-4857,-1405,-363,-1763
6366,4059,-4453,6281,1527,-862,-580
6367,-459,-4266,-1330,1028,-1579,-131
6368,4812,2538,-2205,-580,-1726,-321
6369,-395,-2661,6790,292,-1564,352
6370,-3451,6361,-728,1321,-953,-837
6371,-4691,-2729,808,571,-1702,-427
6372,-6292,-1929,-5439,977,-1172,-867
6373,6145,-1795,-2705,53,-499,-203
6374,-5728,6334,6294,1564,-1975,533
6375,-7408,-2757,-5416,1788,430,-1956
6376,-1902,99,-7743,192,-1308,1909
6377,2037,6001,6111,-393,577,442
6378,-340,7817,-6253,1166,-1299,1824
6379,-2974,5051,1749,1335,-923,920
6380,-2135,2432,-7756,1158,-738,-570
6381,-6079,3707,-6536,-215,587,563
6382,-4135,-202,-6446,-881,-1951,1831
6383,-3893,130,-1495,-1114,32,-218
6384,5652,6538,-2335,-36,-240,1526
6385,-6851,-1903,-3574,357,1958,-1025
6386,-114,1122,5767,306,-1361,-734
6387,-2316,6781,3032,1050,-162,1689
6388,2432,-4035,-7303,-1498,1252,1413
6389,3971,2763,-366,-1298,-1486,-874
6390,-2649,6708,-733,-1532,-1006,309
6391,416,-7698,-7658,-510,-1887,-1868
6392,-1861,-5369,4406,1473,-356,1051
6393,2878,6086,-7244,970,-1561,787
6394,1740,2880,-885,48,1798,-67
6395,-7451,4661,-6439,262,-488,-1757
6396,7891,2415,1087,1032,-1273,748
6397,73,-5728,-5130,118,217,1828
6398,5995,-7216,-4894,-584,-1736,-1435
6399,1531,-1846,-7677,-1626,1701,-765
6400,7579,7418,390,1340,-1651,-1308
6401,7366,3118,-3399,1496,291,-1882
6402,3176,-1671,4066,1318,-612,-623
6403,-3351,1419,2018,-1972,170,1731
6404,-6620,2276,-3591,539,877,-438
6405,4948,7386,1550,1190,1087,802
6406,7016,-413,1303,-995,1392,-1555
6407,-6654,4100,880,1633,-1982,1305
6408,7147,-6613,-5738,1453,631,1116
6409,-1260,1713,1300,-818,145,-1320
6410,-194,-2718,3526,110,-1795,-771
6411,1110,-2700,7136,443,308,-483
6412,3186,794,5037,1968,-1649,1999
6413,-7542,4507,7812,391,-1941,1765
6414,1980,-161,1358,-1107,-609,-1492
6415,3032,5989,1637,-462,-789,-1051
6416,6755,-895,-1456,1182,-684,-1282
6417,-58,-3429,3451,-612,294,587
6418,3680,-5913,5284,-997,-368,-1878
6419,3952,6099,3784,684,-1132,688
6420,3364,941,-2855,-583,1460,-620
6421,7303,-743,-1204,-548,-1140,-1247
6422,3248,7249,1691,-734,770,76
6423,7044,6971,-2861,314,1966,-88
6424,1265,2658,3967,1090,-1828,991
6425,-1023,275,6551,1199,238,-94
6426,-5237,-2156,-1065,-801,-298,478
6427,-4156,1044,5216,719,637,-908
6428,3232,3873,-5291,-1908,1894,-1329
6429,3389,6257,-6358,1904,-976,-1312
6430,-2463,-2483,-333,-839,1556,-1714
6431,4042,-7920,-278,-1049,1390,-591
6432,-6712,-1016,396,-1209,-602,-1339
6433,700,4135,-1454,-1009,-1240,-905
6434,868,7719,-5994,-518,287,-1950
6435,5701,-5875,4679,1087,328,-439
6436,797,25,7661,-40,1575,1235
6437,1611,5125,7644,1897,-1618,-1350
6438,7398,4682,5638,572,805,908
6439,-769,-390,6297,-1471,-137,1922
6440,7048,461,196,-555,660,-1403
6441,2770,3573,5286,1392,-1484,-173
6442,5907,31,-4917,750,1446,-952
6443,-6193,-5060,6539,-380,1609,-1485
6444,1349,2750,-3621,490,34,-1360
6445,6275,1382,2579,-1299,-103,371
6446,-3126,-5879,7420,634,933,-1386
6447,-7555,601,-6052,1781,1347,-1731
6448,-3390,-207,-7526,1521,-597,-1234
6449,6889,3441,-3671,244,-417,-1286
6450,-2105,-435,-972,582,-1046,479
6451,-6327,-6108,-4959,-1820,-1968,462
6452,-1059,-893,1652,1648,-1387,848
6453,6485,-3029,2343,-1072,5,-1065
6454,-6692,5102,-6462,-1414,1432,737
6455,1909,5866,-5768,-215,-110,-1054
6456,7015,5743,-1711,1934,1622,1560
6457,-6955,4906,5681,1072,-346,507
6458,-777,5205,-3056,554,-960,1452
6459,5564,-6988,6484,259,-1398,631
6460,3372,6185,-3773,544,-642,-1513
6461,-7443,1253,681,1584,548,-1163
6462,-334,-2829,1840,-1837,-783,-106
6463,643,5796,3541,-565,1772,-1012
6464,-3224,-1933,-7260,-715,-1020,-1072
6465,-898,-3127,-5319,-1298,655,-783
6466,-2217,4745,-4975,-1616,151,-807
6467,-5195,3465,5236,738,527,1124
6468,-3618,7778,4394,-514,1523,499
6469,-3127,3269,1339,-403,-1112,1340
6470,-337,-2224,-2398,-447,1557,947
6471,6484,3372,6433,-433,-918,1447
6472,643,1002,-7890,-8,-1867,-4
6473,-1400,6985,4836,1167,-1011,1511
6474,-2268,6482,-7885,-1976,-1478,248
6475,7913,-7806,-3984,1511,-1048,-1824
6476,817,630,-2682,-528,1500,-1242
6477,3669,1007,-6153,1697,799,-602
6478,-1607,6817,-1512,-958,-1033,-360
6479,-3569,-7478,-419,189,1948,404
6480,1803,4801,-6716,-1280,-1935,1786
6481,7645,-2652,2731,1193,-1961,761
6482,1335,-3707,-345,1207,-39,-1879
6483,-1990,-5840,1697,1866,-683,1949
6484,5819,5278,-5933,1664,1186,-1554
6485,5706,-3770,3015,1551,1352,513
6486,-3585,1960,-223,-786,1168,503
6487,6449,1323,-4292,21,-181,1026
6488,-1998,-6581,-3,1389,56,-168
6489,6934,-6172,-5780,-1174,582,-864
6490,-6956,-5148,1592,-837,199,-1433
6491,6353,-2459,2538,924,1020,-596
6492,7096,-4350,-2633,229,-285,686
6493,1237,-3566,5478,-1451,310,1740
6494,-4580,7169,-3375,346,-1526,-1241
6495,-1299,-1337,4348,1697,-1806,667
6496,2206,5534,7769,-587,-60,-666
6497,-4991,-7832,3154,358,-824,587
6498,-4479,-3392,-3050,-196,-1048,-1919
6499,1502,2738,-2028,723,-1979,-1999
6500,-5489,348,-5897,280,-748,-1633
6501,3482,-1161,2840,1072,-87,1471
6502,-5445,6784,4540,-1210,794,53
6503,-1294,-2140,-3763,-1513,1942,693
6504,-5090,6738,1169,17,1305,281
6505,105,2481,2773,1777,-552,-1503
6506,5410,-399,-348,-91,-1714,1041
6507,-5120,4859,4416,438,-124,-893
6508,1022,3688,-2533,1517,-19,1828
6509,1080,-4621,4100,1204,-1182,-1484
6510,3568,6987,701,1067,-1263,397
6511,5340,-6303,2213,-675,1157,-1494
6512,-2749,-2887,-5833,1695,1130,-579
6513,-4011,5609,-7196,-1124,-1935,885
6514,1191,-3745,5528,837,419,1355
6515,-5023,-4970,4232,783,-1509,-1315
6516,2961,-1237,-7813,-1442,-900,1880
6517,-4939,2589,-5854,-1794,995,-1136
6518,7960,419,5591,-169,-422,909
6519,368,-2457,819,-1760,1454,1832
6520,2320,-1044,2096,-905,1046,1168
6521,4223,6006,-1823,1699,399,-1376
6522,-7479,3883,-7984,634,-344,-63
6523,-3848,4565,7471,1181,1548,252
6524,-6216,6203,1809,-1903,395,1748
6525,2717,7529,299,328,1664,-749
6526,4163,79,6738,-1938,1361,-809
6527,-4189,6018,-6931,-485,-95,-1273
6528,-4304,-798,3394,1699,-313,-45
6529,-7367,5237,4002,288,-875,-1856
6530,-2700,-3506,-2267,607,1540,-792
6531,-3161,3408,-7022,-1563,965,-805
6532,7087,-1596,-4795,1338,1922,-1057
6533,3626,-5845,-7349,1402,1050,1600
6534,-6602,6822,-4626,-1140,1625,1960
6535,3291,2585,514,-349,1547,-1412
6536,3094,-2822,-256,1827,-593,-1739
6537,3976,-5774,-5326,-1178,-452,967
6538,-6239,-6176,4683,1302,-1686,-347
6539,-3174,-7720,-5584,650,1626,1113
6540,-4659,3299,4159,-1739,-1144,1262
6541,3929,4989,-1852,-1838,1789,212
6542,-7822,5175,5284,-266,-1750,424
6543,4540,-3730,7552,925,-1799,142
6544,-1028,3899,4266,953,-950,-139
6545,-826,-3238,6717,1388,-1987,1236
6546,7046,-4365,5007,-1521,-1430,33
6547,-6497,5888,6629,-1368,913,769
6548,2288,-3683,-6305,1160,371,-149
6549,7999,-5208,-5662,-605,739,-1512
6550,7024,-3048,-2025,-1101,-57,-1031
6551,5051,-1090,-7951,-690,-1140,-975
6552,-3888,-3039,-5608,-846,-1764,-672
6553,5225,2256,-7616,1456,-1310,-152
6554,2610,1287,31,-1417,993,745
6555,7393,3342,5210,-565,-1118,-1507
6556,-6508,2167,4001,696,199,-1343
6557,6775,-3591,-6032,-482,-1277,1017
6558,1012,-5392,-1884,953,1185,-1689
6559,-1968,-1356,6760,1251,8,-1384
6560,7797,4342,9,706,1222,1915
6561,-7246,-2365,4854,-1520,-296,676
6562,6086,-1404,1759,-1992,-1526,-888
6563,-6295,2896,-4211,1995,760,888
6564,7601,7098,2021,-1755,236,-811
6565,185,-125,-1638,-899,-1463,-888
6566,149,7529,5601,-417,-342,228
6567,7323,-5427,-1798,-1770,1081,135
6568,7435,1022,1101,1193,-200,1582
6569,-904,-4557,2123,301,1573,776
6570,-3907,5937,-3361,11,-649,77
6571,-5268,1317,-1356,668,-1798,838
6572,1802,-2796,-1292,-154,10,411
6573,671,-6446,-5974,-1254,-1687,1561
6574,-1242,2493,-5335,-1480,-754,-1750
6575,-6962,-1852,-5243,-975,-573,-1642
6576,-3552,-5794,127,1153,1035,107
6577,4215,4202,978,-820,1305,1489
6578,-1670,-7464,4624,-1232,48,31
6579,6010,-1611,1685,586,-610,518
6580,5433,-6332,5433,-410,-659,-1698
6581,-1679,-6717,2818,1819,1072,-1267
6582,-1462,6602,-7599,1354,-996,-623
6583,7707,2883,4731,-212,-447,-1594
6584,2469,-7224,-92,1309,-1146,-964
6585,-5004,6813,1861,820,-1510,1369
6586,-5921,-2061,3937,1907,-992,1399
6587,-2925,3780,488,193,-635,-171
6588,-7441,-7968,6987,1583,922,-1360
6589,-7614,2765,-4786,1256,462,598
6590,7824,-2877,-7152,-1017,-888,-865
6591,5500,4457,-7856,852,-1590,1351
6592,-3015,1001,4811,-96,732,-199
6593,-3561,-5731,-7928,1782,213,-184
6594,-3825,444,-5951,1862,-1699,-1630
6595,7396,-1278,-7145,1125,1285,-294
6596,-4868,-5239,6960,-1909,933,-217
6597,3041,6924,-2662,-1682,-853,1968
6598,-3809,6599,-6302,882,602,1338
6599,-5669,-1896,-7357,-946,999,1553
6600,6408,-6841,4220,1898,360,1290
6601,-7402,3176,2496,-336,898,1125
6602,-4299,-6004,6319,79,-1150,-1326
6603,-1091,-7192,7936,1401,1833,-198
6604,7364,3053,-1264,-1998,-243,-1804
6605,1963,-5542,4562,-671,-1281,593
6606,3415,-7194,4044,-847,-1953,1862
6607,2008,-254,7092,1507,-1363,505
6608,3438,-198,5158,699,-316,-524
6609,-6838,-2251,7144,-547,1161,-666
6610,6743,2639,-1545,-1851,360,-1289
6611,-4968,790,7622,-989,-729,908
6612,1487,6232,5132,-82,-627,-1068
6613,-7771,-2675,4259,1504,-1348,692
6614,2767,-5159,-6017,911,1392,1699
6615,-46,-7261,-6173,293,-1280,-977
6616,-740,-39,5258,-1743,-374,-795
6617,5607,6777,-5177,-658,895,227
6618,6956,3548,-7699,878,1643,140
6619,-571,666,7916,1293,1753,394
6620,-1726,7523,-5241,111,-89,791
6621,4867,1729,455,1044,-791,1226
6622,-6408,-5473,-3528,-1793,1338,461
6623,1186,-6239,-319,-50,1301,-1191
6624,-2596,-4139,-7677,-1355,494,1057
6625,5205,-5212,104,357,-576,1458
6626,-6519,1914,-4926,-1001,1325,-687
6627,-7723,-2957,-705,1796,-1471,1441
6628,5079,7765,-4547,-1224,1884,-1083
6629,-6756,1055,-4349,-1971,-865,1157
6630,-6760,6816,-4454,-1397,-359,1029
6631,-3601,-4291,-3600,582,-1339,1466
6632,2926,-4684,-741,-1519,385,-630
6633,-6659,-6786,1040,-1661,138,1445
6634,-7210,6713,7038,-540,839,-97
6635,75,-770,2088,842,-498,1076
6636,7951,3193,2965,375,238,852
6637,99,5901,-7663,-1268,-656,343
6638,6828,-2109,3780,738,-1044,-768
6639,7356,4427,-328,-362,349,1737
6640,6906,-7741,4015,-188,1464,830
6641,-1052,2473,-5095,72,1537,-259
6642,6284,5549,172,-1343,1351,719
6643,-5235,-519,-5327,1324,-1226,1645
6644,5142,1333,58,-164,-1491,-831
6645,-6270,-6856,7284,-1959,-1806,1955
6646,4875,907,362,129,639,1737
6647,-2087,-5829,-1293,1626,-1522,-1108
6648,-2929,3100,3279,1154,1616,-398
6649,769,5167,-4619,1692,1152,1126
6650,-6091,2882,5541,1025,-92,32
6651,5611,-4824,-7872,-1825,-1354,596
6652,-6219,-7385,4411,396,172,500
6653,-2240,3487,-3661,1355,-330,-604
6654,131,-402,-1459,669,1962,-102
6655,-6391,698,7725,885,600,85
6656,-5771,4301,-2137,-1613,-1376,-876
6657,1895,-7584,-5054,34,592,1645
6658,-5647,-2634,3239,-50,801,-1342
6659,6156,-4398,7848,356,1679,-1228
6660,-6869,3403,7248,1853,291,1023
6661,1049,-1280,1750,-1380,1535,-977
6662,7694,-6973,-4565,-668,-1866,-696
6663,-2600,-6648,3674,-791,139,1119
6664,-6162,1080,3953,-477,516,15
6665,811,-882,2118,559,1586,697
6666,-7141,3478,2244,-763,-599,-1229
6667,513,3675,7893,-836,-266,-1381
6668,3468,-6628,6253,-1453,78,-953
6669,-4851,5730,-1810,-1414,-683,602
6670,3013,-5239,7156,1163,-1907,203
6671,-3779,1412,4549,312,1944,1108
6672,401,5468,-2372,-888,-1264,1602
6673,-3363,6359,3077,1362,1683,1715
6674,102,624,3299,-268,56,-399
6675,1561,1683,-2507,40,-1397,-921
6676,1063,7229,-2980,-1554,-1810,1834
6677,4748,1909,7495,1894,154,-515
6678,2882,-1856,7314,-982,36,517
6679,6417,5818,6254,1349,146,310
6680,-719,4245,-4428,1416,-937,1910
6681,4784,2077,-341,-2000,-1498,-466
6682,5794,4106,-5266,795,996,1612
6683,-6672,5340,7214,1208,12,-1694
6684,-2187,2107,6540,-591,-1355,1708
6685,-6347,6150,3815,790,1003,-780
6686,-6339,-6341,-3420,408,1771,-1639
6687,3015,-4054,-4757,-1730,-1654,1541
6688,-2555,2338,-5590,1834,-215,957
6689,-949,-7073,-715,-480,1033,-1508
6690,-5710,-978,-5960,-1301,602,73
6691,-7462,-706,-3586,-786,-1398,1600
6692,6941,3986,308,872,1141,-527
6693,-2445,-2376,-1970,-805,-1021,46
6694,3034,-5010,2819,1618,-1461,-729
6695,2973,-421,-2458,-1963,-503,-370
6696,533,5380,-6998,-1680,542,-63
6697,-2284,-5967,-1027,-1784,-1291,766
6698,-708,-4233,1836,240,-969,-1510
6699,-7473,-5445,5600,1879,-346,-1261
6700,5529,-5091,5427,194,1202,1973
6701,2294,-5931,-4029,-700,1571,-20
6702,5721,4097,6262,-1702,87,1971
6703,-2438,-2606,4871,1945,654,159
6704,-4067,3432,-4262,1154,-745,402
6705,3057,-3358,-3491,-1821,-1411,921
6706,-6853,1557,-4029,1388,-1533,-1349
6707,-1267,5123,-1289,1941,141,684
6708,723,-1508,-3527,884,-1860,-1491
6709,2179,7915,-3931,946,-1353,1754
6710,189,1956,-7449,-339,-1601,-756
6711,1752,6226,-7609,977,495,-1519
6712,-2542,-278,-4568,-640,-861,545
6713,-5523,4276,-6770,889,-1217,331
6714,5404,-168,-999,22,1361,-90
6715,2664,-3351,7065,1870,1012,533
6716,630,448,7967,1271,-1084,-113
6717,-6048,2975,-4684,648,755,-699
6718,-3394,19,-5814,456,80,-395
6719,7908,2282,5167,-512,-960,-375
6720,763,-3742,1738,1100,1656,1546
6721,-5512,-6662,-3601,1425,1400,1181
6722,5728,-4381,7262,947,456,-366
6723,6403,7816,1928,-909,-914,-846
6724,-4655,1748,3763,-284,1458,-553
6725,-1766,-2290,-6053,-1314,-674,-174
6726,25,3919,-7082,-1969,474,-1155
6727,906,4278,5498,1257,-255,206
6728,2207,-7732,4815,293,-764,494
6729,4238,1757,5592,1115,902,1249
6730,663,415,-6174,1677,-1808,1973
6731,-5489,2550,-5717,-279,-840,619
6732,-704,4167,-7198,-1530,1836,1763
6733,5885,-53,3236,-1275,1640,-568
6734,-1807,-1302,-7043,1261,-1476,1619
6735,-138,7257,-6691,895,-1838,-622
6736,-2960,2193,6771,615,-1250,503
6737,5812,1586,-5136,-684,-194,330
6738,1474,3518,2575,994,696,541
6739,-7066,-1010,6145,-260,-1146,-701
6740,-1099,6397,993,-1715,10,-1798
6741,3990,6329,-3274,1339,-46,-47
6742,6708,3751,4654,313,1072,-1457
6743,777,2405,-4984,559,-1683,-1344
6744,839,5960,-1374,192,-183,724
6745,-3593,-4423,-1585,274,-813,1634
6746,4526,1790,-6777,-988,-575,1941
6747,470,7826,1878,-242,227,1944
6748,6773,-6386,-5473,1210,-1196,-464
6749,1230,2700,-2980,1690,-945,548
6750,-1960,6320,-4822,567,-914,1915
6751,-1252,363,-5994,-108,-610,-1639
6752,-6761,-2458,3915,-250,-504,1826
6753,-4698,5536,-3245,1998,-185,254
6754,-6819,2794,3827,1157,231,-574
6755,6579,-586,683,-561,-682,-1024
6756,5007,-7723,3335,1232,-897,-365
6757,3110,-7526,-5557,-1108,142,976
6758,-1578,6289,-1053,-512,-234,1324
6759,-2194,5052,-1250,769,707,1821
6760,7664,-3456,-5515,1757,-116,-1918
6761,474,-2367,501,1061,1190,-582
6762,-7325,3072,-6111,146,-1809,-1035
6763,-794,-1677,6131,-878,1869,357
6764,-3878,983,3874,-1641,1362,-368
6765,-2962,2311,2992,1048,671,1434
6766,6625,-250,-4227,1342,799,383
6767,5736,-3178,5438,1223,-188,-561
6768,6906,-2432,-4671,-456,-1671,-1172
6769,-4535,-7291,-3486,828,283,538
6770,-3136,5269,-7631,-1444,-122,-357
6771,3523,-7453,-4186,-436,-625,685
6772,-4857,-2582,4056,-156,1352,1762
6773,7094,1016,3756,-491,1532,-1405
6774,7387,6888,-5235,1362,-208,609
6775,-6024,1556,-1361,-1404,-214,1990
6776,2912,7278,-2114,-1106,841,-1688
6777,-6467,-7153,5052,-1384,1711,-1813
6778,2051,-3680,-7246,1331,-1510,-1473
6779,-808,-7909,5500,580,37,-3
6780,4822,-7813,1483,191,-1211,-634
6781,4692,6253,6311,401,-1927,-1358
6782,3567,2498,6308,1221,611,-711
6783,4484,2634,1194,67,1739,50
6784,-7524,-7827,-5863,-1068,1934,1291
6785,6051,-809,-1087,-1379,-1637,1787
6786,-1846,1041,-933,-1923,1007,-1190
6787,-4653,5484,-6961,1894,-965,-516
6788,4640,-3076,2238,-751,1881,880
6789,-4628,3835,-1750,-1010,-181,-1871
6790,-5321,-7044,731,1780,-553,15
6791,-3858,-1971,-5023,27,-1932,1868
6792,-4656,-7673,1822,-66,502,1415
6793,1978,-6490,-3586,-1212,-1877,-1076
6794,-6386,429,-836,1409,1649,-1234
6795,4525,-5890,-5551,-1094,467,-1586
6796,6046,6829,1002,1446,-477,-1458
6797,-3896,-4102,-2369,1898,-688,-1433
6798,6878,-3387,-647,-643,440,1606
6799,6539,6794,-611,506,-248,-641
6800,-5632,-6445,1917,1718,1424,-1592
6801,6803,153,257,-705,-938,964
6802,-7116,6189,-2116,1380,1888,-1682
6803,-4248,-1664,1221,-67,-436,48
6804,3646,4726,2462,-1091,-122,-1769
6805,2792,-2662,5143,-474,891,-1778
6806,1146,2608,-2678,-547,-529,1989
6807,4260,-1444,-2580,-411,-784,327
6808,-3590,1444,-890,-442,-724,601
6809,-293,-6485,-1848,1000,217,162
6810,-356,6427,-4663,480,1482,556
6811,525,-6605,1457,188,-1410,1761
6812,-5988,-1213,4797,1887,1745,1565
6813,-4305,-7734,146,-1441,-94,705
6814,-2635,3573,-5597,-751,97,318
6815,4948,-7843,-5856,-960,1165,1890
6816,3406,-1774,3790,800,-1024,1238
6817,-2137,-6068,-5790,531,699,-1184
6818,1184,6219,-5605,-1839,508,-536
6819,-4349,-3819,-5313,1338,836,-623
6820,-3711,-3545,2723,804,-981,-1159
6821,-4087,-3744,5362,682,44,-1892
6822,7379,-3742,-1527,-1404,-1153,792
6823,2434,-4573,-841,-1128,-489,-635
6824,538,-3084,7753,-89,567,1553
6825,-4480,7495,7467,293,150,995
6826,3941,42,4496,964,-697,-846
6827,-240,-3052,-3781,-1697,-465,1777
6828,5005,566,-5301,495,1145,987
6829,-5048,465,-15,883,-738,-84
6830,-4608,-3738,2720,670,-333,256
6831,5132,-3898,3753,1422,1310,-1406
6832,4605,4025,-4126,-1801,1528,-1343
6833,-3524,-2960,-5911,-232,-916,1506
6834,-6498,-161,3285,-127,-1523,-1573
6835,-3953,-4228,6863,-1100,-613,424
6836,-1207,5275,-1083,-749,-746,1624
6837,2394,-4800,4697,139,-8,-1939
6838,5265,5514,-2583,395,-582,-1892
6839,-7638,-1089,4293,-1061,-1931,-1041
6840,2301,68,-1447,438,1379,-1492
6841,2488,-1729,7545,-1922,-1025,-1940
6842,-542,-6180,-2837,-1354,1879,-83
6843,-7303,602,6937,-373,897,-1488
6844,-2120,740,-2762,-1735,518,1790
6845,-6101,-4146,-2970,1490,5,-168
6846,-3655,4439,-1413,853,-61,911
6847,-2905,718,-3231,1074,1040,1561
6848,-2941,-3803,2081,1402,-387,1746
6849,2212,-708,-46,-1921,1277,438
6850,-856,2636,3901,-1162,-944,1448
6851,-3571,6560,-5186,-1228,1173,620
6852,-3211,5076,-5055,-440,942,1641
6853,-6905,-4772,1614,-628,1989,-133
6854,5322,7244,-2256,-232,1809,-819
6855,-6267,-3174,7352,-359,-1828,1455
6856,-1673,3768,7431,663,1211,1687
6857,6302,-3346,5811,512,-1673,981
6858,6587,-7657,-6832,-1360,-772,-1749
6859,-322,4735,1740,1610,-1566,486
6860,-6128,5687,6138,-1182,491,-298
6861,3634,-2890,-7856,1072,606,-322
6862,2200,4161,-6254,-411,569,835
6863,3781,-3275,-4114,-1184,1146,-1236
6864,6392,7815,-3039,-577,233,-1271
6865,3191,-1012,-1910,276,1811,-951
6866,3581,6430,-4607,-1560,209,-421
6867,-3827,6465,-6824,163,-811,-1123
6868,7918,-2164,5865,1747,-176,1327
6869,-5714,-3519,-3585,804,1169,-1468
6870,1938,-5600,-3561,-1452,1751,865
6871,-1102,-6663,231,-1587,-231,-941
6872,4324,2648,-2188,85,1601,-964
6873,-483,2174,-2749,309,-1336,-158
6874,-6948,-3503,864,-800,1089,-74
6875,3835,2042,-6032,-925,180,1784
6876,1000,-2754,-5959,1563,318,1751
6877,-4449,-3762,4252,674,404,-348
6878,4693,-5427,-2502,-212,-1774,-757
6879,7594,-5788,-5202,-255,1863,422
6880,-6963,1714,7636,-771,-1893,418
6881,5808,-6384,7407,-1619,-371,-605
6882,-2297,7788,2161,-1217,-308,-1563
6883,5931,2144,2372,-315,-1213,542
6884,-5329,7842,-6847,1560,-1867,-809
6885,-5588,5542,843,-865,-138,16
6886,3343,-2572,-5599,1741,-1900,-1644
6887,1448,-3604,-727,1414,-1564,1490
6888,-4825,-3187,7358,43,1569,331
6889,-3504,-137,2043,-581,770,-1893
6890,-5334,1533,-5488,-1766,834,1477
6891,-3532,-3291,4716,-1745,289,-239
6892,-1671,-6807,-6715,-1090,-1005,212
6893,-2134,5408,1195,1720,-1753,1194
6894,3021,6189,1330,1685,-232,1660
6895,3265,-3256,-2961,-64,-1482,-1860
6896,-3883,6303,1040,216,1963,1406
6897,247,3454,6169,1094,-1502,827
6898,5670,-6941,-4937,-1279,-1728,-1118
6899,-5450,-3539,-1253,602,-1745,1340
6900,-6695,2228,-899,793,820,776
6901,-3982,-2550,-1696,-282,-1098,931
6902,4714,3128,3529,1516,1017,-515
6903,5686,4311,-6801,1608,687,-265
6904,5510,-5164,4636,-1388,-1605,-1160
6905,-7847,-3191,-4575,-1842,478,-154
6906,-3838,-4281,611,-474,-1591,-1938
6907,-5732,-2919,6377,398,-1546,1301
6908,-437,-4721,290,413,-1900,-1082
6909,6637,494,6595,493,902,-1893
6910,2551,-1517,6799,873,-539,1979
6911,1484,-859,118,1860,-191,-174
6912,-762,5401,6158,805,-1457,707
6913,-6661,-6251,7012,-12,201,-1339
6914,3488,4970,6935,157,1145,1395
6915,4172,-7915,-7202,1526,-790,921
6916,-4420,-3240,878,496,-1956,-743
6917,3022,-6167,1808,-1171,1945,-1511
6918,-7176,6653,-6946,-999,-1531,-507
6919,-4978,-13,-2782,1037,740,-838
6920,6787,335,-1859,-1230,301,-1496
6921,5375,-3991,-1684,1244,511,-592
6922,-2705,7122,3642,1139,1027,-449
6923,1770,521,3787,-1771,-1699,-1728
6924,4758,-2135,4064,959,1598,1762
6925,1445,-4120,1019,-131,736,1231
6926,-4400,7993,-5164,1217,286,-862
6927,5179,-4366,-4955,1295,-20,-865
6928,2525,-4037,-6442,-743,47,84
6929,1535,-7294,-3046,1510,-615,-1784
6930,6661,4977,594,-682,-955,660
6931,6744,-5072,6327,1800,-318,-1544
6932,2384,-4474,3248,1068,-1589,559
6933,-2099,-1809,718,1310,-1883,1946
6934,-3366,-4549,7182,-1732,-1104,-1298
6935,2518,3958,3310,-990,459,-1609
6936,-1563,-4286,5413,-1249,1850,18
6937,-6589,-3612,330,1240,312,954
6938,-5579,1897,2614,-1652,-75,1027
6939,-3637,-3297,1711,-1878,719,-457
6940,5397,-2773,7206,-1569,1097,1807
6941,-5974,-3706,2262,1743,-1029,-360
6942,4624,6229,-3189,13,-1291,-22
6943,2860,-7566,4089,461,1980,617
6944,4893,-3096,-4998,1165,1742,740
6945,5010,7895,-5688,1343,-1174,-1353
6946,-832,6520,198,-911,-773,969
6947,-1893,-6013,5848,-560,274,-1599
6948,2589,-5505,-6847,-1636,1489,195
6949,-2104,-1097,-3115,-1384,1697,33
6950,6361,-7421,3642,1757,1041,624
6951,7283,6195,4615,-1701,-116,-1910
6952,2807,-757,-5688,779,-449,-1437
6953,530,1934,-6370,1560,356,626
6954,6994,3097,1665,-236,-1261,-201
6955,3154,-1042,5509,1383,263,-1057
6956,5987,-6928,-2776,212,272,190
6957,7773,6680,-4263,485,177,1103
6958,-4792,1264,4632,-1205,-1336,-995
6959,2321,-7079,7677,50,-685,-1808
6960,-7380,7182,1626,-1447,-1641,-486
6961,7132,-579,-1089,1048,-1708,1501
6962,-1979,2787,-6993,13,-104,-1199
6963,-1967,-462,-3849,1052,1273,-1743
6964,-2101,7187,-3722,773,-1435,855
6965,1515,-583,5617,-352,-1101,537
6966,2399,-5914,-4909,-765,-1625,942
6967,5871,7566,3278,1592,1019,-104
6968,3180,3577,4694,-1834,264,-1068
6969,2447,6119,4098,-1096,-1274,185
6970,5006,-7135,-7220,-706,-132,-450
6971,-7707,4791,-6946,-1876,1774,1246
6972,6188,7513,-4341,1073,-996,-1211
6973,6155,4381,-1456,-1859,1584,-1189
6974,-1908,-119,-3990,-670,1671,1829
6975,-1848,-6721,5386,-1328,-598,-493
6976,-7562,-2055,2899,211,292,1630
6977,-1130,2464,-167,-859,-133,537
6978,-831,-3679,-6024,569,-872,1289
6979,3588,-5527,5659,-1328,-542,-123
6980,-731,-2074,-3815,-1372,-963,-57
6981,7116,2902,5814,-1270,755,-1132
6982,7471,7891,-584,-444,-1763,430
6983,539,-6624,6214,1939,-689,-1505
6984,7013,5667,-4820,-355,705,267
6985,-1992,-4642,-4815,-163,1590,-1247
6986,-6414,-3584,-4707,-1944,542,278
6987,-90,-1012,6459,1988,1958,-1995
6988,4258,5701,1350,623,-610,466
6989,-158,3104,4271,-1976,-1782,-1553
6990,-2907,-3525,-4082,-1621,648,-945
6991,-534,2032,2396,-1786,557,-1129
6992,-5065,6884,-4021,604,188,1097
6993,-5754,2939,-6262,-894,-560,695
6994,7625,-2900,-291,-1909,-1885,1346
6995,-5768,-2196,-1526,18,-643,-300
6996,-2773,-2550,-452,-652,-133,-506
6997,-3447,-4817,7016,315,1230,613
6998,6318,-6814,-6577,-686,939,927
6999,215,2775,-1162,820,-881,534
7000,-3694,232,5668,849,544,1369
7001,482,-7470,-1476,-1486,-32,-605
7002,144,2646,-5804,-1510,1195,-1885
7003,-2306,6897,-3146,245,-1331,-1140
7004,4723,-2357,1144,828,1244,-1865
7005,5078,3643,-7419,-438,-421,842
7006,-6079,2401,6846,751,-730,-950
7007,6875,-3624,-7752,-1086,-271,1796
7008,-2564,-823,-6651,-1426,704,1785
7009,3115,1611,-4414,184,-963,-1050
7010,3677,-3952,7876,979,-1697,1813
7011,4549,-1543,-4309,1641,-1275,1752
7012,85,-4348,3121,-1568,675,756
7013,4945,-7602,-474,-897,684,-824
7014,3163,532,1967,826,746,-1362
7015,4175,6732,790,1178,-1860,451
7016,-5180,7485,-5148,757,1401,1521
7017,-854,7661,-4215,1009,30,1280
7018,-7250,-6168,-2482,1581,-1946,-1589
7019,5644,-7722,-1057,-1791,337,-1939
7020,-917,1988,-653,-1542,279,-590
7021,-5465,6737,-7069,698,-43,1391
7022,-3954,5073,6654,-1753,36,1677
7023,568,5996,-6468,975,945,-907
7024,-3384,-2953,-5499,0,1723,-970
7025,-4355,-2566,1094,29,-647,-914
7026,-5338,-7951,6916,634,-60,632
7027,-5837,-3449,-6117,1354,-130,-1839
7028,-890,1273,7472,1613,-1467,788
7029,-7411,1894,-5623,1332,863,417
7030,-7757,3337,-7055,1528,-978,-758
7031,1273,-1636,7769,1430,-561,-1889
7032,2330,-6482,2078,-480,-407,-979
7033,2197,5440,-570,-366,724,1482
7034,-2081,-4565,7705,1393,1704,43
7035,-4875,6510,6759,1391,250,-750
7036,-4713,3110,5128,-1784,-686,-10
7037,2177,-277,-2802,985,1287,376
7038,1098,3412,3309,5,-1547,-232
7039,3116,5464,1549,-1039,-71,-159
7040,4353,-3174,5181,497,1796,909
7041,-98,-4688,4752,1797,-328,1612
7042,5705,-2782,-6467,1470,918,-1219
7043,4201,5073,-6215,-472,1597,-571
7044,839,3874,5232,-1916,636,419
7045,735,-1790,-3086,576,-1619,-821
7046,1231,2883,-4192,-93,-1954,-524
7047,1826,7101,7740,-1705,-167,-1812
7048,3895,3407,4477,-595,-213,1652
7049,-7916,-3461,-7767,1924,474,-168
7050,-2639,7435,2176,58,416,-916
7051,-1752,-6962,4747,1310,-992,1326
7052,249,2255,-4564,1228,1337,-447
7053,-6500,2102,5336,-1633,40,-1188
7054,-2338,4072,-3037,-674,232,1823
7055,-1609,-7670,-3053,1124,621,467
7056,-7639,4609,6310,904,420,-216
7057,4014,115,71,1747,-1176,1562
7058,-2919,-7502,-3694,1482,936,490
7059,428,-3500,6530,-1711,1578,-1574
7060,-4626,4926,-1964,-484,-1038,71
7061,-7264,-3128,-4565,1402,536,-1383
7062,-2644,-6144,-4931,1425,-809,-1087
7063,5811,1952,-414,1993,-1437,-557
7064,1351,7905,7969,811,-1538,593
7065,1249,7285,7827,1570,-1742,-742
7066,4672,-2675,-3096,311,1476,266
7067,-3132,-3928,804,481,-1992,1258
7068,-1367,6841,5714,65,-1843,-838
7069,6356,5052,2434,32,303,1242
7070,-6499,261,1240,1625,728,-353
7071,3576,-4387,-5576,-1762,1887,-244
7072,-5759,-2968,5211,-975,-530,-1031
7073,-2959,-400,-4931,1586,778,-1122
7074,400,555,6281,-1406,-145,-835
7075,-3197,4050,-4716,441,-1833,-378
7076,1766,-3759,-4200,613,-434,-1892
7077,6726,-6914,-5719,-261,-1179,-415
7078,7032,1930,-2979,1480,-1978,357
7079,-1900,29,7742,1248,-332,920
7080,567,6047,5912,1141,-1740,-1264
7081,5130,-2541,-1055,-853,915,-1617
7082,4844,768,-2143,1980,-410,-1501
7083,4209,4385,-7427,-1377,1719,1655
7084,-3993,4157,7988,883,76,-870
7085,1828,2010,-6505,1250,-1656,-359
7086,620,7438,1813,-498,1988,-1700
7087,3840,-2644,1461,-1424,692,1568
7088,-2047,3313,-7981,1069,-1816,-298
7089,-7025,3386,269,1080,297,-1120
7090,808,-5135,1919,920,1267,-208
7091,1969,-5956,5038,206,-1207,872
7092,-3179,5456,4687,-989,-789,1760
7093,5123,-612,-3720,-1833,-1989,-844
7094,5893,7595,-1896,-106,-1720,1611
7095,963,-142,3176,1867,-652,-1481
7096,-771,-5928,-2574,-1987,-541,-1378
7097,5419,-2477,2143,-1146,-1842,1929
7098,4390,-6219,-4722,1442,-333,-1630
7099,-754,-2880,7432,1285,-1238,1489
7100,-6169,-7063,-5585,734,-198,-1284
7101,2455,7274,-3283,912,-300,-853
7102,3033,-7446,-6234,1886,83,-1479
7103,-7062,-5113,4256,-1738,275,-782
7104,-634,-5445,-2420,-929,755,-868
7105,2485,-6347,3302,-323,-525,1470
7106,-6773,2161,-5410,1754,1124,-1579
7107,5118,-7483,3261,815,-795,-342
7108,-3771,-443,3140,693,1833,595
7109,-3264,-5342,107,-1148,-831,-1105
7110,-6138,-4997,4229,320,885,635
7111,-6580,-853,-3917,1861,-1930,1111
7112,-5339,-6745,7157,799,-1700,-1805
7113,-7947,1314,4874,-1040,1822,-1776
7114,5983,-2183,-6958,793,-1569,667
7115,-5401,3657,6905,958,1136,505
7116,2668,-100,5046,193,-923,1760
7117,2567,-159,-1278,192,-1305,-1095
7118,6974,-3367,-3762,-1074,-1735,-1255
7119,-5823,-4588,1201,-1313,1866,792
7120,-7965,3755,-3517,-948,1118,-1313
7121,7155,-7610,-7758,-495,1198,1591
7122,3959,2727,-5057,-1293,-163,-1216
7123,1665,-5285,4750,118,-410,-169
7124,1956,3520,1507,-1245,1595,-1288
7125,-4250,-1894,837,-1451,-1811,1789
7126,-5898,3245,-1379,201,1439,1681
7127,-584,-3648,-2420,-803,798,1750
7128,-5332,7338,-7402,-761,134,1150
7129,3334,5730,633,1036,-1112,-1126
7130,4888,312,6231,-1079,1529,-1063
7131,-2172,6171,856,1827,-1239,1415
7132,-3372,1371,-910,1563,-1919,-313
7133,-3676,-5583,1585,-1466,993,153
7134,-2764,3879,-1233,-646,-244,-1462
7135,560,-518,-2198,1474,1980,1831
7136,-1144,1961,-6637,1734,1990,-1286
7137,-79,5922,2842,-507,-1430,296
7138,-3992,-6652,-3410,161,1098,-652
7139,-36,-7159,4253,-1934,-1318,-719
7140,4045,-3874,-7914,-565,-43,1766
7141,2296,-2253,2018,-1856,1684,979
7142,-7473,-3907,4207,-108,-1402,-872
7143,-7562,-6103,2850,-147,418,-1127
7144,6393,2920,-4034,948,-743,-1556
7145,7369,-81,-6119,1316,644,-948
7146,3341,6382,-2675,1321,1527,-1461
7147,6003,-2257,-2720,1969,-271,-1280
7148,7389,-486,3413,1503,-1136,-372
7149,-6941,-3717,-5880,-127,-935,-1575
7150,2720,-2180,5439,-1406,-90,468
7151,5282,4405,6796,992,-908,838
7152,-380,1192,7053,-434,-1509,-136
7153,-4566,5908,6179,959,-1188,358
7154,-5006,-4526,-7060,677,1491,1074
7155,7956,-4851,-7779,1390,842,1792
7156,2407,-1961,-4744,1293,1921,1085
7157,-2310,1613,-6923,-438,-1056,-1254
7158,-4300,-2881,3220,-1685,-126,1630
7159,7956,2665,-5692,-1749,1886,1965
7160,2290,-4961,-1991,1901,362,1884
7161,-7578,6222,-4981,1095,-1406,672
7162,-495,-2805,7326,-1189,1298,-1642
7163,3990,7640,6461,-1359,-1198,-1578
7164,-2899,2218,-7066,-858,-1093,1999
7165,4562,-2757,-6215,-1758,-1003,-651
7166,4684,2113,6085,542,531,-166
7167,-6037,-2107,-5803,-1760,-707,-148
7168,-1859,-2478,6478,-794,1889,-963
7169,-2108,-1464,177,-389,-1824,-661
7170,4520,-4312,-1444,1140,-1899,73
7171,5017,-1324,-3423,1310,-474,952
7172,-3770,-480,-7425,-1025,-1686,-155
7173,396,5649,-6053,-1112,-1164,54
7174,-1457,5033,3397,-761,1229,-99
7175,-5584,3906,891,-138,558,1336
7176,5954,6682,1502,-1164,-1411,-1358
7177,-379,1980,3469,-885,-964,952
7178,-3678,-7637,-6615,-1260,331,1560
7179,-1764,-6699,-5135,-1328,1538,1272
7180,-4860,533,6871,163,-453,-739
7181,-3763,-6266,4437,1754,101,781
7182,-3013,3835,-1289,-1708,-32,622
7183,-1448,2746,-2404,986,-1981,1473
7184,-1898,3810,-5427,404,547,16
7185,-6085,370,5136,-1733,-967,373
7186,3931,3175,6907,-1495,-1970,-1994
7187,-2535,1377,-7085,795,-1915,73
7188,6462,-3916,7890,-1326,-170,1412
7189,2145,1526,-3474,-443,1433,-1053
7190,-4407,2539,5718,-981,-102,724
7191,5012,-1871,6583,351,-1543,-1807
7192,-1653,-7622,1194,-177,677,-652
7193,-1461,-4656,6145,389,-1698,539
7194,3412,7580,2248,-1737,702,-1489
7195,7064,1754,-1947,-1014,-224,-6
7196,-1006,3114,-6570,-879,180,-1593
7197,-5398,5937,6357,-476,1387,693
7198,2037,-7722,-6817,606,649,416
7199,5806,-5617,2377,1109,54,-592
7200,7098,-5169,-5043,-1095,1098,447
7201,6885,-2194,-6195,-1917,1727,328
7202,-3124,2233,4658,-1715,1141,-1639
7203,-3476,-1361,7911,1021,1090,-936
7204,-973,-1302,2194,-977,198,1692
7205,237,-406,-2473,-983,1050,617
7206,3628,6461,2390,409,-26,-334
7207,-3371,-519,3618,-202,-1175,321
7208,-2597,4125,1380,1932,251,-1099
7209,-1988,-2838,-6954,-1249,1662,-1059
7210,-1771,-4704,5284,-1786,283,-1627
7211,-2150,1801,7550,1009,1984,659
7212,-4138,-6193,-4454,819,-407,-1679
7213,4583,-3713,3023,1846,-671,-1114
7214,-2224,-3903,-6281,1116,1773,-1221
7215,5296,6173,678,-78,-1081,-1239
7216,2061,7341,-1822,620,109,1578
7217,6987,-1915,-4022,-1433,395,-1634
7218,-500,2635,3778,42,232,1489
7219,6916,4651,-2515,-847,1528,-1143
7220,695,520,-6803,1248,1205,619
7221,7309,-7237,-6147,-1622,-1173,1580
7222,4920,-5874,-4297,-328,1725,1187
7223,-2475,3395,-6777,-587,176,-827
7224,-1027,-612,7728,412,-744,-1725
7225,-5621,-3600,1303,1720,-1093,1382
7226,-5847,4713,1377,-867,-245,-645
7227,-491,-5981,-460,1521,-1751,1701
7228,3723,-4255,-6122,1997,1263,948
7229,3508,1509,-4302,1192,-1799,-1581
7230,5002,5011,5899,1906,-1759,-1669
7231,2727,-3441,-3953,-692,1878,87
7232,-5683,1746,-62,1252,-210,1057
7233,2620,-5335,7920,-295,1307,-1068
7234,-2684,7261,-845,781,697,992
7235,-3809,4620,-1531,9,820,-1139
7236,7548,3697,-5877,1076,-900,377
7237,-4857,7818,-4999,-247,1586,935
7238,-5401,4706,5813,-796,518,344
7239,-286,430,3092,-411,-1126,10
7240,-2637,-5662,4729,-75,1379,-578
7241,-2731,-4314,5382,-653,1094,1229
7242,-3433,6793,-6439,-576,400,-259
7243,1901,-4538,5470,-155,579,295
7244,-6458,1536,-2785,-29,-944,1896
7245,2940,-5945,-1133,1656,293,-884
7246,7380,5618,160,-493,1974,-1365
7247,6574,6883,5299,934,1218,-1754
7248,4663,7387,-6242,9,1665,-402
7249,-4949,-2737,1864,-820,1102,516
7250,1152,7509,-256,-23,-1727,311
7251,2767,2846,1005,1504,-1670,1548
7252,-2272,-6495,4803,-1177,1561,1029
7253,6097,2300,-3728,343,1621,-26
7254,-609,478,2472,-1112,-252,529
7255,-1393,7639,5503,616,-1613,-1865
7256,-7529,7811,6874,-1107,683,1756
7257,-2636,-4937,816,-1626,47,-808
7258,-7315,5686,4057,-1796,-1611,-1406
7259,35,7716,-4162,367,148,-438
7260,3797,-3412,2102,80,-457,-1009
7261,-3015,-2119,5599,-571,-525,-432
7262,-2055,6946,-1032,473,744,-1497
7263,6506,7105,1438,-321,507,639
7264,7566,5802,6799,-1555,673,964
7265,3865,-6005,7187,-777,1578,604
7266,-4790,486,-2630,-448,-1763,1214
7267,-1046,-1163,-5504,94,1464,1692
7268,-2553,2744,5389,1915,1549,1239
7269,-6981,5499,-1731,1740,1616,-1329
7270,6982,-5703,7952,-376,-1743,1763
7271,-3324,-2469,7773,-989,997,-893
7272,-6863,-1583,-1178,1660,1483,-1401
7273,-6111,5004,7892,1323,77,-491
7274,6671,-2194,-227,1564,363,-457
7275,49,-6968,6004,1802,1129,501
7276,3703,-6464,6327,-633,364,1368
7277,6696,-4092,-1032,9,1943,-1522
7278,7162,-1196,-2086,-1227,-757,-504
7279,-1448,5501,3185,1532,1092,1555
7280,5261,5474,-62,1977,-210,1885
7281,-6819,-5703,-1007,-1679,665,-1263
7282,361,6916,-7386,-131,491,-618
7283,-4409,-1198,-6654,-1675,1688,-719
7284,-720,1480,-1426,517,1299,1343
7285,5945,5032,2034,-478,1684,1655
7286,-4060,-230,-136,-1092,506,-1748
7287,571,3628,5289,54,1910,1626
7288,-1769,2385,2979,193,-751,1566
7289,6397,6132,2558,1302,498,-842
7290,2817,-5864,-2148,-624,1211,-221
7291,2190,-3935,4824,-1478,283,-1345
7292,-4678,2543,5303,-405,-989,-1549
7293,3460,-5823,73,823,-815,-1918
7294,-6234,5268,4554,-201,-699,-571
7295,2472,3310,4819,-1223,-32,1760
7296,-1872,6951,-5287,-850,-1617,-927
7297,403,5450,295,-1951,-33,-1211
7298,7388,7546,1033,-1413,709,1775
7299,5704,4483,-1618,2,-1270,-1161
7300,-3653,-2133,5075,-168,1382,1228
7301,4462,4472,4860,1602,-381,-391
7302,3838,-1977,-6716,-1727,-934,907
7303,-445,-1636,-1053,1920,1857,-879
7304,1662,2682,3896,520,-861,822
7305,-190,-6010,5132,468,970,-669
7306,-4288,6626,6516,-1516,1141,-1607
7307,3631,6331,7141,-1853,38,1128
7308,6815,-5661,5579,-872,-427,-270
7309,-4631,549,-1022,153,-608,167
7310,4079,2415,-2839,-1668,1235,92
7311,-5176,4436,-4920,1543,-1903,-855
7312,-7039,3400,133,-16,501,-1957
7313,-5139,-7062,5865,-1071,1344,-451
7314,7540,2815,5483,1172,1150,1576
7315,7955,-3320,-355,-1666,1440,849
7316,2631,3502,-7469,1645,850,-229
7317,-4821,1482,1986,1769,-1964,-31
7318,5834,-1350,-4660,-45,1340,-127
7319,-4621,-7189,-5449,-550,-897,-1096
7320,2431,7126,-5076,791,260,-826
7321,2430,-3318,4969,1294,109,-1956
7322,-6941,7615,1459,-905,993,255
7323,4710,1157,6407,-650,-541,-1584
7324,-2439,3289,5028,-1459,1337,668
7325,-6233,-834,4047,-598,1656,1354
7326,6720,3440,1847,1827,507,889
7327,-2182,3115,7904,1211,-1823,-1076
7328,4263,6796,4055,1339,375,840
7329,1236,-3903,852,1277,1900,1005
7330,-4417,4851,7937,-1611,-839,1065
7331,-4342,7086,-5766,480,561,-1635
7332,4604,-6664,5776,335,162,-23
7333,3507,-1987,-5187,-1736,44,1606
7334,2989,-5519,-423,1471,1878,-1204
7335,-6255,2644,-7269,382,-557,-1882
7336,7283,-6294,4511,-120,-1995,-770
7337,6210,4383,2808,-1493,923,-1330
7338,-2473,1604,4558,-194,1453,-991
7339,5494,2127,-1247,-693,798,1290
7340,-7892,6957,4319,709,-353,1980
7341,-3702,2700,-1155,-1653,1609,249
7342,166,-6611,2375,372,-139,-10
7343,4828,-6536,1525,-310,1625,-48
7344,1553,-4436,7056,-1899,-367,-1926
7345,-6551,7648,2750,-311,1698,1456
7346,-2805,-2099,4494,826,1721,-690
7347,-3111,-1866,6192,-1338,-380,-1799
7348,3089,3166,-7784,-1105,-1668,1213
7349,6590,-608,2499,-918,-170,1327
7350,4008,-1979,-2544,-418,769,-623
7351,3638,5135,4302,-878,1980,1685
7352,5225,4174,5992,1385,93,-155
7353,2815,-1870,5465,-614,-550,-734
7354,-5966,3614,2421,-1294,-1359,-1914
7355,2439,-3326,7180,453,-78,252
7356,-5670,1654,1521,-955,-1938,-582
7357,-5864,2530,4894,1816,1445,932
7358,662,-4786,-3288,-116,1687,-1797
7359,-730,86,2018,-1683,-920,-1192
7360,1003,-6079,-878,1369,-665,-1803
7361,-3436,-6700,-4330,1963,811,-236
7362,-1221,1880,-2010,-1903,-1370,-799
7363,-6003,5911,1941,-342,-1952,-460
7364,6101,893,-6668,428,-649,173
7365,-272,6245,-1004,1507,-792,-647
7366,7013,7347,6678,1887,1645,855
7367,2699,3198,-1193,1309,1422,-1473
7368,-5962,-5766,5098,766,1072,1497
7369,5874,-330,6122,640,-678,-445
7370,5376,-438,3267,1754,1187,1602
7371,-2617,-5650,3238,160,-492,521
7372,-4051,7131,-3838,-1870,38,-215
7373,2486,-6113,4045,-300,-1127,-1594
7374,2468,5378,-674,1532,329,-1625
7375,-7587,5627,2543,-1835,510,1738
7376,-5855,-1489,-7089,-233,-992,-1782
7377,-6768,1107,-3955,1671,1593,-964
7378,7657,-1758,-557,1690,-877,-1237
7379,1044,-1140,-1628,-1424,822,1542
7380,-1870,-5616,-6277,19,-773,605
7381,77,-6238,-2622,583,-244,-717
7382,7152,-7413,-4571,-96,455,-545
7383,-6716,2544,2468,-608,1076,-757
7384,2061,-4707,-5179,-89,-12,1462
7385,7588,2271,7886,-1134,-734,-1912
7386,3112,-7550,-1498,-195,647,317
7387,-3958,6835,-536,968,-1318,1945
7388,1657,5736,3363,-567,-164,1556
7389,6396,-1515,-1784,-1390,1053,168
7390,6049,6029,7284,-944,838,-1551
7391,-5740,-1478,-6556,-1964,589,1897
7392,1042,6670,-6274,-1292,-272,312
7393,5677,-3245,3059,-472,-988,696
7394,-324,-898,7873,434,131,-182
7395,7887,6604,3572,-77,-1641,1756
7396,6362,-7848,722,1010,924,1514
7397,7715,-3943,-1372,-1033,1972,-1581
7398,7246,-1296,-3981,1143,-1277,-1750
7399,7309,7065,2,-1340,-1035,1469
7400,-6372,-2070,-3747,-1094,1449,1269
7401,4135,-5352,6343,-1081,740,-174
7402,6465,4053,1057,-459,-1303,-1307
7403,3049,1683,4835,-912,1324,-1760
7404,-2760,6912,3533,1188,-923,-821
7405,-263,38,3956,-1907,-37,-388
7406,-1455,-3894,-6149,-600,19,1270
7407,6017,-5835,243,1318,-1396,419
7408,-1366,-5348,6663,-21,817,-1760
7409,-3677,1680,7974,239,25,1243
7410,2207,2688,2195,-1808,-1036,404
7411,-3789,-7959,2808,605,-1953,-509
7412,-7448,-7260,5174,833,-1252,474
7413,2623,-5799,3741,97,-1434,-451
7414,1284,989,-5785,1619,-849,-356
7415,-73,419,-4308,761,1727,-1677
7416,3824,-3518,-7569,807,-205,-164
7417,646,-4512,6726,-398,-1745,357
7418,7505,-6659,-1969,631,973,-377
7419,1713,5699,-5510,-1510,760,-769
7420,2786,5032,45,261,1346,-1871
7421,3826,-7521,-942,956,1883,529
7422,-1381,-4639,5364,1264,-1650,742
7423,770,4044,-4037,873,-1018,-1058
7424,-519,-6908,-7870,-66,1875,-1962
7425,-5220,3698,-5612,-1844,316,1690
7426,7210,811,-7892,-1237,-555,-1057
7427,2584,-2490,-5438,921,-1040,-1814
7428,4789,4986,-1123,1340,-645,998
7429,1743,5640,-5623,950,500,1607
7430,950,-3404,-6963,-279,1488,-1681
7431,-2663,141,6490,-1823,-1011,-1547
7432,1178,-1030,-2646,1528,247,84
7433,3056,378,-179,-1489,-1759,471
7434,1561,6707,6303,1093,-829,-790
7435,-3436,-5007,540,1764,897,-1431
7436,7813,5133,-2823,1283,754,1782
7437,4122,3889,6636,1504,-1388,-1011
7438,-7843,-2867,2256,-538,-518,1303
7439,6660,193,-7503,1486,1160,1475
7440,-3320,2246,7638,442,-1541,1754
7441,-6979,-5043,-4697,-1945,-304,-826
7442,7239,-2372,-2890,-709,662,-787
7443,-5243,-2456,-190,-1650,147,-946
7444,-6050,3086,-5285,1569,-445,-1809
7445,1220,-1923,4437,350,1525,-98
7446,6504,5934,6112,-1587,-1476,282
7447,-6469,376,-2265,552,1192,1064
7448,5528,1840,-5743,-675,-1465,1342
7449,-6631,5257,-9,864,602,-157
7450,-5339,1077,1511,872,-345,402
7451,1722,-6373,7113,1074,1315,1378
7452,-5681,-2536,-155,-1038,-1639,461
7453,5453,-3361,4130,334,1675,-630
7454,1569,7882,5515,-519,1021,622
7455,-7,1804,565,1912,1444,392
7456,1604,-1456,-790,565,-157,875
7457,-7606,7026,1539,-1000,674,281
7458,-3347,257,-7038,-930,624,-1465
7459,3942,-7923,-5608,-925,-14,-1779
7460,2367,-4931,-3129,267,323,361
7461,5729,-6064,3546,-1422,1464,-1056
7462,-1813,2495,6993,-1313,-741,-1742
7463,-544,5916,3482,206,251,386
7464,5907,-3105,-1836,-67,-1677,-1804
7465,1027,-5241,159,-661,-638,-315
7466,6409,5135,-1694,-1710,-407,-718
7467,351,3398,5077,237,137,1617
7468,4201,-3311,4283,690,-566,-300
7469,-4252,-3117,7934,-24,-1110,-1663
7470,6786,-7089,-7243,428,1761,-196
7471,-7018,-7226,5483,1441,1976,1912
7472,4781,-6737,3732,-1243,-1652,-256
7473,1269,588,-6974,1620,1895,-1751
7474,6238,2014,26,1624,-1746,-1368
7475,5039,-199,202,1746,-1361,-1095
7476,7360,7248,-4226,1221,1240,-1391
7477,-3291,-6275,-1082,1666,-1217,948
7478,6548,-2106,-352,1610,1017,1583
7479,-6568,-5435,-6471,-1637,-1230,1142
7480,1073,7981,7683,1913,-1187,1461
7481,3923,3003,-876,-546,-822,258
7482,5020,-656,3338,-1149,-270,884
7483,7091,4602,-612,0,-67,1789
7484,-6068,-283,-4445,-1766,-380,1554
7485,-3047,7120,6663,-1110,-308,-1749
7486,2390,1217,4634,1425,1836,173
7487,3414,7886,4564,-829,-21,-2000
7488,1168,-2991,-5200,882,621,-507
7489,1983,3573,-3345,623,-1109,830
7490,5547,-7651,2243,-752,-614,220
7491,2786,-6826,3732,-149,1096,-1830
7492,1842,5542,4162,92,-272,1231
7493,6769,-6453,3501,833,-228,-831
7494,7326,-3593,-6358,-1659,432,-834
7495,-6873,-4401,-1044,-49,562,-743
7496,-1286,57,-2296,1967,292,1912
7497,-3746,-2191,487,1547,1227,1783
7498,-7150,-237,2704,1017,683,1773
7499,3587,-881,-5378,356,1057,1039
7500,693,-7104,-7286,1177,-1695,1602
7501,1999,5427,-740,-7,1108,-1186
7502,-1454,6030,-5374,-807,-1695,-1704
7503,3932,-4842,-4608,-222,-668,-839
7504,1425,4402,1630,1345,-1414,1399
7505,5382,2000,-3846,-993,51,1664
7506,480,-7189,-1045,143,271,-498
7507,-349,4171,6936,-1775,-1157,903
7508,3049,-6367,6695,-393,-221,143
7509,-3386,-6005,4402,599,451,-1831
7510,137,-5265,5217,1114,1369,660
7511,-304,-6863,1642,385,267,662
7512,1718,-4473,-7007,-1813,-509,1495
7513,-3684,-5750,7388,1111,-308,-984
7514,449,-3561,4231,1989,703,677
7515,4703,-241,310,-1898,578,1136
7516,-3919,-3570,741,665,365,1185
7517,4357,1660,3549,1940,-1252,-1948
7518,1031,2894,1889,1192,70,1541
7519,-3204,2197,4926,-1040,-1051,-1342
7520,3538,82,-4978,416,1753,-1860
7521,3431,6338,2002,-1163,-1100,-812
7522,496,-7074,1760,-596,1050,-842
7523,5527,-7424,641,-1703,1478,1743
7524,-2112,-2863,4208,1120,1972,-899
7525,-5548,2225,-4171,1034,1128,-1625
7526,2144,-4464,-3256,-216,-1439,656
7527,1837,4161,-550,1057,301,-1074
7528,-4896,3808,-3351,-466,-911,-1130
7529,-6848,-6729,716,957,1564,-1000
7530,-4772,-5486,-1858,652,1089,684
7531,7966,-2035,-5373,344,1020,312
7532,7205,-2941,1857,-387,1973,-1855
7533,7478,4847,-4067,-240,1561,-562
7534,-3466,-7967,-4915,1318,1878,-123
7535,-6280,-7660,7163,1470,410,237
7536,2966,-4995,-1499,1305,156,-646
7537,1088,7209,5536,-1160,269,-1892
7538,5045,1901,-7816,1926,1379,1484
7539,5489,863,-4394,-741,-1282,1258
7540,5846,-407,673,52,-388,-501
7541,-5337,6753,1519,-948,-164,-577
7542,960,3887,2738,1813,-1811,-1813
7543,-2650,261,3478,1185,608,-1765
7544,-2757,3477,-7765,-1941,1894,-357
7545,7540,-4320,6508,-1820,-913,-37
7546,1980,-1219,-6544,-726,1640,-472
7547,-4234,-5407,6074,-1968,-397,-1146
7548,-304,-7056,1224,902,1146,-1235
7549,-2674,1034,4721,1060,33,-1843
7550,-4027,-3867,-3211,-65,1917,-1741
7551,-2183,-6887,-516,-1886,-506,-1749
7552,-5677,-3824,1692,322,1955,646
7553,2209,-7451,-5752,-1812,-1331,1577
7554,-5419,3654,-10,1353,-1088,-1288
7555,-7047,-1689,-6675,362,42,-1107
7556,-6232,201,5839,389,1101,1272
7557,-4391,-296,-3272,1298,1911,458
7558,-7029,-5319,-5266,-542,-198,1134
7559,-3922,2765,4567,-1878,1568,714
7560,242,6544,6630,-569,1582,224
7561,-5724,928,-6705,-1818,-504,364
7562,6499,-3731,3172,283,-1527,931
7563,1929,-5166,7170,-760,-963,-1336
7564,5347,-2076,5488,-1154,-446,1005
7565,-943,3925,-2087,-1653,1178,-929
7566,-713,-7073,580,555,-1962,542
7567,5175,-1463,-1358,-514,369,1686
7568,3601,-297,-5287,-1149,-889,-1984
7569,-5010,6556,-4734,139,-78,-875
7570,-4718,-316,109,1538,-855,335
7571,7491,7352,-1565,-168,1611,-1488
7572,-6824,3633,3724,148,-147,-292
7573,6018,-4645,883,-933,1413,-974
7574,-3954,-3007,-6075,-1261,-553,932
7575,-1793,-1087,-6569,1584,1685,-857
7576,-4397,-4812,-6837,1374,45,-320
7577,-618,-141,-7029,-638,-536,1918
7578,661,-5723,-1297,667,412,-646
7579,-7409,3066,-1454,1834,1089,1049
7580,-4821,-1875,-3380,174,-156,502
7581,-294,-5272,6967,-1736,1236,-1191
7582,2819,-5092,3464,467,-537,1161
7583,-1407,-4697,5655,157,943,-406
7584,-3976,377,6570,1216,-212,-647
7585,-6896,1824,-5440,999,1966,1263
7586,1038,6719,-2,-1005,449,517
7587,3626,1730,-372,1807,-1028,562
7588,-4517,-7909,5863,1543,898,-1403
7589,-1201,-3586,1350,1517,-419,-446
7590,1211,4931,-6671,1192,-277,-932
7591,-1916,-5014,-4944,1925,-1982,-1034
7592,-7655,-1837,-1072,-1237,-1935,55
7593,-1948,-1629,-6245,-552,-1360,13
7594,64,-5622,2322,215,-327,1910
7595,-5018,-7038,5449,-829,1108,-1037
7596,-6108,-3841,3502,467,-1578,-1039
7597,-2661,-568,6674,1532,-535,-1131
7598,-7736,4928,404,-408,1612,1030
7599,-6340,671,-5464,-529,-463,1315
7600,6642,2854,1711,288,-969,-276
7601,825,7149,6373,1764,-450,-1633
7602,-2085,-3206,5094,-395,-1973,-1763
7603,7142,-2560,-25,236,1809,911
7604,5244,-4820,-3417,467,115,-1950
7605,-2645,2388,918,959,41,-1152
7606,3047,-5534,-3263,1312,-1336,736
7607,-3070,2407,6480,137,-215,1370
7608,5251,7760,5355,1097,1685,1856
7609,3037,-692,659,1792,-469,-1746
7610,-4776,6053,4727,-900,-387,1635
7611,-5967,4340,3563,1054,1869,1669
7612,3287,-3586,-4126,1079,-1102,-667
7613,-7007,2067,-1861,218,-1220,1413
7614,4086,1825,-7888,-477,1385,930
7615,-663,4277,-129,-1149,1251,-50
7616,4504,7142,-1231,-1452,-1161,732
7617,1532,5625,3466,-1637,-203,-131
7618,-3953,2688,-7495,1937,1155,1277
7619,-3692,7461,1141,-1119,1022,-1540
7620,-1227,-5481,6817,-30,897,-541
7621,-6448,5720,3284,1882,-226,1927
7622,-3778,-1106,6190,-158,499,859
7623,5406,-2875,-6303,-1089,-1841,-371
7624,4850,5289,5373,-1976,1782,-365
7625,1631,-2352,5779,1245,795,114
7626,2869,-1107,-5852,-1905,103,1487
7627,-6791,5384,-5842,1573,-819,-489
7628,-5753,-4768,6161,-470,-1982,-1178
7629,6500,2559,2640,-1687,-1205,-1925
7630,2153,-4391,-3027,-442,1581,789
7631,-6345,6391,4892,-1637,-1392,-1516
7632,1087,107,-27,605,-1302,245
7633,2339,7174,7029,192,-1382,-1444
7634,2775,5389,-3055,186,760,554
7635,5736,-6746,-2305,1239,269,-1707
7636,3410,2392,-6387,1636,-555,1490
7637,-5579,6585,2416,1847,1561,-1562
7638,5930,-915,-7207,-450,1851,1962
7639,-357,4817,5001,-204,-828,995
7640,-4526,-3255,-6041,-704,-411,-1692
7641,-4625,3568,1337,-1404,-1139,-1614
7642,-3527,-5897,-820,-959,-1800,-194
7643,-4833,2056,3008,-1896,382,-100
7644,-7558,6583,4435,1407,-1095,-1491
7645,-6249,-7877,-7182,-249,1008,-955
7646,-658,-6320,-6760,988,342,569
7647,-4119,6578,-1265,-779,664,-1488
7648,6597,-2216,-4485,685,1950,1279
7649,-4229,4950,-7939,1826,1883,1040
7650,6410,-2365,2247,-633,213,665
7651,1385,-3219,1555,-1480,980,-240
7652,-2584,-7205,-7315,1528,-520,-657
7653,1174,102,564,-348,574,-1275
7654,6332,1364,-4779,-516,170,-1607
7655,-1215,4399,4129,327,-883,1107
7656,3789,-7181,5497,-1150,-1387,-582
7657,2186,-2148,-3386,1373,-1355,1965
7658,5648,3576,7558,-1820,-1270,-1506
7659,4394,1376,-1497,1699,809,-1381
7660,7294,-4728,-1020,894,-854,720
7661,-5624,-1450,-7714,1665,-763,1746
7662,349,1880,7454,311,-1659,-1701
7663,-3919,4661,6379,441,359,1576
7664,2728,-2648,5041,1442,-787,1637
7665,-3651,-2932,2667,-907,105,-504
7666,-4851,-3357,4528,1183,-573,563
7667,-7841,-7349,2861,1709,-1410,-1662
7668,4014,-3811,7241,-1337,1981,-1523
7669,5683,-6912,-7264,-511,422,-1203
7670,-4569,774,-1330,-1850,944,465
7671,-2045,2230,-7990,-451,1634,-1622
7672,5874,4457,-2272,-893,821,1312
7673,-7548,4766,-5023,-1177,-1865,-1745
7674,-6887,-452,666,1617,-172,1196
7675,3172,6316,-5310,-1235,619,1990
7676,-3651,1216,4376,533,-1917,1774
7677,-2510,1622,3589,-1747,1852,1775
7678,-5254,-4668,-1222,1987,-670,-1359
7679,3672,1785,7043,-1418,17,983
7680,4337,5507,-5962,1538,863,1866
7681,-5389,-4375,322,4,-370,1625
7682,-6765,7327,2061,-1743,529,558
7683,-5194,2067,382,-1408,-1276,1999
7684,7810,5968,-5040,260,-902,509
7685,-679,-3083,-2810,-701,-844,321
7686,-241,-7518,-7438,736,992,457
7687,7650,2488,-216,183,-961,416
7688,-1758,7441,-5675,1219,-1707,238
7689,7349,-2752,6846,-1345,1497,1416
7690,1847,-5379,-2802,-995,1735,-271
7691,-3355,-7057,-2825,554,1328,-77
7692,2428,629,2979,-1932,-1525,-1864
7693,-2164,-5089,-2828,273,-303,-1251
7694,3737,-6630,7503,1425,1071,-654
7695,-5254,4700,1931,697,1480,1918
7696,5201,-358,-4891,889,912,545
7697,-2448,-7370,-2071,1259,-726,1382
7698,-934,3131,5697,-97,628,-1608
7699,-2336,163,-6417,-898,345,-638
7700,-7989,637,-2606,-225,1180,-1854
7701,-4740,6837,-1765,776,-123,-1605
7702,-7151,-3918,1177,1329,934,735
7703,-3665,1302,-4679,-1050,747,-1147
7704,-564,-3828,-2480,439,-191,-1156
7705,-1377,-7545,4823,-507,1255,897
7706,-5456,-4957,6679,-1853,-761,-117
7707,-5237,4490,-4861,-741,-1851,-1981
7708,3850,5328,-5654,1744,-760,285
7709,5057,6774,1163,1125,-660,812
7710,-517,6084,4182,750,1475,-1001
7711,236,-280,2504,-1224,-1199,747
7712,-7075,-988,-5972,-267,1590,118
7713,-3081,-1413,2809,-771,-1146,1015
7714,3000,7527,-3464,1932,-1747,-109
7715,-2330,-5174,7949,-852,-333,-1262
7716,-3236,-26,3633,-889,427,-197
7717,-946,-6387,-580,-1891,-572,-1233
7718,6025,4923,-4480,-327,-1241,-770
7719,-4755,-306,4855,-1026,-1186,-1622
7720,-7724,2396,1628,-80,-60,-1723
7721,-3985,-3175,5560,-639,1931,1235
7722,-4633,4173,1221,1593,772,211
7723,5401,-4423,-7787,-1712,622,-1889
7724,-5883,4367,-1115,1076,1112,1270
7725,-7421,-2806,-2909,60,-1187,1006
7726,-5052,-204,3691,-1710,-1421,-1732
7727,1915,5369,-987,-1936,-1240,219
7728,7424,3384,2886,1180,1202,-467
7729,7574,4631,-3283,-252,-1344,-1040
7730,-2655,6309,5875,1761,-1898,-1952
7731,-7902,-4248,-6769,-1444,-708,-710
7732,296,7899,-7594,-1590,50,281
7733,-5852,4077,-2269,-1410,-232,472
7734,4830,-4905,7779,1821,129,-1356
7735,-4207,-4881,-2900,1350,-1061,-1882
7736,-3357,-2770,-5056,-1797,-1027,-1848
7737,7658,-7547,4726,-1496,-1322,1709
7738,5751,-2601,5770,1085,1237,-1912
7739,-6024,-6911,-6718,1779,-1512,288
7740,3412,5989,-2892,1984,331,-130
7741,-5416,-3849,-159,1689,-784,368
7742,-5769,5691,-359,-1102,1297,821
7743,6279,4078,575,-1739,1091,-93
7744,-1558,-7057,6636,-843,1148,-1112
7745,-4271,2507,-5745,-1475,-78,301
7746,1646,-6923,817,-1929,-1383,-448
7747,-7909,3024,-6987,840,1351,1113
7748,7537,-1276,-815,1800,-1843,353
7749,-7100,4831,-4099,-1976,-1409,1699
7750,3141,174,-1446,-136,-1564,468
7751,-6833,-2843,-4426,1064,1437,307
7752,1859,-1304,-1728,704,964,1959
7753,-5531,-1222,336,1102,-1653,-145
7754,2156,-4702,6488,-681,1929,219
7755,7548,5215,7772,-1151,10,-1188
7756,1688,-137,2277,1412,-1201,-1810
7757,2125,4232,2539,-311,965,203
7758,6717,-1335,-6132,-891,-8,-1702
7759,-7028,2139,1890,-1168,1012,-362
7760,-6012,396,342,701,283,314
7761,-4570,-217,-7865,-1536,914,-325
7762,6663,5676,3771,-1880,935,-1507
7763,4063,-1364,6608,-555,646,1599
7764,1889,-881,6072,1640,-720,177
7765,-6366,-86,1993,-393,-985,-1449
7766,-756,4076,-6723,-169,584,-1751
7767,3206,-4945,3103,765,-107,265
7768,-2954,3478,3499,-1063,613,-1390
7769,-6924,6535,5161,619,-1448,1084
7770,6329,5138,363,-1000,-847,-1475
7771,-1356,-1742,7031,325,-808,-1717
7772,-7206,972,4094,-1243,-1203,542
7773,-7791,-7583,-1049,1829,-596,-1543
7774,-2067,-459,2285,1921,-1153,1816
7775,-7231,-2694,-7184,1306,-425,-1310
7776,7587,-5196,3922,1538,56,14
7777,5546,-3858,4616,899,1611,-977
7778,-316,4134,5960,-1754,499,-1362
7779,-4393,-3466,4675,-579,-1421,-886
7780,-5793,3500,-33,-940,1462,1599
7781,1012,-2432,-5239,-10,-812,-1166
7782,-6140,-756,-3500,-1994,-1102,596
7783,-6971,-6963,7722,686,1443,1873
7784,3394,6515,-3101,1151,408,-102
7785,-3116,-3693,-82,1159,691,285
7786,-3081,-1901,7607,-1903,964,-636
7787,2861,4679,-3360,177,1656,-1380
7788,-7175,1562,6604,-334,-1822,1266
7789,-3694,4329,-6800,1951,-427,78
7790,190,4949,6032,1552,-1511,1111
7791,2680,774,-4402,253,-924,317
7792,1123,2073,5751,1873,-1581,494
7793,2695,6143,5389,1781,662,1138
7794,3781,-4547,-6812,-1078,-1251,1075
7795,-3367,795,2439,1293,-1210,-326
7796,-6653,-7393,-7431,593,-1003,-155
7797,-2359,-2655,-7366,333,-215,1061
7798,-6479,6072,-7360,1497,-1424,665
7799,-4942,-7658,-877,-1151,732,-1769
7800,4499,479,655,-1535,1942,157
7801,-5357,349,6738,62,1153,1890
7802,-198,-1176,5277,-850,435,1179
7803,-7256,255,1539,-1020,1891,570
7804,-4873,-328,780,1967,-964,936
7805,-4578,169,4301,-1007,911,-1057
7806,7099,681,-6818,1356,-164,1950
7807,5715,-1446,5001,1627,1143,9
7808,3379,-4989,2180,1270,1331,1278
7809,-5410,5694,4009,-592,1641,1807
7810,-5742,-1708,-3061,1673,593,-149
7811,-7023,-7224,2207,1409,648,-1050
7812,-4319,6881,4290,1515,-461,-113
7813,7917,7001,-672,10,100,1277
7814,-7189,-610,4871,-633,-1585,1961
7815,-2253,-7344,6902,1062,-1405,-1109
7816,7119,-7796,5572,1487,1630,1488
7817,-4769,4170,-7728,-882,1944,-950
7818,2567,4552,3329,1624,-194,560
7819,-1739,-6623,2280,-1716,1909,-876
7820,2695,670,1756,863,729,-957
7821,-4748,-3665,-7617,759,-992,-1310
7822,4150,678,-787,-680,-781,-227
7823,-4784,875,1511,35,-1852,1467
7824,2069,-4266,-1779,-1183,695,-171
7825,4311,-3587,-6181,-1520,330,798
7826,1471,351,1277,1106,-1767,228
7827,-1756,5864,5917,-1356,1893,-1842
7828,-3617,1486,261,-943,265,1790
7829,-327,3251,-717,1384,-359,-391
7830,-4216,-6979,3569,-280,-1471,1430
7831,7219,939,-7270,727,678,962
7832,-6532,-6368,5124,1943,1842,-1338
7833,-6222,-4317,-1958,-1295,810,-380
7834,5375,-2286,6166,-66,-1322,-726
7835,-4973,4012,2486,1875,-1757,-1736
7836,5077,-1047,-5151,219,1320,719
7837,1405,-1905,6434,-1269,-478,-285
7838,7963,3452,4869,1168,-317,-140
7839,7961,5116,-7182,1943,-1085,-468
7840,-957,-6634,1236,-691,-1574,-1326
7841,-5337,5961,7406,1188,-610,935
7842,3898,-4664,-5865,490,1565,214
7843,289,4146,-3895,169,-1045,-1853
7844,-553,-3791,2959,1410,-1630,1003
7845,-2787,-254,-7448,652,-1478,-340
7846,1729,-2116,3255,781,-1148,998
7847,2655,-4632,1672,-96,-74,734
7848,-2827,-7937,-5532,-1417,1972,-746
7849,-1752,-959,6567,-746,842,1809
7850,-950,-3133,-5346,-924,104,-745
7851,-21,-6706,-2730,-1690,-193,558
7852,3894,7506,4454,-402,347,-729
7853,-1338,7149,3276,1094,428,372
7854,7286,2374,-7679,-1400,-1424,-1860
7855,-7552,-894,-4794,-1484,-1225,810
7856,-7811,3229,5227,-1327,1027,1626
7857,-5155,-6893,-2408,758,1729,-1718
7858,4099,-3865,-6668,-1952,1738,1378
7859,-5444,-6550,1298,22,-649,-1012
7860,-4651,-5525,135,-1204,-425,-1671
7861,-3514,-476,-1257,-628,-1701,423
7862,5421,5982,-7011,501,-1374,1829
7863,-2909,7299,65,775,643,1472
7864,-681,-2837,-5567,1145,-1499,245
7865,6555,-5507,5596,317,502,1309
7866,2340,6432,-4850,1530,1778,725
7867,-1594,6038,-7133,571,1497,-1959
7868,-5269,6826,5409,1772,449,1064
7869,2433,2368,3139,968,-1745,484
7870,-6907,7244,-39,-131,298,-1524
7871,-7550,1765,-7731,-1159,-359,468
7872,-5550,-492,-3778,1715,-525,-1030
7873,-1705,5106,7191,-688,1497,-151
7874,-7206,-4188,-2370,-1628,-896,117
7875,2533,-1086,2374,1217,606,-1099
7876,-249,-6446,-5177,-998,339,252
7877,6991,-5216,2511,-1644,253,1523
7878,6524,5973,-5139,472,1208,-622
7879,-2062,-4149,-5915,-972,1495,1363
7880,-2445,-5021,-2588,1988,-774,230
7881,2434,4911,-4512,1598,1781,1237
7882,-458,-1777,-1868,492,-1954,562
7883,7339,1591,7391,-1440,1728,419
7884,-1060,-6597,1220,1211,-1816,1622
7885,-639,-2268,1127,-1087,-746,-6
7886,-7892,2850,757,486,-223,-403
7887,-1426,6572,-7527,-1326,-1945,1217
7888,1226,1405,-1108,455,934,1089
7889,7181,588,7661,-1051,1424,-1016
7890,-3232,6858,7073,47,-1394,-1071
7891,5794,-3198,4206,609,815,-1187
7892,7142,4805,5208,-419,883,-726
7893,-6684,-2574,-838,431,1828,-1735
7894,1749,-496,4802,403,1185,-1271
7895,4159,-4331,-5184,1810,1122,810
7896,-2059,-2643,-2473,80,-38,-1284
7897,3706,7930,1992,1321,193,-1691
7898,-728,1205,4974,-957,229,-325
7899,-2343,-342,-6208,23,-175,-1961
7900,-1080,3123,-1445,-1996,-1046,-431
7901,-4433,5088,5654,1803,1026,1921
7902,3858,-5280,-1191,1810,240,-1094
7903,-6688,-960,-6750,-635,655,1214
7904,-700,7979,6259,889,-1390,61
7905,7146,-4972,-4986,-1081,242,-1903
7906,2440,-2276,5003,1712,1332,-186
7907,-4626,-67,-4776,941,861,708
7908,-430,-4897,-4942,530,1405,942
7909,1305,-138,7551,1255,-209,-285
7910,4587,6997,-3076,1125,488,-1651
7911,5157,4491,-5548,-1630,827,260
7912,-3640,7147,4806,268,-291,-1051
7913,7761,-7704,-2425,-1023,-1700,1189
7914,-5454,-4000,1880,1770,965,-1984
7915,6781,6149,3247,1920,-1743,198
7916,7776,-408,2033,808,86,1337
7917,-306,2440,-3179,1156,1696,1955
7918,-542,-5091,-3984,-996,1310,-543
7919,-899,-6052,1314,1145,1395,1121
7920,6840,6710,3974,1929,-1367,-1391
7921,-6537,-7198,7197,1789,-927,1055
7922,-5637,322,5770,1728,209,814
7923,-2074,-2162,6376,-1684,1193,-517
7924,-623,6764,-4589,-1513,73,-1692
7925,7518,-6951,557,490,1586,-808
7926,-1965,-868,-4547,409,-1777,923
7927,-2067,-4077,-5405,19,1255,334
7928,1905,-1758,-1965,-312,289,-1024
7929,843,-7227,6616,9,-203,994
7930,-6845,1948,-7235,-764,345,274
7931,1457,1576,4375,1953,-1007,669
7932,-713,-914,959,-77,-1698,-1295
7933,1474,4918,7862,1791,475,-618
7934,-6208,4643,5519,1219,-916,-287
7935,-7221,-5620,4482,-1100,-1274,-998
7936,635,5232,7285,20,-326,300
7937,-4864,3970,-1581,508,-992,-295
7938,-4546,-5343,3951,1828,709,-1701
7939,-317,-6962,1232,-332,764,-1694
7940,3966,-800,1116,1955,13,-1757
7941,3771,6028,-4467,703,-677,-491
7942,-2332,4147,3172,-1160,-146,923
7943,3978,-2451,6366,-1211,962,515
7944,1142,-2483,-5908,213,735,-1015
7945,3182,7806,1858,-1862,-1229,537
7946,2870,-7399,-6403,-646,1865,1802
7947,-2439,1988,2600,-1324,-1883,-810
7948,2490,5460,-3318,-64,1578,-1089
7949,-3469,3105,-1107,796,1779,-1606
7950,-87,5457,5600,-1313,-1288,-396
7951,-7744,-4015,2854,-1936,-1996,378
7952,6956,-4356,-6472,633,198,473
7953,-2224,7647,-7399,-487,-1572,71
7954,6999,-693,-464,-1523,-1424,1024
7955,2262,1690,-6832,-1862,-691,-1756
7956,-1953,-6609,2617,1081,1001,63
7957,-2772,-3835,-6755,1929,-1997,52
7958,-2213,4629,4822,232,230,-1127
7959,1217,3000,692,8,-308,-392
7960,-6550,7673,1674,1839,1598,1127
7961,-5416,-6966,7843,1137,1281,574
7962,6325,-6366,3709,-508,329,303
7963,5944,2425,-3314,1237,1301,-1548
7964,6269,-2912,1125,-52,698,391
7965,5605,6733,1632,1979,43,-1332
7966,-7615,6424,1776,1907,842,-676
7967,5151,5862,-2659,216,545,586
7968,-4431,-595,-5397,-499,-1737,1595
7969,912,7360,-2281,474,1436,-1037
7970,-749,7086,-4919,623,191,839
7971,4203,7684,6489,1445,-595,-72
7972,5726,-7586,7388,402,759,-142
7973,460,-97,5481,1139,-624,1157
7974,1562,1101,4467,-1206,-263,-944
7975,-7498,1312,-2010,-696,-1888,-1805
7976,6110,-3818,-3443,-248,-909,176
7977,5441,358,5974,-1395,1903,-1980
7978,-7121,4469,1510,645,-391,1829
7979,3890,1358,7434,-611,1982,-1695
7980,2903,-7074,6481,1100,-1074,1271
7981,-3996,876,-908,1672,-756,-1472
7982,7081,-1225,-2744,-413,1852,-1716
7983,-127,-6251,-7269,-296,-1405,-1844
7984,-1177,-990,-2692,-1099,779,601
7985,-7180,3481,6147,-399,1389,290
7986,-5262,-1082,6778,345,1558,-1825
7987,-4211,1869,4093,229,407,-875
7988,2798,7749,2479,-1208,-1767,-1533
7989,6780,-4673,-2418,856,-999,-318
7990,-7263,-5388,7466,-1588,1028,1991
7991,6838,5973,6144,1722,-692,-1340
7992,4213,3070,-5731,-214,-340,431
7993,-6578,1979,3389,262,1451,-387
7994,-2146,-3988,-1137,999,1291,991
7995,796,-4757,-7823,309,1286,-1468
7996,-7673,-3059,5890,270,1874,-309
7997,-4251,-3993,-5713,987,668,-1711
7998,-6163,-2547,116,847,157,1391
7999,5324,5168,-7509,1488,860,317
8000,-3479,6443,-215,-229,879,136
8001,-1433,-5112,2550,-196,1161,1848
8002,762,-1989,7587,-2,-1727,-927
8003,5326,-2236,5029,866,-1534,-1132
8004,6506,-5132,-850,1714,277,460
8005,-1246,625,-4806,-1238,-1308,339
8006,3213,-3943,-7247,67,1214,-660
8007,7602,-3973,7944,1414,1838,-359
8008,3893,6638,-5277,-788,-635,435
8009,1181,-5240,-2217,-1291,908,-995
8010,4383,635,6216,-1757,1056,-681
8011,279,-7509,1326,257,-1107,1777
8012,4650,4728,-5600,1963,1699,-1767
8013,-2855,1899,-1254,643,888,820
8014,-4524,4156,6121,-1575,-922,-1178
8015,-5672,1266,935,284,-1784,1991
8016,2703,-1466,-6723,133,-1095,-1042
8017,-7910,3171,-2663,-248,-212,1065
8018,1935,5403,3773,-1005,1059,-1129
8019,3635,2932,-2044,-1916,1726,-1720
8020,-7152,-1015,4678,-842,-556,314
8021,-5094,-2848,-1206,-1063,-233,945
8022,-3372,-6033,1768,1285,101,1546
8023,6716,1287,-2656,-121,570,-1036
8024,-5774,68,-6403,-824,-1920,-1345
8025,-7012,4015,-1,1822,-1492,-1471
8026,4668,-3812,2803,1768,1579,-219
8027,3932,3790,5758,-1372,-656,-1133
8028,-6967,4310,-3969,736,1165,-915
8029,5544,-1955,1292,1412,910,-1875
8030,2840,-3605,6382,1543,89,-945
8031,6016,3319,-3801,-773,-1738,-887
8032,692,-4929,-493,-1276,-1069,-445
8033,-6373,-3556,1146,-269,1513,1315
8034,7826,1033,1416,-1519,-1295,-1626
8035,5902,7031,332,-253,-1473,-654
8036,-865,-2893,-6315,1343,-1044,-555
8037,-3874,-4838,-3150,439,-1972,-1322
8038,-2474,3756,2757,169,973,-844
8039,4798,6916,-4617,-142,382,1794
8040,-558,5707,-6636,-423,-832,1733
8041,1137,6867,5432,304,-1057,1174
8042,7421,-2836,-6054,-1222,1820,1728
8043,-1660,1591,3353,-1610,-1789,1142
8044,3294,753,-1786,1159,1683,1775
8045,-1497,1620,6517,-199,-1337,-254
8046,-265,5193,7975,-89,1529,-92
8047,-2469,-1291,3491,420,-1681,2
8048,4638,3125,2123,-696,1949,1249
8049,5720,-2230,-4794,-1455,1417,-1329
8050,1648,-4882,-6895,-1055,-895,1690
8051,-257,1814,6179,49,-1378,-462
8052,-5768,-4831,-5402,-74,-1489,156
8053,5980,644,-6258,-503,411,867
8054,-4287,7579,3960,-1928,1087,-1464
8055,3515,4508,-4432,1710,-181,699
8056,1588,613,7841,-1121,752,949
8057,-3823,-3543,2667,-1167,52,-1002
8058,-4694,117,2862,344,-827,-563
8059,2582,-54,2878,-7,1451,-1296
8060,7995,-2855,-5981,-242,1579,-1043
8061,7594,-3387,-7112,1923,-353,1840
8062,1791,-6962,-2413,1524,-1043,-880
8063,-2589,-6487,-7703,-1253,1982,818
8064,-5252,-2139,-6416,-1878,-1193,1773
8065,7585,222,2855,1500,1892,822
8066,-7715,-892,5930,1949,-1788,1092
8067,6228,2263,6240,-32,-156,795
8068,3315,-1933,7885,1461,670,1681
8069,6556,6144,-7655,-818,929,1919
8070,1415,6785,4364,-1711,-1297,1412
8071,-7346,1522,5370,-1456,-473,-360
8072,7963,1843,7408,-943,-408,1305
8073,-6125,7310,4407,275,152,1752
8074,5381,-5307,-5510,-744,-126,596
8075,-7287,6971,4289,337,-242,-427
8076,-4949,-7717,-6521,-1131,-422,-159
8077,2354,-426,-4302,-1929,3,-603
8078,7702,4895,553,1721,-1255,801
8079,-6511,6245,-2537,1306,351,-1886
8080,5612,-6835,2753,1382,-198,-593
8081,6552,-381,-1478,660,-651,371
8082,981,5831,-1758,-350,280,-352
8083,6956,2191,-4450,-1437,1659,-1851
8084,-1797,-5202,-6816,-1062,-21,-1469
8085,-7564,-3064,-4962,1290,-1024,-1734
8086,-2531,5346,506,-564,1565,1077
8087,4942,1125,3452,1825,-670,-1647
8088,266,-593,4898,1334,-1367,-507
8089,-1286,-6516,2497,-808,779,-1350
8090,2842,3867,-5157,1923,1549,984
8091,5126,4625,4953,-681,1090,-772
8092,-1287,-3626,-3788,-532,-349,304
8093,-4110,6002,-1016,-986,1346,398
8094,-300,-6272,6409,27,626,-1532
8095,2802,2922,391,-734,-1048,-483
8096,6680,-5037,4853,-636,684,1686
8097,597,3241,-3407,-532,1610,-359
8098,7553,-2343,4265,-1998,660,1722
8099,1996,7778,4924,447,-1114,13
8100,4988,351,832,300,-1359,-132
8101,7399,444,-3231,-1553,-1612,-703
8102,6178,-6660,2684,533,-674,428
8103,-1947,-4640,5119,-1688,305,1346
8104,2481,6951,7684,-976,1637,-760
8105,6009,-5255,-2220,13,-477,1112
8106,-3429,2402,1033,-114,-307,60
8107,4856,3121,2243,-1431,1942,-1543
8108,7599,5263,1191,-1091,-897,261
8109,142,5976,6039,-680,-1473,1072
8110,-1845,-1088,3084,1420,-1011,1551
8111,-1935,3748,-6413,389,392,571
8112,761,685,-1452,-1573,-298,-1298
8113,-6611,562,3069,577,168,1023
8114,-1795,7434,1193,-324,-396,1413
8115,-6567,-1647,7643,-776,-424,233
8116,6353,-1606,-2837,1243,-381,1066
8117,3187,4634,-3611,-173,253,-349
8118,3567,2815,-394,-1202,-1665,789
8119,768,-6045,-5283,1489,1479,1012
8120,-535,-3423,-444,-1354,-1091,-591
8121,1607,-1575,-6516,638,861,-1403
8122,4418,7058,-4127,-1134,-472,-523
8123,-7698,5089,-4733,1884,-597,-109
8124,2036,-5860,-6485,1586,774,-1856
8125,423,5602,5806,1228,-464,-1350
8126,3138,-2533,-949,-765,-728,1889
8127,-596,-6536,3410,717,726,1080
8128,-1185,3858,-6597,-1665,72,148
8129,6567,3264,6247,-189,-1059,-1000
8130,2277,3988,516,-1669,-1385,1888
8131,-6252,-7130,7970,-1093,1264,17
8132,167,6726,1262,144,1999,1906
8133,-3890,4356,-5391,1689,281,1173
8134,2422,-5402,-3282,-716,300,1770
8135,-4333,-7476,-1735,193,1601,-741
8136,-3921,6534,-4984,621,-731,-1218
8137,-1936,-2051,1840,-1909,406,-1956
8138,7027,2114,7771,1015,-1559,653
8139,6535,-5659,2507,536,-1733,97
8140,1203,-1493,825,-53,743,407
8141,3307,-5265,-7841,-1665,1335,-1096
8142,4296,-4267,65,-379,-1679,1216
8143,133,-4478,276,152,-909,-388
8144,-3026,4658,2803,-62,-397,-1855
8145,-6903,7737,-7402,1474,-729,-793
8146,-3427,-7234,3194,655,1790,1789
8147,5187,5027,-3075,1293,-1480,21
8148,-676,1979,6668,1300,-213,-1887
8149,2512,-4904,4864,234,294,-61
8150,-3081,-7121,-34,-112,-1860,-645
8151,2639,-7311,-6043,-561,145,1043
8152,-1694,-3165,-2884,1098,-511,-419
8153,6557,-329,-3683,-1186,156,-615
8154,4291,-5746,4133,738,-780,1338
8155,6410,2118,-4285,1109,-120,-1232
8156,4027,-1330,-2871,720,-32,-1471
8157,5875,-1890,1613,-1173,1184,315
8158,1592,-113,1395,387,827,-21
8159,-199,-3881,961,-1775,-592,1877
8160,-6202,852,-5838,1795,149,-1702
8161,-7130,-3309,-6093,-285,-77,122
8162,-2399,-6974,1141,-954,1938,-1594
8163,3448,-689,482,1521,1658,-1455
8164,-7528,-6787,-508,-790,557,434
8165,2385,-4903,4298,-413,819,-1222
8166,5987,-3420,-2189,-878,-971,-1683
8167,2098,5405,-103,380,1479,641
8168,-3593,7226,-2807,1261,1067,809
8169,-3332,4771,1909,1360,1398,330
8170,5071,7140,-7505,897,1204,-1185
8171,6751,-817,2141,-1838,76,1999
8172,-85,6084,-1059,-957,-617,873
8173,4264,7411,6236,1635,1340,-406
8174,6167,-6112,-2137,-1043,1638,104
8175,5918,4770,2869,1810,-556,998
8176,300,7231,-3151,-1330,869,-613
8177,-6668,-769,-6104,-1291,1737,1731
8178,6927,1856,2283,854,-128,814
8179,7742,548,-1920,1431,-803,-1680
8180,-7007,-2487,-7779,-541,1031,1760
8181,1283,-7226,-7059,-618,-1716,1876
8182,-978,-3825,6687,-1718,798,715
8183,-2294,6530,2343,-22,1666,-1816
8184,-6760,6544,2626,-127,530,1356
8185,3982,-5502,-7289,1520,-687,1271
8186,-4989,-3675,2416,1459,-975,-979
8187,-2378,7160,4609,140,1512,-1658
8188,6629,5137,4105,538,-1043,1705
8189,1947,-1055,-1287,322,-941,-592
8190,5542,6522,5871,455,-676,-204
8191,7159,6862,6998,1885,1573,-683
8192,-2842,-3488,-4713,-484,1725,1611
8193,568,-6868,-4368,638,429,-823
8194,-611,-3824,791,-1926,-606,-89
8195,5351,-6714,5021,-1988,102,866
8196,4626,7397,-2560,15,-1275,1638
8197,-378,-4343,3510,840,-1393,-866
8198,-6104,-6958,7610,-1469,-1930,-801
8199,-259,-1334,-3522,165,677,548
8200,4795,-4751,225,1530,492,-214
8201,2496,1998,4464,-1636,715,-446
8202,-434,3253,4256,1775,1844,-1961
8203,-3008,2288,-3609,-1085,10,1717
8204,4178,5622,-7634,-1362,1320,-1826
8205,1467,-6065,5086,-331,-979,1506
8206,2384,3158,-1617,1762,813,-1785
8207,1634,-4725,7600,924,295,-585
8208,-2330,7718,-5877,1171,1913,83
8209,-7386,237,-3624,-960,557,1198
8210,-4559,-1142,7090,671,1763,211
8211,6474,6657,1143,890,-1614,-338
8212,-3498,-1076,-920,1654,1032,-1434
8213,-6730,-3903,4468,1266,-475,403
8214,-5531,2516,5225,-271,-274,-805
8215,-2599,-1858,-7633,492,1013,-405
8216,-3734,-7311,-1207,-1020,344,-440
8217,-5702,1171,-637,1675,-1123,-1636
8218,-7176,-6221,-3094,1486,-458,411
8219,-7849,-2636,-5613,606,-1835,1240
8220,1760,3376,-3030,-1752,-529,-1873
8221,-1924,-7759,-6158,-852,-913,-590
8222,2400,-5873,5485,-816,-348,-665
8223,-1262,2391,2842,845,-45,489
8224,-1330,-1246,3283,-956,-1989,528
8225,4034,5633,-1957,-492,-786,902
8226,-7848,-3243,3627,1139,-1866,-1574
8227,-6967,3027,-7806,-295,1272,948
8228,4946,-3160,3606,629,-1368,-1945
8229,3932,-7131,-4526,103,1483,1914
8230,-4162,-4845,6215,122,-1133,-1769
8231,4264,-4301,2297,1176,1306,1647
8232,5461,3744,-2474,1125,-846,1609
8233,-4662,7716,7919,-1315,-180,-485
8234,236,-5817,-2991,487,751,-881
8235,7676,-6182,-5227,-1023,1008,1035
8236,-768,-4912,7001,333,-429,-106
8237,5960,3902,-7374,647,1848,477
8238,-4395,7476,4328,-138,809,791
8239,-2743,-5252,1581,-1432,-1879,351
8240,7777,7562,-985,-29,974,-191
8241,-2973,1899,-4239,-1204,-1763,-140
8242,932,1036,-7667,1165,1681,-522
8243,-1253,6147,-150,-1948,-757,1864
8244,-6774,-7479,5244,-1018,1097,-262
8245,-157,2372,3628,488,-1943,1312
8246,-3849,7924,-968,695,27,938
8247,-6039,-1288,6435,-74,333,-1905
8248,-3798,-2840,5257,367,-335,1744
8249,-5138,-2594,-4674,-65,-768,-1058
8250,-3692,-5710,3384,-1544,-1762,-1048
8251,-3871,-385,4793,-371,-1709,1596
8252,3130,5162,-7862,-1216,-1677,633
8253,-5310,-7713,2572,-751,-741,1556
8254,-4714,-2345,6370,-1115,1163,1914
8255,-2704,-7235,-3387,1564,-623,1065
8256,-5421,-2869,-2482,-544,-1541,-1778
8257,221,28,-2661,-1580,1439,1243
8258,-1861,7884,3883,-836,1015,-1972
8259,7224,-369,-5970,1444,472,-890
8260,-7050,-5868,6234,-1637,183,1729
8261,3040,-3407,7147,-1539,120,-1251
8262,-921,4315,7329,911,694,1088
8263,-5329,-3520,6981,186,436,684
8264,-1813,3091,-1730,977,-188,-668
8265,-5849,-4867,-7641,-1800,269,-321
8266,2531,5045,-1833,-262,-1773,-1192
8267,-874,3451,-7179,-920,1014,1303
8268,-7338,-2418,-3363,1578,-420,443
8269,-7655,-6273,7654,1161,1723,-1582
8270,-6982,4640,-4231,-1080,1539,748
8271,1521,-2526,3035,919,1752,1222
8272,5716,-5337,77,173,1559,-1218
8273,2571,7927,-6903,-1114,1996,-501
8274,7395,7185,6334,-1115,722,1486
8275,-1383,4876,-7361,-728,555,1602
8276,-4711,-7308,-581,-1309,-317,-1329
8277,-267,163,-7557,-1615,999,1935
8278,4789,-2004,6256,355,-466,-76
8279,-177,-268,-3935,1412,-676,-173
8280,5886,-3204,1258,779,1668,1232
8281,3368,-1455,2135,-582,1022,1480
8282,4483,3044,-5396,1842,-54,324
8283,887,2499,-710,-11,-376,970
8284,-4899,1684,7846,-213,-660,-1472
8285,3761,-3649,7348,748,-1134,637
8286,1729,7181,-6429,846,-1803,1463
8287,1247,1641,-767,-1165,1912,-1861
8288,32,2449,-4873,354,695,-338
8289,-1804,4625,758,502,143,-230
8290,-2575,4117,-3009,-739,1291,1716
8291,-780,3034,2416,876,-1178,1164
8292,3705,2603,-448,-1794,130,1766
8293,-1990,-4887,5692,-1350,-1027,-1038
8294,-5165,-2517,-7046,1548,611,135
8295,6831,-4924,7762,584,765,1353
8296,-2643,-7784,-1998,1684,-664,-1715
8297,-3531,4984,-5215,-1926,-974,-666
8298,3899,-1710,711,-1864,147,-1829
8299,5476,-1087,-1705,1011,1742,-1873
8300,-5649,5523,-376,-344,-412,1296
8301,5828,-5499,-6017,-1190,-1661,431
8302,-6159,4174,6872,1422,-670,-1722
8303,6358,-694,1008,321,-332,-577
8304,1992,3887,3589,484,1959,-937
8305,954,-2212,-3815,548,-1889,-1366
8306,-3686,-7305,3896,1154,1869,-319
8307,6642,7174,-842,779,370,430
8308,-6378,322,2412,387,1903,-981
8309,3068,2624,-2588,-309,-1584,785
8310,2735,-4577,-2443,692,-1493,-1696
8311,768,3180,-3241,1177,1551,1904
8312,-4915,-2353,-5215,-403,115,820
8313,-616,-3263,-7206,-384,328,526
8314,3540,1786,-5687,597,1464,651
8315,1116,-1720,-3223,-1261,-879,-1493
8316,-3494,-7447,-7081,165,561,1450
8317,1072,-3628,-2065,1044,-752,831
8318,-922,4916,4541,1387,-801,603
8319,6270,2715,6404,-890,170,-596
8320,3104,-6325,-1916,-638,1952,983
8321,-3849,3054,-1264,-1906,1169,1582
8322,-7411,-1010,-423,474,880,-397
8323,-4807,4760,6320,-1642,1876,-1865
8324,4207,5098,547,-1046,-1063,-190
8325,-2312,-483,-2453,-1739,1031,1000
8326,-7691,-6334,-6178,301,-940,347
8327,5322,-606,-7887,-1581,-135,1291
8328,4918,-1771,7696,1952,220,-1794
8329,-6761,-4399,-5636,-1911,-795,-611
8330,-3534,938,7778,-1876,653,503
8331,4605,4674,-2963,1066,562,1177
8332,-6245,-5161,7445,-95,583,-440
8333,-3570,4628,1159,-572,-1585,268
8334,7576,1182,-1753,583,-1805,-676
8335,-7959,7340,1198,837,613,-351
8336,-2679,4429,-4423,-949,-928,171
8337,-3427,7161,-926,-54,622,876
8338,6738,725,-1588,-759,932,-1145
8339,93,5640,-6807,-1786,1671,-753
8340,459,3467,2533,19,-1942,421
8341,6885,-2527,6121,2,1825,645
8342,2836,1078,-6143,580,-1593,319
8343,3302,-7465,2479,-1399,465,-1555
8344,3150,-3682,-5409,-555,1276,577
8345,3766,-519,7729,-1158,1460,1260
8346,-3750,4924,1219,894,-1051,-705
8347,-3183,-5852,1092,245,746,-1820
8348,7880,-3402,-1242,1175,-67,-1328
8349,-1857,-5132,2658,1298,-1999,-742
8350,-4930,-6910,-7368,405,-1940,-1945
8351,4289,1801,-140,-337,176,1032
8352,565,5952,-4780,365,-394,-584
8353,908,5089,4359,-1166,-1086,-52
8354,-7941,-4432,-2767,1736,916,-187
8355,-6988,152,327,449,1878,72
8356,4098,5343,-6088,1653,-1573,517
8357,-3050,-7574,-6830,1426,-1084,-305
8358,-5801,-5793,2818,-354,-1364,1029
8359,5559,-1792,5632,-1170,-391,-1722
8360,1266,-6233,-5382,-1937,-327,-1237
8361,-7643,3210,-1957,1996,905,-891
8362,-2667,5840,-6613,-1564,-1990,746
8363,-4434,6244,5514,1628,399,-362
8364,-1438,-5096,-739,-1773,1491,-1445
8365,1437,4780,-2794,1227,-1332,1173
8366,-5135,-6531,-3483,-46,1754,-116
8367,7102,-6172,3796,989,-1106,766
8368,7479,1566,6582,1148,-1763,1481
8369,5776,-3144,5561,-1913,276,-620
8370,-758,-6790,3739,-1665,680,-60
8371,-2273,4186,4616,261,462,1977
8372,-2968,-7192,6730,918,319,-1480
8373,892,6193,-6375,1856,255,141
8374,2994,3743,3413,-569,1874,525
8375,854,-3864,2818,-1951,-1691,-1947
8376,7785,-4502,-2551,-1617,545,1062
8377,-4030,6041,-5409,-792,-787,1191
8378,-2841,3397,-6326,528,1518,-226
8379,-7446,6336,-2894,-1996,1834,-1767
8380,3391,-3999,-2398,-119,493,1906
8381,-1963,-5535,-6735,1068,-1518,1599
8382,-3116,1545,3917,656,-407,-1972
8383,-2367,-5293,58,1162,1953,163
8384,-1419,3642,3312,-1738,-218,476
8385,-4181,5317,6022,645,66,-1849
8386,-3435,5774,7059,1530,-1169,-1360
8387,-3629,-4340,240,-1935,1003,-1663
8388,5770,3384,1749,1525,-246,1635
8389,3899,5921,1213,-1063,-551,-1331
8390,-5040,1119,1192,862,-1705,-1845
8391,4128,-2371,-2642,-701,130,-1503
8392,-40,-1920,-2260,1692,878,1539
8393,-2651,1460,-2701,1639,152,1709
8394,-7866,6238,291,64,-1493,23
8395,-4523,-625,3678,-16,215,-1164
8396,-2271,-236,502,-1918,-1679,-950
8397,7529,-6386,519,-1104,-152,-866
8398,-5028,1398,3388,-418,-249,-322
8399,-4772,5827,1991,906,491,-71
8400,4042,-5405,-7821,1125,411,-1646
8401,-226,5107,1112,1288,127,-1647
8402,-3125,6266,4021,560,613,-1112
8403,-4926,4532,-2245,-628,-1864,1921
8404,-3639,-6497,-7564,855,508,372
8405,-5349,7475,5558,-1584,407,1685
8406,7503,4751,-1464,-302,-1784,1872
8407,2284,-7627,809,1491,-226,916
8408,7895,6428,5244,-1816,104,-372
8409,852,-384,-6347,51,-1818,-1461
8410,-6807,3979,6038,-813,1350,-906
8411,6817,2471,452,636,-659,-1541
8412,3514,7708,-3281,-283,379,1091
8413,-6806,5885,6740,1609,990,-320
8414,992,3893,722,-1253,-594,-1395
8415,2654,147,876,-223,1740,357
8416,4367,5565,-3864,1807,1679,1330
8417,-3947,-7504,2086,584,-336,588
8418,1035,2970,-5367,1746,-1738,-834
8419,7693,-63,6918,-822,1600,-63
8420,-3965,-7516,4356,-1895,-168,1778
8421,-2759,3061,7007,1716,1931,-1105
8422,5885,-2866,-3129,-438,-1780,-32
8423,-645,-2664,-6561,-278,-1851,-1706
8424,-3753,-678,-6375,-1298,136,1782
8425,-3388,-4464,-5036,-593,544,-536
8426,-218,5168,817,1975,-889,1460
8427,-150,-316,-2655,-990,-971,101
8428,2289,-2669,343,861,1097,1788
8429,5217,-1198,3431,584,-457,-1434
8430,565,215,-1260,-1373,-1329,937
8431,-6422,-6448,5012,575,1669,-1692
8432,-5419,-7201,7131,-1406,-1153,1761
8433,-7608,-6281,-2258,-1742,918,-1903
8434,3429,6738,6897,-518,631,-697
8435,7548,-5161,-3699,1331,865,1657
8436,170,1667,3637,742,55,-530
8437,-3156,4544,6208,1976,1591,-1079
8438,7167,5535,187,-1102,-1706,-1042
8439,7239,-3681,2408,-857,-1543,-844
8440,6772,7433,2631,-1671,509,1541
8441,6615,-6375,6917,1830,1912,-1402
8442,-614,-6326,760,-1406,1874,-336
8443,-5579,2276,2679,-1965,1508,-1781
8444,-2765,2334,3250,-55,-1815,-1108
8445,-2066,-4247,4840,-783,1103,354
8446,1639,5682,1641,-885,-1895,449
8447,-5093,3032,-7433,-1271,1778,1081
8448,2008,3956,-3251,-458,637,558
8449,-3199,-1426,-4315,-1866,14,-1142
8450,4068,2697,-5731,-1768,1919,945
8451,-1464,-6809,3149,1261,-772,-1267
8452,4147,4343,-3846,1956,62,-226
8453,2328,-79,7047,1471,-192,-982
8454,6941,75,-7592,-1803,-1469,-41
8455,6875,1689,1027,1976,-1433,-797
8456,1900,-710,7112,-1695,-2000,1549
8457,-2262,6199,158,1193,288,-1990
8458,7516,-3625,-2199,213,6,-1634
8459,-5085,-5884,-1403,-1642,1751,-1806
8460,3069,41,4247,-451,-915,-819
8461,-7847,522,-3137,-1686,1526,-1588
8462,6154,6445,651,1621,1517,912
8463,4567,-3613,5897,-1768,-44,1652
8464,-4635,5150,6400,1296,-1002,-26
8465,7997,6022,4302,-830,342,-1481
8466,869,2901,4068,-561,1613,714
8467,-4907,4607,-6763,-1866,834,-1585
8468,-4572,379,798,-654,32,-1608
8469,5115,-7398,7805,39,1419,120
8470,-5573,-7623,2154,1444,-1432,1092
8471,-5273,6947,-63,-1757,-1658,-532
8472,-6129,-5880,2954,-1907,1709,-1876
8473,734,4240,6368,-1293,178,-1093
8474,6057,3780,-7501,-637,-49,-83
8475,5789,-4319,-3196,182,-397,-1170
8476,6751,6327,3692,1669,-1439,1452
8477,7469,-6294,-6584,533,-1778,-552
8478,-5682,6135,-1666,-1903,134,245
8479,6611,-942,7022,-200,-59,-307
8480,2849,-5826,-5864,-45,-451,-1432
8481,2950,14,6287,-1459,-1749,-1182
8482,5477,5576,3066,340,788,-1464
8483,-4205,3168,-7823,751,-530,23
8484,2911,-89,-5041,-1474,-716,376
8485,6350,4659,4153,-1990,-888,-1189
8486,5022,55,-2646,-312,-806,-1117
8487,-1071,4205,4632,1917,1128,-1411
8488,7631,-5690,3960,423,846,-1909
8489,-4820,-6274,2217,1669,-1112,-1813
8490,100,2999,7481,-1868,1513,402
8491,3811,-6054,3596,-1058,-658,-347
8492,-2818,1789,3522,-753,-1968,-1524
8493,-5402,5559,-4180,-1244,637,499
8494,4870,-2406,6275,295,-1643,634
8495,-496,-6772,-413,-75,204,-341
8496,4991,6479,4902,-980,1406,236
8497,7546,7853,-7925,1645,1734,710
8498,6379,-6115,1528,-1670,1060,1756
8499,-2094,-3735,207,433,1325,406
8500,-87,2562,6180,812,492,1449
8501,-3288,-3188,-7692,-1870,-550,22
8502,6511,7212,-3967,583,-1211,-286
8503,4788,-7156,6530,1010,1710,-201
8504,5005,4953,-5855,1018,1169,-1561
8505,-3462,3487,7224,1062,-797,1214
8506,-5009,4557,6054,1679,1001,-543
8507,807,1967,-6496,805,-1283,-694
8508,505,-2582,-6398,704,680,-1113
8509,-3749,-3056,-7540,843,252,1853
8510,-6996,3407,-1410,354,-1492,470
8511,-7122,5381,-3023,727,-32,-21
8512,-1753,-3818,212,-1130,649,-1708
8513,406,-4115,1698,-1804,-855,1516
8514,-7305,-4924,-1035,-1049,-1068,-1494
8515,6307,-7985,-3877,968,-921,-327
8516,6182,-6440,-2647,914,-1428,775
8517,2913,4665,-2151,-1093,-1027,-820
8518,-5064,1947,-895,1842,1637,1792
8519,-125,-5792,-5033,-732,-443,-1656
8520,-1073,-7797,-6981,-1314,1827,1529
8521,7493,2280,7941,139,-1789,969
8522,-6349,3642,-3384,-1903,1255,-1340
8523,3946,2349,-6243,47,-29,709
8524,481,-5999,-72,-1378,438,-714
8525,6826,-7330,6860,1170,-1875,1832
8526,-2826,1353,-5870,661,1723,209
8527,-6624,-1315,-3593,-1296,-85,556
8528,1101,-3487,-3371,1394,1991,312
8529,-2522,-757,-998,1505,-97,-468
8530,4913,-4141,-2859,1083,572,-1081
8531,1864,-2265,2535,-608,825,-1375
8532,553,-2457,1179,1277,1483,216
8533,5614,-2546,5304,-469,-724,-824
8534,-7471,-7225,-5317,1657,208,-1698
8535,4252,-2697,-4656,910,-315,1359
8536,-1258,6718,990,-1924,-47,893
8537,3968,5081,3720,-501,-1498,-1677
8538,-7453,7195,7756,1433,36,216
8539,-5594,-2205,-7950,588,1051,-859
8540,7757,3636,-1670,910,518,-1164
8541,-4135,3517,-838,1469,1641,1555
8542,617,-5576,5030,1438,-1632,54
8543,2162,-564,-4086,-701,1326,-1442
8544,-5502,-907,-3294,-1710,-807,-1013
8545,-2008,-1684,6924,666,1946,704
8546,1971,-7570,-6188,-1511,38,811
8547,-2279,7453,7627,404,-181,1890
8548,4905,-5174,-866,-1335,585,-47
8549,7498,1415,-5612,1214,-119,-673
8550,-5889,4208,716,1649,-1473,-1416
8551,4488,6521,2415,-514,687,-227
8552,-3567,3277,-2990,-59,-1448,1171
8553,3605,5885,3063,1802,-1611,1389
8554,-1657,-4649,-3234,-1073,169,1367
8555,-390,7176,2109,1854,1745,255
8556,-4695,-1131,2755,-1407,-25,-283
8557,6507,-5900,-305,1114,1778,-524
8558,-3397,5309,-4401,-375,1902,213
8559,1075,671,1425,-1137,-1353,-536
8560,8,6321,-864,-720,-1,1186
8561,-4337,3392,-5116,1683,846,-321
8562,-6453,-585,-6701,1661,1348,140
8563,7374,3678,-616,1897,1158,1621
8564,3936,6855,-6788,730,-1850,1411
8565,2417,2965,540,1890,-1620,-1455
8566,4748,4807,1219,-749,1946,520
8567,1907,-6317,2002,-1925,313,-749
8568,-4427,-1102,4795,1831,-938,-1354
8569,4057,2321,3769,-283,702,891
8570,-5541,5678,7448,-1728,-1947,266
8571,5496,-6705,7561,1537,726,1255
8572,-2339,-2886,-2089,1686,477,973
8573,3175,840,-5533,-518,-1345,1420
8574,2431,-256,6071,468,1601,341
8575,713,-6251,-5174,1414,-1266,1459
8576,6997,-2293,6950,-43,-451,-568
8577,-5582,-2950,1878,-1599,-707,-8
8578,2375,-4431,4964,-1581,-677,-629
8579,-914,-4835,4888,71,-1687,1509
8580,2903,-1971,-6380,-1334,223,88
8581,-7845,-3807,7398,-1229,1486,-1678
8582,-4009,2646,-785,-773,-1450,-468
8583,-4317,-3535,-7206,1574,648,-929
8584,-6493,-5489,6882,937,672,-1303
8585,-4514,4917,-4319,-785,1675,-642
8586,3281,4464,-7603,-108,1273,732
8587,3208,7622,5151,-1924,-1454,58
8588,571,-699,3612,-1412,173,731
8589,3729,-4108,4780,1586,588,1174
8590,6160,-2584,-4087,528,-1086,668
8591,6063,-44,723,-1005,-667,-1819
8592,-3672,-5314,-3228,-1267,-895,-1501
8593,-5144,2004,-7599,-1350,-1619,1936
8594,638,-6219,3761,-1532,1562,1757
8595,-1774,-4659,-4239,-1823,1039,-1041
8596,-351,-1539,4639,752,1134,1720
8597,-7145,266,2413,-677,397,-1660
8598,-4703,6085,2634,151,1654,1785
8599,1250,1148,-233,662,1868,217
8600,2905,-3171,2625,-641,1098,-421
8601,-7061,563,-5881,1586,1163,180
8602,3719,-144,-2824,729,-1831,1150
8603,6864,-4224,-3123,1195,291,1494
8604,-5226,4035,3976,-350,-719,-51
8605,-5463,-7478,52,209,-914,-526
8606,-4843,-6414,-1449,1245,-1615,1064
8607,6944,7036,3194,-1575,-779,1447
8608,2395,-2305,-398,1577,1114,-1992
8609,-4943,-3137,-6462,-782,-997,1293
8610,2551,-351,2834,-612,189,-1408
8611,-4444,-1351,-4268,-1302,-1477,584
8612,-4583,-1682,851,716,-124,-1898
8613,-7348,2731,6083,1323,-105,-740
8614,-354,-6291,7371,1019,578,1933
8615,6714,3265,-288,1954,1652,-1450
8616,3417,4991,-5393,1118,1481,1920
8617,-348,5951,1404,-1338,-498,-1745
8618,7816,4918,6856,-423,88,-1975
8619,-2037,7293,487,757,-1371,-11
8620,-5874,5441,-4591,-1622,176,462
8621,-7893,-6979,-3523,147,1330,-704
8622,-1394,-7709,2814,-627,1106,1083
8623,7791,7249,3006,-464,1252,383
8624,257,6520,-1281,750,1238,-46
8625,-6695,4041,-4994,-1874,1749,1082
8626,-1200,-4418,6720,-1087,831,1899
8627,3077,-5398,-6495,-55,1464,432
8628,-2835,-5961,-3965,484,-1409,54
8629,6898,5234,-6416,1607,1619,-323
8630,2895,1944,-2552,-936,-578,-1123
8631,-2047,3597,-5703,1554,1065,1262
8632,-6651,-6998,-4532,-1690,1032,1279
8633,5387,4530,-5515,-329,1488,1370
8634,1903,454,-1280,569,-548,-1004
8635,7395,-2990,-5013,419,322,-572
8636,6649,-1792,-7510,-1156,243,1874
8637,6341,2965,-7114,1825,-1611,1628
8638,5746,-4881,-7010,1906,326,810
8639,-7557,7455,-4466,1430,1611,394
8640,-7708,447,-1121,1553,-91,-479
8641,7008,5022,-494,-1035,1426,1333
8642,-5213,-633,4660,1388,541,-1217
8643,946,-3727,1555,1587,80,-76
8644,-6826,-7602,-3800,1941,760,-767
8645,3900,-7608,2519,-1371,720,598
8646,-4362,4918,6356,-1121,109,1334
8647,-6791,-5344,6368,-1636,-119,-1095
8648,-3286,2432,-7328,-451,-46,1045
8649,5896,6099,-7454,652,-881,-324
8650,-5740,-5894,6798,818,1473,679
8651,-2600,-2594,2853,-730,489,862
8652,7517,-3051,3004,-1399,208,1260
8653,-5189,-5732,792,1729,403,1495
8654,-1892,5812,5709,491,-1711,1765
8655,729,-368,-7355,-16,973,-1217
8656,-1483,-2924,4021,-374,1028,318
8657,-5397,-3006,143,-51,-956,-1177
8658,5346,5231,3637,-319,1882,-1717
8659,-5319,-7211,5630,529,-1513,1106
8660,-2113,5515,-5696,-1759,1805,111
8661,7783,5471,-6257,342,1051,1410
8662,767,2440,-1962,1028,504,856
8663,4786,4208,-7850,725,-586,763
8664,-3338,6787,4302,53,789,-777
8665,-7701,-6200,-2169,-617,1430,-356
8666,793,110,-6928,611,310,-702
8667,7500,-2678,-2857,-1866,1639,1415
8668,3017,-2089,-4501,1661,1935,-338
8669,-146,4509,7878,-631,1123,-787
8670,-3451,6206,-6631,-1601,1924,-187
8671,4132,2201,2892,-1835,-1413,932
8672,-820,-6649,-1952,-486,552,-1081
8673,5306,2277,-5989,-925,558,-542
8674,-4100,1245,-7315,-46,1904,1632
8675,-1544,-3133,-6379,-738,496,902
8676,-4038,1212,-313,370,184,-90
8677,7854,2524,7677,797,-1421,-779
8678,6552,-1839,-7621,792,-1406,-366
8679,-4181,-2650,-5022,442,-1605,64
8680,6952,-510,3024,1157,1875,-1957
8681,-1809,-5039,686,-1236,-222,132
8682,92,4337,893,1272,1554,75
8683,-2482,-3326,2782,-392,-455,551
8684,-5116,4711,1523,-799,-1190,-1794
8685,1582,1207,1784,72,-868,-665
8686,6169,5042,-4534,1865,-1476,1902
8687,5108,-2870,-1360,-1981,750,-446
8688,1923,-3308,-2256,-773,-503,1329
8689,-2180,-5715,-4783,823,-1637,-141
8690,-943,-3062,-4927,-179,719,-1233
8691,3754,3710,-462,-687,108,-178
8692,168,-691,-2220,-263,898,1228
8693,1,-7625,3632,1523,-234,247
8694,-4874,-692,7650,643,532,1044
8695,160,-265,-2920,1542,-883,58
8696,-7146,5555,5280,-1621,1117,1343
8697,-6025,1162,-6712,1697,-1408,732
8698,2203,-7286,-5970,951,13,-1061
8699,3248,269,1593,978,1435,67
8700,4911,1108,6929,-857,-1089,424
8701,-4611,3948,-3756,-1319,-1598,1266
8702,1127,731,1746,-1579,117,-607
8703,-1301,4209,264,1078,-1040,-1906
8704,-5823,-5945,-5764,1152,-313,-447
8705,-6398,-1314,7178,-171,-1480,1061
8706,-7397,-5125,6340,1409,-1810,-787
8707,-3186,-2442,6882,-1844,1287,272
8708,7396,1245,188,860,-436,-1052
8709,-1545,-1100,-2472,556,1335,-746
8710,-461,6605,-6730,1143,-1364,199
8711,7324,6071,-6933,-1785,-483,1734
8712,-6053,4280,6636,-1749,1995,317
8713,211,-4981,4820,-1057,399,39
8714,7947,158,-6174,474,-1345,-49
8715,-7689,160,-4818,16,1867,-1909
8716,6342,-4686,7615,-417,363,-367
8717,2292,2036,-7754,-1854,533,1844
8718,-2790,2007,2997,1789,-1232,-1488
8719,3354,5122,-2854,-1627,289,981
8720,-5963,-2007,7323,-701,-1635,-235
8721,-3900,4972,-6425,999,-1539,1160
8722,6207,-1572,-3954,1438,-799,-145
8723,-3271,-5823,-4642,803,-1577,-682
8724,-3350,2744,4997,-127,-236,1739
8725,-3283,1330,7969,1519,-268,-58
8726,2546,-329,7060,-821,1423,453
8727,4230,-2922,7583,-1946,937,-240
8728,-241,-5247,555,419,-627,-1803
8729,-7809,4012,4047,499,-1529,435
8730,7230,954,6715,-1629,-921,-538
8731,7012,43,-2222,961,1801,1271
8732,-7020,7291,-453,-1615,1159,-1334
8733,-849,6327,1540,-198,116,86
8734,3577,3691,-644,1234,182,635
8735,-7606,-7838,-2186,-452,1572,635
8736,1009,-3925,5857,662,-1904,-1707
8737,-6200,-3604,6949,-790,-1856,-1992
8738,1951,-228,-2274,1638,1902,968
8739,5540,-4311,7068,-263,43,-172
8740,1778,7372,5079,1037,442,116
8741,-3604,-690,-3214,1405,1287,-695
8742,-399,-1910,706,-196,1933,-1436
8743,6183,-3723,-1081,1726,-1473,186
8744,-4895,450,-1045,-1830,-173,-1477
8745,5687,5180,-938,137,737,-1515
8746,-6643,-342,-6762,1757,-529,1356
8747,-4348,-247,-390,-692,-1150,-1276
8748,6137,6308,-2741,1112,-1386,1920
8749,7412,2075,116,-881,1207,1048
8750,6429,-4700,643,-185,-633,-454
8751,-7303,-2002,-2097,-379,658,805
8752,76,7293,5265,868,-113,-1783
8753,-4934,5381,-2242,-1338,-1732,1106
8754,5731,-7245,289,854,824,-934
8755,-7290,4315,-4300,1546,115,75
8756,6740,965,-1867,1084,-843,-185
8757,3310,1157,-6304,-972,338,-802
8758,7604,-7366,2708,-956,-1413,790
8759,5656,-5466,805,227,235,-692
8760,-2239,6226,-3528,-701,-1797,-1733
8761,-1467,7323,-7988,-1588,803,-658
8762,6939,-5453,-1316,-874,-1103,-1480
8763,135,3529,5133,-1012,888,1355
8764,-2287,-3818,4238,1698,175,615
8765,4291,179,59,-1350,-511,599
8766,-3900,5775,786,33,367,1958
8767,6765,6234,3305,1489,35,-1159
8768,-2748,4542,4089,-1315,988,-417
8769,-4106,4531,3868,-1662,-1864,-383
8770,7101,-7383,-2356,-287,1956,149
8771,-3663,170,1226,-889,1171,-484
8772,-7201,2686,5880,-1936,-1953,-1174
8773,-3568,6362,-4050,-112,-586,1717
8774,-1476,-2770,3757,-807,-1355,-1795
8775,-4055,4151,-4224,515,1301,1996
8776,-5945,-2729,3350,-512,98,353
8777,4626,3281,-3024,-34,-1153,-1828
8778,-200,438,-4383,1531,-1420,1120
8779,7689,3443,1976,1532,1392,-1902
8780,7355,-6941,-6936,-244,1677,-1571
8781,3680,-2136,-7428,1834,-230,-1971
8782,-1843,5006,-6443,-1341,1475,508
8783,7291,-731,-7361,638,31,-682
8784,628,5265,6820,100,1960,-1394
8785,2859,-2386,-1162,286,-1966,-1703
8786,7933,3738,6028,-1532,-1542,-822
8787,7542,-6794,3835,-1647,-187,-735
8788,-5340,-4698,1787,-944,-1788,1120
8789,-2835,14,4612,-900,-251,131
8790,6275,6896,-2677,-914,1551,1645
8791,-6826,-4583,-1172,-586,1307,572
8792,6093,6951,-7212,981,-605,-290
8793,-7460,5352,-579,606,-541,938
8794,5254,-2596,-2204,-137,144,1496
8795,6163,-6483,6334,772,-117,-1189
8796,-4732,-276,4578,658,966,1344
8797,-5379,-1325,-5168,772,1769,-685
8798,-4588,7474,-3859,-865,-957,957
8799,4896,-1202,3987,-730,1421,1655
8800,-4575,-2011,-4828,610,-1399,-626
8801,-3199,6924,293,408,-1932,-1173
8802,3565,619,-2058,1791,472,1353
8803,-527,7660,-6709,-345,1694,-640
8804,-3377,-4145,-3266,48,910,1718
8805,7903,-1251,-5381,366,-906,-746
8806,-7838,-6887,3978,-182,-763,1852
8807,-4015,-6226,-3166,-630,-810,-12
8808,6459,3704,-5842,-652,-1013,240
8809,-7812,5262,-4981,1420,-135,991
8810,3408,5730,-519,-6,-1289,1772
8811,-5921,1610,358,1377,1851,749
8812,5453,-6262,6752,1229,-1837,832
8813,7642,3471,7858,-561,1422,826
8814,-1392,4560,3739,411,78,-1421
8815,4967,-7449,1891,-277,-201,717
8816,-4296,6963,3480,1383,-587,335
8817,-2598,-4198,2140,-1064,-981,-16
8818,-4463,-6141,-6759,-1112,-519,1881
8819,6481,5460,-5396,-382,1757,1187
8820,-801,-1200,2831,-1592,-1201,1698
8821,7980,-3732,-7902,517,-1768,-264
8822,-2617,3810,-3666,1815,1099,-70
8823,2033,3923,-7753,431,1620,1606
8824,-7426,-4104,4504,903,375,870
8825,-7120,2367,4796,-1154,-789,1272
8826,-7588,3522,-2762,1002,1384,1430
8827,-6383,1576,557,355,-136,1387
8828,7367,6753,6915,928,-1875,-415
8829,1521,6993,7599,1714,982,-1658
8830,5813,5248,-4958,-1777,-342,583
8831,-6317,-2877,2228,1902,869,-1830
8832,-1890,-7168,4936,176,-1936,1873
8833,-399,-7596,-5423,181,-1333,993
8834,3627,4631,-5362,254,424,-1419
8835,6032,-4927,-5107,1206,1479,1173
8836,3375,-2820,-5836,1432,1733,-324
8837,-7558,3657,5035,758,-1,-316
8838,4246,-7317,-986,-207,373,777
8839,1577,-4493,3963,592,588,1423
8840,-4777,5811,-2278,-1646,-1816,-997
8841,-6629,838,-3632,1366,1335,-1587
8842,3897,2589,-5733,-1357,1014,-1978
8843,5014,-4152,6512,328,1925,1546
8844,5733,1657,2949,-396,-979,-1932
8845,874,7716,-2668,1723,940,-1400
8846,6302,263,-1421,-505,-1385,-1336
8847,-3096,4645,-3689,-410,876,-795
8848,-597,2311,2893,0,1732,1264
8849,1162,131,569,1402,-1498,-1487
8850,-7030,-4883,6061,-1933,1752,640
8851,1007,1838,-4938,-1130,-684,1045
8852,-5531,-5887,741,-766,1771,-247
8853,6866,-7025,-2454,403,-1629,1182
8854,2573,-6131,-4639,-692,-1287,1262
8855,-5027,4736,-6167,1428,357,-1832
8856,5087,2755,3539,-1092,-444,-1078
8857,-41,5595,-6174,-1468,-1763,1490
8858,7889,4859,514,-1736,1791,1470
8859,-5299,324,4352,1147,-1783,488
8860,-3511,-818,2477,269,87,-379
8861,-3101,1468,-641,225,-1488,-204
8862,3451,3800,-7085,1849,11,476
8863,6819,3430,-3068,638,1066,-418
8864,-7287,7945,-3819,348,-1692,873
8865,7143,7009,-3133,1953,-1604,921
8866,-7975,-3091,3687,-520,1413,1371
8867,-4326,7887,3629,-227,-1531,1099
8868,1255,7220,-3599,1222,-1564,-1967
8869,5503,6854,6649,-545,-1938,326
8870,-3488,959,6887,-439,-533,-1444
8871,-1823,3151,196,1362,-1966,-1079
8872,-4823,-2670,289,826,-511,140
8873,-5720,7487,-7003,1098,290,-501
8874,-2849,-7518,-7094,-682,-15,-59
8875,-4844,7838,-2428,-1530,-52,432
8876,-670,-6960,-3698,-1399,-1586,1035
8877,-5506,2197,-7626,858,-1500,280
8878,-1042,-2901,-951,848,-333,-178
8879,-815,1179,-7841,1571,-293,-212
8880,928,-7845,-1267,-699,-82,939
8881,640,2957,-1500,444,-76,308
8882,-7418,-7284,6141,-784,-349,-790
8883,-2443,2080,-1614,-260,-126,-990
8884,5063,-4608,-4709,-930,1297,-456
8885,6096,6100,5227,1558,-379,1101
8886,-3151,-3711,-7063,-836,-660,1870
8887,3444,-287,-5968,108,-1336,416
8888,-246,-2595,-5405,175,1846,-1539
8889,2772,4179,-486,-1829,1810,1442
8890,-3686,-3550,1626,1540,718,776
8891,7745,1975,-5831,-1925,-1127,743
8892,2720,2599,-300,-1783,1132,-585
8893,-5912,1927,-404,1420,-23,-224
8894,-7969,-7062,-6197,-645,-96,-1299
8895,2109,-3106,-1072,-1134,-299,1610
8896,5219,-7529,934,-1128,389,-671
8897,4163,5246,3038,-620,1107,-903
8898,1391,-5731,-4757,1027,-1616,856
8899,5911,643,-7890,345,-745,-991
8900,-6491,7021,3854,1952,-1391,-313
8901,-6094,-1083,-7194,-497,-1404,-1014
8902,-1181,-6385,-6719,-960,-1246,1566
8903,-7967,-7801,2067,1830,1537,-204
8904,5166,2169,-2579,-705,1215,1588
8905,-3935,-798,-7969,-1739,873,-1424
8906,-4593,-5766,2752,-16,-1779,-104
8907,7889,-4324,1212,347,-1406,-910
8908,-3743,2939,580,-686,-1457,1974
8909,-2266,3203,-6509,-1014,-191,-539
8910,-4223,6051,-4600,-1053,-896,1571
8911,5323,4165,-2316,986,1822,-196
8912,2037,608,1210,1633,1548,-1765
8913,2050,5271,-2205,286,-1426,-1622
8914,-3890,-699,-3627,-359,-1588,-1958
8915,-59,-94,3914,-333,-1314,-368
8916,-521,-6093,4542,1856,658,910
8917,-2093,-5792,6836,-1541,475,883
8918,-2688,52,6408,-503,1836,1073
8919,1156,-2076,5059,-474,-1913,-67
8920,3203,-4070,-2444,-1638,-1598,-332
8921,5491,7148,6571,-817,1219,1063
8922,5694,-410,-614,-647,16,-584
8923,6953,5055,7530,23,1162,-1322
8924,1772,-4603,-2426,-746,-1129,665
8925,6324,-7130,3655,1164,1556,-1798
8926,7528,3238,2295,47,-58,203
8927,6934,-3822,7508,1676,-1877,1674
8928,7545,-5411,7477,-1686,-1865,182
8929,-7269,7284,6694,1872,-760,-14
8930,-2031,-6477,-2205,-1695,-879,-1427
8931,-5063,6916,3359,-1180,974,752
8932,-106,-7943,-5955,-1590,-1296,-1414
8933,2008,-5816,7378,673,-1137,1384
8934,-4553,-5858,-7634,745,596,-551
8935,7369,-7707,6875,-285,-1696,-1308
8936,-6473,-2245,5862,-1182,-1116,-288
8937,-7785,7744,4034,1026,-1615,-1586
8938,7960,248,5994,-555,268,-1314
8939,-5678,7496,1504,-178,-1537,1595
8940,3450,6290,2801,1997,1974,-1557
8941,3693,-918,3286,1265,-350,1110
8942,5937,7740,3893,182,-1296,-447
8943,7448,2281,-2344,-1237,-1512,-1063
8944,3237,-7470,5315,-817,-708,-418
8945,-930,5031,-6424,248,-732,-139
8946,-4137,3753,-2993,-1476,1984,1861
8947,4723,5153,-188,-688,1150,169
8948,-906,-6712,2771,-790,-1735,-1697
8949,-4962,5948,-4759,100,-1493,1609
8950,-49,-4999,1435,30,-1065,-1264
8951,-22,4451,-3890,-160,-1821,525
8952,-2707,-4115,-4985,-1301,-488,-853
8953,-2740,-7127,-5412,-1611,-675,1262
8954,3100,-5548,2315,1446,1053,-911
8955,6645,-1261,343,-1609,-19,-1753
8956,6445,-2743,-1432,-426,1145,791
8957,-744,5347,-4250,294,-171,1643
8958,-5808,3562,-7327,-1267,1847,1278
8959,-1588,7448,-6942,-1637,-182,-892
8960,-3792,-1295,1097,-40,331,1160
8961,-4890,3648,342,-908,-1415,-1024
8962,1822,-4373,-7756,798,-1810,-339
8963,-1676,-6489,3880,-259,-1094,76
8964,-1113,-7292,1263,-28,-1657,604
8965,-7626,4602,2011,344,-1487,-890
8966,390,-4284,-1679,-621,-157,-667
8967,7465,6493,-4462,-1139,-1557,1215
8968,-7492,-3938,-6318,-1908,-1916,1495
8969,5610,-1577,1080,1952,-1483,-1562
8970,4982,4806,4175,-1736,1438,1810
8971,1510,5781,5636,1892,-623,-401
8972,-7745,-5182,505,1323,-1533,-1870
8973,-7687,2693,-5607,1366,-766,-41
8974,5759,6954,-2672,-905,-1317,-294
8975,4599,-461,1720,-1077,-340,-1905
8976,-4727,648,2582,553,-652,789
8977,4307,5523,2669,1132,215,441
8978,6627,1040,-4571,1430,29,558
8979,-5077,-7278,-2772,295,-724,-403
8980,-3326,2708,183,-505,-542,198
8981,3081,-6775,-4077,725,-1327,672
8982,7165,628,2852,-753,-1137,-108
8983,-7228,3109,138,686,-1942,1195
8984,7516,-2198,-6385,-936,272,-1979
8985,-3811,130,-6417,-1211,-1178,-490
8986,-3909,-6368,-6020,-1421,-1880,-179
8987,-5131,-4444,-3057,-419,-1181,924
8988,6791,410,-3936,1929,-1926,1187
8989,214,7940,-4589,641,-771,-808
8990,-248,906,1037,7,1449,-591
8991,-5035,-3648,-6799,639,1562,-257
8992,3665,6833,7114,-834,824,98
8993,4536,-5698,-1443,-296,-908,1445
8994,7800,-5769,5297,-1635,641,-1223
8995,-7438,5333,5810,1852,-1109,787
8996,85,3422,3556,1496,328,1783
8997,-5989,-6717,3078,1990,1833,-365
8998,-991,-4721,5797,1498,118,1372
8999,2717,1903,2601,1115,-389,203
9000,-2217,-5573,-735,1481,524,1373
9001,3166,-3249,4869,28,441,-666
9002,5472,-7451,-121,-801,885,1855
9003,-6863,2739,3946,1166,-1743,115
9004,-6698,-2085,-7107,-842,-578,-528
9005,-1493,-7175,-4253,618,1384,-991
9006,-7680,7326,-4288,-1593,615,1281
9007,-3532,-7919,7275,1207,559,-75
9008,-6907,4182,849,1367,-782,1323
9009,6378,-607,7764,323,-62,-1555
9010,7575,-3797,7856,-351,-1938,1834
9011,-5626,7831,-5226,-1451,-63,1075
9012,1661,4102,-2243,-1307,-1534,-153
9013,904,3549,-824,-1833,1226,929
9014,-3299,-440,-7376,774,1644,-660
9015,2746,7940,-4057,136,-1495,1227
9016,2868,-7369,-7507,-381,1363,552
9017,6891,6760,-7732,1938,-467,-969
9018,-3324,880,1589,-1663,-294,-669
9019,878,443,-7901,-382,872,-851
9020,806,2750,-1322,598,438,1234
9021,-151,-3675,2170,440,-816,-780
9022,-1292,2905,6280,1856,1926,-1057
9023,5551,513,561,432,-741,-827
9024,831,-5069,7195,-599,-1760,1426
9025,-7980,-2113,-3489,-1013,-657,-490
9026,2414,-1164,-2926,-278,-330,650
9027,1393,3341,-224,-568,-1326,-495
9028,-4771,6580,7031,625,-632,-1411
9029,-4127,1858,1155,-545,688,-789
9030,5011,975,-6541,-1370,989,-300
9031,1569,-1851,-613,-1742,338,-1190
9032,-6612,5051,-1200,1215,-117,-943
9033,-4142,7064,3438,-176,-982,-1346
9034,2070,6489,-6756,1715,-1053,892
9035,-5787,-1971,-1865,-1492,-283,1047
9036,7670,4790,5565,-628,-544,1491
9037,4203,-2861,6224,650,-1420,-855
9038,-5639,-6615,-4975,339,1986,367
9039,-287,-3529,-1007,-1925,-1447,-1215
9040,-884,6115,-1499,625,113,32
9041,4385,-1484,3290,1310,-7,270
9042,460,3854,-3250,-354,1862,1804
9043,-945,-1478,551,198,1953,-916
9044,-4927,1901,4582,187,-1936,-1425
9045,-211,1718,-6349,597,1243,-988
9046,-6548,7199,-2582,-1650,-1206,290
9047,4622,6734,-626,879,-1130,-1816
9048,2124,3322,-6789,-376,-669,-1060
9049,64,-73,-703,-436,-1125,1564
9050,-7640,-7832,-6553,777,-1957,-811
9051,6274,5114,-7451,1111,1465,681
9052,-579,-7185,1568,1222,874,715
9053,-7497,5614,6612,1185,-263,-881
9054,-2495,-3488,1201,-1980,1445,-872
9055,1312,3253,3004,779,1864,-752
9056,4907,6685,-4050,-884,150,685
9057,-3863,-38,1818,-1508,-644,-1422
9058,1500,7613,-2123,451,18,-460
9059,-1211,5057,4441,-1886,-1318,54
9060,7708,-1204,646,-1225,-1842,1646
9061,-4241,-5117,4410,-467,1657,-24
9062,-6785,5298,-3533,-523,87,578
9063,-1362,6060,3243,-522,-578,-1881
9064,6586,5624,-4373,267,1061,-163
9065,4072,-2305,2409,-337,-1884,1205
9066,6342,1114,-2,634,-1636,-305
9067,6551,6288,1159,1718,-1778,1503
9068,2036,-6536,-1921,-1198,-103,-1845
9069,4166,7969,7986,1999,-450,1718
9070,-4169,-1776,2708,-1718,1842,-1584
9071,-5672,1753,6008,1762,333,-464
9072,-5125,-7312,-95,-422,-878,-651
9073,5771,-6043,4628,-1055,1471,799
9074,-3557,-917,-2834,589,108,1734
9075,-803,-2091,-4837,-48,1430,134
9076,6511,6673,-6677,1230,-1584,-403
9077,-1806,-6630,3228,1721,1026,-1989
9078,4792,-6764,3521,-34,1692,-191
9079,-4375,-3042,5512,1078,-236,829
9080,5401,-1752,6918,-1618,-993,425
9081,803,5071,-952,845,-2000,-1397
9082,4876,-3392,-1621,-1892,1872,1085
9083,5526,-2309,-1828,-991,1147,1968
9084,-4798,7878,-7818,1701,448,-93
9085,6333,-4935,-2082,-1366,-915,-601
9086,-1359,760,4953,-1671,82,-1401
9087,3730,-6352,7372,-931,662,-389
9088,-6584,-559,-225,-1197,-1301,-1893
9089,4783,-1447,-2046,-982,874,1643
9090,7172,7403,-5228,-509,-485,1778
9091,6653,-3016,-6548,-1162,1345,-562
9092,-3999,-427,7936,397,783,-450
9093,2870,4955,-1712,-1703,769,431
9094,2265,-2465,-851,-1566,503,-1318
9095,7423,-4413,-6592,324,-1880,313
9096,4269,917,-1702,1792,-1542,-609
9097,3076,-2633,-3082,1838,-635,-1402
9098,-2075,6878,-2154,-573,-418,1460
9099,1902,842,-3558,6,-1776,-504
9100,1638,3221,3397,-803,1312,44
9101,-6970,7322,-4736,235,-1931,332
9102,-3839,-2116,-2335,1594,592,1090
9103,6790,2875,-844,980,1873,466
9104,376,6562,4816,1271,-1491,-1115
9105,-3207,2775,-4972,1292,-1244,985
9106,2442,-6993,2077,1477,1269,-1828
9107,-217,5396,3569,464,955,1593
9108,7698,-5529,-4553,-1245,819,1926
9109,-4031,7321,-1100,1259,-1788,298
9110,5584,-2863,2804,1318,-983,-398
9111,-1385,7318,-7426,-905,1486,1571
9112,-2366,6397,-4194,1791,863,-1275
9113,-74,-1358,5760,-1978,-366,1037
9114,-3425,455,4560,-1634,1149,-276
9115,5825,-5125,3879,-630,-1716,1807
9116,7687,-981,-7265,-1466,486,-1821
9117,6891,4942,-2453,-1120,430,-423
9118,5860,3061,-3596,1842,-678,1353
9119,-645,-298,-401,-161,-1448,-919
9120,4022,-265,5169,357,-924,1914
9121,5008,-3437,-985,-1104,-1084,-948
9122,-2726,296,-5584,971,-737,1758
9123,-1292,-413,3173,1000,-539,-968
9124,-7909,4319,5409,1376,1267,869
9125,-5284,-263,-4810,-1627,941,-854
9126,1035,4967,5266,703,-515,-1537
9127,3348,3559,3059,217,1031,1404
9128,-7077,-1741,1641,-1959,584,927
9129,5484,-2164,2731,-1258,161,746
9130,6457,728,-3613,1426,-145,409
9131,-6312,-4687,-7789,801,-1408,-1721
9132,-5505,272,4328,81,-755,1624
9133,1877,7192,-7039,1080,-1723,1130
9134,-7036,4857,-6011,-1553,-439,1313
9135,-2072,1061,-4323,978,952,-1325
9136,1462,-2351,-1134,-537,981,846
9137,2812,224,2851,843,1194,46
9138,-2680,-5491,1913,1916,-1951,-775
9139,-7401,4403,750,1946,592,-363
9140,4298,-4029,6623,1273,-1647,-1178
9141,777,-4940,-3296,-1578,-1435,-1184
9142,88,2737,3198,-613,1373,1479
9143,826,51,4199,1099,1507,93
9144,-1145,-1935,4564,764,-1166,-1271
9145,-4814,-5246,-6470,640,1366,-482
9146,-1662,1252,-181,1322,270,1091
9147,-4751,-4570,-7177,-905,1251,818
9148,2731,-4294,6519,40,1237,589
9149,-3763,-1671,441,365,-1766,-317
9150,-113,-4021,-830,-465,1958,886
9151,1512,7739,7747,1293,-1743,706
9152,-7394,574,7290,-294,-600,-228
9153,4846,217,-4359,-1881,1315,867
9154,-3574,4665,3509,1577,-1705,1509
9155,-7160,3032,-3229,-1791,1416,-1922
9156,6523,-1489,4758,-1642,330,663
9157,4104,4148,-6182,1951,800,-1915
9158,-7372,-5766,1397,1897,-327,-467
9159,-2974,-2405,6347,-641,-1765,1054
9160,7580,-6070,2128,-458,1955,-84
9161,-4474,5624,3874,1312,691,1424
9162,-6525,-6450,-3180,153,210,487
9163,-1876,879,-1907,1930,84,-1231
9164,-6946,-366,3659,-1309,210,-125
9165,1415,5389,-1009,-680,-891,957
9166,-3127,3055,1301,138,1227,1020
9167,-5515,5909,538,1852,-526,1982
9168,-4538,-7893,-3064,-749,1390,-1913
9169,2369,-2854,-6901,-222,1890,578
9170,-4922,-7895,-7993,1410,-117,1507
9171,1171,316,180,29,-1768,675
9172,-847,-157,-3798,1378,-147,-750
9173,375,1474,-4421,-1088,-1341,1566
9174,240,-7282,4020,-252,-156,-1765
9175,-886,-2861,4646,2,508,1817
9176,-664,-5148,-4119,-1341,-721,-606
9177,-5578,-1220,7202,-1077,-1441,-318
9178,4195,3902,4263,-779,-483,-1152
9179,-5536,2561,-5923,-702,1237,-1026
9180,6090,4182,-7758,-384,497,-1044
9181,189,6269,7073,-621,403,839
9182,969,-1341,-1838,-1151,1080,1193
9183,-305,-6806,-4353,-149,864,1344
9184,5973,2944,-2606,963,-1300,-1627
9185,6459,-6903,-4102,1820,1842,-970
9186,5707,5369,3161,54,550,1442
9187,1454,5316,-7153,109,1637,-1886
9188,2130,1208,-1995,524,369,375
9189,-5741,7089,-2140,-472,-762,-1473
9190,-3720,3192,-7749,1389,633,610
9191,4961,-210,206,905,-1398,1262
9192,-4346,7449,7361,1599,1099,-600
9193,1547,-5502,-5981,355,-1233,1563
9194,-6213,-5336,-2347,-869,65,279
9195,-2692,-7809,-5084,440,-376,-201
9196,-3790,994,-4909,374,-1270,1353
9197,4988,2905,-6983,-513,218,1610
9198,3028,-7555,7311,569,-35,-264
9199,-5053,-5690,6503,-1748,-1687,1672
9200,-867,3358,-7232,-293,1566,1908
9201,5635,6891,991,-327,-1467,-1914
9202,-5592,-433,-127,-250,1427,1770
9203,7124,6464,-5395,1830,-709,1098
9204,5801,-6541,-2505,202,1186,-303
9205,2347,-1352,6447,-1608,1240,-1743
9206,-3386,5715,-2549,1763,1298,1345
9207,99,2909,4345,1398,41,-62
9208,-5165,4123,-3647,312,1240,-1743
9209,2409,-3330,-1555,759,570,1588
9210,-5159,7655,7785,-326,-616,1686
9211,-225,2071,-1462,669,-1728,629
9212,-4291,-4221,-1589,875,-282,-1763
9213,7209,-3423,-7030,-503,-1698,1806
9214,-1505,-5618,5802,215,703,-1974
9215,-5424,-1656,7710,744,-79,-1109
9216,-1236,2617,-7158,838,-763,1052
9217,-4804,-1342,4780,931,-420,627
9218,-4697,-2596,4392,1515,-527,-1177
9219,-3026,-4962,-2081,-401,-709,1633
9220,247,3475,2664,-359,-1823,1840
9221,4337,2380,-3996,761,33,-100
9222,-5248,-7009,-7671,-224,-1611,-918
9223,-5868,-3303,-1323,784,-1983,789
9224,5134,5907,3773,-1376,427,1292
9225,-5088,-428,3821,-1238,262,8
9226,6849,-2898,825,1443,-1609,-109
9227,6708,-3597,-4744,-1242,-1359,964
9228,-4332,4914,-7904,1801,586,-1242
9229,-1339,-3735,3244,-104,158,1830
9230,7763,-565,580,-675,1546,-1517
9231,1748,3014,13,-758,1111,1489
9232,7668,556,-6083,1464,-154,-640
9233,2337,1287,-5497,1069,-358,820
9234,-3234,7365,4612,-28,-1150,-171
9235,-3419,-6645,-5369,1847,-883,1170
9236,-161,-113,6040,-342,-998,38
9237,5199,-6437,1116,538,-697,213
9238,-1224,5232,-3288,-836,1704,-901
9239,-2470,-7965,-4449,-443,649,-527
9240,-1663,-4369,873,1805,1010,1661
9241,5348,624,2497,1770,-777,1711
9242,7985,7192,3077,1548,541,1132
9243,-126,-4091,-3788,-929,-431,580
9244,7418,7984,-3831,1699,-1148,1522
9245,3979,7332,-1806,-1349,1973,775
9246,-3700,1295,-2979,474,-1265,-665
9247,-7169,165,1612,195,-1142,441
9248,-5700,6190,3167,586,-734,421
9249,5422,-4265,-2534,-1529,61,-79
9250,-2449,-5420,-4656,-936,293,-1706
9251,-3295,1057,6666,-1366,94,1820
9252,6846,-2561,6539,-230,1056,345
9253,5889,3614,6077,1372,1915,1059
9254,3968,7889,1364,-271,-1096,1832
9255,-80,-6154,-579,1445,548,-1067
9256,-2891,-4309,6755,96,-40,-851
9257,4796,-799,-1380,226,1897,446
9258,5692,2835,147,1680,1892,1523
9259,3897,-7297,1503,1527,-1518,-1440
9260,1785,-6958,7446,367,142,1568
9261,-2461,5899,-1388,845,754,1826
9262,-4078,-5537,-673,1953,-732,-213
9263,-1066,3385,-5616,674,243,-94
9264,2387,2387,5239,340,1895,783
9265,2540,1967,61,-433,1729,-305
9266,6411,1572,667,1270,709,1043
9267,-5767,6550,2390,485,286,-788
9268,-126,1017,-5212,-1482,-7,-1678
9269,5425,3103,4330,-143,-490,1422
9270,447,2515,7690,-1069,-1484,1465
9271,4642,1592,-1094,-1298,-1871,-1870
9272,3001,-6578,2551,862,1134,-864
9273,-1257,6494,-5777,-1015,1573,670
9274,-2171,-7946,-7806,-1871,1262,-417
9275,-4620,4044,1436,-1918,-1136,-931
9276,-710,5172,7878,284,1345,51
9277,-5803,6839,-5988,186,577,380
9278,6848,-6609,4155,-863,1243,1265
9279,-4377,5292,1291,621,1366,-184
9280,5298,-7941,3651,1011,1563,377
9281,-5382,-7403,4745,-918,-48,-1731
9282,-7380,681,-7357,-630,738,-50
9283,204,4771,-1089,1677,601,-1621
9284,-5550,70,-1008,-1469,-1945,739
9285,3052,5305,-3502,-1566,1453,1531
9286,-2213,5885,2889,-1647,1446,709
9287,-2038,-2199,-2381,203,434,1441
9288,-4327,7974,6829,749,734,937
9289,4183,1616,6906,-1121,1899,-1695
9290,5468,-2512,-7905,-1186,1782,500
9291,-456,-357,3574,-1243,1711,-1174
9292,11,611,4943,-331,855,914
9293,7395,4473,-805,-321,1476,937
9294,-2544,-3111,1703,-1436,-1730,1703
9295,-7172,6115,-6348,-422,192,-299
9296,780,-4145,2854,-1292,-11,-452
9297,2236,3864,4293,1833,-1266,-742
9298,-4797,4234,2008,-635,481,1015
9299,-6987,-8,6933,-204,-1510,-1701
9300,-3787,-5452,-2451,-795,-333,-1213
9301,-5849,3511,4452,1240,1609,-1765
9302,-5544,-3909,-4854,-1158,1096,1762
9303,656,1216,-1320,-1044,1922,519
9304,390,-2767,-5150,1338,128,-1972
9305,3246,1118,4625,992,71,-347
9306,229,378,3519,-987,1534,-1591
9307,6395,7618,-5302,282,-1756,-451
9308,-1955,5802,2656,-71,1136,1688
9309,-5200,5581,-6377,-1375,877,830
9310,6471,3132,6198,560,362,-1209
9311,6871,2257,-3687,1017,1193,549
9312,2237,-3634,6752,1727,-1968,641
9313,-2170,-3911,1989,1698,-1869,195
9314,-2857,-3119,4498,1388,566,26
9315,-2445,831,2407,243,-444,604
9316,4768,-986,6915,151,1555,1125
9317,5593,-602,-2705,-20,-640,1161
9318,-3658,1010,3593,-1117,-38,-103
9319,4548,1230,-3381,-353,-1092,1826
9320,-380,6552,1117,-1841,1643,-1278
9321,2451,2423,3085,658,-1326,-521
9322,-1152,4398,2876,47,-1162,1073
9323,-1365,-357,-6820,1907,-608,-1004
9324,-1394,-4561,7004,-696,-1365,1467
9325,-7724,2176,205,-750,1289,-766
9326,-7046,-1191,1336,-686,-268,1852
9327,3913,5580,-6953,1666,1661,-1695
9328,-6691,6493,6934,-310,1275,-1303
9329,2899,-6908,-4611,-60,1820,90
9330,1515,-4786,1993,101,-1160,-1559
9331,-1423,4366,7830,1500,216,584
9332,1014,7475,5460,685,88,-1462
9333,-7609,-5483,-254,-1361,-638,384
9334,-103,-3474,6255,562,1667,1612
9335,-1909,6475,3393,-428,743,89
9336,-2875,3040,7363,-1187,-175,310
9337,3343,-2952,604,772,283,-1872
9338,4147,-662,-5368,1001,-1241,-298
9339,240,5204,7321,-520,490,959
9340,3190,3262,6421,-1428,1182,331
9341,759,-7837,-1948,-851,-1028,-1626
9342,-4362,6908,2439,1,1092,-233
9343,-553,1266,-1817,1924,-234,-1906
9344,6527,1281,2624,-1293,-812,812
9345,-207,7796,1635,-1370,-1980,1246
9346,989,-3462,4630,-208,-1806,638
9347,-3815,1907,4866,1158,1622,716
9348,7071,-6713,-97,188,1701,-1696
9349,-4214,629,4137,779,-1807,626
9350,7733,6132,-6386,-295,91,-1739
9351,-3236,-1621,1448,1698,1906,-1379
9352,7249,-4408,-5522,-741,1335,-804
9353,4495,-3514,7363,-1505,-223,-1822
9354,-7699,3569,-6122,-311,-303,1622
9355,-5724,-6392,4276,1349,-424,102
9356,-3713,2349,-4217,-165,1458,-131
9357,-368,7230,6883,-1392,199,-931
9358,-7746,7899,553,-1696,651,1832
9359,145,-4252,-4011,247,-347,-588
9360,2056,-7185,7325,1208,-413,1614
9361,-7860,3962,5009,1615,941,1975
9362,-7274,5291,4065,-46,-46,1826
9363,-6992,-3968,-4612,609,-1079,1152
9364,-4354,7309,-6650,-657,1643,392
9365,871,-4250,4302,881,565,-1346
9366,-878,7536,-831,-1986,-1609,-283
9367,2442,-3001,-3786,-1972,1932,-865
9368,4305,-5327,-7021,-1671,1504,14
9369,-850,-2552,6017,-868,786,-1611
9370,-3867,2083,4546,1695,875,-1479
9371,-5986,2811,1218,1034,-136,-1021
9372,-2982,-1335,-6956,889,-900,883
9373,-7995,2259,-4951,-1797,1416,817
9374,-1855,-3158,-1795,944,1054,-1693
9375,-3475,4812,-1363,-1003,570,-139
9376,-5410,5203,-4561,1412,-1387,-1598
9377,6861,-1239,-732,-1774,1107,-433
9378,-6848,-2603,-6359,-401,-1962,797
9379,2890,-2232,-5761,-1417,1459,-1043
9380,-6135,7061,6158,-850,-453,-1188
9381,-7109,-2216,-3930,-277,-1832,1125
9382,2657,4227,-4039,7,813,1651
9383,-5421,2843,-916,-1173,-921,-1183
9384,-6301,6135,-7579,-325,1962,-435
9385,4864,-4959,2684,25,-118,1255
9386,7917,-2883,-5038,912,1427,-1233
9387,-684,-5923,5502,-1441,-1119,1954
9388,6869,-5360,-3474,477,-1479,134
9389,-5592,-3069,-239,-97,1905,1239
9390,-2702,5121,1697,149,723,-1288
9391,-1334,-1996,-210,-290,1761,-809
9392,-2090,-4203,1943,-970,1441,504
9393,4184,-2810,6458,250,1946,-998
9394,-256,57,2004,305,-282,-659
9395,-5611,-1163,-1174,-124,-595,-333
9396,3694,-6311,-1728,-429,-1638,-299
9397,5499,-2435,-5777,-1632,1086,-471
9398,-6706,-7403,7845,1160,-814,1320
9399,-4166,-3709,6206,915,1167,654
9400,5287,-4261,-741,-1124,-842,733
9401,-4888,-1361,4710,-563,-1555,1701
9402,391,-792,1894,953,141,1238
9403,6186,-978,3361,-711,1896,-493
9404,3656,-2525,7908,866,-1613,1401
9405,-4400,-4231,-2668,-575,-1113,652
9406,7346,5763,-7541,1423,1024,-649
9407,4302,1447,-703,-547,-658,1374
9408,-7280,-4081,2564,672,-1173,-134
9409,-55,2366,7876,-68,1131,981
9410,4957,3790,5999,1862,-511,-1053
9411,-665,-4684,5068,-1401,310,-400
9412,7232,6246,-3498,-1793,-475,-1150
9413,5407,5657,-6711,-936,636,532
9414,4035,5877,5145,-1397,1909,-1494
9415,1940,-4103,-6849,-1922,1299,1256
9416,2308,-4191,5574,-313,-272,-1373
9417,3816,6371,-316,-1391,1986,1009
9418,6091,4442,-2172,734,-1915,-456
9419,5316,6452,525,1542,-1470,1812
9420,-4333,-3962,-4080,-1862,811,264
9421,-4398,6452,-5836,580,511,-601
9422,1332,2242,2,-564,-400,-384
9423,-2253,-5996,-4226,-1627,393,-1357
9424,-2083,4846,264,-324,617,-376
9425,2962,-2232,4602,-782,-1617,-1394
9426,-666,6183,-7706,-1230,505,452
9427,7431,-835,4825,1159,36,-966
9428,-4301,-3384,3473,1355,-613,995
9429,-7503,-4966,1520,-909,965,-319
9430,-140,7798,4653,-976,-702,-576
9431,-5712,6900,3668,-1652,1184,-1168
9432,908,-4918,-780,1587,-389,-551
9433,-3022,-2272,-944,-477,1019,572
9434,-7201,2996,-6604,-1009,-353,-76
9435,4582,-2997,-7817,-10,-1282,-1332
9436,-1880,5738,-6603,-1140,-1122,427
9437,7233,4449,-1928,-97,129,354
9438,5373,-838,256,1019,-107,-976
9439,7323,-1120,-6785,1722,-1379,460
9440,-2360,-4611,5790,-324,1913,971
9441,-1694,3421,6468,-66,932,-1921
9442,-3026,-3990,3036,-1461,350,-32
9443,3702,-4217,-3107,-647,1906,1244
9444,-7494,-3060,3484,414,639,657
9445,7934,3074,1801,-1984,1597,957
9446,4422,3397,7034,131,495,-993
9447,5346,905,6734,-1889,185,-820
9448,7761,-6098,1626,-380,96,-842
9449,3018,6118,927,-1572,-1545,-593
9450,-4611,-4249,2862,1727,-825,-1686
9451,-4552,-5045,497,1087,1919,-964
9452,-1339,-3077,-4199,-1500,-1179,-787
9453,-5492,-892,-584,1103,-1808,1684
9454,4362,568,3152,1219,1524,1378
9455,-4473,-1568,7728,96,-1690,-1242
9456,-1906,-581,-7342,-841,870,1602
9457,5556,2892,-16,536,-1117,1015
9458,-4280,-5210,-5735,-9,958,-1650
9459,261,-1660,3757,1520,1051,523
9460,-3356,-1057,6194,-1184,1255,1494
9461,-5654,-2026,-2493,1197,-1482,1519
9462,7723,1088,-3149,1995,782,94
9463,5239,-1334,-2400,-1627,1996,603
9464,-4641,3459,-3664,1395,-386,264
9465,-763,4461,-2472,-1574,-92,-798
9466,-2092,-1714,-6961,1576,1066,-1585
9467,4007,773,7544,-1632,-1732,1143
9468,3191,-1154,-3095,957,769,-120
9469,3890,475,7099,303,-835,-1571
9470,-7266,-965,7877,-1178,849,-149
9471,727,4914,5786,1019,271,-659
9472,1274,-7313,3127,-1451,-751,-523
9473,-6973,-4033,-5359,-1365,-1589,908
9474,-7102,5147,-6532,1331,1360,631
9475,-2837,-3741,5226,-1290,-748,-1274
9476,4129,3105,-5636,1636,129,-64
9477,3714,6505,1677,1274,-300,-571
9478,5679,2883,-258,495,-1735,-399
9479,-4259,-799,-5796,1595,1940,-518
9480,913,-5716,3724,-256,743,-374
9481,-5910,447,-3890,380,-526,1839
9482,-2943,-3211,-4632,-1343,1583,-407
9483,-907,6606,-2069,-1863,-881,1194
9484,-7003,7118,1435,688,-1640,-526
9485,2595,6632,2081,1676,1793,-1089
9486,5537,6217,3120,1078,-6,256
9487,1990,488,-3328,-1474,1767,573
9488,4524,-1416,7160,-1285,-345,1172
9489,-6468,4818,3204,-887,-865,-1838
9490,3099,1317,1835,1895,1821,522
9491,-6643,5221,2421,-153,1287,1196
9492,-140,-4186,3648,999,-1636,1385
9493,-2272,1848,5516,858,1135,862
9494,5678,5978,-555,37,839,1044
9495,2308,1795,5770,-829,-436,66
9496,1901,-5879,-3890,1208,683,324
9497,7355,2927,1798,-1678,-1013,-64
9498,-6966,-3380,7464,-132,660,-225
9499,6349,-1833,5313,-1292,1654,1967
9500,-1429,2784,-5974,-1347,-1505,1475
9501,-7446,-5386,1422,-1849,1469,-1736
9502,-7551,1551,4720,-473,1950,-904
9503,3747,-798,7925,-867,-685,-77
9504,-2171,5880,3258,-1777,-1890,1319
9505,3555,-5306,5874,730,-585,1479
9506,-6804,-6198,5315,545,1206,1282
9507,-5367,7422,4863,405,-1652,1245
9508,-2084,-2252,-1175,259,921,-1370
9509,1283,2982,5664,-1435,-324,311
9510,890,-2494,-5040,1049,-679,146
9511,6743,7658,-261,500,1447,85
9512,5110,-623,-2378,-837,-1777,1896
9513,-6837,5100,4780,-1356,-1637,-192
9514,-6695,-6319,-6088,-1163,-526,-268
9515,-5239,4330,-7457,-186,1527,16
9516,-2742,5994,-925,-1388,-1750,-1678
9517,-2231,-4297,4008,-208,1181,1439
9518,3293,-152,-4544,1662,279,-878
9519,-194,2293,-4253,1301,-1069,90
9520,1033,6419,-1428,-1058,-277,-666
9521,7337,-1741,787,1589,215,1964
9522,7700,7435,-478,272,1554,773
9523,1199,-2129,4300,-373,-88,1806
9524,-378,6520,3245,-1789,1456,664
9525,7365,5800,-3561,1159,-677,-1363
9526,1728,-1057,6355,-1230,-619,1208
9527,7555,-4456,-6433,-1395,1890,-1426
9528,-1913,6045,7524,815,1863,13
9529,-4095,-2659,-3750,-1445,1122,-1309
9530,-2430,6634,1582,1986,-51,1737
9531,7678,5235,6942,1389,632,303
9532,-505,-4599,-584,614,523,-382
9533,-4192,4081,-3067,1745,1239,-1336
9534,261,-3793,-1383,1753,1998,369
9535,3371,-4661,-6533,439,50,755
9536,6802,3416,-7470,1240,-893,1247
9537,1003,-1583,-5761,643,1167,-1248
9538,4870,-3879,6922,-1389,389,1837
9539,2562,-11,-7740,-36,1317,-1146
9540,1204,4608,5812,1713,1471,1054
9541,-2359,-3513,5425,-1331,-1092,197
9542,2547,1498,-6270,-915,470,1443
9543,1212,3524,1465,1227,-1863,-1500
9544,-2829,3170,-1786,-1425,302,3
9545,3803,2723,5546,146,-1559,-100
9546,643,-4880,-2701,-1764,-1060,1303
9547,1307,5739,4857,-1632,1141,-1095
9548,-5750,-2728,-2460,-1611,-217,-463
9549,-2048,-5471,3910,-837,450,1308
9550,1632,-5465,-291,-331,-1128,93
9551,-6200,2399,-1940,-1368,914,-9
9552,-2181,3556,-2810,541,-359,471
9553,-5338,-3457,-4295,934,549,-1711
9554,-4934,-2194,7787,210,1713,1784
9555,-6460,-1631,-7915,870,163,419
9556,-83,-3260,-6604,-989,1529,1716
9557,-2000,-1966,-7218,1910,-36,1
9558,1338,1477,4552,1187,1030,-532
9559,-16,-5291,-4438,135,660,-259
9560,3156,-5836,6438,494,-1465,432
9561,-2929,2319,2941,61,-1545,859
9562,-3297,-3698,5095,1555,570,466
9563,-3736,-7423,4725,1962,959,-916
9564,-1402,-5729,5368,911,800,1071
9565,26,6211,-3369,-1416,882,683
9566,3662,1172,-2639,1266,-1456,168
9567,4422,-2286,2505,445,602,-1072
9568,7343,939,-117,-1327,1877,-974
9569,-4702,3004,-2103,421,740,631
9570,4312,3530,4683,-1642,-481,-1836
9571,1879,-7430,-5549,-461,505,1560
9572,-7012,-3095,5106,1888,-945,1446
9573,-5119,-4143,6379,1711,-1322,-4
9574,-6040,1896,3954,1038,803,498
9575,654,1628,-6668,-1523,-99,-37
9576,4179,-5802,250,1891,529,-540
9577,-5789,-3470,3154,1888,-1499,1378
9578,-3102,-5131,-3832,1575,-321,-171
9579,5802,2410,4487,-820,-1061,-745
9580,-2652,-7995,-1846,-109,429,294
9581,6787,6626,-1379,-1417,486,-1875
9582,2781,2388,-6089,1704,850,-1979
9583,6568,2194,3623,-423,957,-1284
9584,3533,-1682,-227,-691,-988,-988
9585,-1358,-4989,-375,-1441,-186,644
9586,-5715,6645,-2664,801,604,-539
9587,7801,2261,4546,-1842,-1736,-365
9588,7459,-383,522,-1983,112,1323
9589,-1046,-2249,1496,-1739,959,604
9590,-4514,-6825,2330,1443,1103,1182
9591,-5108,2281,-4288,392,-1062,1073
9592,4098,4108,2319,-1887,-1827,1536
9593,2062,7158,167,491,-1068,-1118
9594,-7395,2980,-2489,-447,-1137,-1217
9595,681,-1598,4270,1133,1777,1033
9596,5475,5013,2659,-288,-862,1922
9597,-5979,-3082,-2512,1452,392,-551
9598,-973,-1479,-4550,-760,622,1121
9599,-5091,-2118,4537,-1698,1398,1225
9600,-3961,-954,1938,-636,-88,1472
9601,-312,2535,-654,-669,567,668
9602,-3598,-13,-3128,576,991,1612
9603,7814,2983,4986,1226,-1259,1172
9604,3014,-1295,7932,-310,-962,747
9605,2106,-3087,-7793,-1182,-1646,-865
9606,-7442,-4977,-7024,1250,-790,562
9607,4927,-5346,7765,-660,1636,-448
9608,7562,5263,-3481,1206,-1193,-426
9609,2741,-6663,4130,1980,1349,-1115
9610,2438,-1306,5351,21,-1762,-1414
9611,7390,-5175,4112,763,-126,-420
9612,-185,-4506,-6336,-585,-1497,-1858
9613,4860,-6820,3196,1567,233,1134
9614,5508,-3058,-7345,1836,696,-1434
9615,3082,6762,-7405,1662,-1792,-959
9616,-522,4590,-5144,-1334,912,-1488
9617,-3523,-3656,3428,-1001,-1679,627
9618,-1802,3790,-684,-943,94,1028
9619,1254,6090,-2299,-1912,391,-1822
9620,680,-5703,-7920,835,-1468,45
9621,-6506,-2755,-5334,-1516,1118,-35
9622,6774,4578,5814,-1336,1968,1842
9623,6633,5409,7299,1162,1367,-789
9624,1237,5747,-5280,-1473,1449,-539
9625,-6634,-574,2887,-2,245,1291
9626,178,-1632,-1300,788,1002,1549
9627,2732,-5287,-165,-1948,1459,1677
9628,5932,-6720,5561,-737,782,-1963
9629,-4323,2235,6611,359,341,-1378
9630,-2574,2896,391,-896,1210,1886
9631,6574,-1700,2602,-1500,1205,-1616
9632,7382,4468,-2815,1413,-415,740
9633,200,4672,-5202,445,1393,1442
9634,6054,6693,4356,1230,525,-1434
9635,-643,-3656,5214,-1361,483,-1796
9636,-7040,3596,-6773,-525,-1256,90
9637,-1121,-2062,-4046,-1528,194,-1985
9638,-5858,-6841,-1059,1338,586,1948
9639,5466,-3666,4114,1986,-1820,450
9640,-7514,4658,2851,182,-1754,-1241
9641,2407,2379,554,1389,1041,-1285
9642,-1358,-1853,-5329,1150,-156,510
9643,-7887,-535,7194,1265,-1006,-189
9644,-4300,-2308,-3109,-787,-1358,-456
9645,-2843,3326,-4696,1290,931,-1695
9646,3009,-4540,2356,753,797,-560
9647,6535,1464,-7004,-530,457,1319
9648,7305,5688,4567,-1592,1182,87
9649,-2737,-4590,6005,-509,-1034,-1849
9650,3607,-2589,6104,-532,-1079,1350
9651,-6431,-5461,-1518,78,-1478,1034
9652,-5847,-6704,-6602,-1619,-1696,1211
9653,-3018,-1727,-1977,-1174,1746,945
9654,-5570,7237,-6027,-1423,-905,-859
9655,3480,-3414,-6923,-1598,-658,1696
9656,149,2360,-4480,-1557,502,-1812
9657,-3226,4282,-3695,-345,1477,-76
9658,-5461,-1307,1298,54,-1761,-1713
9659,-4999,-7051,2155,-967,-424,-167
9660,-1512,-4380,7240,917,516,-491
9661,-2804,-4075,-239,1761,-426,-1159
9662,7656,-6581,3943,755,347,-1878
9663,-5752,-2091,235,-563,-305,-83
9664,2364,5662,4790,-621,737,1736
9665,-4683,-2891,6144,259,-1085,903
9666,5985,2499,6424,649,-1822,1984
9667,2848,-5010,-1921,1920,294,-1508
9668,3557,2543,3564,-1061,1741,-816
9669,-6180,6634,-6366,-947,-1661,130
9670,629,6102,-3642,-882,262,611
9671,-7857,2420,5939,522,971,-1017
9672,491,6458,-7345,374,1436,-1125
9673,-4956,-5351,7291,-1342,1432,-446
9674,2037,-4299,1650,-1449,-1213,-818
9675,-3733,2135,-1888,464,-1798,-783
9676,1774,-165,-6234,-1107,189,656
9677,6230,7850,2041,-613,-1133,-1845
9678,5492,-7526,-1649,-812,298,-313
9679,-3768,4009,-560,-1276,329,-1490
9680,-2516,-2290,7181,1209,-664,-306
9681,7140,-4019,1296,1888,1254,226
9682,7984,3965,-6412,-777,975,1582
9683,6945,5071,3471,396,-1740,948
9684,4828,-7242,5121,1925,-291,955
9685,1832,957,3147,1148,-663,-1125
9686,4049,-2826,6738,1078,903,-1964
9687,4839,7813,1265,-896,-1656,-1953
9688,2232,-7186,5810,1202,-1186,-1560
9689,-896,1813,-1972,684,1146,7
9690,-828,5962,-7865,-1542,903,165
9691,1334,2648,5406,-1827,384,111
9692,2849,5832,-6191,1065,-353,1410
9693,-1011,-1230,1837,-1906,-1395,-1039
9694,-5532,4644,-3661,-1056,-1273,1130
9695,-6508,2365,-529,-960,545,-259
9696,1935,-3289,5716,1568,-1184,480
9697,1636,5471,-4155,1734,-710,-1757
9698,1721,2909,6409,1119,1696,186
9699,7604,5667,2406,-1871,1210,1463
9700,2875,-7964,6851,-889,-1541,800
9701,4262,4123,6948,-589,-698,1981
9702,-6993,4869,-4978,1994,209,-1512
9703,-1848,-3619,-1099,379,507,682
9704,-3730,-5554,-3868,896,1681,1800
9705,-7556,2674,5701,-1300,260,1920
9706,6278,6093,-5015,-1795,-832,-1798
9707,1261,-3073,-4151,763,620,-1804
9708,7561,4428,-6794,-597,-301,-1411
9709,5807,-7716,3460,-746,1366,-638
9710,7622,-4674,3415,0,-1240,-1753
9711,3619,-2620,-6288,747,-1708,-462
9712,-2749,-317,-1724,-925,841,-984
9713,-300,4159,-7982,-70,-1036,-1726
9714,21,2369,-6525,-52,1260,-916
9715,-4116,6526,2003,1677,-697,-1404
9716,-4719,4029,-6670,1332,1237,63
9717,3919,456,5592,1998,914,-738
9718,-5495,7663,-2600,-1129,354,-769
9719,294,1542,25,1888,-1501,-1215
9720,4510,-4430,7405,-1014,1776,-894
9721,3869,-5390,-6655,-161,1522,1021
9722,-5574,1839,7596,-1672,-1561,1721
9723,-2521,6117,-1758,-262,1639,1257
9724,-5713,1912,2911,-1122,-23,-766
9725,-7886,-2875,6345,1795,-1635,-327
9726,-86,-2015,-6228,1794,-1350,1636
9727,-1839,464,4016,840,643,1942
9728,-7318,4644,2798,1111,1966,479
9729,-429,1589,3771,-452,-329,-446
9730,3207,2615,5314,-1055,711,-1610
9731,4609,4185,-7193,-1003,1894,932
9732,3628,6941,6930,-285,-210,-1600
9733,7263,-4136,7305,-341,-516,-476
9734,-5815,7533,3901,-781,-56,946
9735,2436,-4665,5624,1124,211,695
9736,3474,2526,-4904,-961,189,-1206
9737,5940,-3228,7848,-675,-1788,-1677
9738,1652,6113,7066,-499,360,-591
9739,6165,-2758,-222,741,1383,-1122
9740,-1254,5550,-3643,1801,668,-323
9741,-821,-4222,5879,288,940,1635
9742,-2008,5331,7161,-1995,-1273,-1867
9743,-4075,453,-6444,-1223,-342,1759
9744,-2483,-1561,6506,-825,-1814,189
9745,-2221,7430,-1622,634,-1399,435
9746,7667,-3633,-7481,-625,1414,269
9747,-6187,7002,1003,-173,-1790,-10
9748,-3394,-370,2246,997,-1534,-392
9749,-5444,1423,-5367,-619,-1657,-1952
9750,3253,-5045,400,1065,773,342
9751,1200,-4469,5685,-371,202,-35
9752,3896,7506,-4365,1556,-504,909
9753,2658,1178,-3819,669,-197,-666
9754,-1050,6176,-2065,-731,1925,1881
9755,2804,4651,-2748,-54,270,333
9756,7889,6701,-36,960,616,-324
9757,3513,-5874,3802,469,-1021,960
9758,5210,-776,-3647,1696,-1667,-683
9759,-4516,-7889,-3514,1407,-389,-641
9760,-1061,-7038,2104,775,702,1182
9761,-3973,-1288,96,1650,-578,1832
9762,2775,1570,6521,-1258,-1112,1095
9763,-5628,6055,-1432,-1907,-150,-1864
9764,-7809,-7056,-5225,1248,1589,-1052
9765,-4522,-7113,5812,-138,-1055,1758
9766,-4162,-6180,-6143,1407,-1204,-1438
9767,-6929,2258,2516,-11,669,-1232
9768,-6827,2582,4374,-551,1570,1038
9769,3277,1468,4220,-900,-863,1985
9770,-2878,3452,2098,1357,267,-448
9771,509,-6344,-6550,763,1058,-1886
9772,1582,6929,6541,308,1391,869
9773,-4644,-5682,-797,-1754,-1885,-1189
9774,-2428,-6387,5252,1930,-89,-823
9775,-2310,-798,5497,327,-1057,1255
9776,34,-1792,1646,-260,-1823,379
9777,-1400,-2653,42,-1314,-382,-1057
9778,-1508,-2092,1340,555,14,-1826
9779,4996,-7696,-4009,-1864,194,1834
9780,-4348,4521,5625,1956,-1931,243
9781,-1716,-5649,5318,-1082,-1573,1145
9782,-2031,6239,-6923,1571,-1525,-227
9783,-4492,4111,-4039,-891,-734,-982
9784,1076,-308,-1181,1850,-1787,-477
9785,2702,-4488,4958,1590,1650,-712
9786,5061,5866,3221,1243,-1196,-1877
9787,6450,-312,4488,-9,1709,-879
9788,-6873,-4781,-7378,-257,82,-1925
9789,-7203,-5591,5859,1771,995,1359
9790,-3896,2748,-5254,1087,-738,1203
9791,2089,1606,-884,1763,1394,1568
9792,2015,715,-5447,-946,1043,-1636
9793,-1373,6922,5351,-1884,-300,-1942
9794,-1303,1406,6773,1513,1465,-979
9795,3425,-2139,7795,1867,-952,1289
9796,5150,-1698,-2182,-455,1625,-1406
9797,4369,-740,-7301,820,1096,-1725
9798,7986,2438,-4043,-1404,1475,1785
9799,-3325,-3752,-2992,-403,-1995,1171
9800,2929,-6708,1000,-955,-1356,230
9801,6600,1976,-5131,512,-692,-1102
9802,4629,-1246,-1823,1896,-40,-1071
9803,-4936,3777,4916,1481,-1566,1503
9804,188,-7059,7033,-130,499,526
9805,5985,2853,147,1905,70,-1475
9806,-2930,-1131,3849,402,-683,-64
9807,-3952,-5165,4237,1006,-1850,706
9808,-1988,1200,1562,-671,-856,1291
9809,7673,-3566,5130,-590,1454,-1704
9810,1871,-7194,5944,663,209,-335
9811,-7186,-2871,-7869,-1638,469,1942
9812,5864,1435,-380,-1981,-138,-542
9813,-3213,573,6714,-288,567,-89
9814,7940,-1362,529,970,-1304,-315
9815,1475,338,-6293,105,174,1197
9816,2919,1795,-7084,603,-1479,1993
9817,5595,6717,2716,-189,-138,-541
9818,7516,849,-652,-1060,-1041,527
9819,-1442,-3356,6558,1133,1213,-1915
9820,-2234,-3189,3857,-927,1606,-1984
9821,-6198,4811,-4681,-1080,1461,1769
9822,6414,1329,6211,-819,928,-1381
9823,4812,-5129,2228,-1756,1398,-1953
9824,3457,-4405,-2006,1132,-612,-1795
9825,1803,350,-955,-1645,-873,1271
9826,-2849,-6730,6420,-1842,1978,1317
9827,-162,-4135,4358,-1878,236,1454
9828,1617,-807,-1487,1961,-294,1078
9829,-6426,1143,-6321,1218,457,1669
9830,-1646,6295,-5511,1963,-1599,655
9831,-2896,4495,-1834,-668,-1759,1740
9832,5574,335,69,-480,-902,1378
9833,1689,-6594,1127,-1718,-1382,325
9834,7077,6776,7526,-1447,1569,1914
9835,4441,23,3912,1702,-963,-1232
9836,-2130,718,-7170,-354,-1266,-762
9837,-2175,1092,4373,-293,-1480,838
9838,-5430,6738,-344,-1578,1968,1355
9839,982,7875,-3975,-1434,-110,-1244
9840,-6404,-1770,-3832,603,-891,1018
9841,-3317,2589,6639,1448,1901,-770
9842,7715,2087,-919,357,-166,-517
9843,1540,3805,-1167,-1378,516,965
9844,3375,-1996,3291,1022,762,-1655
9845,-2960,-3849,1378,-230,1603,-1301
9846,6839,-4462,-7798,-539,531,-1540
9847,2764,3426,-6590,-1879,1067,611
9848,928,7396,3755,-749,-1278,378
9849,7808,-5667,928,1814,-515,-2000
9850,4176,-1682,-1218,-880,-1658,-848
9851,5716,2668,2733,1173,-1502,709
9852,-2564,2271,5875,-1608,455,-1926
9853,-727,2114,1037,-957,181,1373
9854,-7984,437,-3125,-1337,-1949,-96
9855,5466,-4391,2943,848,1056,308
9856,-2196,3751,5515,741,1067,-1187
9857,1172,-6001,4956,-1489,-107,188
9858,2403,-4979,4820,269,-583,-1050
9859,-2897,-7467,5775,-632,1844,357
9860,2729,4758,1715,-1606,1326,-1462
9861,7069,6320,-6820,-332,11,459
9862,5614,3756,-2656,-435,-1089,-985
9863,4450,-5965,7388,-1761,-381,-413
9864,-3947,-1850,2859,-335,-1153,1040
9865,-7999,-1985,-5413,-57,1078,-1039
9866,3744,2831,2799,-1816,1948,-1643
9867,-5740,2765,-1549,-1175,1179,-157
9868,-6019,1388,-3262,1710,585,-428
9869,1980,4644,-6306,-1454,-1748,-954
9870,5594,-3349,4052,-790,-1261,126
9871,-3616,6800,1116,1939,-89,788
9872,-7539,-1236,-3536,60,21,663
9873,1899,2367,198,-1923,-1218,-996
9874,6384,-1216,-2772,-1410,989,-890
9875,-6111,2523,-5457,-1144,1892,821
9876,-492,-4057,7457,-922,-222,-1518
9877,6460,7256,3834,-1126,-265,-607
9878,6727,6434,-4634,-252,1443,-1098
9879,-7644,7507,5766,-1737,-700,1943
9880,-2212,-1106,-227,-481,-1914,-1629
9881,919,3920,1948,754,-1411,-1150
9882,-324,-7456,-796,1984,-757,-554
9883,-6062,-4268,364,1653,456,-1005
9884,-3139,7771,-313,168,1307,720
9885,-4072,-2363,-6590,889,-1678,-231
9886,3155,4567,697,1854,-1138,358
9887,-1037,2621,6515,-1974,-876,1519
9888,-376,3795,6461,90,211,879
9889,-3533,-1081,-4585,1972,-261,-1877
9890,-85,-2675,5705,-1499,354,612
9891,-1004,-473,3727,-1716,-1930,-1877
9892,-1267,448,-2528,151,-159,-1677
9893,-222,-7127,5385,-54,-1631,1647
9894,423,2486,7201,1224,1562,-209
9895,2202,-4447,-5450,743,574,163
9896,-7312,448,-5737,-276,272,256
9897,2540,729,-862,349,1604,-1031
9898,-4739,-447,-3132,1578,36,1798
9899,-1779,4013,570,-145,-1508,1688
9900,-7328,-4391,1393,1886,-894,-1187
9901,4813,-620,4346,1517,1873,1717
9902,4116,-1084,7401,-1994,-1187,616
9903,3735,2085,2686,1227,-599,1398
9904,7528,-2242,-1630,1946,418,1902
9905,1170,188,5837,-1909,-135,-1964
9906,4655,2043,4320,353,95,-555
9907,-7881,7753,-6713,1487,-1644,1137
9908,1253,-704,-4109,-427,1323,685
9909,2713,-2056,-4870,1787,987,-1416
9910,6887,-206,5210,1415,1209,539
9911,-5852,-219,-7795,-1900,1924,1835
9912,-1760,7955,-4734,-1053,-578,-1047
9913,4616,2254,4331,1937,-1964,1714
9914,6354,3673,-7329,1737,1558,814
9915,-2477,-2164,-6067,452,-1595,143
9916,-2255,-7360,1575,583,1058,-1460
9917,-1583,-5887,-6506,-751,1881,-449
9918,-1347,2945,-2299,-1407,-952,1825
9919,1427,5282,5018,-241,1428,-1941
9920,-2563,2910,1085,1881,-789,-742
9921,3409,-4270,-2224,-1783,-1833,1537
9922,-5093,-1044,3285,-690,639,-365
9923,7380,6047,-3390,-1402,-1622,-1504
9924,-4521,4168,-1648,946,1082,168
9925,7893,1165,-2605,202,72,1134
9926,-4264,-7617,-1019,-1492,-1152,112
9927,-4995,-6258,5348,260,716,-1262
9928,-1169,5238,-239,-1125,400,11
9929,4496,273,-5397,567,1023,1933
9930,6043,1137,508,1691,1989,1013
9931,3430,-7753,-7331,1095,768,384
9932,4530,5036,5493,742,-742,-893
9933,1798,6077,-3722,-414,1280,143
9934,-2200,-5494,-3559,1988,916,267
9935,-7856,3046,-7796,164,58,-1745
9936,7516,-4565,-1473,1674,-265,970
9937,-3831,-1487,5781,1813,-1164,1060
9938,6412,-7825,-1751,613,1476,1116
9939,2697,2864,-5938,107,-1752,-268
9940,-5576,1149,-7693,-1713,-764,199
9941,3978,7800,2072,262,1538,-453
9942,3256,5574,4088,1165,-1235,1303
9943,7413,2452,1140,36,845,1091
9944,6653,-7531,3986,1859,-674,880
9945,-7470,-3206,-2304,1502,1725,-1307
9946,367,1943,-6725,-1198,-1429,235
9947,-4171,6168,-7382,1527,1204,1876
9948,3900,-6212,-4990,602,1049,1584
9949,-1817,5850,-5060,81,-1620,-35
9950,-5343,-4046,-1798,-318,388,534
9951,6496,-3585,395,-551,1350,-55
9952,-6300,-6950,2395,-288,-666,-687
9953,1649,1512,4390,1636,-310,1756
9954,-4292,4548,-908,1008,-1956,405
9955,564,4519,1233,1076,682,-525
9956,-6977,-3454,-7124,113,529,-1983
9957,-2968,-4382,6040,826,1014,-635
9958,-767,2717,6663,-36,1449,-711
9959,5480,-6542,2385,-311,1376,-1881
9960,-352,-6021,1103,-1121,-515,673
9961,4810,-4152,4470,1166,-1230,-263
9962,4131,1476,346,907,-479,1792
9963,-4195,-6528,5161,455,-1998,-1645
9964,5483,-2654,-6975,-1439,-611,334
9965,1058,1184,4731,-1699,958,-449
9966,2720,-4710,-3724,1216,306,1132
9967,985,2579,-6458,1069,1935,-1785
9968,4144,-288,-2211,537,1789,1386
9969,5073,1758,-5967,112,-1284,655
9970,-6529,5585,-5000,-1531,-671,686
9971,-5101,1815,-5831,-1856,-1168,777
9972,-3888,-951,-7213,256,1710,243
9973,-4733,6824,-1344,316,-1080,1135
9974,-3211,3106,-1445,0,-242,418
9975,23,4470,-5949,-371,-1609,-1066
9976,-1798,-2169,-7377,1694,-1344,687
9977,-6720,-1295,6039,450,115,672
9978,-833,-7756,-6692,1783,-1003,-293
9979,2383,876,-6217,183,1434,-1940
9980,1683,-296,-7226,816,1660,610
9981,7168,-861,-3239,365,980,-1155
9982,-6309,267,-3569,-1134,1068,-851
9983,-6666,-5404,-5674,1897,-650,1485
9984,-1081,6337,4376,1692,591,-797
9985,-6784,484,-172,843,1532,853
9986,-3629,-3630,-5697,-1113,-396,-937
9987,-7497,6263,-2558,-1069,-337,-579
9988,1894,2024,-791,886,1477,342
9989,-1424,-6605,-772,-1197,-1326,1910
9990,5657,-2724,-1403,609,-1090,-64
9991,3823,4610,-2662,-1658,728,272
9992,-3315,-4679,-3926,1148,-1353,455
9993,-56,1173,712,-936,-1378,-694
9994,4010,808,-4483,1180,-125,1678
9995,6537,-280,-6199,-736,-1070,-1132
9996,3794,7878,7712,37,1130,-1342
9997,-7345,4656,-1749,1949,28,521
9998,804,5063,-7846,634,-239,599
9999,-455,-5569,-5853,-1155,552,-1014
10000,6448,-7604,6282,-1077,-1274,-237
10001,4911,66,-2872,1056,1866,-1850
10002,-7369,-2,4419,-1093,1755,174
10003,-1398,7753,-4202,-808,1914,-260
10004,-5151,-3334,5946,1777,-323,929
10005,-5939,-5102,-2330,-1947,-723,-1812
10006,1459,-7536,4020,1333,-893,-820
10007,5841,-5975,-3465,-996,650,-599
10008,-4491,-3626,1187,-922,-54,-363
10009,1828,-5545,-1436,-1778,-346,-1143
10010,-1241,-1970,5025,1513,-1333,452
10011,-5473,3029,-1704,-1903,905,-1991
10012,-6083,405,5758,-1329,-546,22
10013,4268,-1597,-494,-1751,107,-1297
10014,-2644,-7310,-6000,301,331,-926
10015,-3311,-1742,-4618,-872,-1214,1012
10016,2951,6264,5613,1286,1862,1951
10017,-6535,-5984,3011,-1086,1271,1079
10018,753,-7730,-6963,-944,546,235
10019,1831,2821,223,699,-635,399
10020,3046,7874,-2763,948,-632,-337
10021,1155,-3905,7396,-647,1646,-1944
10022,-771,-2973,598,-1066,395,586
10023,4493,-916,6464,893,1183,-757
10024,6834,-4189,-7312,140,-1804,-296
10025,-145,5707,7478,-1330,965,22
10026,-3718,-1217,-2434,-267,-1990,1289
10027,5118,7865,4143,1587,-1263,-909
10028,-7213,-2464,-515,1745,-1805,1659
10029,-230,4636,-2259,1536,-1297,1744
10030,6705,-4782,2352,879,-544,415
10031,6321,6176,-7312,1296,-1015,1787
10032,-7165,-6600,71,-691,-843,1170
10033,1978,3004,-572,824,-432,-390
10034,1004,-2077,1087,-1642,-1405,1312
10035,-5738,7217,728,855,-847,-67
10036,-894,-2116,492,1729,-689,736
10037,-6083,-6528,2160,551,-1104,-180
10038,-3891,-5588,6010,412,1723,1681
10039,-6557,7731,-2095,942,354,84
10040,6376,-3842,-1615,-1158,-20,-259
10041,7401,-2048,-819,1406,512,-971
10042,-7196,6939,4749,-1911,-770,-453
10043,-5780,-1091,3353,237,-1664,1123
10044,-1588,-636,-244,-1936,208,-499
10045,-842,2687,-3209,1828,-857,-1511
10046,-1307,-2038,-2577,702,-267,1195
10047,-3771,-2060,-4220,-1007,-863,1949
10048,6296,-7741,7761,802,1142,-1967
10049,6411,-3251,911,-144,764,-762
10050,-6763,-5337,-5132,1056,-925,-720
10051,-94,-6078,5642,1666,-803,-795
10052,7423,3753,2590,-259,143,1655
10053,-5464,-5884,-5389,158,713,157
10054,2577,-1978,-131,-1962,-1597,1627
10055,-3571,5064,4095,-242,-707,1849
10056,5433,-7169,7963,-42,-1010,-1385
10057,4478,-700,5763,1148,-1426,-746
10058,6692,-611,3516,-218,-852,-1737
10059,-4862,5896,4877,-1893,1952,1528
10060,-7490,-5403,-5357,1192,-404,1778
10061,-6143,-4665,3105,-125,831,-1363
10062,6905,1696,-7431,567,-1368,-605
10063,-1491,724,5791,-688,322,956
10064,1816,7426,4105,1701,1072,675
10065,-569,-1712,148,344,521,717
10066,958,1406,-742,261,-614,-1552
10067,1729,3484,6313,-916,1414,1584
10068,-7434,3873,5422,-894,-1925,790
10069,-5043,-5261,-1414,1035,570,203
10070,2763,-353,2863,1228,554,-437
10071,1877,-7716,-3090,705,958,-1510
10072,-3818,-801,5423,388,1777,537
10073,2184,-429,-3050,1094,-1804,-1653
10074,-2001,-991,-7084,-605,1134,-1040
10075,4227,2279,-7803,-321,450,-1398
10076,1163,-2009,2836,-1027,656,-1563
10077,-6800,-6243,-4790,310,-1833,117
10078,-6652,2655,1976,-1567,-1714,1519
10079,-385,7060,3310,1152,780,1993
10080,4761,7973,-6080,-983,-1516,-712
10081,-695,7090,6919,1929,-66,-1688
10082,581,5248,-6253,796,-1734,-1732
10083,6357,9,7565,760,-1095,-543
10084,-704,3146,4821,1437,-1267,-969
10085,2010,-7090,-917,374,1681,314
10086,-4184,154,5877,14,-1097,-1469
10087,3587,-4350,2339,-1253,-1730,-1584
10088,95,-2710,-5093,-243,-1012,118
10089,200,-7239,803,-1906,566,-1984
10090,4130,4088,6712,1534,1469,-1963
10091,5446,-1907,-6775,-769,216,1991
10092,2304,-4817,7397,-291,-1687,-841
10093,937,4900,6919,-1565,782,1816
10094,-5345,6945,-4989,-1760,-1688,1256
10095,1233,629,3089,-1438,-311,-761
10096,955,1459,-25,-1094,1348,873
10097,6252,5901,-4263,-934,1936,-1726
10098,3975,-5737,-2928,-1778,934,1031
10099,-3358,663,5298,-213,-855,-1725
10100,-4983,353,-7308,692,1902,-1192
10101,1298,6194,303,504,-1143,-1946
10102,7513,6557,6484,-505,1210,267
10103,-1131,4813,1108,1091,1924,-954
10104,2528,-264,-116,1886,-1010,764
10105,-900,-6244,7998,873,1066,-1230
10106,-5417,5585,-4800,1493,-1631,296
10107,-5134,-5030,-7824,-431,978,1025
10108,-1095,2849,2139,938,479,-981
10109,-1622,-1905,7883,1813,1027,-337
10110,4165,3465,-7815,1282,-331,1936
10111,5147,-1355,-6633,-1422,-1306,-1684
10112,2843,7664,-3888,1844,1840,1528
10113,1905,-2754,-1294,269,-1243,1610
10114,4697,2545,-5183,824,-301,516
10115,542,-7393,576,791,-1703,65
10116,170,-622,-797,1946,-1538,-1130
10117,5019,5430,-5029,1876,-405,-1133
10118,-1211,-2856,-5399,1853,-1826,93
10119,670,-6096,7348,-1264,-1816,-1901
10120,6845,7839,3721,240,-1255,493
10121,-7387,-7098,-4782,1982,1635,-70
10122,3299,94,-4180,617,1242,1486
10123,6979,-7880,-251,123,-207,-1258
10124,6188,4116,716,1801,1270,247
10125,-6175,60,-5161,-1458,1738,563
10126,-3743,735,-4429,-41,1322,-291
10127,7541,-2160,6287,625,871,348
10128,-407,-3556,-3393,-1449,1906,-1897
10129,4819,7350,1407,1153,1441,1433
10130,6900,894,-4504,1021,-419,-1666
10131,-1872,6174,-7493,1613,-1180,-25
10132,-5402,-5280,192,-1969,-1086,-1668
10133,2761,-910,6722,1701,300,-606
10134,2450,5167,3054,-1771,-1382,225
10135,4718,-3336,-1457,1762,681,-1684
10136,6087,-4326,-7818,296,-1136,-1756
10137,3587,4947,654,1020,-797,-1588
10138,-3931,7044,2449,787,1273,867
10139,2252,6192,937,1660,-577,-561
10140,7993,-3018,2522,1411,1924,1721
10141,7325,-4895,5625,1591,-10,-1382
10142,-6964,-7388,-3596,612,-757,-1459
10143,3294,3429,-6752,-1741,1740,1277
10144,1390,-2365,5108,157,-1229,-302
10145,2530,4217,-7798,966,1535,-119
10146,2269,-3667,5592,1707,-90,-1380
10147,3135,2184,-7044,-234,1282,-1403
10148,4355,6756,2503,1143,-213,1895
10149,4853,6289,-4280,1209,-1581,-245
10150,-3090,-4905,-6375,1934,1700,1157
10151,-2904,1924,4586,-934,-1572,363
10152,5651,938,3552,-707,-453,-484
10153,-2060,-2303,6368,-354,-479,17
10154,6597,1593,1892,-26,-669,-1377
10155,-965,-5670,1026,-504,-1710,-1786
10156,6113,31,6413,-721,1253,-812
10157,4794,7374,-2893,1370,-1104,70
10158,-1309,4115,7438,1841,546,1460
10159,6407,2630,534,-1587,-1896,840
10160,-1575,-2309,1261,-1200,-877,1081
10161,-6176,-1007,-1751,-861,294,1811
10162,4238,1756,-6569,1130,-1105,-1566
10163,-2150,-321,-4949,-1929,-1217,-242
10164,7333,-198,280,939,1272,-1292
10165,4048,7052,1622,1739,706,820
10166,-7499,4152,7461,-757,1675,-808
10167,-7218,733,-6897,1435,667,428
10168,2745,3966,1106,-666,-1489,1538
10169,-7714,-2777,-2050,-596,1046,-910
10170,4426,-713,4268,117,-1182,-382
10171,-3173,5256,-752,1517,-1626,1995
10172,5875,-7982,-241,-663,-104,752
10173,5046,3795,-7455,515,1265,-497
10174,-3793,-2489,2899,474,911,1804
10175,-50,3886,7555,1157,1839,-847
10176,1101,-1982,6765,1525,-1684,687
10177,-7986,-7159,-6825,1045,1938,-30
10178,-1079,-2764,7069,1378,273,-1120
10179,-3345,-127,-5054,-1317,-860,1934
10180,-1230,3308,829,-1363,1925,-1067
10181,-6800,-679,-2360,-611,1948,-1843
10182,5308,1178,-3919,463,-917,1554
10183,-6034,1045,-3677,1954,439,236
10184,-2357,6232,-270,-1367,253,-44
10185,4645,1241,6067,488,-123,-1834
10186,-4323,4932,-613,-533,1095,-1782
10187,-7968,1551,-238,1703,-1349,-1521
10188,-1650,-7467,-7827,-1002,-1995,-1843
10189,4800,7915,-6750,-1769,1982,-1001
10190,4028,-5379,-1421,985,1615,-279
10191,-4116,-6983,-7932,-106,-1427,1933
10192,-5429,7195,-2591,-1599,619,-1303
10193,2641,5055,-4392,-1331,-891,137
10194,-438,-5094,3026,1841,-893,1258
10195,-642,-7461,-2535,1856,926,-583
10196,-4261,6709,-227,844,-901,-670
10197,-3217,-2649,-6003,1082,1389,451
10198,3205,4079,-5334,-413,1028,1974
10199,2993,7270,2088,1810,-1516,1473
10200,-523,6773,7989,1318,458,1583
10201,3387,-6977,3799,1751,1614,198
10202,-5298,-6350,-1843,-983,1197,-1876
10203,1369,3821,1876,632,1332,-1135
10204,-1078,7230,-7441,-758,-1265,-240
10205,-6470,-3624,4438,-1629,1257,-1960
10206,5002,-3520,-5277,896,837,-177
10207,1469,-985,539,1727,1516,-518
10208,1173,-4427,-7232,-1087,1492,1926
10209,-5708,-1627,5226,-554,-1049,-1669
10210,7879,-1208,-2596,-377,1401,896
10211,-3874,-3678,5143,134,1816,1320
10212,-3831,-3773,-6148,1503,-177,777
10213,-2434,7699,-346,1578,1809,-493
10214,1211,-4038,-3100,1255,463,709
10215,7659,777,323,722,80,-1982
10216,-2443,-3462,4376,-1741,181,1622
10217,-5282,609,-6891,-900,882,452
10218,7370,-4681,6675,-1470,-385,1635
10219,-7804,-2133,-4386,1192,-1565,1702
10220,-2330,-4550,6636,-778,-510,-50
10221,-4749,1185,-2994,-376,-495,1779
10222,5126,5698,-2756,-871,1084,2
10223,-7681,-5350,-5407,-74,-1374,1267
10224,-2331,2118,-5427,1460,44,-1518
10225,-7461,-5436,4488,990,884,822
10226,1549,3620,-7850,-907,-1041,-609
10227,6475,-5304,-5928,1716,-1012,1767
10228,3108,4609,-5359,-1794,531,-1297
10229,7439,-7693,-4250,-1445,-43,1853
10230,1316,-3264,-4073,-1361,-671,1658
10231,7401,-6486,-1130,681,-1054,1162
10232,-2455,2600,-593,1328,1190,349
10233,-7993,-7527,-42,-671,804,1031
10234,1113,-1720,-6242,-746,723,278
10235,7667,-6664,2433,-1161,411,1651
10236,3599,-5150,3623,682,556,-1508
10237,-3949,-5928,5496,285,1361,-1848
10238,-2992,-3949,2184,435,1302,-638
10239,5234,5100,-7590,657,-1834,1157
10240,22,-2651,3007,-1374,-1725,1178
10241,4067,4131,-6249,1664,436,-1641
10242,-1403,1907,-7875,1450,1189,-1542
10243,7940,3439,1100,-410,1047,572
10244,419,2307,4096,-778,1059,-1744
10245,6414,2788,7383,1271,348,752
10246,-1550,7956,-5136,-1230,-977,-922
10247,6624,7465,-4716,1471,1572,1525
10248,-330,240,-5717,384,899,-627
10249,3238,-3595,-5418,-974,-1905,753
10250,1675,3368,2190,-431,-1858,1280
10251,747,-85,-7780,-695,1328,425
10252,1700,-4124,-3820,-444,858,1007
10253,-4277,2549,-2330,-947,1357,1646
10254,-3222,4280,-6353,-712,-755,1947
10255,-4907,4171,7263,-233,1877,1699
10256,-4431,3277,-3905,408,563,313
10257,-7462,-5908,-4374,-795,-1491,-781
10258,4230,6411,4638,-577,-262,-155
10259,-2176,4468,2036,1201,-528,789
10260,-5249,-6992,1357,-1900,1641,-855
10261,7679,-86,7702,453,-838,-1094
10262,-5215,-2031,7514,51,352,-467
10263,-1557,-1103,525,-1639,-1850,1685
10264,-7151,5649,5305,-1693,-479,316
10265,-3148,-29,-5372,-407,329,-357
10266,-7805,-6403,-2731,-1185,190,-162
10267,-1321,316,4090,-665,-1751,1560
10268,-5935,6540,-3931,-210,1580,-778
10269,4273,5905,4342,1615,244,1461
10270,-324,415,1470,1031,-1411,-1127
10271,-4638,1576,-1236,-1652,-1723,-1592
10272,-3305,-3705,3398,-427,1899,-1536
10273,6024,-339,2274,-205,-275,1197
10274,-7335,-1371,-6418,-751,1384,-1029
10275,-2777,300,3837,1381,-302,659
10276,2394,-1031,-7931,-1140,-1421,-765
10277,-7462,-7180,-4646,-1522,1755,1155
10278,5121,-4502,2603,236,1675,-1606
10279,-7393,3601,-6937,-1864,-800,-613
10280,-5164,-5659,5241,1251,-1053,1915
10281,-3535,5727,-2439,508,-61,1124
10282,-2941,-5534,2441,-1788,-205,-1993
10283,-4532,-7814,7907,312,-1544,459
10284,-6652,1992,-2546,1377,912,926
10285,-2497,-826,-3890,1868,-933,-1830
10286,-5121,7978,6743,1705,1336,-1493
10287,-7984,1200,-4984,-1850,395,811
10288,-1342,-1256,-5602,-166,1356,-1280
10289,-1537,-584,-5881,685,-460,419
10290,7847,-7635,-765,569,-805,-896
10291,689,6805,-711,-1600,-1195,-1311
10292,-4557,-3870,-2229,1981,-1028,-1629
10293,-299,5001,-3510,-91,1917,-79
10294,4817,1516,5317,-1029,742,723
10295,1990,5524,-1042,-1436,386,1657
10296,-2592,-1585,5552,-269,709,-1625
10297,2804,-410,3558,-297,-1769,-432
10298,4512,-6825,1089,-550,-525,-1320
10299,6795,6693,3780,-1543,914,-1035
10300,328,7731,-5338,58,-459,-1653
10301,-474,-7614,-7929,-1022,-663,-1579
10302,7157,-5217,7876,-1651,-532,1334
10303,2285,-963,-2824,1438,1632,-509
10304,-5731,7833,-4275,442,777,1458
10305,-1180,5925,-4118,-1126,-253,1809
10306,-720,-5152,5088,-1937,-707,654
10307,-5636,-4599,-7993,-166,201,-541
10308,5150,-3295,-5139,-524,1293,643
10309,-1268,-6160,3256,846,-962,-1242
10310,5193,7580,1510,943,-808,1859
10311,-6502,6838,-7411,143,-1227,1219
10312,-1594,4816,-2637,1811,-576,998
10313,5668,4964,2573,-418,-1102,-673
10314,-1299,192,-630,979,-665,1536
10315,2767,-6148,7383,-613,-1777,-167
10316,4973,2915,-5230,410,746,1527
10317,2764,-6083,2259,-593,1807,1428
10318,-1033,4944,1967,738,-709,-75
10319,1718,-3836,3337,-1968,1130,1903
10320,1007,-3203,5953,-168,-83,-936
10321,5512,-2224,312,-727,-1881,1461
10322,-4342,2366,-3582,1117,-110,407
10323,-6557,4226,-6414,979,428,-1502
10324,2333,2879,-7682,-1011,-840,364
10325,6602,-3104,4974,1791,-1763,1683
10326,2977,4882,-596,1953,-1643,-1445
10327,2022,7551,-5355,-641,1000,1005
10328,7173,4285,-2497,213,-1075,-351
10329,-4800,3445,-3949,982,1097,578
10330,-6038,703,-2805,1186,-290,278
10331,-6596,1583,-4606,379,-1640,-552
10332,-1847,-7595,1383,1885,-1228,-1274
10333,1866,6490,-2386,-920,-1174,1171
10334,863,2481,-6739,-1884,1052,1924
10335,-2785,4918,-4879,1015,-1881,-1847
10336,-993,-2165,2007,-729,352,-295
10337,1651,-1494,5396,-867,-1563,60
10338,6791,-7311,-968,-653,-574,-309
10339,-5334,4399,4992,434,-1792,-98
10340,2863,-319,-4549,11,1204,1111
10341,-1270,-6563,7842,-1446,-1652,182
10342,4245,2419,4062,-214,-250,-1445
10343,-6091,-2140,739,1801,-872,-597
10344,-2997,410,5418,-1591,1345,-1001
10345,3428,-1783,-7118,-690,198,1120
10346,-3806,6073,7827,-950,-1960,102
10347,-583,1326,5990,-1708,-1848,446
10348,4181,2936,-6228,1768,120,848
10349,5221,1837,-6163,214,-338,135
10350,-5303,-7227,-6032,-648,-429,-955
10351,5747,7003,-1612,-1680,-1294,-1099
10352,-2889,-6732,-1748,60,-1768,1025
10353,-1352,942,6120,-1874,1932,168
10354,2680,1537,-2238,-421,1536,267
10355,-5014,3714,7700,-553,-684,1493
10356,-4347,2709,-1792,1088,-1154,694
10357,3465,-3677,7440,-1685,1203,-1251
10358,-7277,7740,-1696,-810,-990,828
10359,-2861,-4980,-2370,566,420,1179
10360,-5856,3543,2834,-1525,1899,406
10361,-3463,-2352,135,850,-539,122
10362,-6800,1877,-6541,1409,1518,1233
10363,2446,-5081,1067,-1547,844,-1385
10364,-6554,-743,1391,1971,1670,1015
10365,-2198,3194,-442,-1621,842,-788
10366,7736,-4740,-4680,-1198,-393,1464
10367,-61,-329,-1103,-223,-569,-1301
10368,796,656,-3117,-978,-1691,-1390
10369,2506,3481,-5792,301,1039,-870
10370,-7667,2471,-2475,957,-155,355
10371,-1071,-5772,1148,1809,-1473,-475
10372,3472,1402,590,-1449,448,-918
10373,-1572,-3687,7296,1611,614,-1631
10374,7437,-5592,-7023,308,1021,267
10375,3633,-984,2209,-1307,-420,-690
10376,-7892,-5537,-366,-257,7,168
10377,-6692,1711,4354,-1843,-617,905
10378,-3279,673,1471,-741,-1619,-610
10379,-6649,-6243,3672,1786,-1737,-792
10380,-5622,-31,-1276,-1844,-1166,504
10381,3063,-453,-5152,595,-233,-1047
10382,5948,1395,5484,527,95,1811
10383,6557,6664,-2629,357,-968,-1821
10384,6634,-4531,4169,55,-220,-475
10385,2209,-4159,-6570,-104,-1462,-753
10386,6394,-5669,-529,-133,560,-1044
10387,-1446,5359,-1204,-1099,1711,-131
10388,-92,-5912,1676,-1365,-150,1221
10389,412,-3793,-140,1069,-129,-1974
10390,2297,5395,100,1020,-1226,-1138
10391,7918,-1756,-1250,-84,484,-1344
10392,4903,-2146,6581,1969,1589,655
10393,-5074,-3958,-5292,-988,-1837,1120
10394,503,352,6250,1622,1724,964
10395,1056,-6903,2160,-1989,76,-1388
10396,-6889,6238,3703,1064,-889,180
10397,-5783,-1218,6565,-1264,-809,548
10398,-2315,-3712,2218,1879,1921,-463
10399,-3919,2390,6529,-310,697,1761
10400,7536,-7442,-5474,-1400,-1411,590
10401,-3494,6359,-1230,-1166,1432,298
10402,7688,-4478,-3337,-1474,1148,-725
10403,-6242,-4954,4300,-1397,965,1142
10404,524,1496,-2963,-527,755,173
10405,-7217,-3731,-2727,1190,486,763
10406,-7626,1518,-5087,820,-1068,-260
10407,-1043,-3917,4574,1640,-1834,523
10408,-7650,826,-7666,1557,1444,1297
10409,-1762,465,497,-1037,148,-999
10410,-3134,-5074,-5061,-1378,-191,288
10411,-2234,3900,5299,1894,-290,-1514
10412,-4261,4167,-3729,1030,-372,15
10413,1823,-2102,-609,539,1625,-1037
10414,1187,897,-1010,1638,-428,-1498
10415,3410,-3483,1384,-874,-1295,-1060
10416,6436,-4259,-2725,296,1763,-1059
10417,6634,5662,-4963,403,1125,-283
10418,605,-2291,-7229,650,370,-769
10419,-1006,-2823,-4072,-692,363,1764
10420,7237,732,-4768,-1188,-1228,1677
10421,1701,-7571,-6904,-1834,-523,1877
10422,-596,3902,-7643,-744,-1317,-1529
10423,2057,3923,4964,-237,777,-424
10424,1648,136,5096,892,-1814,554
10425,-3814,4710,-5312,1218,-365,-133
10426,1809,70,2907,-874,441,-1954
10427,1070,5526,-667,67,1507,10
10428,-5134,-3447,308,545,-939,425
10429,-2977,5796,-1699,1266,-902,522
10430,-6246,3111,2174,-65,1757,-1176
10431,-174,5416,2343,714,-855,-461
10432,4747,-7490,-1729,-1922,-200,1960
10433,2559,5045,7194,1211,265,-1532
10434,3644,480,2725,740,-1719,-1245
10435,-5289,-184,-657,-454,617,1134
10436,1525,-6657,-4392,1000,-1763,-1646
10437,-5278,-5087,1782,-244,-1701,208
10438,-406,6567,-7401,1692,1458,-1617
10439,7598,-1726,3910,-1576,-365,-1913
10440,-4898,45,-2985,-43,1771,271
10441,5688,-1633,4973,-1005,1200,632
10442,-1131,-5564,2028,643,1682,443
10443,-278,-1150,-7753,-1665,1337,777
10444,-3891,6329,-841,-435,-1961,-752
10445,-1744,-4497,-6989,-233,-1821,-1523
10446,6435,3524,-727,-82,728,-809
10447,6631,4139,-1025,788,733,22
10448,-4236,66,-3349,-1819,52,-1849
10449,3151,4378,-33,-498,-527,-842
10450,1545,-3129,-5572,-1894,-1090,1687
10451,-6519,-7546,-3262,-243,-1927,1167
10452,7960,-1635,6631,1787,610,1802
10453,4085,-7025,1317,1131,1299,-423
10454,6132,-6244,-899,-458,-177,-1333
10455,-6841,6287,3363,-1721,1827,-473
10456,11,-4347,6340,-1402,118,386
10457,-6625,-4048,-712,-1502,-535,-302
10458,-7555,6714,-3701,-1971,1603,601
10459,-3258,1683,-7659,-1835,1813,-1070
10460,2446,-4636,-4873,1173,248,258
10461,3307,5701,3587,-110,-1512,1604
10462,5182,5706,3025,931,1420,-444
10463,-4314,-1163,-4993,-855,1347,-490
10464,-4211,-5261,4267,-882,694,-448
10465,-5022,-4533,1955,-1103,-1407,649
10466,87,7926,-5317,345,-306,-1610
10467,3388,-7521,3874,-1499,1976,1018
10468,6091,5589,-660,-1697,-929,-299
10469,4485,7473,7508,578,1164,-259
10470,2365,6080,4961,0,1220,1266
10471,-4503,4309,-362,162,1735,-1390
10472,4529,3741,-2589,961,503,-1745
10473,2409,6628,-1162,1486,-577,-1560
10474,4312,-359,2915,-1944,1774,1804
10475,4109,-1550,6834,114,-797,-1572
10476,1289,2407,-7913,-1699,-1382,687
10477,1488,-3098,3939,1824,1872,-1907
10478,4117,-5984,-297,534,-1341,1966
10479,-4158,6208,5309,-621,1008,947
10480,-6947,-2407,3963,21,1958,-602
10481,-4415,-4143,-7222,1079,-1134,-405
10482,-988,6383,-410,-200,1213,-60
10483,-2321,6676,-2024,683,1760,-1619
10484,781,7041,7100,871,-1689,-1920
10485,5512,-7302,2768,1687,309,-469
10486,-113,-2717,-5429,1448,1204,492
10487,360,-2232,-2146,-1542,1077,866
10488,-7872,4490,7961,-1821,1164,347
10489,1408,7602,-1133,1754,-89,710
10490,7453,5515,4414,-1866,964,-697
10491,-813,-5931,-6199,-1809,-1018,113
10492,-7344,-5762,-4931,1295,-1078,1695
10493,-1291,5875,-3949,1083,-1208,-612
10494,4130,-5706,1024,-64,642,-912
10495,2454,3568,4286,-72,231,1067
10496,6818,5556,2664,1481,1626,-975
10497,480,-6483,5001,1638,-1376,-336
10498,4109,7169,4113,-1301,-561,-934
10499,-6804,3991,-2928,335,-58,1813
10500,-4,4382,-6301,-1229,1078,-741
10501,717,7426,7103,-1830,-1964,-379
10502,7992,3967,5556,-1331,150,-937
10503,566,5715,5447,828,905,-1496
10504,7223,-4009,3515,-1901,1378,1199
10505,-4395,444,597,513,1846,381
10506,-2657,4561,4732,-814,-943,-320
10507,5742,513,-2537,185,-653,-1943
10508,-2124,3927,5667,-1068,-1686,-69
10509,4299,3593,-6479,-1598,-1398,-724
10510,722,1429,273,355,292,-365
10511,-5098,-6603,304,-1196,-1200,147
10512,-1652,-1462,3269,-763,484,162
10513,5489,3373,5371,-826,-1128,-51
10514,6142,-3774,-6809,-1231,15,128
10515,-656,1322,-6744,-1195,-655,258
10516,-1725,-4448,7155,198,902,1277
10517,-2848,-548,-4569,-382,1457,-1367
10518,-7781,5880,-4921,86,388,1724
10519,-299,4581,7898,1208,731,-1569
10520,-7863,5409,6535,-1124,1235,-1012
10521,-7981,4990,-1823,-857,-1269,1774
10522,5505,-6529,-477,-15,878,-40
10523,-1656,-6258,-1053,190,330,924
10524,-5969,-6891,4203,1175,734,1834
10525,5377,-3242,5145,1645,477,-1513
10526,2275,-7926,-4467,1622,-1001,-1658
10527,2177,2877,7630,1564,-150,193
10528,-2055,5172,-2885,906,-659,892
10529,-1709,7756,-7345,1778,-1475,-1451
10530,919,4911,5906,-449,-496,747
10531,2569,-816,-7979,640,1836,799
10532,4258,-6646,2677,-1769,988,897
10533,-676,6734,-3642,-1842,850,-117
10534,-3548,-6711,-4566,1169,1247,-1473
10535,-1200,-2339,6243,1632,-1773,-551
10536,453,4549,4317,-1761,-1349,-934
10537,3701,3045,3552,-370,-735,-1013
10538,-4032,5237,4817,-665,1597,-1311
10539,-4725,-5285,5817,821,269,-1488
10540,-6114,-4925,161,-790,1298,394
10541,-2851,6207,5974,965,-1099,1490
10542,2775,5761,6693,-1619,1853,-1270
10543,-1887,-1500,-4435,-1060,-1817,-1015
10544,6736,-561,1596,-108,-1915,618
10545,-720,1091,7841,-1579,239,121
10546,-7680,-6625,-6526,1228,711,305
10547,-3369,-2957,2609,1257,-931,1200
10548,-5894,2094,576,-1063,153,1080
10549,-6392,-2279,2096,-948,1850,1167
10550,-808,-2017,3401,-1364,-1762,-878
10551,2106,-6064,-6024,958,1391,-283
10552,5259,-3322,-2622,-1560,993,-230
10553,-4878,7791,1417,-1998,-970,342
10554,4431,-5069,-3217,1230,488,-1828
10555,4218,4195,6808,-1103,-1920,997
10556,-6353,-2908,1304,-1522,-1960,-1832
10557,5083,-1747,-2298,1367,667,-1710
10558,3045,-4791,7553,-1520,-1737,713
10559,-3822,-1815,-276,738,370,451
10560,-2086,-378,3762,-48,-824,653
10561,4917,2252,-802,1210,99,-267
10562,4550,-1387,-1247,-776,-1852,-1378
10563,-5285,4220,-4560,404,-1718,683
10564,-6557,-4374,-1719,1515,29,-780
10565,-5210,5021,1224,-1938,471,1547
10566,-554,-3435,-5553,-308,-69,865
10567,-7290,-7747,3338,618,-202,-1631
10568,-6991,-1106,-1120,-945,985,-1520
10569,-30,7698,4726,-1148,-877,-443
10570,373,5072,4288,-1610,644,-520
10571,67,7481,5342,-562,1361,1769
10572,5246,-2592,-2511,-462,-1846,1489
10573,4999,6528,1825,1551,-295,-445
10574,-4501,-4171,7581,-125,1031,1190
10575,3381,-5570,-2496,18,1567,965
10576,-1550,-4912,6039,-34,723,-865
10577,7353,7534,7332,-581,1249,728
10578,4969,-6196,-6481,-1255,-938,-1212
10579,7644,554,3970,1031,-1550,1800
10580,-4481,-2312,-6588,-199,-841,1048
10581,-7766,-6473,-744,-1750,811,1152
10582,3086,1989,-6346,1090,626,-1112
10583,-4465,-2806,5565,934,481,848
10584,-5228,-3530,6421,-1169,1375,1780
10585,6009,-77,-3318,1299,-1965,1041
10586,-3923,188,6850,198,378,-217
10587,-2256,7846,-91,853,-1993,-1543
10588,219,-6956,-4036,500,-766,267
10589,1617,-5579,5911,385,-1994,-1981
10590,-5313,-1428,-6327,-526,596,-1375
10591,2685,3473,-4186,25,-1531,1988
10592,1385,-3375,4742,-345,1204,447
10593,6675,-2691,-5079,563,-770,-802
10594,-996,-430,-6870,1931,1195,-759
10595,2407,-895,-7069,436,28,-1599
10596,-7392,1715,-2734,679,-20,316
10597,-3512,-2065,-4250,-1091,1436,1311
10598,-2954,-7536,-6931,-597,1692,-1463
10599,-586,-4023,-2445,139,557,-1128
10600,-2656,6023,-7110,-105,970,928
10601,2324,-2366,-2107,121,329,-1741
10602,4007,3095,2038,-1776,134,1972
10603,-5829,-2647,-6700,1256,189,-879
10604,-2041,-2289,1352,-270,-558,1852
10605,2661,-3920,-2079,-1460,-1253,1407
10606,-3073,7961,3544,-1611,-1287,-573
10607,-7568,-2941,1065,1633,620,1087
10608,-4453,4491,6473,-1798,929,1883
10609,4443,6601,965,1052,1509,56
10610,-6478,4529,6851,872,383,1624
10611,-2253,-455,6717,163,839,1212
10612,-7939,-7329,5852,460,-1091,1773
10613,7512,-1982,1042,947,901,1313
10614,352,-370,-4123,-1183,-1399,-1516
10615,534,674,1842,688,1320,706
10616,6909,-1026,-4701,1592,-816,181
10617,-6687,2674,6464,-1427,-968,885
10618,-2647,-229,4996,-225,-475,-165
10619,-981,-6234,4672,1835,-1594,-801
10620,6892,-585,-2999,309,192,-702
10621,-878,6160,-3909,1276,279,-1134
10622,5627,-6601,-7754,724,1122,-392
10623,-84,3366,7512,1690,-885,-1224
10624,3602,-2631,-7933,1350,-1995,986
10625,5242,4298,1498,22,64,322
10626,2764,-6223,-4494,-396,853,-417
10627,-4576,570,-3626,-727,785,194
10628,-3815,2368,2139,1751,-33,-592
10629,-183,-4104,2413,-1142,640,-1812
10630,1681,-4260,1538,695,-1655,-1322
10631,2542,-3373,-5941,-922,-1133,-1360
10632,4119,3034,4917,187,357,-1196
10633,-6540,6667,-4515,594,-533,743
10634,976,-5865,-6724,1446,368,1311
10635,2137,-987,-4822,859,-1626,193
10636,-1119,-7456,1674,448,-834,805
10637,5309,-6603,3009,768,-615,-717
10638,-1157,-7467,4054,1677,1478,-42
10639,490,-4273,900,-1169,-1465,-400
10640,-1287,-3730,-2593,1134,-337,-1424
10641,-1029,-1864,-2969,544,516,1031
10642,7235,5962,6635,104,162,1679
10643,-5219,5189,-5496,-1850,-1502,-553
10644,-5231,4532,-7255,-391,-1887,-621
10645,66,-3251,-6598,1570,850,830
10646,-1004,-539,4567,1582,346,-1426
10647,-4517,-607,3528,-384,-1238,511
10648,-1040,6246,-6243,1253,470,805
10649,-2271,5127,-1883,798,415,1731
10650,-1062,-495,-5049,-1134,366,1695
10651,4391,-2077,-5973,-1177,-761,1286
10652,6008,3792,-2471,784,-1201,-1443
10653,-3942,-4793,341,683,-289,833
10654,-5215,-874,-5772,1495,-558,-1674
10655,3261,5978,-6479,727,-895,1835
10656,5941,256,3070,-432,-771,1108
10657,-7094,-7022,-599,-1270,761,94
10658,-2704,-1469,-482,-1041,1956,-1772
10659,254,3463,7116,-1858,1875,-1767
10660,2629,3237,2890,1483,225,-1352
10661,6359,-370,-1008,369,-1082,-1790
10662,4395,2520,7178,627,379,1748
10663,7813,-1783,2170,-317,1220,1953
10664,-5065,5683,-6820,989,-1264,-874
10665,-7116,1946,-7503,456,1129,310
10666,-1607,-6323,2235,-1728,1638,-1274
10667,-7504,-5472,-6559,-922,1640,624
10668,-5139,-6602,-7992,655,957,1711
10669,693,1810,2706,1282,-39,-472
10670,2308,6124,4149,1257,-1779,1361
10671,6633,-827,1367,-1947,1708,764
10672,5423,6489,-5869,-1580,-1172,266
10673,3615,-3354,7817,787,-1085,168
10674,5100,3569,3381,1527,-436,-972
10675,-4270,-731,1979,-824,-1329,-1836
10676,-5577,7217,7787,-246,1823,-938
10677,-6341,-5257,4711,-1528,-814,-1469
10678,3640,1656,5763,188,946,1878
10679,3551,-4652,39,806,-1057,274
10680,-7035,-2193,-7146,1333,-862,1692
10681,3904,-6623,-5578,1787,-1212,-372
10682,531,5522,-3476,-1140,98,-906
10683,-2091,-1631,-2816,-126,1935,-756
10684,-6912,-1681,2172,-1498,-975,432
10685,5342,7990,5193,-599,1550,-375
10686,-3794,3610,5659,-99,-911,1524
10687,310,6926,-659,783,-190,-1495
10688,-3424,3317,4514,133,-1566,-238
10689,-404,-1334,6382,-1526,-1288,213
10690,6881,-3225,-1621,-862,651,1317
10691,-6663,2841,5465,468,411,-869
10692,614,-582,3002,-1434,1546,111
10693,6781,4570,-2297,180,-1972,1659
10694,614,1755,-203,1977,-1984,875
10695,-5855,-6406,6182,1537,1801,-1464
10696,-1466,-1995,2209,-571,-677,-900
10697,-1159,3798,1386,-1744,-302,-1997
10698,-1869,2523,-3914,-1986,1676,798
10699,6443,7722,4107,-885,-343,-1707
10700,7253,-5726,-6798,-1002,-1625,-1920
10701,-7725,-7646,6239,-1208,1321,-907
10702,-1418,-602,95,-1322,1076,1176
10703,5959,-2788,-2046,-749,-501,1188
10704,3291,1403,-5497,1632,-726,-1826
10705,1507,7603,5199,-1836,-468,-282
10706,414,7640,4655,-1230,-1832,725
10707,4081,-2647,2632,626,-431,-1207
10708,5949,-4296,903,1467,-134,1782
10709,-1299,7758,175,859,357,-1529
10710,6658,-4908,-1733,-246,-1455,-1355
10711,-2566,1062,-6774,-1132,-1236,-1666
10712,-1545,-6305,-3222,1969,-976,159
10713,5817,-3568,-5783,-1493,-1916,-811
10714,4551,-5243,-2289,1360,1569,-1095
10715,-1401,-5270,3039,1590,-1060,-1190
10716,-290,-147,3621,-1452,-503,75
10717,5734,-6995,-7141,959,-1695,798
10718,-2895,-224,1374,1306,1504,38
10719,5323,2520,-4351,1853,-1496,783
10720,2615,-3173,4147,-645,-1861,-240
10721,1468,1720,-7854,1184,245,-944
10722,-4365,-205,934,-1679,928,-1827
10723,4148,2652,-2424,-1331,-557,-660
10724,-693,-3695,6578,-486,144,835
10725,3738,-2850,-7515,-741,1949,-1708
10726,-3353,1481,5038,-394,1764,1879
10727,-4505,-1743,-2001,1210,-1225,-233
10728,3999,7287,5852,-388,-727,1908
10729,-479,-3204,-7784,1986,987,-115
10730,-1907,5648,-2618,-1285,-519,96
10731,2472,6677,5195,1936,369,-31
10732,4207,5173,-7322,-311,-1952,1618
10733,-7256,-5898,-930,1483,321,232
10734,743,-2161,3102,160,363,40
10735,-3868,-3608,5823,1259,-1655,4
10736,3455,-4940,-1806,1671,-1574,-1866
10737,4212,4699,-216,-449,933,-1083
10738,-6741,-6371,-5074,-1612,1566,-1708
10739,7341,7749,-4725,-1187,-830,-30
10740,7941,4429,-631,1444,-1617,1003
10741,-7177,-5036,-5,1085,-1892,-1860
10742,2871,-5893,75,534,-1295,-597
10743,6164,7768,-5529,427,1698,396
10744,6819,-4092,4071,1386,-1165,1853
10745,6402,7930,-4719,451,1091,-76
10746,6129,-3681,3426,-1720,1719,-22
10747,-5494,6754,226,-1878,1100,1104
10748,981,546,3140,-176,-1979,615
10749,5238,7894,-3000,-865,-21,1467
10750,514,-2513,3457,-1248,-531,-1737
10751,5587,3338,-4003,-59,709,-845
10752,-1811,2626,-2882,1782,-227,1359
10753,-6788,2988,7113,-938,-1265,-45
10754,545,-3227,-1730,-514,-1040,1225
10755,3834,-5675,3228,-1237,-1511,972
10756,123,6969,-7070,-1465,-1736,-1329
10757,151,-7433,7593,-725,-1435,1367
10758,1182,6643,4536,-492,-389,-1242
10759,-2302,-4826,5756,-739,1423,-661
10760,7750,-3443,-4399,1666,-453,-1765
10761,6928,-6421,2398,472,1878,-1690
10762,-912,-4141,-3807,1291,-1552,-875
10763,7564,-2200,2374,948,133,-1390
10764,-3624,-1454,-3429,598,538,952
10765,2564,-4965,17,-385,-1646,-505
10766,6385,103,-1042,-456,-1896,1903
10767,-139,4987,3239,-1300,-1254,-737
10768,-3201,-4116,-6544,140,-1305,-350
10769,-398,5442,6850,-1551,558,-1037
10770,-387,-2684,-5766,-656,-25,961
10771,3095,1819,5120,-300,1975,-1996
10772,-4711,-6739,-6102,421,-682,314
10773,1769,636,3627,-1903,455,-342
10774,3692,1634,-7214,1197,-1994,275
10775,-7652,-6299,3695,-554,264,-1597
10776,-402,-4358,-190,1819,486,-162
10777,-2790,-565,7773,1146,-141,-511
10778,-5927,3738,-1386,470,-192,1471
10779,4000,-2627,-1875,-1710,278,-912
10780,-2547,-4003,-2630,-1101,193,-1036
10781,4588,2096,-5380,1122,-784,1486
10782,-1832,-2229,-4365,-1434,-1257,1496
10783,-5819,-7439,2590,381,-1994,1265
10784,-5962,-6229,-2716,-590,-681,544
10785,5697,2903,-4775,1961,647,-1087
10786,-1309,-827,-6856,2,1253,554
10787,-5000,-4833,-5159,-125,1026,1895
10788,-2744,-5682,1333,-1586,-119,-44
10789,1900,1618,2754,-1391,-1135,-611
10790,-868,-2453,4032,-1486,434,-152
10791,4631,-770,4116,-1622,1841,161
10792,-554,2709,3264,-1902,-436,574
10793,-3637,-7553,-6570,-1281,1513,-664
10794,5293,3605,3790,-1328,1305,373
10795,-6970,79,88,-38,-1702,1830
10796,-768,-5089,7898,-672,-1004,575
10797,-601,-1629,-1928,-1882,688,-1905
10798,3072,3775,2056,-94,-1527,915
10799,7837,-7812,-4565,-368,-855,-640
10800,-5085,857,-416,212,-1515,-845
10801,6669,5538,2585,1810,1304,463
10802,-5317,-640,-6014,-1774,162,-158
10803,4925,4082,2971,1455,1126,65
10804,-4383,-5210,-6767,-1092,-275,49
10805,7063,6943,4548,1008,834,1121
10806,-1851,1227,-6298,1623,1340,914
10807,2122,-1436,-7426,-1540,-1218,-1672
10808,4232,-7407,7494,1110,277,-1816
10809,-1737,6503,4731,-1033,-1008,1849
10810,-7115,5275,4988,912,-1,1742
10811,-6671,-5811,-1537,-1759,1040,1117
10812,-7131,-3102,-3132,1563,-1801,1919
10813,7413,-6550,102,-1258,168,-150
10814,-1015,1799,986,-300,-1350,-952
10815,7855,6621,-961,-842,-137,-614
10816,-1741,2900,-5022,1336,-852,1774
10817,5461,1004,-299,1236,1460,-37
10818,4984,-4685,-182,-474,-1635,1697
10819,7056,2017,3868,-252,-571,-57
10820,-596,2802,1554,950,-864,-1958
10821,1458,259,114,3,-1207,-911
10822,-4309,-7046,7968,-311,-1018,-322
10823,-1764,-2393,6368,652,-1445,640
10824,1608,-3575,5750,-586,-600,-382
10825,-7103,1018,-4862,386,-1565,1960
10826,2150,6343,1982,42,1676,-331
10827,7874,-4218,1485,1830,-748,898
10828,567,-7860,2113,-537,528,-1088
10829,6592,3719,-6092,-639,1688,1970
10830,-2908,3933,395,1274,1674,-585
10831,813,2764,6335,-44,905,-1189
10832,-1264,-4683,3613,-552,-1484,178
10833,5045,-4754,6847,-926,547,1566
10834,952,-627,7520,-534,-676,1978
10835,7328,47,7515,-1748,255,5
10836,-3166,-7581,6324,-305,-996,553
10837,-7116,-389,3779,807,1454,-1021
10838,4635,4725,-4245,322,-1639,503
10839,-90,1879,-5300,571,-1194,-114
10840,-6490,-810,5905,-1357,-85,-1583
10841,2792,5965,3453,-456,1340,968
10842,1607,5103,-5585,1529,-1671,1814
10843,1682,-4237,7868,-142,-641,-969
10844,-49,-893,57,765,-251,672
10845,7984,4240,-6427,903,-68,-1664
10846,7112,4256,-4981,741,522,-590
10847,5476,3200,754,274,-1953,1053
10848,-5819,3186,382,724,1223,-1937
10849,768,5302,-772,575,-606,143
10850,-4192,3180,-4800,-841,-257,-1756
10851,-4621,7012,3383,-1518,75,669
10852,-5740,6081,-5999,841,576,-298
10853,-7073,7499,3725,-1458,-1337,-431
10854,6729,5759,-4540,702,-1841,1054
10855,1512,-3226,795,-738,429,1332
10856,7984,390,-3745,-1359,-177,1637
10857,1735,-7084,-3610,-1865,1252,672
10858,-1411,-289,1046,-1695,-1283,1629
10859,-7937,3750,164,1438,-1526,858
10860,-5365,-5586,5706,-1455,-1893,-1670
10861,-1016,-4299,4065,1278,-1294,-106
10862,-211,-5702,290,549,1350,651
10863,-3689,-3154,6445,-1891,-1548,686
10864,6988,-6403,1349,1589,-1601,-596
10865,7537,-7813,-4959,1713,812,-973
10866,3923,2592,-3813,-1551,1505,-364
10867,3518,-2800,-1858,225,-1900,-914
10868,-1420,-6507,6118,628,-489,-1715
10869,-4300,2221,-5617,-8,-1593,-1374
10870,3979,6685,6527,940,-1582,1929
10871,1689,1647,2475,1877,-4,1542
10872,5421,-4341,-3757,-1551,-1604,744
10873,-1427,7560,-5831,-1661,-1540,-890
10874,4564,5072,5883,1117,-1815,-1666
10875,-218,185,-3236,1859,-1202,-357
10876,1718,926,-4441,-1938,-678,1428
10877,240,-5477,502,1703,553,-521
10878,4205,5476,-5778,1601,-236,1860
10879,-957,-5441,5862,-163,-309,-64
10880,5331,-4114,-7255,-1353,253,-942
10881,3981,5293,4218,848,-1449,545
10882,6854,6299,-2784,488,1390,85
10883,-5815,-6767,7856,-143,30,-1501
10884,-695,-6033,-1171,579,-1607,-1913
10885,232,-1462,6001,-499,-537,-249
10886,3007,2499,706,1882,583,985
10887,-5440,-301,7576,291,-902,1293
10888,224,-2303,-3347,1025,-1154,1865
10889,3494,-7684,-7613,-511,1423,-1812
10890,-5869,4470,-7972,-693,-662,-1535
10891,188,-2113,7900,1701,-836,-1674
10892,685,-3996,1991,668,343,581
10893,-945,1731,4983,-961,-1212,-1542
10894,-6406,-5551,-5705,-1024,433,-183
10895,4162,-4129,3247,257,549,578
10896,195,-3821,-921,205,-872,1648
10897,7938,-1930,190,-1686,-1444,-498
10898,-6673,1231,-6527,599,-1578,764
10899,-4839,950,-6620,611,-411,1443
10900,4161,-1967,-1786,-264,1896,215
10901,-3782,7290,-2733,-273,613,-812
10902,-439,6416,6233,-363,517,1189
10903,-3246,599,3803,-1094,-127,388
10904,-192,-3083,-4330,-1807,-669,1732
10905,-5399,3678,-3959,1166,17,176
10906,-6522,7952,6402,-603,-1975,1200
10907,-5453,700,-3570,360,-1289,297
10908,1753,-1337,-3671,-250,-373,-1504
10909,-7210,5136,-7552,-1157,1041,1797
10910,7487,7025,-3533,1586,1883,1702
10911,1457,5227,5272,-626,-871,712
10912,-3816,-1276,7197,1328,911,754
10913,-1703,4775,-2667,1649,-599,-647
10914,-942,-3607,-6722,547,-1986,519
10915,-2887,-4204,3676,-1531,41,-393
10916,-2149,7322,7268,-1170,1971,-1153
10917,64,5102,860,-1768,-1693,-739
10918,164,-7721,-2662,-975,284,67
10919,515,-247,-7177,14,1928,-1301
10920,3997,-6941,3800,-839,-1591,1091
10921,6323,7429,-3015,302,-1339,547
10922,7870,-6111,-1356,-835,-455,-771
10923,-6823,-1433,-1334,-748,1140,-841
10924,-1956,3387,-2346,449,1432,-1582
10925,3287,-3197,412,-932,-1528,-982
10926,1676,7850,876,492,-1396,-1643
10927,-3770,-1089,-191,56,1893,317
10928,1084,3487,5152,-284,583,-10
10929,-7489,5223,4852,1291,-1499,856
10930,-5840,-1615,-5133,1584,-296,-1670
10931,-1962,4776,-4625,1023,810,-1313
10932,2515,3677,5095,520,1086,-1544
10933,-3917,1841,7799,-1026,113,521
10934,2821,-5766,-6008,-193,1294,779
10935,-3345,4521,3065,-1014,-1813,920
10936,64,7011,200,-386,-92,-1029
10937,-2637,-3630,3303,1979,1514,166
10938,-7048,-6504,5628,1449,1481,1765
10939,-2603,-369,-277,927,1939,1962
10940,265,-6171,1769,-569,199,491
10941,1657,7898,6749,-1830,-972,37
10942,-3503,4265,-4687,563,-1236,-668
10943,1563,-565,7968,225,1573,1234
10944,7461,1338,-1873,1898,-1839,-2000
10945,599,-6729,5687,-702,-687,1222
10946,-5880,-603,-5152,-1642,-1685,-397
10947,-2439,-7359,-1219,-536,1658,-1028
10948,-6821,5741,-2003,383,709,1399
10949,3405,2486,5989,-1147,296,854
10950,-415,-6082,668,-561,555,-1563
10951,5921,7546,3457,-605,-1358,-654
10952,7818,-688,-1217,-1901,1255,642
10953,-1456,-7147,-6201,-906,1577,-1863
10954,5347,-6874,-3097,298,-534,903
10955,4015,5228,6132,-763,1663,1266
10956,6554,6719,6122,-751,-1300,-1022
10957,3370,-3704,3209,171,1389,723
10958,-4289,-1120,-1816,-1379,1500,984
10959,-4906,7505,1586,1020,-381,562
10960,-6488,-536,-5473,1700,511,-639
10961,-4132,-4172,2087,777,-1820,1051
10962,-5115,136,4053,-628,63,1119
10963,3241,6682,2565,-1784,-837,-825
10964,-5491,5448,796,-1289,-72,624
10965,-17,3670,7361,477,-782,1669
10966,1660,-4018,1869,977,-563,-1980
10967,7213,-2664,-6884,1688,-1329,-947
10968,2685,7147,-4114,-230,275,-350
10969,7769,6448,-472,714,1238,-1558
10970,-5897,6776,-509,1251,-1512,-107
10971,7906,-5079,2117,-827,627,-426
10972,431,2771,-7048,-966,278,1679
10973,4281,5793,-707,-854,-1394,850
10974,-1355,-290,6537,1088,-1658,-941
10975,307,2169,2266,194,-573,464
10976,7786,-3905,-1465,-311,1787,918
10977,2190,2163,6632,1640,-1028,554
10978,1634,2518,7677,179,-1094,462
10979,-3242,-4703,-2771,-1635,1041,-1967
10980,500,-1850,-2923,1883,-954,-1487
10981,7942,-7992,7471,778,707,208
10982,1046,5556,-6268,1900,1992,1245
10983,-5777,5108,3605,308,-1512,262
10984,-4989,-6815,-735,489,220,-1104
10985,-2385,-819,-7507,1471,250,-312
10986,232,7027,7254,-102,809,353
10987,3926,-6056,2536,1018,1616,720
10988,-1040,538,7249,-849,1323,-1309
10989,773,7293,6716,1312,307,518
10990,2851,-5127,-3046,-1746,711,354
10991,-2565,-4773,2526,-1546,-1428,-1249
10992,5305,2950,7273,188,-1212,968
10993,5104,310,2210,-1092,892,1287
10994,5307,2910,7160,946,1746,949
10995,-6702,-3560,6978,-1785,808,-1568
10996,-2324,7127,-4357,-1470,-1794,-308
10997,2421,5255,3836,-969,-676,596
10998,2525,-6261,739,295,1243,-354
10999,2614,71,7500,-1847,1334,-1771
11000,-34,1121,-1563,1750,1565,1981
11001,-775,-2654,218,1403,1762,-1378
11002,-708,-674,5348,157,-572,1013
11003,-255,-2910,-1179,-1888,-147,1855
11004,-6047,3086,-7998,-1947,1912,-434
11005,6881,321,7083,36,439,1673
11006,4535,-4555,-821,-1519,1900,1527
11007,-4506,2247,825,-1679,-6,-367
11008,-785,-3267,-6881,1292,-530,433
11009,-7374,2986,-2746,-119,588,-629
11010,110,-2047,5141,-1306,-215,-1365
11011,7826,-3477,-4663,-804,-597,-1835
11012,-1312,336,2904,1618,642,1743
11013,1639,7271,-4725,1041,988,-968
11014,-4267,-395,56,193,826,663
11015,-1469,6237,-5224,-1255,1242,-884
11016,2434,6757,-5220,-343,1637,-1088
11017,6664,7796,-7060,-1738,1489,957
11018,5001,7366,3497,-980,-1153,-548
11019,-4665,-7825,-2893,-436,1116,-1342
11020,3610,-2335,-1381,298,553,-1847
11021,-5253,3206,7722,-715,-72,1895
11022,-847,-3575,-2824,742,1969,-826
11023,-5926,-391,6586,-1277,-1925,159
11024,4785,-7437,3464,1926,-1794,-1692
11025,1434,4159,4724,1461,-385,461
11026,-2934,1282,4536,-1343,-1485,-406
11027,6671,4341,-5486,-629,-833,-1014
11028,-183,-6401,-7337,-451,-1976,-839
11029,-1218,-7487,4474,1673,1047,375
11030,3033,-483,-5495,1312,-123,1264
11031,-5524,2303,-6043,-834,998,-779
11032,-3414,-7453,7331,-1233,-286,-1477
11033,2289,711,1898,-158,-99,-1370
11034,-7921,7981,6977,1744,183,1193
11035,-5470,-3420,1565,-25,468,-880
11036,7303,7801,-1197,-828,-367,-1949
11037,-7161,-2153,6315,-126,-1010,1937
11038,694,-753,7173,844,-1531,-1554
11039,-2045,2272,2922,224,-1943,-1486
11040,-4091,-6166,-3810,-93,-1239,-120
11041,5552,-4717,7910,149,1952,1938
11042,-1224,278,6459,878,1063,1710
11043,-6346,-3481,3965,1687,-1985,1298
11044,-5123,-4546,-1238,574,-340,1146
11045,2869,-3282,-7499,-1741,-1160,562
11046,-390,-5523,-6232,948,-165,348
11047,-5691,-7079,2909,199,-1055,656
11048,-6674,1279,-5636,-1739,-270,-1826
11049,-3449,-4568,4952,-1732,636,574
11050,7125,1279,-2344,1453,837,807
11051,6915,6937,-2249,866,238,1295
11052,1360,-479,-7749,1353,-1803,1758
11053,7852,-5732,-390,948,1934,-498
11054,-3210,5360,-1378,205,771,-1090
11055,-7143,-6230,-5290,-1785,-34,-95
11056,-2165,4498,4927,87,1067,479
11057,-7750,3304,-6187,-1341,-1128,826
11058,-7094,-1098,-2740,787,1263,-1518
11059,-6758,-1859,6108,-121,-632,-1660
11060,6756,3533,6957,-1405,-1304,-722
11061,-6308,-7296,-6234,-1983,-943,-1234
11062,5590,-3785,2637,1231,1396,787
11063,4905,2902,-7549,-370,-1104,698
11064,7265,-1081,3089,-1520,632,-1535
11065,7799,-1961,-2596,720,723,-1669
11066,-5705,-6211,6939,-511,-1299,753
11067,5797,-1142,1339,-940,664,-524
11068,4326,49,-4011,-1438,-170,-786
11069,1105,-6132,-690,1731,1475,-602
11070,2439,4384,2085,-689,1481,-832
11071,-4215,788,-5958,280,-1676,1927
11072,60,3577,-6135,1429,-1713,1030
11073,5614,4559,-769,-170,514,1938
11074,7857,4617,-5021,-1350,-541,-1640
11075,4223,5988,-733,-1858,224,-655
11076,1140,4969,-6755,-361,-1331,-496
11077,1500,4533,2781,-1759,-93,-1445
11078,-1131,-4556,-1559,1938,1443,-660
11079,-641,2464,-2851,-847,696,93
11080,-627,17,-421,-1079,-800,1052
11081,-7107,-587,4949,-1546,-1021,337
11082,-2701,-6599,270,-1878,-1131,-559
11083,7838,-5910,2180,364,1735,960
11084,4799,4284,7268,-1143,-1105,-1278
11085,-2927,1435,6669,104,1229,-280
11086,-6713,-6819,-3108,1165,333,-1620
11087,-6277,38,-1984,-132,-349,-1127
11088,-5029,3529,2632,1465,-1327,-963
11089,-7327,-5095,-4294,-558,1420,-373
11090,5212,-2409,5638,1718,-1672,620
11091,-4708,-4827,3710,-1373,20,-1339
11092,-2947,-5207,3131,-777,-319,458
11093,638,-3389,1891,54,669,541
11094,918,-3815,1914,-692,-409,1220
11095,4060,2365,-2351,1577,1813,1268
11096,6070,-2306,-7851,1109,617,-1205
11097,1248,-6469,3863,1800,1374,1875
11098,-1976,1798,-4274,-794,595,1655
11099,-105,-4671,-6036,-1566,-1480,-1293
11100,150,-238,-4809,-1205,-1006,1892
11101,-392,-6992,2410,-641,21,-260
11102,-3396,-7337,3304,1962,-1824,1769
11103,1606,-316,4233,-297,1618,435
11104,1423,-6714,321,-21,779,-1407
11105,-1286,-4197,-7077,-1477,1870,812
11106,4489,-4634,852,-101,715,-393
11107,-4986,-3535,-5976,-1052,-1218,28
11108,2486,4881,5835,416,1571,-1892
11109,-930,-4694,-2541,1510,1328,1775
11110,-2447,5807,-1494,703,1443,676
11111,-6247,369,-2765,15,1587,467
11112,3976,-6310,-2881,-1849,-1789,-886
11113,2870,3729,7610,-964,-1367,1385
11114,-4566,6895,4804,-1634,1826,1009
11115,-2012,-5483,5737,1421,-908,414
11116,-2241,-3255,-5441,1882,390,-1706
11117,-3634,-5454,-3811,-25,1851,1195
11118,-1112,-6045,-1596,794,331,-1229
11119,2931,-3098,-332,1695,704,-868
11120,224,-3888,-1686,-1984,1707,-562
11121,365,-7789,-954,-1632,79,-740
11122,7886,6794,-393,261,-747,483
11123,-6619,7260,7437,1842,-657,-532
11124,-1338,-4752,-6222,-1821,-1729,-1853
11125,7891,-6253,4028,284,379,1104
11126,-2722,-2654,7557,-1736,-1267,-1811
11127,3283,5307,-1935,1227,972,-1024
11128,-243,-7805,3544,-1703,-607,1621
11129,-2227,7953,-801,-851,1144,-881
11130,449,266,-1750,-1123,-671,1115
11131,-1798,-2492,-622,-1045,1729,1191
11132,-780,-3011,1568,914,-1458,1964
11133,-4931,-533,1612,-1400,279,1409
11134,3137,-5385,1772,1764,1469,-1178
11135,-4663,5993,4877,1307,-40,-1333
11136,5655,4500,-3979,437,239,1931
11137,-5272,-611,1878,1718,249,-1611
11138,-632,6836,-657,-185,941,1899
11139,3698,4358,-2164,-481,706,888
11140,2828,4845,-5290,1760,440,1922
11141,-5622,-3223,6647,1102,134,405
11142,-5904,2432,-158,-195,968,-1550
11143,4887,-4388,7432,-1386,-169,-931
11144,-6990,-4287,-1659,-275,-1895,-695
11145,-5293,762,-2927,186,-1554,-1765
11146,5956,1044,-4407,260,30,-1844
11147,4240,1570,-3958,-613,1372,-1861
11148,-7773,-4248,-7431,-1080,1052,-28
11149,-107,-5897,-1794,-1778,63,-1263
11150,6126,-4668,-7840,-1799,139,-246
11151,-4137,2012,-7211,-1135,608,-2
11152,-635,-2128,-5300,1723,957,474
11153,7718,-5489,-844,-522,-1200,-481
11154,-7724,-205,1681,485,-1358,1627
11155,-4974,948,-6252,-414,256,1741
11156,7335,154,-5818,419,126,1675
11157,5168,5483,2362,-88,-1417,342
11158,-4411,3521,-6573,454,-1872,153
11159,6452,-1447,1828,-1790,207,71
11160,5958,-7991,724,414,200,1268
11161,-3394,4870,-1998,1318,1449,-1157
11162,5708,6213,-6181,-1363,1398,330
11163,-6097,-3885,5927,637,-1424,603
11164,6951,2711,5786,501,-306,932
11165,5171,-7204,7349,-367,1367,-1965
11166,1517,6345,63,-833,-1860,1351
11167,-4674,-1909,-6425,-1689,1127,-115
11168,386,3988,-4919,-1464,-793,-162
11169,4350,3398,-5719,1785,-1795,-78
11170,-6289,-3076,3364,-691,-932,-561
11171,436,-7308,2731,-587,1751,-486
11172,5984,-1507,1705,-23,-731,1445
11173,-7235,1689,-730,752,-687,-285
11174,5687,-209,4383,-474,405,-172
11175,3828,5079,4851,-446,-1087,-799
11176,-7489,6530,7835,-359,174,629
11177,2742,71,-3976,-1694,-1199,9
11178,-7590,3016,-1229,115,1917,-782
11179,7842,-7275,-2637,442,782,593
11180,-3011,-83,1143,245,1719,1009
11181,-1436,4552,1265,952,1693,599
11182,-523,-3192,-4152,451,-937,-671
11183,2536,-109,-567,-1440,-1266,-811
11184,-4968,3085,7914,705,1344,-1477
11185,6125,3077,7677,747,1707,1122
11186,7464,5489,6582,-429,-1616,1941
11187,-6632,-7499,3756,265,-943,528
11188,-6233,7733,3334,1169,1388,1695
11189,-7255,6085,-7571,-1542,-1835,-1522
11190,-6315,3042,-622,-285,-1116,-317
11191,-7799,5737,290,389,695,-1340
11192,3958,2608,3522,475,-1581,854
11193,-6105,7205,1093,-409,-1674,-1661
11194,-2209,1605,-4879,-1145,-526,-1374
11195,-2696,-7551,7858,-1351,1714,-1260
11196,-7405,-6919,945,695,-915,1840
11197,-475,2928,3879,786,997,204
11198,1721,-3330,7940,1385,-825,-1478
11199,5186,-4629,301,-1218,1303,-1673
11200,71,-1743,6197,1522,-438,982
11201,-2624,7178,4852,1179,991,-1807
11202,6440,-7015,-4188,-785,593,-692
11203,-458,5706,4413,-864,-420,-511
11204,-6489,-3807,3806,546,362,-568
11205,5859,7743,-651,577,1584,-499
11206,-6947,-7150,-4337,-1622,-338,-1501
11207,-1127,4922,2369,380,-976,221
11208,-519,2865,7653,-1823,1240,795
11209,1384,4157,-6648,1703,-627,-865
11210,-313,6700,-6195,1599,51,-1532
11211,7554,7706,540,-1270,1543,1223
11212,6928,-2355,1019,1811,1130,651
11213,3611,-4700,5666,84,-707,-307
11214,-2070,3072,-1124,1511,1035,495
11215,6882,4125,-1663,482,-1258,25
11216,1750,2056,6067,872,41,-78
11217,6067,-4193,2381,-1481,-1065,821
11218,3576,1077,-617,1239,-405,-62
11219,-3956,-1918,2247,-1420,366,-778
11220,-4995,1907,2117,-594,-1437,-549
11221,1316,-4982,3322,1724,130,-406
11222,-7105,-5725,-3106,-1948,-86,-1223
11223,-38,5513,-1355,-622,811,1921
11224,2804,-6576,7480,1048,-298,-823
11225,5387,-1339,-5310,79,1246,810
11226,-3820,5969,6653,-1779,57,1252
11227,7668,-5727,-2054,-901,1896,-144
11228,-318,-2608,3012,-843,-1831,-1393
11229,-6645,-2597,5654,1459,1326,1328
11230,4699,5189,5866,722,1952,975
11231,-376,-7917,-1144,-347,-1445,1749
11232,-1425,-4005,-5637,355,-682,-702
11233,-2428,1824,2900,264,-1219,-1043
11234,-6071,-407,-5959,-197,1959,1013
11235,-945,1747,-2592,1143,-1310,-1925
11236,-460,-7036,488,-114,-557,16
11237,3300,-2687,-5631,-1988,1480,1158
11238,4806,5473,-1107,-1060,-1026,-1746
11239,-2374,6967,-4735,1679,1898,232
11240,-5112,-2708,7571,1935,1138,1109
11241,-1494,7043,5716,806,-67,1415
11242,1288,-5029,2151,1715,1515,1292
11243,3596,3562,-4909,619,1973,-1838
11244,7146,-2540,-1704,-1626,1915,1952
11245,-2920,5991,5517,-1390,-232,1495
11246,3435,-2053,-3651,1524,1832,-754
11247,-5792,6764,940,1070,-1833,350
11248,2217,-3929,-3816,-385,-930,-395
11249,-7203,7619,-7465,1204,-891,1916
11250,151,-68,-5587,-1503,1395,1956
11251,-714,-7804,4843,-582,1877,668
11252,5994,-7963,205,-864,-630,-707
11253,-2992,-533,-2740,1936,-495,-1838
11254,854,-4673,1243,-1719,-165,1284
11255,-2372,985,1461,-1254,-700,-465
11256,-7166,1205,-2876,-1740,-106,-976
11257,4446,5400,-4774,1155,1447,1105
11258,-3490,-3786,-276,715,-1300,-640
11259,5990,6361,-6018,-1995,75,1960
11260,6224,1903,4968,89,203,-458
11261,-7047,5655,3168,1780,847,913
11262,-5219,4457,-5411,904,284,-1825
11263,-299,2551,-1556,309,1121,-584
11264,3492,-1111,-1690,1452,788,1286
11265,-6164,-3637,5566,1250,-1164,-1709
11266,-4340,-6226,-6108,1774,-1456,506
11267,5193,-390,3688,-1014,-1047,-1714
11268,2428,-2817,-3451,-14,163,61
11269,1023,5184,482,-1627,-932,1586
11270,-389,-1511,7238,816,1131,1184
11271,553,3825,1465,-1710,1267,1073
11272,756,-360,1409,-1938,365,-1755
11273,-2974,-6601,2544,-1050,-394,-1450
11274,7353,-4461,-4237,-1849,764,1489
11275,-1314,7815,2429,-1936,1257,-810
11276,-4398,-4918,3693,-1668,1627,684
11277,-969,5647,1987,695,271,-763
11278,2079,-7073,2037,523,-1688,-1476
11279,-2894,-319,-1608,-497,-1447,1647
11280,1647,-233,5369,481,354,-78
11281,5792,1948,3209,-1316,-1128,1082
11282,-4330,-905,2868,152,1598,-881
11283,-4678,-994,7785,215,-1571,184
11284,-3181,4800,-6975,-671,950,32
11285,3592,2415,-6548,1916,486,-661
11286,7235,-5408,2350,-1686,485,-1597
11287,1969,-3445,-6333,-1444,-1183,-1619
11288,1935,2462,-7679,-1202,-19,1787
11289,-4375,127,7034,-1206,1176,-576
11290,-6902,-810,-4156,-669,-726,1816
11291,5204,7483,2676,263,-1498,-431
11292,6486,-4717,-4777,9,-612,-1699
11293,2641,7225,7358,1510,-45,1528
11294,-4400,-3728,-3888,-1702,1941,-1313
11295,2929,3333,-5892,1085,-548,-292
11296,-6883,1670,2511,-1359,1033,-116
11297,4562,4490,-5542,683,1552,-660
11298,-2663,4964,-3886,792,-1490,1302
11299,-3030,-3670,-4697,1140,-1806,882
11300,5615,-4683,-4839,1349,-1369,1425
11301,1947,-2545,416,875,831,-250
11302,-6246,-1725,-2618,-713,207,99
11303,-5355,2747,-6604,-1309,1332,1214
11304,-304,-3501,3146,20,-1350,815
11305,-2628,-6343,7948,1583,1090,-1399
11306,2532,2444,2122,-744,-57,1008
11307,-4274,3834,3025,-1860,-640,-1090
11308,136,4957,-7017,-1368,-1020,-1573
11309,3667,7867,-3122,571,-1522,1045
11310,-1487,4275,7873,811,-290,-656
11311,1130,-4046,3237,1241,-1549,735
11312,-1876,-6212,6585,-641,-1478,-13
11313,1272,1821,5676,1005,1984,355
11314,3349,899,7286,1649,-43,-1724
11315,93,-4396,2187,619,-565,-1514
11316,-7324,-6408,5182,1180,-29,-28
11317,-4087,3627,5946,1702,-1810,-870
11318,3402,2233,-3920,-1868,-72,-1274
11319,-6911,687,2774,750,-1144,-744
11320,3780,5969,5773,1614,-1898,1731
11321,-1870,697,-2248,1850,-194,-1527
11322,-5277,7315,1816,729,-933,292
11323,-6956,-4500,6725,396,-203,-1333
11324,-2596,3970,7907,1641,-1841,1005
11325,-7876,4283,-4976,621,1848,1332
11326,-3481,-4821,-4313,658,1008,1283
11327,-267,2811,5497,-968,181,-265
11328,821,-3149,7432,-22,-754,-1723
11329,989,5948,2204,-1512,-1198,-1441
11330,1992,1504,2093,-1549,-1213,484
11331,1956,6067,-243,-1885,45,-1059
11332,-7917,4259,261,-380,1765,-58
11333,-93,-5959,2578,-1061,-227,-543
11334,-4304,2418,-4763,-579,-587,-1490
11335,1337,-4989,1000,973,983,161
11336,-6227,-6061,6567,173,-594,1028
11337,-1577,3902,-6440,-1935,-1490,1638
11338,-2359,-7816,-2918,-577,1640,469
11339,6847,3020,2144,224,-602,-407
11340,-928,-5023,-7722,-1674,1655,-305
11341,-7008,-5359,-5708,891,989,-1558
11342,-5116,1214,2638,-884,830,1505
11343,4641,-5718,7522,245,-859,1866
11344,1330,5087,4664,529,369,-48
11345,7980,5565,-3293,-1826,-1644,711
11346,4570,-4953,5461,212,989,1255
11347,6625,4771,5826,1164,-1366,-598
11348,-6074,3238,4184,-1191,-1519,39
11349,6218,6483,7617,244,-1400,884
11350,874,6558,1527,-82,448,1909
11351,3386,-3647,-6417,-868,-1274,-816
11352,5321,2507,987,1213,592,537
11353,6305,-7132,-1111,1672,1849,1621
11354,-5273,-1099,5508,60,-766,-676
11355,-449,-7413,-7781,-876,291,-140
11356,-5552,6958,7694,1628,-1100,978
11357,3405,6394,1853,-1770,734,-1019
11358,3834,-6524,3277,506,104,-636
11359,-5072,6550,7381,-117,1455,-548
11360,6806,-4219,-2042,-1300,1566,944
11361,-7871,2954,71,-916,1701,-165
11362,-2352,-1241,-525,-152,1970,-543
11363,-6002,-2348,-1970,-1774,1157,1771
11364,-516,-5572,-2073,1599,-1907,-1706
11365,2546,-5336,-2484,-1154,1866,-1537
11366,-5938,5091,-6552,1679,1666,-588
11367,-7997,-2509,-4528,306,1483,-843
11368,-7537,6618,162,-1810,678,1377
11369,3760,-5922,-346,-1151,-1024,1925
11370,6691,-4276,-5391,-1626,-810,-1875
11371,-2388,5525,-5393,347,1931,-955
11372,-3710,-5324,-1588,171,1761,793
11373,5201,-206,-4171,409,427,1409
11374,2191,1817,7560,1549,-111,-1432
11375,3980,-3904,-4417,-1088,1892,-85
11376,4040,-7971,-803,-293,-250,1625
11377,2221,2784,-7668,-1246,-794,-1921
11378,737,740,-7650,-1526,-1790,-711
11379,5463,4971,28,-1243,-1932,-544
11380,-2530,664,4927,203,-709,-1681
11381,4322,-3895,3210,-97,-559,-803
11382,-4321,-5769,-1633,-1218,-1184,-1980
11383,599,7052,820,-1863,53,852
11384,-1428,-5750,-6281,109,1706,1679
11385,1275,-5539,4174,480,332,-1834
11386,5783,3937,7858,1112,-1300,215
11387,-5180,4,-6011,764,1242,407
11388,3550,-617,5111,1663,337,1134
11389,-3776,7845,-1460,-211,1809,-721
11390,-2781,6665,-409,451,-342,-738
11391,-7673,-7104,-2729,-1887,-275,-461
11392,1357,6768,524,-1951,1346,-1867
11393,-6841,-1906,3176,369,-1783,241
11394,3558,3610,105,174,122,-519
11395,1572,7078,-2239,283,54,101
11396,5255,6615,-2480,-262,795,-1694
11397,1377,5005,2134,226,874,-917
11398,-7439,-7865,-3792,-7,-372,-1770
11399,7650,7968,3745,635,912,-1337
11400,-1982,6222,-2482,-1536,1056,1342
11401,-5119,-4081,3160,-86,190,1011
11402,-343,-6799,-5469,-1471,1226,-1140
11403,1369,-7405,-5511,1747,401,1622
11404,-2175,-4507,3556,-39,-1703,-1639
11405,7524,4493,-7739,-37,-1674,-1145
11406,-7908,-7177,3269,552,16,-300
11407,693,-4904,5524,-1411,1224,28
11408,2480,3254,6613,-1538,-1969,1158
11409,7907,6334,801,33,24,-1543
11410,3104,4053,6835,1954,1713,-1525
11411,-3482,5384,2723,-1756,-1494,312
11412,1243,-7838,4492,1038,-1083,-609
11413,5863,-6877,-2199,-1874,1089,1304
11414,-4041,-3036,2601,200,1911,-47
11415,4906,-6940,-4509,-1226,-1518,1572
11416,-4155,-7591,-3999,1295,167,107
11417,-591,1404,2373,177,-1391,-305
11418,-477,-6044,1840,1789,1352,176
11419,-2388,1417,2966,-639,579,-951
11420,-6752,-7050,-5256,-867,1941,83
11421,-2457,-4166,3075,-1742,-1196,235
11422,6786,2121,236,-427,243,-651
11423,-4482,-95,-4087,-1721,-612,-52
11424,6935,5604,-113,-578,-1660,534
11425,6823,-269,5841,-1446,134,769
11426,-2673,7404,-366,-1047,1160,1720
11427,5652,5060,4765,-1467,290,-1336
11428,-3148,-7645,-4271,-1174,895,342
11429,-773,-7908,-1106,1893,-340,-1796
11430,5018,7987,5875,-1079,93,-1705
11431,748,-5660,-4407,-1336,1104,-1837
11432,2641,-2489,-2810,-401,-1954,-3
11433,-5721,-7586,6351,-447,-193,-1001
11434,-3029,-7779,7181,1345,-1722,374
11435,1569,-734,-186,-1261,1877,388
11436,7449,-2968,3255,1906,1317,1763
11437,-2462,2167,-5493,-715,-1335,-1722
11438,-4212,-6791,-1239,1000,130,159
11439,-6137,-50,-1844,752,-490,-1031
11440,-3907,7627,-7624,1850,630,873
11441,7512,7441,3681,-1851,-1981,805
11442,2464,5644,-2608,-1818,1783,1596
11443,4942,-1317,-367,-1269,1293,1902
11444,-1112,-4142,5738,714,858,1647
11445,-3478,-628,174,-1017,-1903,878
11446,2215,7490,-3353,-1609,338,-1439
11447,-7078,-7584,-6854,1775,1035,-1173
11448,-6354,-3720,-5867,1854,-766,306
11449,1640,3717,-5382,-1331,1933,-1692
11450,-4166,3130,-4406,-531,484,1803
11451,5265,4504,-4618,1554,-453,-724
11452,-305,4991,1602,1027,391,-1827
11453,4786,3657,3405,-836,1554,1808
11454,-2676,-7339,-5587,452,1625,-488
11455,-5648,4026,-3906,-293,1149,-1662
11456,7065,7870,-2482,504,-1418,385
11457,-6625,-1264,6918,1373,856,-675
11458,5746,5734,-3767,-1963,-183,643
11459,-2418,-4811,-1937,-1511,1670,107
11460,4624,-7779,1990,-539,1666,1691
11461,21,4400,-2792,134,-1708,-869
11462,4253,2719,-3790,423,-1677,1378
11463,2218,440,6081,381,-1772,762
11464,407,3793,256,-1908,-379,1572
11465,-7462,-3113,-74,-1215,1228,318
11466,-6357,2747,-1297,-270,1504,1842
11467,6607,-2740,451,-1931,-543,-1707
11468,-4679,-5053,-5975,335,381,105
11469,-5422,-2310,3817,315,782,1843
11470,-4107,-35,6799,-933,330,166
11471,-3360,1503,-4917,-657,-1344,1542
11472,-2201,-415,-4486,821,-1795,-842
11473,5441,-6265,-5421,608,1012,-30
11474,-2589,-4082,4935,-414,-868,1269
11475,5162,167,3487,1706,-1323,1084
11476,-541,653,3596,-852,739,350
11477,6410,1578,-3699,-1592,-1340,-815
11478,5412,369,-4834,770,-479,-453
11479,6451,-2991,-208,1909,879,1857
11480,772,-7954,-1371,-146,329,1558
11481,318,-646,-4996,-1826,-532,1861
11482,1222,3875,-5942,-1628,1132,-380
11483,2024,-1888,3684,1712,-967,-837
11484,5170,-4587,-6292,721,375,699
11485,6559,1010,2764,-1103,298,850
11486,-3429,-6860,4543,-1458,-1012,-1961
11487,5554,-7416,-1549,1907,246,1972
11488,7046,618,-3590,-625,-124,-1572
11489,5905,5551,997,1072,-799,-1803
11490,-5009,6451,-2322,1352,1362,622
11491,-3668,2805,6470,213,1528,-1806
11492,1839,-7751,2475,-1528,-1406,-1850
11493,3885,-5304,-7366,1787,-977,427
11494,6792,2916,-5216,-1449,-1297,1388
11495,437,-4715,2181,-747,-512,-814
11496,-3447,-3462,-3345,932,-2,-1212
11497,2162,4288,-3173,-885,1538,1366
11498,6365,-7519,82,-402,-861,659
11499,-2839,-3910,80,1430,707,902
11500,5132,-5951,-1749,-1155,-346,-658
11501,4035,-5352,796,403,-170,-302
11502,-1382,2908,-4225,1808,-1998,-1180
11503,5662,7944,3797,-1697,-835,-1906
11504,7105,2874,6135,-780,681,-870
11505,1996,-1719,4535,-1841,851,-1794
11506,-4178,4366,6958,-1179,-577,-1472
11507,6228,-3849,-4884,451,-277,301
11508,-3227,7332,-923,340,86,779
11509,6161,-2363,5459,-1529,1996,-483
11510,-4083,5623,-3664,1592,-20,1607
11511,2029,-4315,-7942,-1789,-1504,-702
11512,2076,1343,1049,1279,1039,-1633
11513,6137,2930,-7518,1205,945,-1419
11514,-5269,2856,-6584,1039,714,753
11515,3648,2004,1060,-741,-1709,668
11516,2048,-5412,-493,-1930,-923,1821
11517,2739,-1598,924,-1607,-1934,427
11518,-5966,-3008,-3551,-1554,227,-1598
11519,1519,-4974,-6305,934,1289,1507
11520,-7556,3398,6832,-690,911,-492
11521,-4321,-3860,-7228,389,-740,247
11522,-5680,6745,-3831,-1898,893,-751
11523,2062,6016,5831,4,-458,1577
11524,394,-1708,3393,669,-1425,-1614
11525,596,6445,2644,546,-1535,656
11526,-557,-5441,-3621,1020,750,-822
11527,6031,5305,103,1246,-891,1578
11528,958,5045,2592,-120,1668,-1527
11529,370,509,-1188,-1069,1078,122
11530,-7431,6937,1043,1652,899,1299
11531,5582,7510,3552,-173,333,-419
11532,1541,-6471,-7610,1553,1828,-1501
11533,3712,-48,1843,1399,-1897,-1253
11534,1884,-7239,4813,-1628,721,-259
11535,347,1936,388,1205,-555,292
11536,-4072,7836,5530,-1068,1990,450
11537,4544,373,-3225,-868,-389,742
11538,5848,-4123,-559,-600,-1115,1508
11539,6295,4469,-7457,460,-612,-750
11540,-3750,817,7108,-877,-1444,1873
11541,-2952,-7372,-3268,1217,-1057,-934
11542,-6838,-5762,-4979,839,-416,-1113
11543,-4875,-4308,-5818,1221,-932,1679
11544,240,320,7762,687,-979,163
11545,-421,7042,1107,1089,-1581,840
11546,4160,3829,-7337,-1094,716,1491
11547,2023,-7605,254,1237,-1567,-1891
11548,-7330,155,452,766,-566,-238
11549,6357,4761,-7016,1121,-99,1587
11550,-2558,1916,-2471,115,-1471,-449
11551,-5269,-6539,5745,-1371,-576,-1539
11552,2070,4568,1423,1775,-811,566
11553,-5392,-109,1326,-86,1153,-1262
11554,4399,3151,2779,1802,-983,1248
11555,2773,7711,5560,1739,727,-81
11556,4020,3459,4308,1165,-182,357
11557,2826,5164,5396,-548,-760,512
11558,-3522,4805,-6666,170,1435,579
11559,616,4827,-5611,-586,1874,635
11560,-7627,-4186,-7211,355,-1815,-823
11561,7411,2756,6338,1695,-231,1884
11562,7802,3713,1867,1912,-710,-487
11563,-1018,6968,-324,1102,1185,-837
11564,6781,3495,-2341,-1659,-849,-984
11565,-6450,-3989,-2055,723,-841,-1136
11566,-1032,-2919,5730,-1031,464,433
11567,-5583,3721,-7578,-1070,172,-307
11568,3446,6985,-6079,-1613,-1426,234
11569,6200,6112,-261,-292,-1691,-292
11570,-6123,-5972,6367,-188,-820,-1280
11571,5466,2308,-2451,-146,-601,88
11572,6748,-6342,169,1467,-1401,1179
11573,3681,-578,717,1964,-711,709
11574,5433,-3658,-6055,566,1908,1357
11575,6398,-3241,1686,919,-1219,490
11576,4956,-845,883,-441,-876,-885
11577,-3954,-601,6160,-1606,1522,-961
11578,1479,6933,-7152,-1722,740,1004
11579,-5120,-7547,-5096,1962,1861,1880
11580,2834,-868,488,-1559,1931,-1845
11581,-6703,2624,6121,1700,211,-1422
11582,-7254,4814,2823,1218,-1831,915
11583,-4305,-1658,7063,-311,1406,-568
11584,5227,330,-4604,1056,543,-647
11585,-5788,2564,-1995,1393,1461,710
11586,-5320,3433,95,-1266,-901,-84
11587,-898,-2814,5164,1920,1863,433
11588,5365,3860,4159,-438,-236,-1367
11589,1421,-7745,-204,1321,131,-779
11590,-1422,-5909,4995,1461,1641,931
11591,-662,503,-4958,1960,980,812
11592,4752,-3057,-5082,58,1431,-391
11593,4812,547,2968,84,967,-696
11594,-4551,1243,-3477,1950,-50,-609
11595,-1408,3367,-6529,1592,1203,-988
11596,-4076,-4013,1143,1120,1322,-1050
11597,-6036,4865,-304,1488,-308,1439
11598,-4497,-7407,5056,433,-1075,-762
11599,7212,4111,1579,-278,-915,1644
11600,-2714,-885,-289,-1691,1561,255
11601,-2013,5457,7030,1224,-1547,-671
11602,-4790,-559,-2191,23,-1107,-1093
11603,-5670,4387,5538,-1775,-1302,-1509
11604,-2945,-6828,6968,-553,207,-454
11605,-6314,296,-3855,490,-1718,1761
11606,5510,4475,2967,879,-1061,1381
11607,-7557,-1891,-4938,-1920,947,1987
11608,5356,5815,-6967,399,1264,-568
11609,-7197,6699,7420,-1191,1874,190
11610,2054,840,1084,-1088,1686,1522
11611,-1959,5519,-4297,-833,1631,-1877
11612,-5459,-1020,-813,-655,-1336,-825
11613,-1415,1403,-1608,-1348,809,1028
11614,-1455,372,-1175,1283,-1894,-521
11615,4142,3819,3430,-288,1945,-954
11616,4275,2767,2401,1567,-1484,-1342
11617,-1547,5332,-5300,514,-1291,-1853
11618,6801,4849,1120,-1827,-593,913
11619,1397,-4276,-5057,-1102,-883,1686
11620,7610,-7464,-3171,1550,-790,583
11621,1930,2147,-3933,-1648,531,730
11622,2554,3558,421,-297,695,694
11623,-5665,-506,391,1787,834,291
11624,-4719,-3165,-4456,-719,-509,1438
11625,3341,-7602,1769,-202,-1553,-1814
11626,5288,2079,743,-1687,1202,-1510
11627,7265,-1489,5936,-940,329,-1666
11628,-5849,7833,1628,1228,-1173,-473
11629,6988,5170,-7909,1986,-1687,1238
11630,6880,7886,-6539,431,-11,1916
11631,6923,-6061,4156,1420,-1426,298
11632,6930,-993,1472,-578,15,1426
11633,-3125,-4482,4002,-509,-34,116
11634,-5896,2264,-6084,1929,-311,-1432
11635,-6758,7875,453,287,-107,616
11636,-4895,-4867,3629,998,-527,-914
11637,-7337,-1218,391,-93,-327,-1349
11638,4151,-3229,5998,1715,890,-1795
11639,-7350,-2799,2827,-218,803,1689
11640,-5411,-3830,1236,-1788,-271,-1622
11641,-237,-6917,-6665,219,351,-171
11642,-2801,-1800,7196,223,385,1389
11643,6455,-6263,3641,1334,1589,680
11644,7479,5220,6818,605,-832,1521
11645,2708,-2312,6649,-1964,-765,-1426
11646,-1968,-2675,4818,1250,1638,-1499
11647,-7101,2607,-2983,278,-459,-1803
11648,1513,-7725,-2305,-67,-1585,-1244
11649,-6085,-6641,-6314,1686,-1080,-1131
11650,7451,-3552,-30,553,-1210,-1324
11651,-6569,6176,-7732,1055,1896,507
11652,7731,-5476,4140,924,-1018,909
11653,-4015,6485,4934,-1244,-1334,1399
11654,-7870,2765,-523,899,-916,-1496
11655,4975,687,-6697,776,-602,1322
11656,-1952,3175,2537,-1957,1549,1354
11657,-1099,-3246,-7077,-2000,-1430,-547
11658,-4568,3703,-5979,-637,-164,1660
11659,-2921,-7364,-1549,-1530,365,-1321
11660,-3240,7804,-4588,1627,-751,439
11661,2228,-6575,2927,1675,107,257
11662,3600,1801,6240,-792,930,-1375
11663,744,-6503,4522,-1851,479,-977
11664,6065,-883,-441,-903,-1157,1198
11665,7169,-353,522,674,-1726,-1603
11666,494,627,-3596,1492,-1332,1777
11667,-4075,-2489,1335,-1357,-563,1947
11668,-504,-7932,-1893,-900,-1863,-1335
11669,5463,-3794,2237,-1766,1507,672
11670,1348,-7406,-2151,-1485,-1434,-428
11671,7439,-5210,7626,866,494,-1255
11672,-4486,-6936,3658,-1771,162,158
11673,-2835,2727,5035,-1791,-139,-1523
11674,4177,6479,1515,-317,-185,1402
11675,4913,-2385,6090,-810,-1221,333
11676,-7236,-597,-2654,707,-1121,1628
11677,3895,-5634,-296,-139,1075,-1785
11678,-6435,5864,4602,81,-473,-1197
11679,4293,364,5556,738,1403,-1691
11680,4364,7563,-3450,783,-487,-1684
11681,58,-5630,4847,-1624,-1241,1950
11682,-5133,7552,-193,-1992,976,-1895
11683,-7045,7306,5087,-635,1142,-1400
11684,469,7986,6830,1429,1533,-940
11685,-5307,-7055,2583,-1450,-1964,-1235
11686,-2508,-5169,769,-366,-493,-1128
11687,5598,-3512,7704,660,-144,1228
11688,-1788,-3011,6649,902,1080,1865
11689,-670,-4953,4119,-1134,-1862,-1378
11690,-2279,5080,423,684,-1254,1709
11691,-7918,-7473,-6787,1224,973,776
11692,-300,-5512,731,-406,331,-467
11693,877,-1784,1817,1122,-576,-1509
11694,952,-5430,-3783,1971,490,-1386
11695,4446,6997,5791,-135,475,-1410
11696,-3765,3063,-3810,-529,-142,-1899
11697,5723,-3006,635,759,177,-153
11698,-2589,6073,7551,52,358,71
11699,-1092,-3330,3869,-1692,1829,1102
11700,3746,-3543,7054,-1950,1133,-899
11701,582,6596,6060,776,-1186,-454
11702,4818,-4554,-6398,-741,-1303,-53
11703,-5874,-1794,-4931,748,249,826
11704,3097,-2135,1549,-1729,-1685,-72
11705,-7782,2637,-3497,1709,1250,1575
11706,-3595,6727,54,1250,378,1702
11707,-4043,2346,6064,-493,-553,-1326
11708,-5926,-3420,6031,-266,-1217,871
11709,-588,3775,-1240,169,423,-1025
11710,2739,-6386,-7093,518,-1200,629
11711,-6277,-5646,4657,1430,788,107
11712,-6528,1322,7174,-1225,-1520,-1609
11713,-902,1353,3424,-1380,587,-223
11714,-126,2199,-633,1600,-289,1861
11715,-5695,-1703,-7342,-1900,-872,819
11716,-6529,1276,962,1550,1093,520
11717,-3100,-650,7706,-950,-785,1235
11718,-4654,-2542,-6032,1671,-1850,1237
11719,4787,5427,-3830,953,563,1099
11720,2289,6553,-6733,1286,1365,-894
11721,3688,-2426,2358,-321,194,-1086
11722,5884,-3423,5759,1011,1272,1054
11723,-260,-6049,7631,-239,1051,-966
11724,-6809,6785,-4974,1822,1580,1566
11725,-1126,-6789,-968,-1215,-1088,932
11726,5912,-2869,6372,628,-983,127
11727,-2714,5647,-5204,-1699,193,-763
11728,7954,7078,1918,817,-265,1911
11729,5851,-3265,4014,-325,585,-1305
11730,-6811,2087,-580,-1118,1654,1652
11731,-3620,-2424,5406,-619,1410,1953
11732,-979,7128,-5447,-1986,-860,97
11733,3879,-374,-112,671,91,728
11734,-2443,3460,1139,1960,-1903,-1074
11735,1283,-4074,4977,-1836,-94,-183
11736,-7230,-4201,-7203,1144,737,-1435
11737,-1797,241,-6218,-1453,-1630,-1179
11738,-4853,4353,-2582,232,65,-548
11739,-1549,-6049,-1808,-738,-323,1618
11740,-3979,1871,803,-566,-1281,1224
11741,-1171,6862,2536,1504,758,-1832
11742,-5975,-4525,-7078,-940,-947,1218
11743,-6505,6074,-3387,-1839,324,-1596
11744,-2464,1210,5227,291,1940,-1901
11745,-6977,-5502,-1295,879,-1777,-1860
11746,-4312,5497,-3516,-39,1000,510
11747,-2274,427,4470,1288,-1061,356
11748,6103,-2591,-5598,-567,1485,1592
11749,4690,-1666,-5083,-1667,-881,-1799
11750,-1630,-453,-4490,255,-703,1587
11751,-6143,5631,1020,1947,1557,-1920
11752,762,6831,-655,-911,596,-112
11753,-3668,3216,-3788,-1517,1812,-897
11754,-864,7554,-2549,527,986,-108
11755,-1887,2942,3538,-1595,798,1685
11756,-4294,3712,2220,20,112,962
11757,3024,2042,-4519,-1039,-1365,-159
11758,-619,-6974,-7704,1662,-66,-113
11759,-1237,928,1782,-1485,-593,-401
11760,-4145,2925,-3638,598,1736,1487
11761,-4529,-2036,4062,-325,-419,-769
11762,-1935,-1680,4862,796,1082,173
11763,3364,2760,-3223,1380,-1382,1043
11764,6553,-6638,3021,-1665,-564,515
11765,-7943,-2510,-1891,552,480,239
11766,579,6937,-4808,1880,-1124,-1405
11767,-7114,354,5714,1469,950,-176
11768,-4554,-1027,4931,1139,868,-1869
11769,-4819,-3984,-1900,-1630,90,-631
11770,-4175,-112,1129,830,320,633
11771,3907,1434,1757,-770,1377,1143
11772,-921,-5697,5467,-88,601,-77
11773,-4655,-5732,-7376,1468,881,-1105
11774,-6081,6413,-2000,60,-34,1409
11775,5240,-3189,2131,-287,1889,-312
11776,4625,-5691,6570,958,-790,-436
11777,-2692,-4364,2266,1857,-751,75
11778,2514,3038,-6250,207,-633,1635
11779,6567,-2939,-7165,926,1381,-1491
11780,-4255,2366,3546,-584,-1108,-1883
11781,-3552,7157,4231,747,132,-1494
11782,-2918,5807,4752,1773,1969,644
11783,2837,-334,286,1997,1217,946
11784,-1897,4902,4796,-1899,-1533,-1746
11785,-648,-2813,4614,1173,-1728,-815
11786,7370,3739,-5150,505,-1795,-985
11787,-7500,7469,-7460,-271,-122,-469
11788,5780,222,893,98,-901,-720
11789,-6926,-7389,-6664,-414,-886,-1437
11790,2452,-1925,-2296,1792,746,569
11791,2099,5660,4488,-566,-1568,-911
11792,-6881,4218,3737,-42,546,1140
11793,5809,1100,-4197,-85,-957,1843
11794,6009,-3797,5828,-206,-1743,969
11795,-4322,-331,-4516,-927,289,-1806
11796,-3078,3622,-2638,-1519,1475,-1419
11797,597,4946,5186,-4,-363,-600
11798,2029,-172,-3480,-327,-1171,-643
11799,-4955,3428,980,25,-262,1744
11800,-4332,1082,-4042,-638,1317,1656
11801,3866,-3974,1590,929,627,-1778
11802,5648,-5031,-6339,-1437,-211,-865
11803,-2587,913,-3143,-1539,-1568,-1943
11804,-7997,-1829,-5090,-1477,-405,1984
11805,-5565,-2701,2386,-731,-608,-863
11806,-2566,-4395,-1449,229,170,754
11807,2717,5487,-7924,256,1327,1677
11808,2757,-967,-5360,-1192,-434,1148
11809,6171,207,6330,-1583,-1737,-1591
11810,-6178,4638,746,-1147,-49,-1067
11811,-2261,4946,1402,1974,-901,388
11812,4318,1725,704,1466,362,-179
11813,916,-305,-3266,-1621,-423,-610
11814,4787,4454,-5866,442,426,-808
11815,1697,-1730,1501,-203,63,1034
11816,5275,-7136,-201,632,544,1830
11817,6496,1125,-2038,435,656,-1671
11818,-2391,786,1326,-1135,1347,297
11819,5366,-2438,2432,838,1270,1367
11820,5266,-830,-4233,-1207,-1080,894
11821,-2185,-4233,1141,1467,-310,472
11822,-4752,2278,-7916,1750,592,-859
11823,5369,1027,6557,-892,-470,-791
11824,-2965,-4791,-6972,1415,-1357,697
11825,1462,-50,-1420,-1552,1188,-90
11826,3139,-5829,-7931,35,-1294,1015
11827,5963,1779,-4889,-442,-776,-579
11828,4294,-356,3888,-1783,-1973,-1819
11829,2621,3804,-1814,1281,984,-1508
11830,-1346,46,5970,-1892,430,-601
11831,4694,-1358,-506,-1967,1508,893
11832,-7784,-471,5431,-425,-773,15
11833,-3851,-147,-1968,465,-1228,-327
11834,-4533,-6451,7386,-1167,1700,659
11835,5960,409,-7329,-388,-327,-1545
11836,3290,-4518,-5502,-605,-1114,1611
11837,-227,-2901,-2656,-516,-773,-1076
11838,-2336,-6421,-1039,1333,-1011,-771
11839,4718,1843,1430,390,983,792
11840,-7628,3445,-2741,417,1302,1093
11841,887,3678,3680,-319,1058,-615
11842,749,-7859,-32,-858,213,1
11843,-4375,-1281,-6308,923,-127,-1684
11844,3362,-1484,-758,-1845,-1259,-25
11845,-4834,2713,-2986,-1362,-249,-415
11846,4986,7633,2627,619,-1008,257
11847,3557,-2656,-3068,-646,-1047,-1711
11848,2153,-6241,-7206,659,-1060,1405
11849,7614,-1577,5101,-530,-611,510
11850,-6190,-6007,2627,-1803,1633,323
11851,-3015,-6188,-7521,-791,325,-915
11852,-7259,-6368,-7585,1824,692,690
11853,-1646,-4902,7590,-30,1420,-1762
11854,6811,-3867,6072,1939,1022,-1679
11855,1605,-595,7668,-447,1555,-1648
11856,-2910,-5722,3126,-1588,549,405
11857,3975,-246,-7136,813,1041,-1354
11858,-6786,-5018,-1281,775,-67,1506
11859,2658,2394,-3946,1674,1905,1061
11860,-5899,3304,-7448,118,1857,-605
11861,1970,1697,-1820,-947,673,1855
11862,-1543,-6178,7781,1172,-596,420
11863,-1670,5330,-5477,-1325,1113,880
11864,1966,3411,-6421,1309,128,-140
11865,1504,-2510,-2110,-255,-875,-315
11866,-2372,2692,-1771,-897,-1176,1087
11867,-6542,-6154,3306,693,-740,883
11868,-2019,-5465,5357,1656,-839,1745
11869,-3601,-1739,1175,1345,-402,-698
11870,6486,2687,-4874,-349,-859,309
11871,-1534,6629,-6732,-1919,1805,-1727
11872,1162,3158,3772,-1248,-1679,1514
11873,5314,5481,-4233,1822,-1174,1585
11874,-6508,-4396,-5638,1487,-1988,275
11875,-4398,-4032,-591,1192,1593,-1802
11876,3514,-6232,4302,-855,285,-197
11877,-2408,4267,-6474,-1549,-2000,836
11878,3283,-504,-5341,1605,932,-1688
11879,-1370,1890,-7507,260,-323,-1381
11880,-4296,5428,-2102,1705,-935,1957
11881,-4298,-5579,6643,-337,299,-60
11882,-131,2684,3961,-1866,-1059,1823
11883,-4029,3951,5634,-395,-1810,524
11884,4792,3200,7398,-1627,256,-1244
11885,-7087,2976,-1780,-487,493,-1540
11886,-7785,5398,-1713,263,904,101
11887,437,-48,2155,571,1039,57
11888,6544,1834,-2730,1384,325,295
11889,-6271,2442,7461,-736,-747,-1763
11890,3932,7598,3763,-1545,1529,37
11891,1405,-493,3901,1981,-1175,-136
11892,-459,4798,-3548,-1711,1071,1702
11893,3606,-5005,5712,1398,905,-671
11894,-5380,-5671,-6025,1343,-341,-1642
11895,1563,-1077,3261,-456,-873,-133
11896,-3402,2656,-6651,-294,-1997,-569
11897,-7775,-5784,2885,502,-81,-1865
11898,5164,-3789,-7630,-1896,1572,836
11899,-4223,5365,-1922,400,-1330,-425
11900,-3416,-2966,5631,235,1227,-423
11901,-3642,6160,775,-1421,-787,-1010
11902,798,-2650,-2164,-977,-1194,-1613
11903,-6163,-7046,-1009,-1162,-1688,255
11904,-4024,2380,7571,51,317,151
11905,-2878,-6365,1192,-1876,-1564,222
11906,6448,1798,4180,1607,1510,397
11907,-7721,-3863,-5,-70,1784,273
11908,1542,6277,5267,-832,-1632,-518
11909,5405,-48,-506,-710,884,51
11910,3613,-2929,1318,849,1233,-1488
11911,-4150,459,425,1598,612,1097
11912,1336,-1150,-2581,-1801,-1893,-661
11913,-2503,-1954,-2158,-467,-1001,1557
11914,-6984,-7824,-4063,1948,926,230
11915,5994,2273,-3671,1191,695,628
11916,-925,-4137,-421,475,1257,-1311
11917,-3761,-926,-677,1748,-1122,-503
11918,4464,1706,1904,683,-821,-1082
11919,6328,-2332,-4433,-120,-1472,-1492
11920,5072,-7923,-3081,1434,853,-627
11921,1603,-6950,-1210,-1686,-709,-1987
11922,7318,-3264,3433,1867,1253,-390
11923,-4528,-3084,-1598,501,1908,1547
11924,-6146,-3853,692,-486,-245,-356
11925,7250,-2,-596,-972,-1645,-618
11926,-1686,-4109,485,1170,1949,-1774
11927,-7173,-1103,4764,-481,-540,220
11928,-2406,3507,259,245,-327,726
11929,-4090,-4332,2423,-309,-754,566
11930,365,-5640,-3200,342,1992,-1745
11931,2787,2179,-1411,-920,-330,-953
11932,5918,-6407,-445,-620,921,-1929
11933,1363,-1441,6820,250,-1916,840
11934,-2324,1140,-2694,1247,1790,-597
11935,4410,-667,3951,600,-1616,945
11936,7658,3730,7948,307,1836,1484
11937,-950,7897,-2538,380,-692,249
11938,2426,6794,2585,462,-389,-1836
11939,585,2845,-3168,-840,-461,-985
11940,-4842,-1391,3824,-1119,-1007,1616
11941,-3593,-6493,4488,-3,1913,-1768
11942,348,6505,2058,1050,-1517,-1064
11943,552,-6671,-211,1571,465,-1335
11944,-1083,-573,-161,-1570,787,623
11945,3064,6990,4895,-845,1088,1670
11946,-6298,-7418,-900,-882,241,-115
11947,-7552,3268,6334,735,-182,-267
11948,-7995,-6559,-680,837,1431,-1950
11949,3679,7000,7533,597,950,-1091
11950,7525,3028,-6938,1184,-1719,-1500
11951,540,643,-2687,240,-634,-866
11952,1468,5480,4748,-422,89,805
11953,3910,1027,78,238,1806,-836
11954,-890,-4841,-6383,1805,-1893,-1462
11955,-6787,-3305,1415,-342,-1660,-329
11956,4436,7495,4294,210,-1470,-287
11957,2165,2886,-1900,-1515,659,1114
11958,-2032,-3588,7609,1727,-789,-484
11959,3667,-143,-5345,-1100,-1620,-381
11960,-3655,3937,-6684,1642,566,-1784
11961,-1183,-386,7754,824,1770,-539
11962,-1183,5169,1821,821,543,-74
11963,4044,49,-2454,-1736,-1396,303
11964,-6506,7967,-6103,-1199,-633,-1371
11965,4519,-6053,7662,-716,-1267,1672
11966,5367,-7936,-3837,-1045,-1278,375
11967,6342,6042,1472,1484,173,1287
11968,2234,7398,-7459,-1897,744,-291
11969,867,7587,5916,-1202,563,-1617
11970,98,-1939,-1193,637,-708,1421
11971,-199,7907,-4941,-1503,1786,-974
11972,3924,-5976,-1617,1560,-892,-1399
11973,-5531,-7980,-7209,-902,-1341,-501
11974,-718,-6982,-3700,-402,782,450
11975,-761,-167,846,-761,-1411,27
11976,7314,6874,-1649,1710,-1700,-1193
11977,2598,-1397,-926,1798,1312,-495
11978,-5385,6890,-1571,1806,-1065,749
11979,-5001,-7655,-204,1842,889,1101
11980,-829,3911,-5700,-1,605,1665
11981,-7170,5647,6873,-387,-1179,-1615
11982,7212,6122,-7341,610,161,-336
11983,5219,1928,-700,1174,664,427
11984,-3632,-1786,-220,-211,-1281,-1882
11985,3021,6225,-7130,145,1388,-1359
11986,-6356,-912,-6362,-1707,-1056,1441
11987,5528,-7187,-1641,447,1981,1004
11988,7641,-5585,2894,-1075,-1815,-1976
11989,-624,-1693,-2812,937,-815,-1209
11990,2785,1002,2211,943,-114,1455
11991,3620,248,-3997,-1385,-1005,1511
11992,5260,-4485,5301,1519,764,1660
11993,-476,-423,5346,1771,-420,-1344
11994,1102,6462,-152,-969,-319,1454
11995,-6412,4484,-4798,-1544,-377,1401
11996,1044,-7953,5140,385,659,520
11997,124,6134,5426,23,500,-1848
11998,367,608,4571,117,-1071,1495
11999,5781,-5035,-281,-1166,254,790
12000,-6984,-2543,-7010,-365,1651,-856
12001,-5424,2131,-7121,-125,165,-756
12002,726,3908,1045,606,1658,-507
12003,2762,-5135,-2996,-1584,-1591,1988
12004,3794,-1003,-7428,-840,-1847,1747
12005,4870,2344,1190,352,1268,-1039
12006,7748,729,3716,1327,-1075,1792
12007,523,-2335,-1140,-1135,-1266,544
12008,3963,2619,4789,-1535,-744,1895
12009,-7495,4829,-841,27,-101,1629
12010,1720,5972,-6298,-883,-1163,-1527
12011,-162,-7421,7420,174,-342,-1468
12012,7497,979,2003,-1841,89,1351
12013,-6491,-7290,-7340,1384,707,-1436
12014,5413,1484,3564,-1254,-566,-543
12015,7885,-3292,-7361,-947,1744,1846
12016,4948,4221,-440,12,-1924,-1253
12017,6319,3044,2043,-1290,1877,1766
12018,-7341,3671,-4598,-68,-1164,1443
12019,-3401,-6535,-7696,258,-320,-921
12020,-6415,-5878,-683,-1801,-693,-282
12021,7286,-6977,-5064,-508,1508,1302
12022,-4861,-7528,-2788,-1182,111,1088
12023,6486,2713,1237,191,-592,1519
12024,7913,4000,5387,1030,1999,1656
12025,2248,-6794,-3526,-1635,1238,344
12026,1858,-350,1852,-598,894,-1920
12027,6946,-7735,-4142,-1099,1186,-1462
12028,553,7168,5862,59,-26,1367
12029,2030,5624,5484,1033,396,882
12030,-5967,5064,5638,784,1343,-980
12031,1044,-4821,3484,1045,1747,-1747
12032,3472,-4329,3104,-1281,-1153,-1280
12033,5681,-4215,3105,175,-630,1003
12034,-7004,7645,6936,1956,830,1694
12035,1728,5656,290,1589,1924,-73
12036,-5907,7115,7397,-1843,-322,450
12037,5307,3617,733,376,1076,313
12038,178,-3581,-2585,473,766,1746
12039,-7728,-5746,3200,1193,1134,-51
12040,1679,-2811,-2766,-1264,-890,741
12041,7614,-5023,-5483,-918,1426,-1850
12042,2244,-2235,-2741,1999,1655,999
12043,-347,-4131,2880,-751,1452,737
12044,3884,-5329,-2368,-370,-1141,1785
12045,458,5334,-1476,-1067,-404,-1424
12046,454,-6996,4464,-32,1444,1910
12047,194,-2647,2750,-371,688,-1190
12048,4189,-6568,-4400,1777,207,-527
12049,-4045,-7853,-5255,1355,797,1493
12050,-755,-1055,-283,1865,1950,-505
12051,-5356,7088,6374,-888,-1292,-1756
12052,-4593,-7572,-271,-1455,-1921,-1571
12053,-4115,-939,4121,940,696,-699
12054,-3628,-7208,5450,-457,-1072,5
12055,746,-5034,-3007,1520,1307,1933
12056,-2221,-3616,-2348,-519,937,-1355
12057,-7264,-5906,-3661,-1356,1716,-175
12058,-4098,-1052,-4482,1449,-1954,-1003
12059,-718,7372,-6800,540,-379,1383
12060,-6438,-3195,-1841,320,1457,328
12061,-4615,6895,-6150,-323,-115,-503
12062,-1711,5917,4954,746,1447,-1420
12063,1776,7843,6113,1466,1192,-1767
12064,2253,1233,7085,-1782,745,1493
12065,-5843,2432,-5286,1165,-1558,-1738
12066,1639,2165,7145,1468,-857,105
12067,-1843,-5778,1728,845,-1969,1729
12068,2946,3681,794,303,-605,1750
12069,-2153,765,-1724,1435,543,-313
12070,7759,-1642,1840,-1375,1094,1029
12071,7756,-5916,-1278,1656,1316,-646
12072,-7028,3903,-7707,1495,-813,-1236
12073,-6416,1283,4197,1046,878,877
12074,7790,6385,-5438,-1205,-783,474
12075,1256,-7611,-3506,-1974,941,-813
12076,223,5196,5716,-1068,-1550,-1321
12077,5133,-203,-7044,217,496,-1364
12078,495,113,-2215,-1168,-794,1774
12079,-1329,-1429,4920,82,-1528,-1179
12080,5684,-1651,-7183,1008,-1963,-1200
12081,-2464,-6066,5980,-2,251,-6
12082,-5604,-751,1877,-280,-1427,554
12083,-2000,-6959,1459,-1139,1881,1450
12084,-1690,893,7202,1884,1742,706
12085,4949,3456,6799,1757,-81,622
12086,5597,-2259,5038,-1635,-495,-1370
12087,3594,157,3161,39,786,854
12088,7266,301,-7432,193,1788,-690
12089,2215,919,-1384,-360,-856,-1142
12090,787,5055,-934,321,-396,-1174
12091,3252,7714,5954,1181,-237,-782
12092,-7967,3643,-7615,575,805,-1927
12093,-3927,-3478,-7761,403,-1745,1623
12094,7122,2722,1778,1713,1264,78
12095,7691,5692,6756,-945,518,-1041
12096,-4511,1587,-5816,-1897,-59,366
12097,-7623,-3895,7791,-34,-367,-1007
12098,7075,-88,7575,534,-1640,-570
12099,1514,-7685,-6671,1078,-1720,899
12100,-2785,-3220,3035,81,1399,-1697
12101,-1663,-660,3755,1183,1900,19
12102,-5236,-1360,-363,297,1344,-538
12103,-7278,2832,3532,-1557,-383,-1435
12104,-4078,7862,1794,1742,119,-1079
12105,1564,-78,-3292,1116,1023,-253
12106,-1468,2625,2411,-953,1006,16
12107,-7022,2544,7617,-1554,-9,-1847
12108,-7973,2753,5496,-470,1883,1765
12109,3986,835,3178,1929,408,-166
12110,701,3778,-7328,1064,1724,-527
12111,-7450,-6728,-6087,-472,1231,-480
12112,756,1051,-3539,1549,1364,-1993
12113,-2577,-5241,3160,1797,-1707,633
12114,6567,5489,4229,-1552,114,408
12115,-7471,175,3126,59,1048,225
12116,746,-1707,7633,593,1379,408
12117,2628,-2126,3422,-1788,1477,587
12118,-2437,7127,-3189,819,1574,1280
12119,4588,-4979,-3125,-28,1132,134
12120,4556,2322,-1131,-1780,-636,-1022
12121,-65,-7351,-1148,982,1768,-1783
12122,-1513,2783,-7944,1868,-982,-1530
12123,-269,-1973,7931,313,849,-1427
12124,-5979,-687,2431,1,551,-1623
12125,-1500,284,-993,-1072,1118,-563
12126,-29,7294,4560,253,1486,-1894
12127,-1744,4326,3877,1276,-924,-640
12128,2208,3109,5172,-1491,1448,-421
12129,934,3957,-5028,1925,1763,-1348
12130,4260,7794,-3213,-311,-588,-158
12131,-517,2274,630,945,1235,1822
12132,4955,1026,-5611,-288,883,1508
12133,-1196,2729,-384,-1885,-1156,794
12134,-136,-922,-2951,-354,-1223,741
12135,5878,815,2486,389,1567,-301
12136,1090,-4567,7486,359,-902,-279
12137,280,-7984,-4058,166,-1773,-545
12138,-1720,4085,6894,123,1420,-446
12139,-4877,-7432,7333,1664,1056,-893
12140,1535,6427,2923,-1788,-1569,-726
12141,7288,4092,-5731,-1906,443,-1506
12142,4429,-6835,417,627,-412,-293
12143,1089,4622,-7363,-1245,-1305,72
12144,6753,3275,428,1063,-914,934
12145,-192,-3665,3459,87,-1808,-1798
12146,3199,5074,-5372,-421,-1176,667
12147,877,-7616,-5443,837,1113,132
12148,-7457,5006,1767,-754,-1345,-1615
12149,7394,5975,2476,1601,-1005,-838
12150,7234,-6206,-4661,-1564,-837,-380
12151,-1369,664,2016,856,1620,-490
12152,-2950,-1526,-2642,-1123,191,-154
12153,-3498,-1915,5046,-1297,1183,1735
12154,-4877,-5444,-1283,-416,-1935,325
12155,-4480,2610,-931,-68,-1127,1253
12156,6301,-2350,2196,-1627,972,16
12157,-4603,965,4555,-42,-1035,-1301
12158,2480,-5597,-4135,586,-1556,1444
12159,-6536,2986,5167,1804,-1571,1913
12160,-5704,2452,953,-307,-1364,-975
12161,-4410,-3631,1039,1086,-1126,-909
12162,-2386,-7829,2749,81,-13,288
12163,5090,7220,4186,-1162,1988,1336
12164,885,-1063,2701,1410,1542,-1225
12165,463,3330,3047,1630,-249,1718
12166,7148,-1434,-6318,767,-1615,-1736
12167,5080,4393,819,1622,-10,918
12168,-4114,7458,5787,917,-443,1143
12169,7704,-6403,1168,-1983,-1513,-1178
12170,5216,-3409,-7199,-685,1422,-1728
12171,1320,-5718,-5663,-1652,952,-1343
12172,7146,-4749,-3292,118,564,-1305
12173,-2206,-1159,4982,-1826,-678,1503
12174,2304,-547,7646,568,309,-403
12175,7219,-6096,7735,-1686,-875,864
12176,3251,3475,-5030,-12,-1924,1343
12177,3092,-5293,-1477,1124,-182,795
12178,-3947,-3995,-6415,-840,-943,-109
12179,5005,594,2981,-758,1561,1846
12180,-5558,2898,5161,-1612,-213,-1721
12181,-4039,7141,5723,1540,-1592,1544
12182,5409,1145,-779,-198,1771,-103
12183,7033,-271,23,440,242,1716
12184,-3516,2623,-6847,-98,1149,-1984
12185,-4399,5303,-1180,-1120,1621,969
12186,-3378,-775,-4996,-957,-1747,1889
12187,-1159,-3210,7920,-856,-994,725
12188,7942,6418,-4990,95,-287,-774
12189,-5786,7301,4573,-584,-1095,-1704
12190,2185,-3937,3066,-363,-679,-1134
12191,5954,-1671,7781,-1234,-456,893
12192,-7542,3803,313,-1615,-1919,-750
12193,-477,-985,-490,-888,1373,-1931
12194,-3676,5473,-7958,-434,787,-299
12195,1367,6492,3276,-1918,798,-346
12196,6738,-4188,6495,-716,-1980,966
12197,-6734,3981,-6841,1231,-1105,-680
12198,1748,-6120,4764,-1328,-1081,-1663
12199,-4941,-3850,-6882,865,25,1791
12200,-209,4379,3540,-1607,1408,980
12201,-1949,-6366,-7942,1633,1079,-1890
12202,-3777,2908,1736,1636,1815,-918
12203,7208,-6587,-7728,-812,-1551,1685
12204,3481,4676,-4017,-937,1200,1826
12205,5668,3395,-4040,720,-1602,1822
12206,5755,3660,-4653,-589,-643,-1065
12207,-4388,-5692,-3885,1109,895,1321
12208,-4256,4114,1196,538,-1171,1406
12209,1597,-7114,7569,-1692,-1189,676
12210,5859,-2431,2881,1280,-1805,801
12211,-1959,2903,5157,1859,-968,1470
12212,10,286,-7044,-1273,-911,984
12213,5194,-4685,-4699,1024,-74,-1402
12214,-5864,3513,-4757,803,1603,1234
12215,-3762,3864,-1718,-1869,1102,1430
12216,-2094,-7983,-6803,-1499,609,1945
12217,-3753,3756,-4407,21,1932,-1109
12218,714,2827,-3177,212,1516,1958
12219,-4467,-7022,2635,1431,1357,1611
12220,-3081,-6985,-3003,-1528,19,-744
12221,5364,-1480,-5064,-833,-385,1366
12222,-2355,-5835,7960,1769,-668,941
12223,-4226,-4367,122,1275,1642,-1945
12224,-6009,6060,-3114,294,-1785,1015
12225,-848,4321,-2306,-715,365,-370
12226,-5560,6026,-441,-562,1607,430
12227,-4879,3374,7876,-1997,-1227,-1097
12228,-4467,-4360,-7623,559,737,-916
12229,1329,3029,-5427,502,472,-321
12230,3259,-6588,5146,-116,-63,253
12231,7391,-242,-5166,1840,1283,-242
12232,-3329,1891,4623,-389,-599,98
12233,3397,4653,-7265,-1427,-1819,386
12234,4776,5075,-4888,-438,-481,1913
12235,-4888,-3565,-7312,-1118,-851,1545
12236,4989,-7155,940,976,-709,824
12237,-644,1204,-2951,611,-534,290
12238,-4505,1215,-7661,-401,-669,-1288
12239,-10,-3087,7576,759,427,1631
12240,3194,3819,7790,-1527,436,-164
12241,7098,-372,-2213,949,564,1282
12242,2526,-3964,-5641,-611,1431,1922
12243,-2028,-4508,4009,1660,-1738,288
12244,6634,-6530,2231,1919,375,-1433
12245,-118,-7860,-4669,-2000,-705,-408
12246,-6753,-2134,-4335,282,-561,-1266
12247,-6456,93,-5182,320,-1663,-1878
12248,3770,-2618,-1858,98,-1930,-1321
12249,7652,-262,-1525,794,-1633,1911
12250,3059,-6913,-484,-1257,-1647,346
12251,3866,-5996,-6660,-858,-1067,1556
12252,-48,7106,-772,-586,308,329
12253,2528,-5310,-324,1356,-222,-338
12254,-6767,-2435,337,1215,-1181,154
12255,-4473,-5620,7126,-1302,509,1495
12256,4990,1604,2119,1078,443,910
12257,-6003,-813,-3005,-62,30,-1263
12258,3241,1053,5725,-278,-813,748
12259,4022,279,-713,-960,-906,1155
12260,3836,-4570,1656,-1347,1599,-1398
12261,894,-4196,-1217,-1221,-1285,80
12262,3560,-5612,-5227,-1919,973,-97
12263,-2797,7779,3753,-165,1534,625
12264,-256,-1308,1173,-1429,1614,-1182
12265,-7892,-660,-7630,1212,1728,-1775
12266,-4482,5339,-704,1981,206,-1883
12267,-7092,-3191,7869,641,-1364,-822
12268,771,2980,1377,-1767,-1933,-973
12269,4104,1725,5761,1919,906,702
12270,1559,-2961,-7124,-971,-1237,-728
12271,-7260,7258,-3271,1564,-1271,-742
12272,-3145,-4797,-3435,-1276,-255,-1410
12273,-5541,-4478,-520,-472,1171,-1779
12274,5750,-7318,4161,1077,-289,1408
12275,-733,6419,-6169,-33,-362,-1528
12276,-4888,-5757,3247,1243,1441,641
12277,5501,-3603,-7193,-221,-1211,849
12278,-1145,6581,-3028,-64,-707,1085
12279,-259,1392,4162,-957,-1762,552
12280,4975,-2056,-2648,-1179,-1882,-1085
12281,-4770,-4775,-61,-1754,1898,811
12282,3547,2058,40,779,1786,750
12283,-6713,-3186,-6611,-409,-1913,-1396
12284,-7615,-1972,766,-1,1923,-1118
12285,-3118,-7286,322,1527,1059,-560
12286,-6906,-3972,-4794,120,1880,1438
12287,-4309,-6418,5788,5,-418,-160
12288,4623,4681,-3075,-348,-1432,-254
12289,2233,5821,5736,-1999,107,-311
12290,7049,-1249,7670,709,-558,137
12291,-7267,7590,4574,-57,1358,1474
12292,-3110,4853,-4131,-373,536,1552
12293,5201,5938,6309,389,1000,-180
12294,7262,7667,985,759,-1730,-1813
12295,951,1596,5125,-1104,-1411,1037
12296,-3628,-6569,-2628,1148,1732,1784
12297,-3688,5919,2102,304,1107,-933
12298,-3365,4846,-6840,-1227,391,-318
12299,3309,-4465,3778,391,476,-1179
12300,860,3405,-3571,-1534,-1576,-593
12301,-4017,-1684,1615,447,-186,-1566
12302,3993,5920,111,-615,455,-1876
12303,7588,2981,2908,-1817,1591,1793
12304,7324,-2286,-779,1813,-1202,102
12305,-2393,402,-2097,-1393,-839,-1324
12306,1664,-1697,3539,-323,1761,-449
12307,-4289,5358,2178,93,-1747,-1525
12308,-642,3326,-3765,585,-1712,431
12309,7382,5075,767,-394,1043,1002
12310,7823,2800,7250,-71,363,-824
12311,-3060,6495,5367,353,447,-1883
12312,-1271,3056,5391,1252,-1629,-1475
12313,-5374,-6829,-5485,540,1676,883
12314,-2780,-6843,-4232,-77,-228,-1240
12315,7810,1040,-4360,581,-687,131
12316,-1044,3824,-4082,1004,-309,-105
12317,-4463,-1644,6068,-1582,1003,51
12318,56,-5312,-4150,1423,98,-1763
12319,-1015,-4035,-2412,1967,1831,1969
12320,-1740,4275,6041,1493,-1358,-459
12321,-1312,-266,-3740,-1158,-1190,-614
12322,1872,3929,7532,-175,1412,649
12323,6634,3369,-1258,-287,-1151,-1750
12324,7080,7512,6045,-751,47,294
12325,4095,-334,3187,-13,1994,1356
12326,4756,-808,1431,1593,-199,-1769
12327,-1677,902,-3326,266,-659,-636
12328,5341,-877,1138,-1353,-59,522
12329,7939,464,4410,367,-457,1874
12330,2214,5886,-4206,-79,-1779,-141
12331,1920,5529,4794,-693,-1258,-1566
12332,-7724,600,-4744,0,1810,-1179
12333,-2902,7879,2497,742,-474,-1441
12334,2693,2742,-6497,1869,-1983,-1535
12335,2666,-5436,-6390,1514,128,-739
12336,-263,7347,452,379,-1855,425
12337,4904,-6863,4220,-1317,1307,-1985
12338,5842,-2653,2382,-1091,1763,1209
12339,2728,-3077,6350,-1766,1960,-854
12340,7122,758,-7904,-976,-158,58
12341,-6218,99,4005,1906,-99,762
12342,4115,7693,-4024,1792,92,640
12343,-3347,-1711,-1579,-1201,-582,306
12344,5764,4168,-6118,1661,-533,-965
12345,-1748,-1984,-2692,-150,973,617
12346,2751,-6186,-3788,1732,1352,25
12347,-4457,6403,-3616,-1982,30,-1814
12348,5534,3907,-7838,-1880,363,-1065
12349,-579,6822,4755,299,-758,1925
12350,7817,-355,1599,-1245,-895,1009
12351,7404,-5962,3116,324,-1344,-23
12352,7373,7852,-1150,-724,-597,1485
12353,-54,5020,-7925,-704,1220,325
12354,3997,-7174,3261,1536,-1183,1678
12355,-1496,-618,-487,-1905,39,-1938
12356,4327,7311,-1382,-1582,670,-834
12357,3826,6809,5062,1811,685,979
12358,4191,223,-1374,1656,187,44
12359,-3516,-7132,-3185,1521,1263,-633
12360,-1851,-297,-1307,-1874,-28,180
12361,6752,3500,4958,-511,-1127,-913
12362,-4935,-5811,3889,-561,-299,530
12363,7677,3043,3499,-1204,144,1677
12364,-6228,-5334,1938,-306,-589,282
12365,5818,-1025,-3329,-297,-311,816
12366,4065,4159,-7567,187,328,-1078
12367,-6145,3285,-1388,-1798,-1193,-232
12368,-1971,6587,-6876,-769,-1769,-796
12369,832,-7589,7999,-276,1237,-1936
12370,-4487,-4567,-3113,-966,147,-853
12371,787,448,-572,-682,1218,-1013
12372,7880,5927,-7625,1886,1246,-275
12373,-479,3278,400,289,1494,110
12374,4065,3351,4054,1532,967,-1179
12375,-6726,-2711,4142,611,-967,-1477
12376,-6718,-2000,-6559,392,554,-443
12377,4333,3665,1747,663,226,-950
12378,2189,-5711,5108,-1288,746,368
12379,3717,-3166,-2257,-346,1574,1466
12380,6513,-706,2554,-772,712,759
12381,-91,-7783,-6640,-1125,-1326,-954
12382,-2342,-4928,-7475,-790,-1392,-1895
12383,-2156,-1313,736,-334,404,-1152
12384,-3127,3529,-545,-760,877,1442
12385,2825,4839,7729,-37,-1733,773
12386,689,2245,-68,-1152,22,1774
12387,23,-4413,-7640,1620,603,-714
12388,2416,1319,-2650,-997,-1958,-1446
12389,-3171,2070,-6307,-1586,-1771,-628
12390,-1783,-5053,-3293,63,803,906
12391,5686,5738,4700,1651,137,-847
12392,-544,-3066,2087,-663,-1362,27
12393,3213,-146,7776,37,-140,-472
12394,-5405,7105,-6628,1210,1534,-1350
12395,-4874,4866,4317,1755,1058,300
12396,5772,-937,-6395,-1019,-821,-957
12397,-1187,6963,-3339,-882,12,-1910
12398,-2594,-481,273,771,548,1876
12399,2747,-2124,7847,-692,1584,1791
12400,7992,2951,-2317,-1389,-1265,-424
12401,-4940,-4834,-7526,1223,121,-1764
12402,-475,7564,-5410,639,874,-923
12403,1825,4340,809,769,534,1612
12404,-2461,-5238,-7511,-529,-714,802
12405,6739,-3651,130,132,1258,-532
12406,-3288,-5341,3155,510,-1060,-1545
12407,4212,-4018,1636,564,-851,-1300
12408,2575,-4058,3606,1030,1855,-846
12409,4280,1308,-528,710,-818,-1590
12410,-5416,6903,4709,-554,-428,1939
12411,-5624,-4171,427,-518,558,257
12412,1388,7152,-1634,1530,1713,-1766
12413,5482,818,2283,-1655,-1283,-84
12414,-1074,-3458,4397,-1287,-1587,1122
12415,-1213,450,-421,-303,1721,900
12416,2660,4971,-4419,771,219,182
12417,-4401,7012,-2417,1374,353,829
12418,-7589,3425,7177,1892,1356,-884
12419,620,-6326,6120,-524,915,1111
12420,611,-260,-3980,1423,1965,12
12421,3283,-6844,-1129,-1712,-1286,67
12422,-6969,-722,7871,1134,251,-1157
12423,-7107,-2354,5606,-887,1979,-833
12424,2265,-5703,5228,-1263,-418,1529
12425,-6083,-4190,5266,1341,985,276
12426,-2208,-4785,-2940,-51,641,340
12427,-3690,1881,567,-322,639,751
12428,6002,4345,7968,705,-539,-475
12429,7509,-1314,5361,1276,-1770,656
12430,-388,6381,-1750,386,917,-610
12431,7488,-4535,7860,389,980,1585
12432,-5649,7390,-6064,-937,-181,-1202
12433,-3558,1304,-6523,1789,897,-1643
12434,-5919,-3825,-7833,28,-894,151
12435,-2704,4793,2850,-1527,-129,82
12436,-301,-3528,7658,-1905,-61,954
12437,-1195,6923,185,1761,1818,-1149
12438,5437,1116,-5640,-657,284,1930
12439,6558,-5572,-7944,167,-1456,1343
12440,-5323,1792,6039,454,537,1619
12441,-6449,1584,-4319,1921,-80,1981
12442,290,-1645,2863,-1971,1318,1003
12443,6694,3154,-6030,320,137,1305
12444,-3745,-6706,-4983,642,-1941,1251
12445,421,6967,2773,305,-462,-1842
12446,-7301,3412,542,-1452,688,1937
12447,-3374,5527,-438,1752,-519,781
12448,5312,4492,7723,-1483,-1480,880
12449,7619,-204,-2439,1529,1816,-1307
12450,7165,-3293,6408,-1414,-666,734
12451,3359,6018,-7701,1241,-1566,746
12452,-333,4528,-2678,-1726,-1533,-1503
12453,705,-2860,-6692,929,1339,640
12454,6445,-5718,2692,436,-439,591
12455,1134,-3713,4661,-1348,1322,-1540
12456,-498,-2189,4440,-935,-981,-982
12457,-3145,-4744,-1180,-1181,-1816,-694
12458,-7518,-2041,5236,-1817,510,479
12459,-7906,-1305,-6941,174,1069,-821
12460,-5605,1813,4719,-1213,1603,1493
12461,4432,7400,-6922,-1747,-147,-1633
12462,1529,-834,2591,1435,1220,-1954
12463,7400,4102,1392,607,570,-793
12464,-2316,-3546,1925,-1049,1366,-1444
12465,3156,-6122,473,-1860,559,-1944
12466,-2869,-854,2145,-678,-213,-108
12467,-6738,-2308,3884,-198,1073,1078
12468,5357,-2911,-4376,1875,1946,379
12469,-1432,3759,-4673,-1169,-332,-819
12470,1518,-2917,-4286,-1312,1584,455
12471,-853,6503,7524,1536,868,-1056
12472,3734,-298,-7006,-1879,1345,-912
12473,249,-7839,-7344,1589,1487,-1605
12474,-3029,6995,-1031,1840,-338,-1596
12475,5265,6698,3043,736,1710,-1110
12476,-1230,-5597,3364,-770,-911,1340
12477,7577,-5315,121,364,1980,1810
12478,2283,-1213,-7895,1027,-1783,-1715
12479,-6303,-6511,-4954,1674,1924,-1123
12480,5364,-2830,-4895,-1640,-458,-1370
12481,7418,7740,1091,1844,51,-1949
12482,-4849,-1497,473,977,78,-429
12483,-1221,2070,-2594,-603,-460,-1490
12484,-586,-1557,-7037,-1643,-1370,-696
12485,-5064,-5163,-4539,981,-1679,84
12486,2002,3322,-5145,-1947,-125,1827
12487,584,-5082,409,660,1301,787
12488,3134,-710,-6779,-1187,1132,-979
12489,-5454,-2531,-3525,1619,131,706
12490,3090,-1766,4688,175,1440,-1487
12491,213,-2983,-4461,24,-422,-1046
12492,-5681,6402,4920,1474,709,1762
12493,2206,7060,-728,-1829,196,-93
12494,-7459,2139,4612,-980,-65,-1888
12495,3554,-1952,-2572,328,85,-521
12496,-760,7596,-5923,806,-889,1215
12497,5873,-2344,64,296,1597,-1652
12498,6036,5682,3933,-1379,1258,-1878
12499,-1172,7196,-555,-1356,-1007,796
12500,-1271,-1592,7358,-112,1363,-1183
12501,-6584,2452,6718,1904,-1491,-743
12502,3185,2152,3815,-1032,-242,-1236
12503,-7613,-3778,3392,-846,1939,841
12504,673,-4681,5205,341,-4,1864
12505,-4947,4631,-1227,151,-268,-510
12506,6584,-4858,2811,-1782,-1781,-940
12507,-6076,-2375,-3788,-655,1361,969
12508,7605,-976,-4575,1122,830,1671
12509,2548,-7,1540,1279,-401,916
12510,3613,-4961,5551,-261,865,-489
12511,6379,-7823,3718,94,-710,1898
12512,-4377,1877,-5205,666,-888,-498
12513,-320,-4515,-7040,1514,26,1330
12514,-1602,3058,-5610,-1923,-994,319
12515,2611,-7512,6210,1701,-459,-1711
12516,1447,7015,5239,1061,1758,587
12517,-171,496,6926,-800,797,-1646
12518,4096,-120,-2044,394,1887,649
12519,-2676,2443,3821,-770,-1295,-1135
12520,6818,-6455,6616,-1247,17,-263
12521,1175,-7138,6946,1788,-1341,204
12522,-7175,3226,7960,-398,358,-1575
12523,3642,-7321,-4840,-509,-1112,1651
12524,-6860,-2344,-877,1966,-1429,388
12525,3917,-6322,4570,-1970,284,159
12526,-2012,3038,4516,541,1496,1610
12527,-497,-5093,1245,1644,-416,1486
12528,3307,-1100,7606,506,-1954,522
12529,4966,4927,-65,-1659,955,1444
12530,797,964,-4867,1462,-1883,291
12531,3794,91,-4329,-1003,-1533,-1927
12532,2280,-6003,5563,-626,1943,-305
12533,1030,-6721,3989,-1122,987,1486
12534,-758,1377,-3528,-1605,-233,619
12535,-4282,1283,-5807,-148,-431,1457
12536,3879,3555,-4724,-1141,-1208,-1577
12537,-2487,366,-7082,1965,-962,1474
12538,-224,-7451,6361,1405,-1946,537
12539,-2951,7185,6409,-716,-533,-1617
12540,7912,7440,-7542,317,-995,1796
12541,5960,-7930,6352,-1476,-981,-722
12542,-2163,-691,3622,223,-621,247
12543,730,2330,293,1111,-1997,753
12544,-3889,-2006,3537,863,560,-231
12545,-6912,6153,-6816,342,-1860,-1812
12546,6230,-5079,2262,-372,3,-1011
12547,-366,3916,5240,-1154,-1549,-597
12548,-4916,-7902,-5194,-295,-1883,-1751
12549,-2524,-1561,4336,13,-1050,1660
12550,1490,-1618,-3527,1169,1925,-1344
12551,-4185,-6403,-6104,-578,-1263,-1829
12552,4443,4084,4382,906,-1665,1411
12553,2529,-5127,4395,-1535,-355,374
12554,2562,-3542,1379,-303,98,66
12555,-4807,5895,3828,-439,1338,912
12556,4048,-5879,5941,435,-603,-725
12557,-5312,-1185,-3836,18,1783,-355
12558,6207,3664,-7310,-1225,-1781,1207
12559,7022,4644,692,1243,-1353,-1
12560,-4375,-6827,-3906,-57,581,-630
12561,-6505,110,4793,1840,1781,-1042
12562,1033,2859,-7742,1484,765,-475
12563,-4692,-449,4443,-567,692,-564
12564,1463,2937,3537,882,906,246
12565,879,-47,-658,-1683,-1308,1778
12566,-4904,-5494,-316,1160,1303,696
12567,-4572,-870,4617,857,-1419,-779
12568,-5336,-5299,-1671,-1501,-200,1818
12569,-6044,6643,3689,-646,809,959
12570,-2067,3924,749,178,756,-198
12571,771,-5829,3235,1479,-578,-333
12572,-4179,-1571,-2591,-1334,1755,-817
12573,7557,3252,-404,998,-1364,263
12574,-5552,7718,4345,-1510,-713,-547
12575,3628,-4628,-3615,1325,-258,1283
12576,-6646,328,7145,-1611,235,-847
12577,-920,-5960,-5351,1533,-1257,1293
12578,3192,-768,2473,1381,1333,-1573
12579,7381,-418,-93,-430,931,1440
12580,4884,1002,2133,-276,-1739,-1735
12581,3013,3846,1191,-1392,1540,-1361
12582,151,-3437,4908,-1218,218,-1439
12583,-5174,-5387,-1125,-1043,-914,1646
12584,-4989,4870,1970,510,-1046,1043
12585,2125,7521,5659,1889,44,-1739
12586,1462,-4433,-2264,-738,1549,-1790
12587,-6936,313,411,1268,630,-738
12588,1636,-262,-2176,842,-504,1829
12589,-3072,-6294,-1973,1836,-679,549
12590,-117,-5306,3527,1701,209,373
12591,-5341,-2431,-7449,1857,697,1603
12592,-7908,-3249,1416,-816,1936,-1408
12593,3068,505,-6579,1333,464,-1292
12594,-508,3222,-6038,853,343,-709
12595,-4809,-1869,7014,-1521,1701,391
12596,-7020,4778,-6605,-323,-1031,-1224
12597,-3801,-5270,-1291,259,1779,115
12598,7506,4600,-6218,-167,-1376,-1325
12599,1094,-3696,-5199,-1371,918,-671
12600,-23,-2736,-197,-983,1103,-744
12601,-2849,-2369,-1829,-1205,1431,-60
12602,-5754,-7998,-1844,1791,5,-1915
12603,-1112,-4434,2530,-1872,-948,-1665
12604,2016,-394,-3246,1078,1622,-883
12605,-5798,1420,7081,-937,-745,-295
12606,-5700,3454,-5423,-655,-1845,-1317
12607,-4514,6393,-401,1964,1827,-942
12608,6312,899,2091,1263,-529,-1561
12609,3532,-272,-5892,678,484,-1273
12610,-3122,-5364,-3767,843,944,1914
12611,6453,1352,3464,-1792,-1665,777
12612,-2307,2993,5711,-560,-399,-313
12613,6498,-1108,-2761,-352,-346,-941
12614,-3433,6848,6447,1072,-411,570
12615,-828,452,-6823,-1890,-1104,-1868
12616,6968,-2997,7304,-1900,159,-1636
12617,-6704,1852,879,296,325,1334
12618,1356,-2655,-4619,1491,-1987,-897
12619,-7063,7032,-4129,-991,-1271,-1221
12620,-755,-3577,3652,13,-509,-1096
12621,-1516,4498,6627,-363,1658,-1794
12622,6886,4717,4811,188,1279,-881
12623,-3659,-4955,533,-1976,1293,-1343
12624,1146,7210,-6919,-216,-1103,-1928
12625,-7813,7563,7124,-1070,146,-161
12626,4898,-7054,-6218,-1872,-1959,-1291
12627,-2709,-1137,-2136,-140,1388,-1972
12628,-6869,-3204,3420,1287,1813,-717
12629,-6310,352,6413,586,-1036,1800
12630,-7651,304,4490,-1773,-1158,1554
12631,-1893,327,-308,-528,1440,-1852
12632,-1135,-4754,-3555,-1860,-449,1013
12633,6578,-6969,7163,-813,-650,-351
12634,-4427,7390,-3571,32,848,-1236
12635,-1360,-2315,-7803,1591,1645,455
12636,-1720,197,-2566,-1868,-240,-1431
12637,807,1720,3764,737,542,-428
12638,-5680,-902,-1301,-1494,-772,301
12639,-7058,5896,-2395,-1138,1169,-157
12640,-7933,7393,5718,129,1876,1178
12641,3701,-3315,-1010,1760,1497,-56
12642,-1077,-7963,-3314,1438,391,-275
12643,5009,676,2544,-662,-150,-1862
12644,-7866,204,-2498,363,-1931,514
12645,4042,3600,716,754,1887,-423
12646,-753,734,391,1064,1272,1801
12647,5452,-1154,3515,1634,1425,-1688
12648,7731,789,2183,106,-1412,-1589
12649,-6102,190,-4974,-771,-1070,435
12650,-6478,3900,3020,-1734,-718,-873
12651,-6357,-1976,-2192,927,1170,324
12652,4395,-7141,3322,-1900,-876,108
12653,1081,958,1180,-1486,549,-1493
12654,-7,6014,7171,1601,-74,1941
12655,891,4928,-2608,1360,-569,1712
12656,-3070,2615,-5425,-217,97,-286
12657,6807,3221,6207,1984,-944,-294
12658,-7404,4167,2686,203,-1015,-948
12659,2008,-3620,-7142,-134,-334,-1897
12660,-3649,-1595,-5472,423,-1590,1605
12661,130,2882,-6447,-116,-1870,1008
12662,5108,-7883,-6848,-405,-525,-1349
12663,1233,-1863,-828,1029,-580,-29
12664,-1901,-4451,-2396,1627,399,710
12665,-4612,2164,4186,-933,1159,1029
12666,-186,-1531,-2025,-676,-1594,-254
12667,2327,-5504,5531,-1067,571,-1200
12668,-6818,-5910,-4735,-1820,1061,1643
12669,4480,-810,7939,-1461,-1082,312
12670,-3243,41,4636,-870,1364,851
12671,2559,-2586,-6042,1752,-131,-1598
12672,212,-5657,-1805,-1162,1209,163
12673,-1322,-963,5483,-925,-1572,-1582
12674,2399,-6226,-277,516,-634,-1044
12675,-5268,6934,-3973,875,185,-93
12676,-3899,-6939,1051,571,1029,616
12677,-6736,1567,3401,1333,1720,257
12678,-2787,-2307,5052,1477,-1203,-1495
12679,4867,1558,-3207,-1986,544,1847
12680,-3475,-3819,5374,523,1506,-1912
12681,6216,-4749,-381,1695,-949,10
12682,5119,-5484,-2258,-382,-1233,-1667
12683,1303,4372,-3291,-369,110,-327
12684,2510,-549,7403,-1818,-1252,-1440
12685,-824,1242,-1417,-16,353,-675
12686,-2912,-1179,-3083,-395,-553,-1017
12687,6876,-2537,4983,152,693,537
12688,3912,-3654,40,95,-1485,-1424
12689,-451,1457,73,615,1992,-822
12690,-6388,227,6433,961,1004,-1035
12691,-6069,5004,973,-417,1952,387
12692,7594,1477,-1061,1420,-1010,-888
12693,3420,-4237,6891,361,-1908,1867
12694,-6963,-1474,-3136,-1055,-1059,1058
12695,-3188,6304,6328,116,1729,1914
12696,7531,7352,-3499,1830,-907,729
12697,-3290,4085,-4574,1840,1092,1734
12698,4678,-789,-5860,-618,1958,-196
12699,-6031,2678,-7887,93,-987,444
12700,5700,5234,4560,1639,-604,628
12701,4120,5807,1351,847,1969,-1796
12702,-594,3624,-1837,693,-232,-742
12703,2125,2281,-4706,904,-46,-1050
12704,-1362,-1861,-7634,599,1758,888
12705,-4216,-1670,2122,-1070,-268,1113
12706,-702,-6,4386,-393,902,41
12707,-6761,5512,6648,-649,1800,-859
12708,1943,7426,-6201,-1857,1260,-1630
12709,4763,-7526,3025,1118,-1630,-725
12710,1656,-2422,-5191,-1674,-1827,568
12711,-4800,-4872,-5711,-1152,-1018,1895
12712,6768,-2291,6868,5,-1318,-1805
12713,7019,1859,-5897,787,807,-1960
12714,-5218,-1072,-7500,-448,-1185,1536
12715,-5211,-1773,-2582,1842,-1285,1168
12716,-3620,-3821,389,-197,-1429,-411
12717,-5758,6188,-3971,1620,831,813
12718,1787,5120,-2151,-1681,-1457,-575
12719,2918,-6153,-6659,-4,1022,1211
12720,-1470,-3799,1588,1532,-544,1329
12721,2262,-5036,6895,-1628,1221,857
12722,7561,3577,-3119,-1065,184,460
12723,2492,-1744,-1973,984,-904,-1973
12724,-5341,5474,749,8,995,-644
12725,7602,-3718,2755,-974,192,1386
12726,4478,5578,1466,1759,-446,-265
12727,1480,7450,5775,-567,349,1045
12728,176,7355,-5187,-1091,1240,1847
12729,-7616,-7532,-467,1290,163,800
12730,-7425,-6510,-2346,-653,-106,-1164
12731,5148,-3729,1062,-547,1200,728
12732,-4830,7071,3543,386,1879,1078
12733,3023,1152,-4493,-849,-1767,1207
12734,-285,1912,-7201,-1185,-986,-1835
12735,6346,-6958,1216,-744,475,-1673
12736,1708,7732,6107,-287,330,1963
12737,1445,33,583,-1530,1078,200
12738,-70,-6613,-2371,1650,477,1358
12739,4627,6196,-2503,1782,1204,1814
12740,-7184,-2467,1396,-1307,1123,1199
12741,5185,-7518,3818,-585,88,-1306
12742,-6080,-405,1938,-1698,-1102,199
12743,-1340,1916,-860,1235,-902,855
12744,-7461,-4199,3749,1041,-613,1370
12745,-5860,3320,-4663,806,521,1523
12746,-4148,-1315,5221,641,901,-704
12747,7903,-6075,299,679,-1555,1780
12748,4749,-2571,-5414,-1011,1418,489
12749,4396,-2426,1436,-951,-1387,1836
12750,-5995,2700,-6848,-1391,1328,-1321
12751,-5503,6059,-2471,-1069,-1643,-685
12752,-4265,7630,5472,-1475,587,1247
12753,636,3304,4647,-1673,156,-1802
12754,6573,-7993,304,1227,512,870
12755,5568,3839,-7499,-1630,161,-1966
12756,470,3525,-5142,-1410,952,315
12757,-580,3282,4630,-305,1621,1964
12758,4945,5624,-6363,1169,97,-773
12759,7021,3676,-4715,1535,1892,-1448
12760,2949,-7970,4497,1674,-1946,1241
12761,2454,7180,5184,-211,1477,1303
12762,-4070,-506,-2787,1682,-329,471
12763,-2402,2934,5016,-741,-992,1857
12764,3633,-1167,-1396,1874,-734,-1763
12765,894,7409,-4790,1090,1775,162
12766,-1044,7405,5991,-503,1630,-862
12767,-2664,-7888,7870,135,-416,254
12768,-1985,-749,7469,-966,1495,281
12769,-2912,1655,4341,170,-43,-643
12770,-4227,695,-7938,10,-374,280
12771,2761,3880,7078,457,220,-1901
12772,2366,6613,-4040,-164,-1959,-1290
12773,-4925,-7530,403,1749,355,246
12774,3828,-5833,-2741,-180,977,-58
12775,-2500,-1043,4325,1803,614,1446
12776,-2067,-5491,208,522,1918,-1276
12777,-2395,3022,-3169,-1306,460,1511
12778,-1090,868,5642,-1621,1431,389
12779,-3212,296,7045,-354,-998,817
12780,-6544,2195,-7859,1551,689,1989
12781,7741,3268,2353,-1683,1695,-295
12782,300,5022,4857,1239,1029,-1473
12783,7815,7404,4783,-1962,-1696,293
12784,6889,-7685,1627,-428,-427,1316
12785,-2659,7382,6240,1455,518,1994
12786,-7350,-5173,7987,-1295,-1284,-793
12787,-5347,651,-5683,-479,-511,1455
12788,-7310,-786,-7562,38,489,217
12789,5157,-2325,3626,171,635,1455
12790,-7151,7641,-2603,-1277,-1758,611
12791,5940,-3708,4061,1489,-509,-1982
12792,6151,-3024,3471,-280,-35,1893
12793,3402,619,3545,870,925,-1267
12794,5426,-5542,-5187,-1816,-133,635
12795,3945,-6724,3468,-835,1793,-1382
12796,-1997,-6568,2590,-1683,13,-1955
12797,1547,-7602,6496,-439,-1723,1935
12798,-573,-5710,-4285,-394,145,-226
12799,2696,-1231,-2332,1965,1323,1429
12800,-2306,-1188,-6406,94,114,704
12801,-3733,6536,-4599,-896,-338,1754
12802,-3630,-950,-2871,1496,1468,1586
12803,4205,-1789,5231,71,-1371,623
12804,5985,1487,-2542,1787,796,-987
12805,6296,-4954,-3180,671,-288,841
12806,1562,1419,-637,1173,-342,-1105
12807,-7898,4501,-4229,-801,1366,1301
12808,-4089,-1187,5061,1512,-279,533
12809,3307,5197,2993,-1550,654,1758
12810,2820,-3998,-5788,-873,1684,1708
12811,2413,4418,-5260,542,-1812,744
12812,-4359,4476,6075,-344,693,-843
12813,5251,7055,-3996,589,-1196,90
12814,1261,-443,692,-745,-1113,-782
12815,-5767,-5477,-1770,-197,-357,-1193
12816,885,2759,6180,-1748,177,1285
12817,-7123,2006,2307,-1645,1481,1899
12818,6413,425,-4793,786,-832,902
12819,-2804,1754,-7821,613,817,-344
12820,5258,-4129,6057,-1114,54,-866
12821,6316,-3079,3162,-314,-1136,319
12822,-2558,3544,6950,-651,1336,-220
12823,6945,7802,-2629,20,452,337
12824,5326,-5874,-2641,225,1415,590
12825,6161,-4293,-7455,184,975,292
12826,-2012,-2324,-136,1093,881,-1943
12827,-1614,4335,-4778,1602,-1718,1613
12828,-21,-7037,7425,-163,-921,1453
12829,-3425,313,6547,1865,1626,-1558
12830,7901,-890,-1394,258,448,743
12831,-4383,7860,4993,1438,1460,934
12832,1194,905,-7903,-267,-1564,-1799
12833,2105,-1630,7842,-1144,-1161,-1812
12834,-1314,638,3594,-976,-739,569
12835,7648,4476,4843,275,-529,726
12836,-6869,2476,-5240,411,-1282,-1428
12837,-7836,-6810,-7082,812,-971,-1184
12838,-2194,-2450,-1925,213,379,-419
12839,2738,5717,-2697,-1744,1570,394
12840,-729,-3215,-1678,81,-1742,-1890
12841,-65,6076,-2267,398,-1681,-1459
12842,5680,-1293,-4047,713,-1817,-1055
12843,-4860,-3768,4989,-1961,-1424,-435
12844,7671,-3022,-4182,-122,-983,-1127
12845,-470,385,6698,-855,1547,1904
12846,-6464,3503,640,-283,345,349
12847,3867,-6148,-5445,635,1015,-1590
12848,-5473,-556,5791,1375,324,1933
12849,-1430,-812,-2845,-69,44,1059
12850,-520,-7025,-5564,-595,-476,894
12851,1910,-6926,-6524,896,-852,-686
12852,-2495,-7622,630,439,-1568,-220
12853,-6523,-4859,-2616,668,1355,-1610
12854,-2013,-4244,-2807,-292,606,1218
12855,-3330,-4912,-7934,-1181,-1343,-1836
12856,-2890,-1596,3201,-1259,1011,1246
12857,7186,-2166,508,1775,-854,438
12858,3306,3012,5707,916,1096,-1798
12859,6389,7154,-2023,-1794,-383,141
12860,-945,4545,-5305,1016,848,513
12861,-7354,-3684,-1265,1742,1211,1689
12862,-6400,-3460,923,-714,-1328,915
12863,-5094,-5325,-381,-840,-1695,365
12864,7124,6849,7905,224,1527,1429
12865,148,2289,-1212,784,-629,-1572
12866,-132,3005,-948,110,-210,184
12867,7052,-3198,-2197,1845,100,-658
12868,-1057,3347,6947,-854,1320,102
12869,1266,6177,-4933,-941,-1755,440
12870,74,5438,-137,120,-1784,387
12871,-1909,-4644,1056,-503,1563,569
12872,-4524,-5063,-2571,1975,-621,285
12873,-734,2317,-1788,1786,-1671,-974
12874,-2134,3123,5650,1379,-93,1874
12875,-640,-1684,-4535,1383,1693,-1967
12876,2450,-3085,639,-752,556,1837
12877,-2682,-7307,-7386,-1084,1621,-1695
12878,2179,1660,4201,601,895,938
12879,7155,-6373,-2173,1175,1457,859
12880,3877,-2888,-4346,-926,718,-1592
12881,2078,5396,-1608,-510,1719,918
12882,7734,-4438,-3704,-999,-1241,520
12883,-5810,7146,1104,1525,1257,307
12884,6801,5174,-2060,648,-1187,-702
12885,-159,1231,6782,1203,-194,946
12886,4216,2915,1208,-1338,60,-712
12887,-6680,-7252,-197,-2000,-1655,1543
12888,-4048,2183,7600,-933,-1206,1073
12889,-6140,2070,-6096,-1464,1909,-695
12890,-2168,-21,-595,-1123,-1817,1614
12891,-6098,-3929,-3568,315,-1230,-1040
12892,4213,-999,5923,1375,1372,-1081
12893,810,5725,1989,-1478,212,1093
12894,-1465,3415,3011,-413,677,-1436
12895,4841,360,1801,-217,-633,-1696
12896,-3198,-1251,4034,1215,1897,-719
12897,-4217,-1845,3726,1262,728,-1169
12898,3248,-1285,-6320,-1787,-1163,-1338
12899,1762,-380,-3849,135,1308,1304
12900,7997,7403,-2562,-1523,-1521,-1799
12901,-4080,4128,-5245,647,514,-1364
12902,-2905,-7855,274,1666,-1025,53
12903,-6976,-978,-446,1286,1207,1355
12904,-4329,2801,-7535,72,1183,-136
12905,778,3455,4009,8,364,-1466
12906,-1619,-5788,-4707,-1663,-1285,-1887
12907,-727,-3710,-4659,-1362,-499,-475
12908,4887,-7778,4402,-673,-639,-59
12909,4049,-1620,-4332,-1844,1365,1156
12910,4248,-2613,967,-1276,1137,-1801
12911,4718,3543,2868,-377,-1217,1829
12912,-6316,-99,7873,131,774,-742
12913,-889,-5990,-3223,1716,753,-1039
12914,2138,154,-5045,-1891,-1310,-805
12915,5704,-4793,-6238,744,-1891,-292
12916,3888,-3260,-7814,-1324,949,808
12917,7149,2597,-6332,398,-957,-1982
12918,3460,584,4324,-29,154,-895
12919,-7633,5057,5239,-231,-1260,-380
12920,4141,3153,3963,-91,-1921,1348
12921,-7008,3792,640,542,181,1297
12922,-2794,-1893,-3931,1008,680,1876
12923,-7298,2181,869,483,-1652,1593
12924,4786,-1165,-2989,881,953,913
12925,-6829,-4395,-5759,65,403,-833
12926,-5035,262,5463,-1645,1142,288
12927,-6971,7245,-746,-1355,841,414
12928,-2101,2027,-1634,-87,561,-1847
12929,-5672,1680,1141,-576,1471,1888
12930,5381,2724,-452,1889,-1704,370
12931,-3601,3091,7117,-1315,-1651,561
12932,1006,-3489,-1665,-692,-104,-579
12933,-1730,7504,-2560,721,-114,-729
12934,-1906,298,-3554,-340,-1482,-768
12935,-3647,4476,3872,-1277,1156,-1751
12936,-1510,105,4884,-1678,-69,1089
12937,3712,6750,-6624,46,1326,-1809
12938,3803,-4753,1100,-1678,-672,773
12939,5431,843,-6911,1561,48,1044
12940,-5690,5144,-5548,700,1516,-636
12941,-2440,-2236,-4626,-1978,1583,-70
12942,-4223,-991,356,306,-326,438
12943,-4609,-1344,-6324,1666,940,-1272
12944,-5533,6508,-5873,-1259,1594,1221
12945,4776,3374,3742,1836,758,-1641
12946,2397,-4037,6170,-295,-581,-1489
12947,3961,6527,-5812,-1627,1793,-1604
12948,-548,1966,-252,-45,-796,-327
12949,-2707,-2143,4820,829,-469,-869
12950,7987,-5429,-3216,1864,-1532,100
12951,1397,-6111,6077,-1207,-1112,1208
12952,6834,-5645,-2317,1515,1688,-1304
12953,-1403,-6639,-4103,-584,233,85
12954,232,-6318,6173,-1998,-1518,-1933
12955,-4401,-7464,-3427,230,-827,3
12956,-5465,-757,-702,1576,3,-1475
12957,4338,-4027,-5546,21,-939,874
12958,-4556,3361,7112,-1494,861,1398
12959,-6281,3934,7612,-510,678,-782
12960,-4663,-7629,4297,1265,-1630,-457
12961,3740,-7171,5044,354,-1733,-1195
12962,-5309,-1748,7861,-1329,-1778,-1902
12963,6258,1701,2219,-430,-521,-869
12964,6217,-2318,346,1963,-1762,-1429
12965,-5953,3599,7369,-4,752,-899
12966,1735,3359,4829,1332,1201,522
12967,5756,-315,-2852,1120,-1501,487
12968,-6043,1574,-1327,477,106,-1232
12969,4389,3881,6958,-926,764,1011
12970,7778,-293,4524,1246,-22,806
12971,858,13,-341,1057,-1861,145
12972,3422,5277,-945,-75,-1966,-1568
12973,3460,-4837,7198,984,-202,-1342
12974,7611,2061,-1660,-1965,-64,1337
12975,-6850,5508,-2712,1916,1909,-680
12976,7474,-2198,-5093,-1182,-1966,-1574
12977,3306,-6498,-1255,767,-631,-808
12978,813,-3314,7459,1303,1711,330
12979,-4024,3534,1760,952,-1779,-1
12980,-2633,1474,2208,768,96,-863
12981,5270,7700,-5932,-761,1603,1263
12982,-2237,4842,-3793,-288,1161,1798
12983,-4177,3100,-3119,1107,46,-360
12984,-7363,-135,-2297,1603,-1001,-1277
12985,-4124,3292,-1079,1423,-522,1061
12986,7387,-3256,-7021,693,249,235
12987,6495,-2459,-3442,606,375,-1210
12988,3065,-5548,2251,1765,1400,-698
12989,-6558,-5774,5113,-1553,-1460,-1375
12990,3310,7567,261,948,734,666
12991,5502,-3691,-2312,-315,-1747,1164
12992,7034,-1907,-394,1945,-162,945
12993,7189,4253,524,349,1305,1178
12994,6368,-2238,-5708,79,-1601,-458
12995,-6077,-1909,-859,-128,-846,-380
12996,-6287,-716,-7894,-656,-223,-733
12997,-1469,4133,-759,-1497,-1774,-1953
12998,5302,3557,-6627,-567,-682,-257
12999,-544,472,-6272,872,-1685,945
13000,6080,-1335,-6690,-374,-415,-806
13001,3849,-4659,-2271,-238,1892,-1778
13002,-1544,1877,166,451,504,-286
13003,1310,-7658,-2053,-1038,-290,506
13004,3542,185,1707,-173,1891,-22
13005,6927,1391,4208,141,610,-1651
13006,-7610,-1522,949,-1054,-333,1490
13007,2820,-752,-1500,-1769,1086,-233
13008,-3616,6536,7077,1879,-287,-1607
13009,5707,7531,-1366,1422,-558,1069
13010,-3071,-5776,-2631,1139,-1008,-1906
13011,-328,1793,1464,-1373,-1894,1100
13012,5858,2260,4627,-826,-1910,1502
13013,-1597,6701,-2580,569,1195,1962
13014,171,-2475,-7113,182,79,1479
13015,6671,4056,-1329,-239,586,-173
13016,-606,-6076,-3819,302,638,-1586
13017,538,1084,2157,832,4,1476
13018,546,6904,-2426,1677,-1026,1041
13019,-3869,-6145,-1996,1793,843,-1672
13020,1276,-6223,-1184,-1667,-1990,-448
13021,504,-7891,3539,-1365,14,409
13022,7034,5839,7715,-1254,-989,1996
13023,2881,-2631,1844,-66,-1588,-983
13024,2802,-5127,-124,1864,462,-1103
13025,1099,-4923,-2282,1365,1816,1958
13026,7023,636,123,18,-651,359
13027,-7818,-30,-1422,-1682,-1868,-864
13028,2664,-4923,-3896,1206,1498,104
13029,7501,3125,-7951,877,-326,-1904
13030,-422,-557,-7960,1437,-1661,529
13031,-1297,7110,-7181,1438,-95,1347
13032,-4497,6938,5225,-91,1405,400
13033,-1265,2168,-582,192,1209,-1204
13034,5993,2440,301,1774,-1821,-673
13035,1514,3159,1514,-483,336,-1594
13036,-63,-7897,-7484,-97,-672,-1578
13037,-3815,7606,5809,725,139,-1603
13038,941,-451,2188,-575,1574,1941
13039,-6475,-215,2614,1871,733,410
13040,55,-6914,-7667,-452,-1799,624
13041,-1907,7615,2605,5,-1384,-1302
13042,970,6151,-4849,-1360,-518,878
13043,-296,1258,-4925,-1268,346,-882
13044,-1123,903,5284,-1323,-1928,-603
13045,4109,-4149,-7737,958,1724,-793
13046,4237,-5860,3947,-875,-1379,-773
13047,2218,4680,5312,-1822,189,-1698
13048,334,4784,-4274,-1388,707,505
13049,2788,7198,-4584,1219,505,1752
13050,1784,-109,-2427,-520,-80,-1821
13051,6270,6313,-3685,1461,1189,-1318
13052,3378,-4357,6846,-1132,3,-679
13053,2534,-2037,-1345,1274,-1526,-1478
13054,-3474,5994,-2033,-323,1919,562
13055,-4871,7301,-6687,-376,-655,1414
13056,-5468,-5698,6281,674,-79,-632
13057,2246,3452,2630,-663,1319,1529
13058,5331,-1988,-2182,-924,-240,-474
13059,-6540,-7,-3825,-660,-1885,-1377
13060,2094,3230,-971,-1734,513,-1137
13061,2141,6136,-2143,1652,-339,348
13062,7509,1651,7902,-266,1394,-1060
13063,-7130,1242,5431,-1264,1227,-1944
13064,-3562,6475,7446,-309,-636,-277
13065,3658,2481,1296,1631,-789,-442
13066,953,-1442,5361,1536,171,-1704
13067,2461,3986,-1434,1376,812,36
13068,-4463,2300,4332,937,-1812,-88
13069,206,447,3089,-1036,55,-178
13070,1488,2710,7534,-1699,16,-528
13071,-698,825,-2848,1194,-402,-190
13072,5093,275,-5701,940,1823,-1394
13073,5657,-620,5468,836,-754,837
13074,-4247,1947,2032,-576,108,17
13075,2903,-1315,-2508,152,-1465,-1111
13076,-6805,-875,-3169,-56,-918,-765
13077,7030,2213,-4943,-1417,-1827,-448
13078,-2964,-1920,4811,422,1212,-54
13079,1241,6365,-4405,1960,1617,-1247
13080,-845,2023,-2287,-156,-1274,-1470
13081,-3009,-6766,1331,-1336,-489,-1152
13082,-6701,3530,4544,771,-575,834
13083,-3302,-5329,1773,1373,-640,664
13084,-7975,2511,-6282,-632,1229,-153
13085,-1529,5709,4347,968,289,319
13086,-6250,-1379,-4630,1612,-1960,-1146
13087,7719,-7114,4809,1437,-1625,-457
13088,-3007,6727,-967,-1080,1645,-658
13089,5100,5509,-5179,987,-1005,-1184
13090,4582,5326,881,-1579,-1495,1326
13091,-815,3562,1145,-1804,886,1779
13092,6566,-4537,-933,-1004,918,1335
13093,-7112,-5765,-2459,1683,-852,-146
13094,-6980,1158,-3790,-1950,339,-230
13095,-6885,-7355,3712,1227,-1149,-956
13096,5624,3484,2545,866,1359,1652
13097,-2615,1537,5388,94,-1861,-1921
13098,-6807,-153,7024,1796,-861,-205
13099,-2826,-5511,-5333,-660,54,-1080
13100,-5760,6088,5951,1806,-1386,1796
13101,-6083,-679,-392,-1523,1826,672
13102,-3418,-3282,-7957,366,-1542,426
13103,-7118,-2420,-6472,-474,810,-673
13104,-1751,774,-6068,-841,-974,-975
13105,4073,-7069,7366,-134,269,376
13106,1898,25,4782,-619,-1015,-155
13107,-7159,3937,-4721,-71,-158,-1017
13108,154,1447,-5819,1840,-866,1473
13109,-5712,6354,-4830,314,-674,-870
13110,-2671,-2638,-3109,-817,-687,1475
13111,-7710,6881,-4925,656,683,-1352
13112,-1129,6242,3612,-982,1991,-431
13113,2890,1741,604,-1204,-216,-1464
13114,-2155,3421,-6412,-106,1391,1351
13115,1235,4742,1961,-1087,-1387,-1123
13116,370,7113,2342,-1089,1884,1567
13117,3454,400,5476,-839,-1714,-1905
13118,-1962,1088,1698,982,-537,622
13119,4655,-4541,-1260,-354,-842,-1920
13120,2508,4149,-372,1181,-142,493
13121,3664,-2135,164,-238,-1241,997
13122,4167,1529,6931,1986,-1918,857
13123,7256,1191,-5362,-1393,452,-1113
13124,-7492,5732,-111,1858,1012,1242
13125,1298,7815,6569,426,-1202,-1465
13126,-4922,3675,-4048,706,1051,-388
13127,3944,4818,2463,902,-1661,-1852
13128,5094,2742,1150,-898,504,-838
13129,7712,-1217,-1967,1759,884,-1816
13130,4620,3752,683,310,492,1666
13131,-3832,-1555,-3539,1312,692,-1718
13132,4519,-913,68,20,-286,1384
13133,-892,4485,2390,1158,247,859
13134,5735,1426,1464,-1585,816,1117
13135,-602,-2499,4039,1765,1717,-1585
13136,-3405,7893,-5144,-1645,-716,-196
13137,5761,1159,-6814,-1836,-537,173
13138,-7614,884,4959,909,1129,-1228
13139,-3605,964,6949,1938,-1919,-577
13140,2114,4997,-5904,108,-922,29
13141,-5799,-3382,-5624,-719,212,1336
13142,-4302,6851,-2799,-1208,-786,-1365
13143,5871,6433,7214,-1097,1003,-404
13144,-119,1808,-927,-637,-696,-1271
13145,3584,-4676,7444,-181,-1871,653
13146,-6748,-4103,3139,-192,-697,924
13147,986,1774,-4198,1613,587,-135
13148,-5381,-2197,-7119,1585,-1244,269
13149,2556,953,1035,-1278,-131,-728
13150,2570,-4387,3284,-1489,1260,-375
13151,-2332,1910,6843,-825,1688,-881
13152,-4393,849,-7503,1177,946,-631
13153,-26,4664,6419,1198,459,-257
13154,896,-75,3837,-107,589,1026
13155,-1543,3434,-7530,-1320,-231,-202
13156,4870,-1382,-5009,-1118,-787,102
13157,4211,1631,-7079,-1533,708,-1691
13158,-771,-534,3636,-93,-1934,1064
13159,-1987,4979,-2802,-1718,-1954,-819
13160,6596,4460,4809,-183,-917,1161
13161,7688,-3718,-3994,495,1536,-691
13162,1567,743,-3884,582,-136,-860
13163,-5302,-7244,635,-1818,-349,982
13164,-6342,-6193,-2880,-679,-396,-1061
13165,-6255,-3700,-2269,1256,-1983,-1158
13166,6476,-2850,-1511,-1771,1550,1800
13167,-66,-4566,788,-1150,1663,1942
13168,-4346,-5778,5324,630,-127,-1013
13169,616,546,-2924,-1691,1446,-1795
13170,-3083,-3572,-357,-496,54,148
13171,-6019,3969,-343,-62,447,1326
13172,361,-6284,-3167,-1122,-1021,1781
13173,2945,503,290,440,-648,-1701
13174,-1222,-1498,-914,1374,28,-1248
13175,-4443,7182,-3681,1741,1404,1348
13176,-6966,-371,-3273,1866,1851,1699
13177,3523,-3443,7785,444,-1575,1140
13178,-6615,-5438,-2185,-528,-1949,-872
13179,-1271,-4277,-1228,1350,-68,906
13180,-5733,-4989,-1814,-1108,1746,1161
13181,-4804,393,4654,-1903,-595,532
13182,2545,-5298,-615,1207,1503,-1536
13183,-4522,-1027,1423,-68,-521,384
13184,-4454,1869,7071,-1564,-1291,1256
13185,-1197,6663,-5643,577,814,-1587
13186,6807,6045,1892,-1181,-279,-1019
13187,-1534,-6453,-210,-1133,1950,92
13188,-608,-1579,1806,-939,431,-480
13189,-1543,-1606,-2236,362,1647,-999
13190,5761,-3181,-6156,1209,-332,-409
13191,-6357,-4130,546,415,1044,1995
13192,4525,3769,3688,-1539,-1851,381
13193,-7796,-6076,-3699,-1459,1424,-155
13194,-2981,2709,3389,1542,-51,-219
13195,-1972,880,-1649,-208,-779,-917
13196,-7046,-4620,7905,1725,-1923,108
13197,-5409,1713,-2540,-945,-753,-271
13198,-1650,1054,-7470,347,-1200,935
13199,5583,-4113,-5767,602,1086,1139
13200,-5602,-4431,4961,-710,40,1944
13201,-7364,991,-4977,-1260,148,1585
13202,-4789,6252,-6017,133,-932,-98
13203,-5277,3540,3546,-312,312,1358
13204,-3245,279,5223,-864,1801,1318
13205,1289,-1402,-4933,-1230,-1119,-1640
13206,-3034,-6590,787,260,837,-98
13207,7197,1566,-4858,1977,-1002,-576
13208,-1201,57,3387,-772,1330,373
13209,-2910,-1439,3017,1700,1780,1547
13210,-974,4445,4588,343,-862,-1727
13211,3592,4536,-588,-1043,-428,-157
13212,-4388,7825,-3118,-1918,-119,1988
13213,-7689,3852,-3908,1933,-30,-197
13214,461,3523,549,217,-1071,1883
13215,1610,-2784,-2066,-1054,-1662,1106
13216,-7064,-4588,3683,1075,-1654,-884
13217,-5707,-6948,5744,-775,947,862
13218,825,6607,230,-1750,1261,825
13219,3056,4690,-2139,750,-1388,-222
13220,3225,7416,6955,-1983,164,-683
13221,-3424,-167,1909,-1874,439,519
13222,-4456,-6966,783,-965,1342,-1266
13223,2284,-7388,5815,1355,-1950,957
13224,-4516,5959,-2582,732,-247,-397
13225,6487,-1011,-631,1303,-945,1117
13226,834,-967,4071,754,-1044,684
13227,-5551,2851,704,-22,1489,-1683
13228,-5630,-5804,-3708,794,-801,1368
13229,-7189,-2794,237,-1538,469,-507
13230,7519,-7234,611,-1213,-23,-1652
13231,-2438,-2270,-7308,-656,328,-728
13232,-360,-6774,4493,-1180,658,479
13233,-5302,7406,3667,-1566,-1183,1838
13234,2938,-4548,4197,670,1505,450
13235,50,4747,-7628,1893,-953,1457
13236,-206,-1151,2818,-1306,1698,-1059
13237,-5241,1238,-3668,515,-1752,1608
13238,-6439,1339,4884,-1564,1176,-1975
13239,-6937,1227,-4067,271,1145,-1818
13240,-4022,201,-1086,-455,134,-1107
13241,-202,-5267,3402,1556,-1917,-913
13242,1408,-4836,2265,-1076,1574,-36
13243,-1031,7022,3563,-834,-1540,925
13244,-1336,-1889,851,463,88,-1228
13245,-3708,-2343,7446,1260,-1776,-66
13246,3635,-3546,4782,1030,1508,-66
13247,1790,2965,-6958,-992,-1087,774
13248,-507,2837,2998,528,-1135,330
13249,4251,-7183,-7230,-1861,-1141,842
13250,2515,-397,2858,-1187,1514,-1419
13251,6565,-594,5834,808,828,-29
13252,-7173,3893,7223,-749,990,614
13253,-7406,7877,5600,968,-135,1035
13254,-1853,2703,4378,1579,851,1990
13255,2613,-1102,5295,-1797,576,1865
13256,3975,4871,5047,290,-667,-550
13257,-729,4646,3776,1083,1732,-111
13258,1576,1144,-5715,1397,594,397
13259,2744,5794,5688,-75,-726,-1315
13260,7315,2945,5972,-60,-133,557
13261,4011,5096,-3970,1549,-179,-801
13262,-6873,2943,-5722,-1737,-1904,788
13263,7356,4705,-1339,-194,-539,1654
13264,-1400,2675,3496,-680,1674,1047
13265,-6700,-7633,-5134,1367,-955,1759
13266,-7600,5026,6440,-1781,-638,-284
13267,5226,-480,-7558,1515,1233,245
13268,6106,-7748,-4450,-1106,982,1888
13269,-6800,1669,1458,-836,-546,-1789
13270,4271,-789,346,-1966,1673,579
13271,-2544,92,3494,-1496,-1979,-295
13272,-165,6129,3122,406,-1479,-1750
13273,3374,-3254,-4646,1406,-1348,141
13274,6262,155,-3096,-1898,353,-1085
13275,1118,3253,-3941,1840,1445,1559
13276,3967,5006,4433,1055,1819,1738
13277,3531,-5262,509,1972,643,393
13278,-7331,-1587,-6950,102,1527,74
13279,966,325,-2532,-1244,1842,-1079
13280,-3529,-4441,6585,1643,-521,1033
13281,129,-1061,-2335,1260,-1217,-526
13282,-4521,3710,5139,331,452,312
13283,6725,-1295,4219,-1662,1036,-1082
13284,-6364,2836,-2426,1447,-395,-1178
13285,-4187,-7706,-4913,1278,-902,302
13286,-1805,495,1309,-1613,1686,856
13287,2956,3460,1620,-1797,-922,-1776
13288,-6038,-5775,-7076,-63,-191,-1621
13289,-4366,-1208,5199,449,-630,-208
13290,2647,-4438,-200,670,-531,-614
13291,1755,-7643,-2167,-1820,432,-1264
13292,-3618,566,1690,1995,194,-1076
13293,-108,7015,569,1640,702,204
13294,-965,2730,2164,-1311,-417,-284
13295,-6745,1948,-2888,-144,235,-211
13296,1323,5634,-3567,932,692,-1796
13297,-3484,7001,-476,66,-643,1727
13298,-1039,-4560,6302,-186,-1879,733
13299,-5088,-4541,1715,-1794,-1776,-979
13300,2992,-4648,6219,-1034,-908,-322
13301,3120,-2693,3802,-525,1730,695
13302,-810,-3315,3884,-1964,940,-1056
13303,3109,4257,5752,-1585,914,1260
13304,363,3233,-6324,1481,1444,-1156
13305,6429,-5201,-7820,-889,-665,1896
13306,5562,5591,5303,-528,-1569,1184
13307,-6707,7681,-1934,1633,-1675,1484
13308,7510,2972,-7168,-141,1351,-2000
13309,7164,-1731,5001,303,-1255,1295
13310,-2477,7996,-6008,-458,700,-1072
13311,-7904,6978,451,1454,-696,1599
13312,-6394,3223,7239,-557,-844,15
13313,316,7439,5407,1649,1248,769
13314,-3358,6661,4760,1646,215,-356
13315,2046,1653,5438,534,-483,-1149
13316,-3076,-7769,-5024,166,1133,1943
13317,-3999,-5945,-2590,168,1184,-1569
13318,5391,-5022,7724,63,-1565,-1084
13319,-4881,-5851,-5390,-1356,-1409,-1970
13320,-1983,-634,294,-1080,-298,1302
13321,-4874,-6849,-4949,133,477,-1845
13322,3083,5177,-4101,155,1725,-1797
13323,-3136,-7091,-5362,516,478,267
13324,-3015,5418,3760,-732,-308,955
13325,3531,-1850,-7900,-1543,8,-1226
13326,-3081,-1266,6071,-1761,-922,-1654
13327,4509,-1900,-2055,886,40,-1201
13328,-5153,-2431,5200,872,83,112
13329,-4233,-7608,1944,351,-1546,-1251
13330,3421,2237,4725,1354,1934,-152
13331,-18,-4902,-7305,806,299,-1331
13332,-7581,-4579,-969,-649,1291,-1989
13333,1975,-4928,2294,143,-1316,1389
13334,-3084,-532,-5689,-1362,578,-579
13335,4565,-7009,-3602,1265,1880,-1927
13336,7994,-1101,-7089,-488,109,-531
13337,-1081,586,4027,-356,1538,424
13338,-6580,1273,-463,-478,-1986,-1384
13339,4722,-6609,-437,1159,1428,-1245
13340,1954,-3439,-5101,126,-1014,298
13341,4399,-7516,-7941,-1131,-1707,-1753
13342,6409,-782,6369,897,438,1212
13343,-7139,-7639,6800,1206,-1307,762
13344,-6607,-364,4424,1210,-1711,886
13345,-391,-5816,196,-957,619,351
13346,4992,-5467,4977,-1261,-12,341
13347,-7789,-5676,-7403,1806,-1011,995
13348,7163,2001,-3876,1876,1286,550
13349,6364,4305,3670,-1573,-1986,1953
13350,-7050,-7228,-6516,-1615,1698,1954
13351,6606,3882,6214,1351,1229,725
13352,1665,-2538,1976,780,-590,-1285
13353,-5516,-3791,2789,1244,826,1838
13354,-2703,-5473,6800,-1624,1463,1819
13355,3938,6199,-4817,-1231,500,-1838
13356,7821,4147,5329,-1845,490,430
13357,267,-4146,524,1953,-734,-1832
13358,3451,6518,29,468,1596,-1808
13359,-5348,3241,-2287,-1871,-1365,1659
13360,-6319,-5621,-3619,119,1585,1441
13361,-3447,2207,5157,1809,713,-896
13362,6395,2443,7884,1966,-533,-1472
13363,7735,-6651,5621,-180,355,742
13364,4780,923,-1544,-64,577,1850
13365,4313,1940,-6753,-1978,-1948,-1781
13366,-139,839,-4926,-1741,-619,1667
13367,1717,3294,-3781,-1627,1574,160
13368,3083,-852,-3274,-108,1946,1370
13369,4493,-2376,-1705,811,-1031,532
13370,1086,6054,826,1259,-1112,-1353
13371,-5832,-2338,6235,-1546,856,-781
13372,-4613,2013,-1627,700,-1954,1940
13373,1879,-935,7765,1009,-339,857
13374,-5338,-457,-5447,-1169,-852,-1367
13375,5965,912,-5535,599,-15,-1126
13376,-594,4299,7077,-1396,1243,1531
13377,-4060,4122,-1582,1304,-949,-785
13378,586,-7211,884,-286,-1578,-1061
13379,-5532,-1553,2580,-765,1793,-1016
13380,-4014,7499,3969,1732,1132,-324
13381,-897,-6866,4594,497,1423,-480
13382,-7373,-4380,-5445,-1217,522,703
13383,4045,6907,-937,-1558,1902,291
13384,1315,7072,486,1622,498,-1727
13385,-5064,4284,5670,-1966,-1705,1220
13386,-3947,-2603,-4758,579,-1239,-1170
13387,-7053,4729,-6803,1004,-466,1299
13388,-266,-5003,3706,-891,557,1768
13389,204,2753,1736,-531,603,820
13390,7526,-5457,1721,575,-1996,-1003
13391,2700,-4247,2898,1742,1125,-1437
13392,5458,5012,-5154,-1623,152,-1066
13393,-3338,7557,-1692,-76,217,-1959
13394,5736,701,4118,-1439,-1538,1192
13395,3474,2531,-4323,120,-707,383
13396,623,3743,1539,1981,117,581
13397,-631,4315,5664,195,-829,1623
13398,-439,2019,-4538,-1016,-1219,130
13399,4398,5062,-6797,-317,1911,1781
13400,-2691,-6184,-1254,131,1439,-924
13401,-5364,-5383,7612,-1011,1125,-512
13402,-6031,-1193,-7901,875,-1263,-1958
13403,2924,11,4745,1681,-139,844
13404,5083,5222,-1782,227,-1260,922
13405,-3065,-5958,-3075,313,334,-916
13406,-3907,2065,-1732,33,-1756,1585
13407,7453,-4941,3693,1145,-911,-1915
13408,755,-5080,5456,-1303,-1554,1443
13409,7399,-7304,7537,-1339,854,1342
13410,7183,-4569,1384,-1763,-742,1477
13411,3864,1869,3615,-661,89,151
13412,5234,3590,-4711,-875,-1073,1310
13413,-4929,4491,-134,775,-1007,1141
13414,-1824,-1240,7302,-1059,-1418,-756
13415,7118,-2731,-5409,-427,1919,-1463
13416,5617,1241,3969,647,-1537,-1212
13417,3258,4169,-1242,-893,-788,-642
13418,558,-1381,-2176,156,1495,-1559
13419,6809,-956,6188,-649,866,1271
13420,1393,5830,2809,1308,7,1156
13421,-926,5667,-622,-1399,-560,266
13422,5118,-7311,-1774,-32,-1643,1746
13423,-350,4039,-2446,49,32,-769
13424,-2953,3070,-5548,59,893,987
13425,579,1727,5429,925,1494,79
13426,3379,3089,-4294,-1537,709,1893
13427,-7369,969,6423,-462,-1308,-534
13428,-6924,-2115,-2946,854,-413,-1407
13429,-7847,7411,5791,-152,-1234,970
13430,-3664,4221,-4103,217,1613,1194
13431,5468,-4309,2352,864,-1378,-259
13432,-2582,-7814,-6778,-518,-1506,1335
13433,3413,-7963,3529,1693,1073,-1908
13434,7806,-2995,-887,-1837,1089,-617
13435,3022,1022,-7538,-724,1381,1460
13436,-5274,4700,2937,-1182,-733,-414
13437,800,-4884,-4871,1452,-482,-1198
13438,-3017,780,5020,129,1891,335
13439,-3663,-2066,-1250,-638,1486,1024
13440,-4395,7006,-7331,-1787,1120,-278
13441,2796,-5590,-1566,-452,-942,-869
13442,7729,-5455,3183,519,-473,238
13443,2890,-1373,-6985,-262,-302,1929
13444,2340,4044,6951,61,632,-1126
13445,117,1963,-6772,-1875,753,-763
13446,-3275,-5543,3321,723,1955,-806
13447,-1887,-6056,795,941,-14,359
13448,1765,1819,3392,1756,170,-1858
13449,-4218,-7067,4784,587,-736,1129
13450,-7496,-1474,6326,-941,1267,511
13451,-7780,-3649,5696,-1664,-97,584
13452,6685,-4677,-275,-250,-389,-506
13453,6288,5813,-3031,106,-932,674
13454,346,-2939,336,305,-1498,-702
13455,2145,-5849,1020,-635,1838,1777
13456,-1545,-4166,7696,734,-27,1904
13457,458,3826,-660,-1326,-295,1731
13458,-7334,-709,4130,-1960,-1908,368
13459,5692,-2475,-7114,-574,-806,1241
13460,-4695,3000,-4974,1983,-1367,-508
13461,7107,2598,-2482,1789,-1533,276
13462,-4033,-7527,-422,-1636,-386,-1100
13463,-7180,-4500,3709,698,1419,71
13464,7656,-3097,6416,-1464,480,-128
13465,5098,-5512,-4072,819,-647,303
13466,3458,3361,5879,-1670,-1785,-627
13467,-1344,61,-1860,-1406,65,1107
13468,-6256,-7780,3367,-697,1980,-197
13469,4315,1098,-7264,1942,-1150,-1076
13470,1695,7834,-5359,-1608,802,-1243
13471,819,6101,5101,-678,-873,-274
13472,7659,1546,-7774,1212,-1592,935
13473,-1226,-2605,-654,-878,-1818,1237
13474,-2179,-2857,-604,892,659,391
13475,-7901,-6689,7983,857,121,77
13476,-6384,7033,2664,297,-1327,-214
13477,5845,-87,-3142,-519,158,1210
13478,-6680,7567,3271,-585,57,-1909
13479,6661,-2930,5826,-1967,-188,-1736
13480,3063,4821,6666,-72,885,-491
13481,-7308,6440,7094,-64,1266,-1400
13482,-3190,6009,3378,172,647,-59
13483,-6881,2036,5458,50,410,-906
13484,-67,2109,-7587,291,-703,-824
13485,-6653,-7274,7721,1985,631,-1320
13486,1086,3719,520,-1152,111,265
13487,-2519,-5453,-3189,-933,-1878,615
13488,1360,2148,-962,-1975,-863,-115
13489,-5137,2076,-2609,-1461,-1489,-44
13490,683,-2134,575,1935,-1245,-930
13491,-3832,-725,7824,1841,-1840,331
13492,4725,-2811,4997,-141,-1852,1962
13493,-2278,814,-6559,543,1445,867
13494,-3039,3500,-6078,1746,429,-98
13495,705,1405,6561,1556,-237,370
13496,7564,4178,956,-268,881,1551
13497,6442,900,-4107,84,62,-1660
13498,-6687,601,-1630,-622,-80,-124
13499,2508,-4114,7745,-474,-1211,-1276
13500,454,-3615,3546,681,-1528,-1797
13501,537,-5877,6015,750,1306,-1026
13502,-340,-1603,6185,-38,1977,-1836
13503,-6170,3651,-2776,283,1377,-996
13504,-2054,-7313,-7290,-1618,106,1740
13505,1640,1873,1236,1905,1732,-1924
13506,-6187,4595,-1544,1764,1430,-439
13507,-7404,3268,-3609,707,14,550
13508,-7355,1813,-6856,-1769,470,-1976
13509,5848,-2707,590,1800,1454,1003
13510,2863,-7523,6218,705,1346,-100
13511,-619,3420,-2210,-988,144,206
13512,-3064,5722,7321,619,-1599,-1051
13513,6809,1156,-1046,-692,-168,-560
13514,-300,6783,4751,-704,-643,-238
13515,-4813,-1174,766,630,-1502,-1112
13516,4835,-1348,-2218,-1985,496,1812
13517,6158,4506,3141,-1104,205,-1773
13518,-1659,-6143,7802,-1972,1063,-1162
13519,7696,2359,5801,1975,-1874,-1157
13520,5429,3600,2695,1421,-1997,-965
13521,-7129,2320,7800,1751,-160,1800
13522,4038,542,-7915,1303,95,-1603
13523,619,-274,5196,-1785,1881,1246
13524,2309,-1610,-5417,698,649,257
13525,-6581,-7638,-5825,-397,1813,1609
13526,1392,-6804,-523,-1209,774,-1738
13527,3343,2081,6168,-228,398,-341
13528,-1958,-1742,-5043,-1623,-824,622
13529,-4484,6989,3273,964,-1319,942
13530,6519,-5853,-7250,-571,1685,-1895
13531,6770,-6201,6370,-157,1960,-1560
13532,-3275,-5656,3478,-1970,1194,-760
13533,2436,-1022,-2727,-1619,1511,1773
13534,191,-1285,7536,-1791,481,796
13535,-5233,-6805,4135,-1200,1905,1987
13536,-2117,-3305,-934,-1129,-1114,-1401
13537,4539,3290,-4979,1775,-885,-1887
13538,7489,5734,1014,106,-1032,382
13539,-665,3,7553,-1453,1868,1974
13540,-5045,6658,5705,-1286,-51,-1787
13541,6274,7741,-5325,947,1984,774
13542,6982,-1508,5386,-429,-1050,-1598
13543,7362,2166,4901,1436,1930,437
13544,1852,-1256,-6437,73,1590,-1397
13545,-5879,7129,-6986,-344,-873,1276
13546,-2291,3193,-2081,-48,-1095,-484
13547,-1316,-6778,1471,-1785,121,1790
13548,-7925,1143,-4901,-588,-1672,866
13549,1345,1102,4453,-115,-112,-1824
13550,-6174,-6982,-3958,-390,315,1285
13551,4302,5042,3293,-865,-771,-993
13552,-7910,-5824,6609,106,-1972,-934
13553,-4900,-6550,-966,-1382,1423,-1669
13554,5065,3743,1535,-1493,-1857,-1133
13555,1087,2635,-2931,-925,-361,373
13556,-1617,6720,3175,-250,1435,-971
13557,-5283,2581,-2119,-378,430,139
13558,3184,-1947,-6260,1185,1940,-823
13559,-6960,1141,-2073,-586,290,1803
13560,-480,-5188,-4494,77,-1391,-283
13561,-6111,88,918,-1861,560,1862
13562,-2304,3109,4840,258,-1785,-39
13563,-6586,-4019,-644,-61,900,-1786
13564,-1363,-6737,5983,19,813,-428
13565,-412,-4847,78,1174,-649,-1468
13566,4597,312,3178,-1095,-52,465
13567,-1433,760,5151,693,-1510,-1124
13568,4843,-4582,-5230,1806,-1855,-134
13569,-3510,-5649,2792,170,1436,-1956
13570,6596,-1945,5950,-1605,977,951
13571,-7945,-1079,6799,-426,566,471
13572,-5700,-2709,-6824,-88,1613,736
13573,-7161,974,7213,1421,1693,478
13574,-1649,-7922,5187,1282,-157,-1238
13575,2423,6046,-559,1306,-1763,198
13576,-4139,7544,6881,31,-1678,-824
13577,6460,-7215,5543,621,-653,-997
13578,-704,534,1809,-1999,-1814,-712
13579,-7158,4590,-6108,-899,-1070,-325
13580,-2193,-1398,-4450,1472,83,1785
13581,-5276,554,3546,-517,695,-259
13582,-3243,3574,939,95,-1194,-301
13583,-4169,1736,14,1370,-1141,-1383
13584,675,1111,4196,1584,1172,1017
13585,-1655,3450,-2252,1518,222,-975
13586,5068,-5779,5294,-1633,-1214,-1148
13587,-6937,-2672,-3967,-880,-1115,1047
13588,7816,-4984,-5695,1802,924,-1661
13589,-1001,-3810,-811,-1097,1331,-1005
13590,-6101,4458,-5539,347,943,-1285
13591,-3812,-3783,-6643,-1002,561,-587
13592,-4969,7466,-7571,-51,-1295,1727
13593,-5694,-7317,-1898,594,-673,1892
13594,-2393,5640,1723,-383,1668,788
13595,-4717,-2000,3103,488,212,1447
13596,-6114,24,5141,-833,987,188
13597,3888,-2530,-6454,1618,1827,1974
13598,-1518,-7812,7253,139,1497,-1116
13599,-4243,-4504,4612,-757,309,-448
13600,7721,5172,-4851,-875,1790,729
13601,-3488,-6866,-930,-407,-1817,-1775
13602,680,-1225,3710,-1927,-1023,-1393
13603,-1665,4461,-7776,1029,-634,1584
13604,-1304,-2515,1357,-1038,-679,1707
13605,-5863,7107,232,1835,-1890,776
13606,107,5583,-3212,-1804,207,-458
13607,-4618,-6358,6155,1889,1999,994
13608,6786,4686,4822,-1268,376,-918
13609,-6726,-5496,-3219,-178,-1366,149
13610,-5753,-5505,6238,-124,319,264
13611,366,4503,3100,1276,1668,-1462
13612,-1800,1802,-2546,-8,1961,1128
13613,5337,-3331,-1414,732,-687,1813
13614,-6762,-1957,4692,312,-572,-328
13615,-4091,-3288,-444,-1797,-1557,918
13616,2325,47,-5239,-698,-1574,-1890
13617,1896,-4827,4741,897,825,-24
13618,-7500,-6343,7801,1322,799,799
13619,-993,6981,-5172,-810,-1614,1990
13620,1166,4075,-3834,-1449,1361,-1519
13621,2680,-2932,1976,-960,1164,-1996
13622,-2009,2953,4669,-1677,1146,562
13623,187,3579,5493,1802,-1445,752
13624,5067,2917,6346,206,962,-1823
13625,2299,-7410,5315,1337,1959,135
13626,3148,-4811,6697,1131,-1540,-649
13627,5191,-7709,7423,687,349,-1983
13628,-797,2820,4699,-30,-250,-1925
13629,3475,-2440,5594,-567,1364,-1758
13630,4869,-607,-2023,-1980,589,1818
13631,-370,4646,-6451,1172,1807,277
13632,-7875,-3503,1191,-1857,-494,292
13633,3431,1540,-2954,829,-1801,406
13634,-4000,-7075,1219,303,1349,-607
13635,-6512,7080,7607,1172,-723,1953
13636,-5998,6066,-4581,-1006,-236,-1784
13637,205,7886,6976,1336,93,-1886
13638,-110,-3626,-3088,-102,1544,1455
13639,-5827,-4374,-1971,89,-1512,-231
13640,-2658,6607,891,819,-1533,1775
13641,5979,6256,3456,737,990,-88
13642,-1528,3049,-1288,1972,505,1553
13643,991,-729,-3562,-1448,97,-295
13644,7244,1281,5862,250,962,-1031
13645,-2634,6988,-341,-350,1748,-761
13646,-3257,-4306,1466,-1865,-907,834
13647,7779,-6219,4949,-945,1186,-900
13648,-2720,6430,2730,1459,1860,-1941
13649,-4182,-6523,1447,-1564,47,-212
13650,-7483,3195,-4749,-795,1581,801
13651,-3233,-4225,-6386,-1297,-1139,-1300
13652,-551,840,-5967,-927,1115,-1075
13653,-3583,-1206,-6549,-1765,-1231,-474
13654,7270,-5005,-2377,-1739,-1745,899
13655,-621,-5309,669,-314,837,-1578
13656,5571,-7190,-1915,258,397,1762
13657,3918,-3175,4514,-1055,1433,1598
13658,-5417,-5391,5698,1885,-1222,-1795
13659,-7012,4231,3978,989,-553,-1985
13660,6680,1552,-3997,145,1851,299
13661,4116,-4860,6548,1685,-547,-1771
13662,-3985,-7706,-855,-1799,1523,-688
13663,120,7809,564,-1159,-1405,596
13664,-227,6435,2984,-216,-1399,-1290
13665,4920,1655,6467,-9,1801,-1713
13666,-2717,5037,-6997,-316,1079,638
13667,-3385,-2623,-4670,-1385,-1589,1520
13668,702,-5255,-1729,-444,-792,1112
13669,-3057,-4592,3282,961,881,1268
13670,6718,-6143,1623,1531,-856,1846
13671,5947,2912,-5765,274,-744,320
13672,-3204,2324,2278,-1100,-954,1936
13673,-273,-2982,7999,-1977,1260,514
13674,1885,-1853,-7439,-1590,1995,-603
13675,6075,-7723,-2285,45,-669,1739
13676,-1191,2672,-3131,1685,-1162,1215
13677,1904,-7158,7937,59,-708,506
13678,1553,6065,-2280,1792,-1741,1983
13679,2184,-6694,460,-27,-1743,-261
13680,1758,2077,5869,-1943,-1258,1011
13681,-2591,456,4156,-560,1531,-1861
13682,7948,5805,3043,-992,-1201,1617
13683,-3942,-2304,-4370,-357,1965,635
13684,-564,-2656,866,-1294,-363,483
13685,5600,6023,959,-277,-76,-874
13686,-3682,-3939,-4467,-821,-1954,-8
13687,6486,-1004,-7762,1915,-943,1383
13688,-4856,-4404,1020,-1797,-381,1151
13689,-5375,-1020,5753,317,674,-1355
13690,834,-1691,215,-670,1033,86
13691,-7735,7553,5902,-1960,1024,1533
13692,-1976,-6310,4334,380,444,470
13693,-4541,-4383,-1404,-1275,468,-1339
13694,3632,2904,1592,1711,499,470
13695,-1545,-778,-171,1121,-768,-1565
13696,-4843,5132,6139,1918,507,1170
13697,-1421,1999,-2957,1953,1178,-1614
13698,-2717,4616,7158,-670,-1724,-552
13699,2495,3660,3724,1199,634,1712
13700,-4572,-723,6887,-1057,-1488,1977
13701,5511,193,5716,1479,-1724,-804
13702,-5339,-1676,-975,-1373,1478,1678
13703,2597,-2080,-2760,-880,1304,1029
13704,5943,1060,-7220,-1659,307,300
13705,949,-4378,-7401,-695,1414,158
13706,-5726,2449,-1480,-1344,1647,149
13707,-3094,-4103,-5642,1542,1749,413
13708,-4534,-1602,3532,-1986,1230,926
13709,-7295,-7268,1369,1385,1866,10
13710,5466,4670,6505,-774,-91,-1878
13711,5127,-3178,-7897,-773,-1590,1098
13712,6883,-2586,710,-1087,604,-1977
13713,352,72,699,1507,-1429,-823
13714,-4671,2432,3163,-252,-1923,-1696
13715,6577,-53,2166,-1384,-814,-459
13716,-3687,6423,4529,1165,468,-1052
13717,1613,7596,-7281,885,-586,-837
13718,6214,-617,782,1709,-1741,472
13719,6358,3296,2325,1896,-1644,-527
13720,-4845,-2688,7629,-1205,-1573,1802
13721,1042,-4679,-5514,1710,1804,-1517
13722,3553,-7863,-6677,-1499,-1895,535
13723,4058,2141,-3579,-799,1781,1473
13724,7770,2601,4694,-982,-55,393
13725,2184,6020,-5074,-1252,661,-122
13726,-3959,377,400,1375,1861,1257
13727,7488,3745,3207,-1702,-989,963
13728,6521,-80,2805,763,-1391,-1593
13729,-7237,7199,7279,-301,-1227,317
13730,-1194,-4046,66,-1412,-275,-940
13731,7238,-1399,143,-13,712,1081
13732,-6401,-5028,-5717,836,-709,-722
13733,-4787,-5670,-3319,1026,1401,-1635
13734,6574,3423,-4239,-434,-1772,1089
13735,4023,6394,5551,-397,1222,879
13736,3266,-728,5050,195,1051,-369
13737,235,-2426,2142,-1242,871,203
13738,7547,5217,520,-1470,-1393,1149
13739,-6881,-2945,-5743,-1541,-1022,-1127
13740,-5485,7078,986,-85,129,-1966
13741,1491,2918,759,-1875,1619,-1301
13742,-2923,2927,3530,723,-193,-1184
13743,411,1495,-1576,-1959,-1550,1316
13744,-5879,1053,-43,978,1598,611
13745,4872,2318,687,603,21,-1541
13746,5571,-6892,-5907,-37,328,1392
13747,202,5305,-6252,370,-1205,-700
13748,-4104,3239,1404,-1189,1373,-1331
13749,-5920,731,721,-1416,-1534,620
13750,1941,1154,-7106,1728,232,-1677
13751,-7468,7090,7388,921,1521,-751
13752,1929,-7815,-1973,535,968,-1756
13753,4141,-6217,3365,1869,1019,-1515
13754,2363,2344,4537,1390,-1697,1853
13755,-3414,1852,-6693,225,-1041,-1255
13756,7330,262,525,-122,1860,915
13757,2060,-6691,-7454,229,1421,288
13758,339,1734,-5851,1999,-1645,1855
13759,-6847,-1650,-57,-1072,1556,648
13760,-481,-1400,-7765,-359,-1347,1753
13761,3849,2818,-5961,-1369,-979,1706
13762,-3127,1003,6127,-1382,-1368,-753
13763,-396,-916,5567,1450,-988,-1456
13764,-5185,-6455,3578,1148,1221,1458
13765,5985,-6272,-6781,445,1067,515
13766,4262,7843,-3431,317,-329,-1729
13767,6236,-771,3391,1164,948,-326
13768,4707,7118,-7811,1899,-1812,-1757
13769,-3542,-2327,3825,-1047,473,-1359
13770,-2471,-2843,-666,1353,1883,310
13771,-3835,7062,6614,-732,1748,901
13772,-4034,-7548,3077,1071,-1638,-714
13773,7356,-105,-4007,609,-577,-1703
13774,4531,-5092,-20,1217,817,1814
13775,-467,1180,-3890,17,-664,-1823
13776,-6154,-3841,2603,-839,-1312,-1034
13777,-6545,3596,-7906,-1066,-1505,15
13778,2145,-5820,806,-123,804,1026
13779,-3682,-3768,7904,1043,10,-1513
13780,-6508,1650,-3498,6,-919,-69
13781,-1518,659,-4736,-922,-102,-768
13782,-5212,-7654,-2236,985,178,-1678
13783,-5216,6669,-6179,920,9,-1436
13784,-1848,2476,-7164,-1678,-1162,-791
13785,-3163,6412,7776,818,452,1318
13786,2109,7504,7839,-1645,1466,-888
13787,6581,-6927,260,-1208,1200,1222
13788,-529,-2600,-1633,-1655,759,-1437
13789,-5734,1839,1073,-261,472,241
13790,-4337,3413,5049,1462,-950,-388
13791,-1373,7452,5373,556,-1945,778
13792,-4750,6205,664,-1515,-75,1898
13793,6996,2062,-6961,-934,-1424,-1640
13794,1151,-5248,5727,948,83,913
13795,675,-5765,1632,1104,651,301
13796,-5829,5544,-3249,272,-426,1083
13797,4288,-4159,267,751,-144,1922
13798,6635,1439,7921,-1912,962,269
13799,-2849,1776,1413,-1695,1744,-670
13800,-707,6287,6719,-1412,-725,260
13801,5288,523,2332,-994,983,-1756
13802,-4557,3334,2391,-1234,1752,-1192
13803,-7197,-4527,-4825,221,831,1684
13804,-341,1422,2027,-568,994,1461
13805,-316,4624,-4726,-1535,39,1901
13806,5628,7281,-2861,-182,1265,569
13807,-609,-7975,-3519,-347,-888,-1234
13808,-3147,-1287,3753,1333,1068,1510
13809,1028,-1332,5626,-237,1345,542
13810,6337,-7425,5494,-180,-914,527
13811,3493,-3807,-318,1465,-1366,1649
13812,4077,5999,-2598,1472,5,965
13813,-3570,-155,358,-1665,-1395,1183
13814,-21,5799,-3236,-221,431,1787
13815,-3312,-7705,1892,-1792,1473,1230
13816,4374,-7534,5397,-1936,13,927
13817,22,-3716,-3970,-1649,-1386,-547
13818,1091,7523,-3381,-294,-753,538
13819,3054,338,-1100,-635,-637,967
13820,5793,-6593,1567,537,1626,-555
13821,-5787,5539,-5227,1117,-80,1475
13822,-5935,4705,-1799,-969,-188,802
13823,-7343,-3318,3255,598,1026,1817
13824,1731,-7033,-6397,1868,-1687,-801
13825,7186,7152,1477,-924,-1387,-832
13826,4662,-2593,-2695,-709,-353,1380
13827,5930,-4576,158,798,-991,-88
13828,3344,-4187,-5458,-133,-307,-347
13829,7109,4351,1016,-29,1629,-860
13830,2432,2191,-2104,925,290,1386
13831,4806,2736,-5727,1136,1080,1812
13832,2634,7363,6845,744,1117,1902
13833,-4149,5500,6406,-1407,937,-1664
13834,811,3267,6275,-855,-1530,192
13835,-7593,3648,-2687,-154,280,-34
13836,5752,7438,-1986,1470,2,-410
13837,-7916,-5396,-5689,-1918,1428,-1521
13838,-5881,7444,1148,1456,-1070,-1470
13839,4866,3931,1164,-1638,-411,1387
13840,-432,4214,1817,-85,-795,31
13841,3703,-1131,-2817,367,-132,-410
13842,7674,-1196,-2666,-848,84,-1708
13843,3078,-2587,4262,-597,-293,-871
13844,3274,5476,7618,-1428,1628,814
13845,4603,-2876,487,500,-1548,1470
13846,-3945,-6049,-1164,524,461,-480
13847,-2719,-2145,3551,668,-344,644
13848,5380,-3937,2047,380,313,1755
13849,6279,667,-7718,210,971,-1343
13850,-3932,1220,-3925,-1806,1948,-1562
13851,3742,-2839,-4399,1229,394,145
13852,-37,5401,-534,-387,-1521,1288
13853,184,-5340,3718,-1046,147,-1449
13854,-6705,7734,968,1402,1595,307
13855,1329,6463,-527,172,217,-1399
13856,-106,-7269,-5196,576,-1947,-794
13857,3623,6618,-3090,-1231,1285,-919
13858,-838,-7313,979,1413,-480,-1426
13859,-4015,-2570,-1885,-1941,-1082,1266
13860,-3941,-3483,-5641,755,-571,22
13861,-3517,2009,-3102,1599,1661,497
13862,-6978,7862,1269,-626,-313,-143
13863,-2514,-7109,5586,1189,1308,-1970
13864,3708,-7827,-2950,-193,1517,-1416
13865,-5744,-3824,-2495,332,1249,1693
13866,6646,-2469,1368,-1013,985,-1791
13867,-2437,-6160,-2690,-109,-908,1629
13868,-572,5286,1741,-677,-1091,1813
13869,-3064,-6390,7415,334,-1132,-1071
13870,5765,-2695,-3538,1755,-487,163
13871,-7073,-4612,-4985,-115,1022,-1531
13872,-7297,-3942,-5728,-10,-150,382
13873,5981,4993,-1046,1107,1233,-1065
13874,-2093,-5356,-2295,-356,1703,-1647
13875,-3304,1452,1309,-1260,-520,1482
13876,-2855,-2124,-2353,-1628,574,-439
13877,5762,7401,2509,-1007,883,-1638
13878,3271,-5777,5109,-1131,-304,317
13879,-679,-3423,6823,642,971,681
13880,2447,7805,6922,436,-1377,-1363
13881,7285,-6428,5740,-251,1601,1822
13882,-7911,708,-2228,1005,1335,789
13883,-6195,6168,-4195,734,322,-222
13884,546,-1186,-7970,-1894,1332,-1309
13885,3386,-891,328,-339,-1961,325
13886,-4287,-5318,-4987,276,-274,480
13887,-5278,-5482,-6868,-579,1964,12
13888,6748,6751,4283,-1951,-1436,-1665
13889,-4668,7531,-7863,-400,754,306
13890,3150,4219,7182,-882,1754,-1326
13891,2010,1861,174,-1781,1621,1187
13892,-4351,-6719,-5398,-319,522,1623
13893,5394,-6001,6118,-1238,-279,247
13894,1669,7141,7879,-1043,1506,-1747
13895,2452,6701,3008,532,480,1019
13896,-5077,299,5813,1651,-1036,-278
13897,-1520,-6983,-2662,-1107,-1770,1378
13898,-5313,-1960,3136,76,9,-255
13899,-184,-2494,-3466,879,-32,-1599
13900,86,4975,6610,-1376,1817,1966
13901,-6143,7950,-868,-1092,-1027,-494
13902,-4898,6061,2507,-963,267,1303
13903,1990,-2723,-6825,-1402,1844,-656
13904,5562,-1057,2488,948,-1731,1452
13905,-4910,1225,3179,-1828,449,-875
13906,5962,4339,-6315,234,140,1
13907,-6254,1628,2124,-576,-84,-409
13908,6654,-2288,444,481,976,-1079
13909,201,4800,-2738,1155,-1481,-415
13910,-5604,2237,2106,-1142,783,260
13911,-3443,4373,3104,277,1425,-1783
13912,6973,-213,1528,-398,1937,1302
13913,-1349,-6081,6923,1617,-1708,292
13914,4136,-2658,3332,-1791,1464,-1643
13915,-3440,-4796,2518,1372,526,81
13916,3150,-1417,-1579,594,1078,-1536
13917,866,3914,1349,1278,-706,1692
13918,2298,-6142,-2491,-974,-679,409
13919,984,6887,3967,1340,423,647
13920,-45,419,2900,-1291,745,1851
13921,7266,5788,-1625,-852,581,1464
13922,-6437,-5387,-1753,-139,1850,-1569
13923,253,6142,6434,504,1679,653
13924,2731,213,4255,-1122,-1692,1354
13925,-3160,-845,6577,-1183,-7,379
13926,3154,-5512,4230,265,495,-980
13927,7558,636,1095,-1404,476,1280
13928,-2259,-1144,-145,497,-1527,-1352
13929,-5819,-1166,2206,-1144,618,-1277
13930,-4547,-4532,-1092,-945,-1911,-572
13931,247,-2761,-7361,-232,515,1550
13932,5048,-6115,5768,-1188,134,229
13933,5994,881,1130,-1635,1941,-57
13934,-1526,-5004,-4077,-1730,-1179,1932
13935,-1943,-1847,7302,-1818,-628,1194
13936,-7693,-2589,-1757,-1697,89,201
13937,3302,-5883,-6669,404,-1421,845
13938,-6814,879,-5632,-79,1666,464
13939,-3849,7963,6581,908,938,-361
13940,5117,-7024,7563,959,-1507,549
13941,4688,204,4912,1337,-445,772
13942,-525,7717,-3748,-1125,-1590,719
13943,6907,-1941,-7456,501,1126,-742
13944,-3989,4484,-475,357,1550,1886
13945,7092,3692,-345,-1642,253,-152
13946,-5665,7832,58,57,513,1436
13947,-1116,6657,1012,-691,-57,1404
13948,-7037,-3823,1366,1710,1972,-413
13949,3762,-5670,5864,526,-658,275
13950,6549,-2967,-6943,-1652,-497,775
13951,-842,-7172,2224,1342,-1563,-1424
13952,-1874,7028,2048,-489,-41,1220
13953,7744,7514,-2625,-1760,-595,1426
13954,-4140,6243,6052,-1733,697,303
13955,-4121,-2074,7400,844,824,1899
13956,264,-3402,-3324,-608,-507,-1403
13957,22,-6601,3807,-1589,-792,-467
13958,-2343,6517,5513,1279,974,1532
13959,-2881,-7092,6314,-1849,-277,-1048
13960,6359,-4202,-3012,-1254,-1515,610
13961,-6626,6570,2018,-1743,1278,-792
13962,6516,-7544,7213,235,1222,-288
13963,7150,-5539,3940,436,-1747,1609
13964,7019,248,1247,-545,143,451
13965,-5960,-4073,-5333,-628,1056,85
13966,-547,-891,984,327,-1521,-438
13967,5095,-6857,101,-1054,264,-1486
13968,7441,5625,72,1816,485,-1676
13969,4957,-4361,-2050,1061,-918,1500
13970,5155,2949,-1413,839,-506,256
13971,-4106,-4506,3902,-248,-1695,-440
13972,2218,-210,3318,1805,-1054,958
13973,2236,-1423,1814,1481,-1463,-1010
13974,-1997,5564,2912,-1387,-1391,-1076
13975,6696,2230,-7271,770,259,214
13976,7697,7976,-5549,1992,-244,-542
13977,-915,-7886,-1459,-82,-554,1190
13978,-2257,334,4082,-838,91,1007
13979,32,-5017,-2677,1142,-1876,-1206
13980,-976,7117,-3485,-1848,1245,1810
13981,6111,-5358,-6502,-1511,-1565,1296
13982,-6899,-3494,6418,824,1045,-1777
13983,-3391,-1293,5125,62,-269,-1760
13984,-6803,6476,1414,174,-440,121
13985,-2268,-693,3329,1545,1391,1057
13986,-6509,-3799,-448,-397,492,1611
13987,-6923,3162,-5509,1006,1737,-1791
13988,4821,-614,6370,-269,57,1208
13989,3281,-1468,-6109,-1287,-1843,-346
13990,1445,-4840,-7380,1762,338,63
13991,2567,-7806,4282,-1452,-1629,-513
13992,4471,3454,-4811,-1598,-1606,1707
13993,-4699,-6565,-4421,-1349,-788,-1663
13994,-324,3930,6637,-1868,-1262,-1550
13995,-2996,-5478,2938,-1051,-418,-883
13996,7146,-4422,-421,1603,1537,-1497
13997,-6878,104,1123,-172,1020,-1462
13998,7055,5544,-7146,-1220,942,489
13999,2196,4769,6344,-489,-1215,236
14000,6844,-2809,4965,1888,1002,79
14001,-7889,640,-4434,-70,-1185,-886
14002,-4528,2891,2968,345,-700,-665
14003,4417,7972,3904,1766,-1853,757
14004,6367,3631,-2437,-1421,-282,346
14005,1011,-7958,5004,985,-1938,-99
14006,5978,5696,6176,-1571,-1225,695
14007,-493,4493,-1543,773,-1680,-1106
14008,-6421,7948,3181,1406,1770,-861
14009,2950,3024,2546,-1211,741,628
14010,6356,5045,-3081,596,199,1599
14011,-2175,5664,-5692,-629,-1652,-787
14012,-629,-3942,7979,-1240,-159,-1006
14013,-6614,7789,-3251,-588,1823,-732
14014,4199,-83,2452,-1365,-39,14
14015,-3692,-636,-5372,-627,1542,-727
14016,921,-4653,2438,1442,-470,-435
14017,5841,-176,-1293,-1065,934,-1775
14018,1363,1367,6073,676,1049,-430
14019,-5351,5160,-4139,781,1706,1893
14020,-4542,-6438,2437,-1510,1978,-660
14021,-4203,4708,2044,-1349,-1124,-1992
14022,5658,-1146,-1506,-1286,1567,-1577
14023,563,-160,-4824,1437,1627,654
14024,1023,7785,6659,-1199,1758,-322
14025,-5701,-1012,-1061,-1043,-797,-239
14026,5563,3318,5439,-1174,-1831,1123
14027,-4906,-4043,-5433,316,782,-1338
14028,-7581,2229,-4180,-170,-1270,-1042
14029,-6793,4753,682,603,-1874,1227
14030,-2318,-1331,7486,1222,1075,-836
14031,-5043,3037,-2425,-1556,-1204,-1355
14032,6668,4134,3689,1617,850,-141
14033,4240,-5953,-6094,-177,-1772,-1506
14034,2493,-6991,6752,378,1601,-16
14035,1299,-3776,5313,1818,1182,-1814
14036,2102,4996,-1757,-1415,-370,428
14037,2153,5962,-5272,-807,863,1951
14038,-1570,473,4270,960,890,-1853
14039,7715,1229,-3825,-1303,491,1294
14040,357,-7294,6774,-1793,-1686,1322
14041,-6821,4962,-4314,-1149,-1893,-1992
14042,-1428,4736,-1024,-702,-81,-777
14043,-7252,-4708,-3144,671,1634,-501
14044,2275,4179,-1251,1919,-1226,-1025
14045,432,-707,-3827,1111,668,544
14046,7866,5463,2428,989,-987,1953
14047,-3200,7432,-602,184,380,938
14048,7898,-200,3817,-516,249,514
14049,-1748,2883,1395,1322,-265,1931
14050,5385,6476,7481,991,1694,1013
14051,6077,6203,-2841,1528,1298,497
14052,-4213,5172,7290,-1442,1518,1006
14053,-909,6637,5599,84,1124,1671
14054,-7753,7283,20,-781,490,1276
14055,-6253,-2814,5427,776,-282,365
14056,2782,5974,4558,-273,-1388,-60
14057,6462,5105,1502,1173,698,999
14058,4503,-4428,-5285,1981,-1254,164
14059,-3611,3227,2355,548,1104,1098
14060,7773,6580,1296,1765,-1663,-828
14061,5459,4221,850,1343,-1789,-1666
14062,3350,4863,-6375,-1209,1886,-1353
14063,6381,-4455,-3058,856,355,-1585
14064,-7198,4447,173,-858,1266,-1946
14065,-4777,-6780,-606,-490,-485,1232
14066,1877,-1321,4773,-1609,-1895,607
14067,-3299,4188,712,-1727,-1244,-1205
14068,4925,-2372,-4419,710,-646,282
14069,-7336,5064,37,-613,-713,31
14070,7590,-4016,2170,1691,1738,624
14071,-6788,-7527,-2910,-1306,-506,-1868
14072,2526,672,7435,1275,-125,1103
14073,-3369,-6320,1651,527,-703,-1393
14074,-2398,-2370,2637,-1891,-1862,-1950
14075,4755,2933,761,-1983,292,-124
14076,-6498,593,5044,-764,-128,13
14077,-7085,5773,6804,1008,833,44
14078,5785,2388,1503,-336,-135,94
14079,-6278,-3812,-2590,1662,-1673,-401
14080,4234,284,1476,-43,-383,493
14081,-3388,-6132,-3654,-905,-1879,449
14082,1668,5470,-2315,-765,1759,-75
14083,416,-3340,3695,-1320,-1505,266
14084,-6763,684,3135,-1900,-274,-456
14085,6028,6287,7447,1548,1100,-1816
14086,6223,-5099,-5570,1810,-1248,-1914
14087,-4632,-991,7327,197,-349,15
14088,3445,795,1126,827,-720,890
14089,-4863,-3082,4444,-1045,-43,214
14090,7331,-4867,-2457,1739,-309,675
14091,1925,721,-2008,1735,-1193,-1998
14092,-48,5698,2223,1549,-1222,1760
14093,-4557,-4217,1518,-1633,1115,-586
14094,-4751,6990,1414,1380,831,-1664
14095,-2561,1290,-1208,-642,343,-1975
14096,-6441,-7322,-3210,-976,-962,-1637
14097,-5665,1510,3453,1228,1719,174
14098,2487,-4665,4009,-538,1785,-1279
14099,3049,2159,-4780,1388,-1957,-956
14100,3201,4943,-5247,-1064,1770,702
14101,1658,-6983,358,2,-49,398
14102,2730,-4974,-2042,-393,824,1580
14103,-2230,-7365,5866,-1928,-1109,-44
14104,-5549,5040,4298,841,-802,1213
14105,-7331,-6586,-102,1871,1838,1772
14106,5501,-7204,5252,1247,661,1382
14107,-5902,-4109,-4605,-939,-1841,-840
14108,-4760,2804,7699,-948,779,187
14109,-5328,5252,7929,76,1791,-1500
14110,-4143,1276,-5783,-710,-1101,-858
14111,-2017,-4785,1991,463,966,1394
14112,-7250,-3253,4639,745,-1661,-1916
14113,-1075,5285,-2463,-1420,-77,-1088
14114,6568,-7935,5770,471,-702,-832
14115,-6181,-641,297,1467,-783,-794
14116,-481,5002,1707,1282,-55,364
14117,3450,5692,-2624,330,1270,354
14118,2399,3327,-5035,-1638,1474,-1838
14119,-1074,-7194,5032,-355,846,1475
14120,289,7148,7286,1736,1505,-948
14121,6673,947,5397,824,1810,-1232
14122,853,3195,-352,787,-656,1655
14123,7136,1141,2747,-84,-881,-120
14124,-3265,344,6287,1207,44,28
14125,5915,3839,6329,-1288,-250,-34
14126,2589,3991,1982,-613,243,1698
14127,4475,158,2136,-279,1207,-265
14128,-7556,-7248,4669,-713,-1354,1243
14129,6178,4263,-6971,1539,1983,-1784
14130,4852,1495,-1090,-660,-98,111
14131,4424,6396,-6392,368,1951,1945
14132,-3233,1262,-1827,-170,681,-971
14133,1797,5123,-5858,-24,1558,-1426
14134,-5277,2539,4060,1462,544,606
14135,-1654,1004,2236,-1780,-1938,626
14136,-5266,-3870,5913,1554,-220,1792
14137,5456,4915,2058,-198,127,1539
14138,1178,645,7688,-1378,164,1220
14139,-161,-7905,2626,812,-566,421
14140,-3209,-6988,-827,-1349,1208,987
14141,-5605,-6319,-7306,-763,856,-650
14142,-1048,2126,7578,1293,1980,151
14143,-3216,-7892,-3526,318,1531,-1437
14144,5915,7254,5234,189,-571,995
14145,-6374,-7291,-151,141,1946,531
14146,7156,-2442,125,1597,-107,-519
14147,-1377,6234,-5899,1852,-1922,168
14148,7768,-4908,-5631,-553,1,1172
14149,-2701,4344,7623,846,678,959
14150,5566,7838,-5570,-741,1471,351
14151,320,-5224,-5958,1556,-658,905
14152,6571,-7814,7933,1289,-693,-1734
14153,-2111,2758,-3967,1564,-182,1964
14154,3613,4698,-1530,309,1822,-1688
14155,-4707,7732,-1843,-318,1410,-1279
14156,-4541,3577,34,418,1681,1852
14157,5265,417,-745,1860,1788,-1626
14158,6902,-1425,-516,1375,1713,-1813
14159,-5708,-6380,885,1840,-341,473
14160,5202,-2503,-525,958,-888,1114
14161,4926,2592,-6156,758,164,1867
14162,-2004,-3382,6316,1821,-1680,-1202
14163,-310,-7196,-811,1946,-1516,-52
14164,6745,809,684,-1510,1714,-677
14165,-5081,3584,5893,-998,-1974,-670
14166,-6829,-4576,-3422,-1901,143,1970
14167,506,7617,-5749,-906,-1326,26
14168,1021,4367,3384,1672,-1401,1866
14169,-2270,-6946,-5031,-1382,1966,91
14170,2992,1026,-733,868,-1217,-1684
14171,-7021,3433,-7662,-59,1721,-4
14172,7756,3055,-6448,439,-1040,-1102
14173,2792,-5370,3316,-884,1076,173
14174,-819,-4124,1617,-1518,1739,588
14175,-6983,-3607,1793,293,3,-569
14176,869,2212,4950,1110,-251,438
14177,5167,-6265,2733,137,1134,1936
14178,-4868,845,5465,-1714,-102,1386
14179,-389,1017,7272,-1458,-403,1436
14180,253,-3084,-1014,-287,1398,-795
14181,-2215,6938,-6725,785,-1825,-1566
14182,1571,3963,4620,1790,-251,797
14183,-3285,-2060,-459,-155,1181,1182
14184,3795,-7330,-6558,-1188,1860,484
14185,279,-5290,1483,1844,-1950,-325
14186,-5949,2501,5147,956,1776,1335
14187,7227,3960,-5895,-1331,33,1966
14188,4389,4235,2717,-1124,-131,-799
14189,2592,-7737,-6616,1984,1960,872
14190,-1313,-5825,7033,-295,-1214,1275
14191,192,-6699,1762,-1886,-175,-382
14192,-5405,-7511,-1671,984,-1578,-439
14193,-4050,5897,2297,1171,-1137,-618
14194,-4838,5033,-3302,-612,-52,811
14195,5425,6689,3329,-883,1256,577
14196,1834,-5843,-6817,-852,-863,-676
14197,3595,-3681,-2495,-1838,-885,-707
14198,5216,-4330,-1129,887,172,-1923
14199,1534,-1899,-4385,300,-1884,-1215
14200,-1921,4987,7021,550,1904,-1543
14201,5710,1239,-3617,173,1653,521
14202,-6809,-4007,6298,1713,-230,-321
14203,-3636,3025,28,265,-656,1993
14204,3228,-582,-2103,-153,294,44
14205,-5423,-7425,-4389,264,-1634,294
14206,7735,-2766,2373,-471,-551,-709
14207,-4485,-6545,-6237,-1112,-1072,-1915
14208,-1443,7172,-6510,1282,1685,-92
14209,7423,7274,-4295,-75,-1610,-1160
14210,-6497,-5224,-782,153,-1925,-1840
14211,1950,-2938,-4039,603,383,1422
14212,-6554,3344,-2641,833,-280,1050
14213,-2704,4041,7844,-1585,946,1012
14214,-3167,-1797,-2968,1381,699,-1378
14215,7454,-1866,-5845,479,-1527,-1369
14216,-2622,640,-3160,1541,471,-163
14217,508,7918,1471,761,1372,-1333
14218,3339,2963,2554,59,-739,-86
14219,-2067,-2425,-3009,-114,522,-1713
14220,2331,-4262,6894,-1818,1491,-1531
14221,-3544,-3933,2684,95,1256,-1482
14222,916,-6011,-2224,-280,1360,-1530
14223,-1633,-4686,5689,-784,-444,1202
14224,-6595,-4870,7998,-199,691,-1794
14225,5832,-1550,4422,-1434,103,-496
14226,-2117,3802,2994,1796,-873,1375
14227,-1809,-2778,-2934,1598,1091,-493
14228,-7680,6539,-4907,-1009,-1824,-1192
14229,1007,6245,1790,-670,-1869,-1034
14230,7969,5182,-2791,-1180,532,-1393
14231,6243,7871,3168,-123,-1232,-893
14232,5780,-2254,-4284,-1816,1815,-248
14233,4109,3236,2274,-314,-1320,-1970
14234,5437,6461,-2826,551,1283,1458
14235,1049,6627,7126,1565,1336,-184
14236,781,-4700,-727,-38,-971,-238
14237,3158,-5471,6038,-1479,8,1481
14238,1733,-2360,-811,-1940,-854,-1827
14239,-4524,4936,3044,-1482,1193,716
14240,-6904,5237,-1816,-1514,-884,397
14241,-5106,-2713,7927,-230,745,308
14242,6779,359,-1802,-1823,-1735,-600
14243,7377,746,1973,1460,19,-1386
14244,-4949,914,6836,-574,666,1628
14245,5742,6665,-635,-1402,-10,-1757
14246,2480,240,-2895,41,1193,-301
14247,5232,-5716,3206,-762,-1689,-1679
14248,4895,-7010,-6210,-1017,385,-240
14249,-3149,4274,6388,489,252,601
14250,-7114,-4743,1037,-1252,-775,-1689
14251,-1082,4007,-164,-284,1750,-1980
14252,6145,-6807,1748,591,329,-1642
14253,3678,2507,-7614,-1044,465,1786
14254,1074,3951,-6765,684,239,-1194
14255,-2035,-2052,-3708,-1263,1772,66
14256,311,-6496,788,-1008,-1666,1969
14257,789,-232,-809,-581,1105,1553
14258,7561,-934,-7916,1152,685,1661
14259,-6751,-3881,-3114,-585,-985,517
14260,125,1797,7484,1963,-991,198
14261,3966,2067,1481,-141,-793,-607
14262,5148,2557,443,1958,1456,-706
14263,6275,-1258,-7421,-322,-1599,-755
14264,6216,-82,120,1511,411,-1549
14265,1061,6490,4255,47,269,-719
14266,-6241,5766,-3402,-1853,1642,-547
14267,-1407,422,4768,-1511,-949,1734
14268,3740,3535,7309,-473,1344,373
14269,-3457,-4972,2175,370,933,-50
14270,7174,3251,-7391,500,-811,-1600
14271,-62,-7346,6870,1271,-1838,-1992
14272,-5054,-7416,-6998,-1347,1865,1785
14273,2446,-7173,1887,-1260,926,-392
14274,5655,2404,3267,1451,-1497,-670
14275,685,5599,-4472,36,474,-452
14276,-3361,5379,7481,499,1392,-643
14277,5066,-2138,7465,713,-392,605
14278,3222,3422,4400,-255,-384,1810
14279,7308,7641,-2019,9,-1385,32
14280,3451,-2759,-5129,773,-814,1675
14281,-5417,-1621,-7934,-107,-138,1228
14282,-804,-667,5226,284,-1976,1749
14283,288,7412,-6013,926,-879,1855
14284,-2282,-4246,358,-1564,1136,-755
14285,6316,4300,1598,1157,-1229,-745
14286,4692,-5931,-7840,-1890,737,-1888
14287,5662,-1881,-656,560,-1561,460
14288,-6225,3252,1416,165,-1484,-1066
14289,4738,589,1022,78,779,374
14290,3843,-348,6498,616,685,-1791
14291,-5619,3118,-5880,1939,1678,-514
14292,-2307,-891,-2940,-289,680,-1442
14293,-2662,7242,-3280,392,1033,-1987
14294,-5505,-6980,1644,765,-1591,-1521
14295,-3535,895,-6939,-1294,1684,-408
14296,-2324,-7983,-5122,432,751,-1130
14297,7489,6277,-5065,-964,-752,1886
14298,-5505,2006,419,-686,-190,984
14299,4571,-931,-157,13,809,1471
14300,1708,469,-6700,1248,779,1828
14301,-3874,-3948,2025,1489,1959,1034
14302,3897,-3592,-5128,-715,-85,-1058
14303,-7175,1266,-6483,752,-1117,-572
14304,-1725,4598,4920,762,-13,-1949
14305,-5698,-1900,-3846,-1868,135,-288
14306,-7487,2107,4450,-918,-735,1893
14307,-7545,1993,3408,-1883,-1340,299
14308,-4141,-1731,-2548,-118,-972,1341
14309,-2475,-692,-6038,1623,385,-85
14310,-4078,-3661,-4127,-1551,678,1193
14311,1512,-5375,-60,-1379,-1600,1877
14312,7258,6702,-7,-1181,-130,693
14313,-5282,2312,7213,-1679,-363,-1901
14314,-2841,-2641,417,489,384,66
14315,-2968,4745,2131,1593,917,-181
14316,-5470,-3651,-7536,-243,1582,-305
14317,1125,-1568,-1610,-1758,-1938,1880
14318,-6884,1082,4184,-361,1191,1948
14319,7889,5699,7807,163,818,224
14320,-2946,-4759,-746,389,-685,1050
14321,-918,3534,-3339,1456,-1475,443
14322,-3813,1899,3879,1984,276,1807
14323,-6559,1230,2101,1549,-1056,-1289
14324,-4489,5191,4643,-1605,-1121,-585
14325,-7628,-516,-5211,672,-1338,-18
14326,2714,-1063,-5456,-1276,386,94
14327,841,2483,-1834,-154,60,-1318
14328,4000,-4562,3015,630,-712,-1746
14329,5030,-1312,-5114,776,659,-958
14330,-5793,4460,1224,-249,253,-1204
14331,6796,709,-3393,-1670,-588,363
14332,4926,-1467,5170,-805,1153,730
14333,5435,-2085,6772,-105,147,-1937
14334,7697,-1424,-7775,-1582,-1872,-478
14335,-2596,6338,5071,878,246,-1287
14336,-3032,-5616,-5691,935,-419,1087
14337,-759,668,6035,-422,1403,-293
14338,-4106,-6880,772,206,-160,-1118
14339,5149,5412,-1943,-1156,-1318,-766
14340,-3253,-7375,3416,-1144,255,1991
14341,-5640,-7077,2363,-1601,-1722,728
14342,-7988,744,-8000,-1643,-1333,920
14343,-5113,-5400,2109,-1856,52,-542
14344,-7628,503,-7251,-780,276,-1933
14345,1550,-2563,-5777,-1284,687,-1941
14346,-5579,-1674,-2731,-476,-43,-1194
14347,134,-7251,2014,503,-462,1270
14348,-7663,-656,-2084,-1278,106,472
14349,-1134,7806,7578,442,1774,300
14350,-2201,4342,1838,1862,-1335,21
14351,-3346,5661,-7136,-1588,-1096,300
14352,-2282,4576,-4707,-1144,-1206,1304
14353,1851,7953,-5626,1165,1930,167
14354,1240,-3195,-948,-317,-103,1653
14355,-3753,-7425,1798,-980,-1799,-1630
14356,3432,-2608,-712,442,971,24
14357,-4529,4710,1499,-1687,35,851
14358,-12,4244,5297,-773,886,1329
14359,6249,3836,-3365,-1515,-829,-944
14360,-4754,-4040,-7904,566,62,-1429
14361,-3924,-5913,5948,-1359,-1558,-1479
14362,4198,2339,6378,1007,30,1314
14363,-7488,2759,5486,-235,913,-779
14364,138,65,1518,-49,1955,-248
14365,-1213,3178,2722,-270,1026,539
14366,108,6755,1239,-1650,411,1693
14367,-2079,-2061,-5741,-980,-1450,-1347
14368,3339,6306,-5108,1899,1875,1718
14369,-2490,-2540,1277,1345,-75,885
14370,3401,5201,1738,1884,619,-588
14371,-1359,-7619,-2659,1249,1701,295
14372,-1217,6723,4577,-680,-149,597
14373,-4714,-741,4400,1572,-464,-572
14374,4853,1733,-4668,864,1047,-1241
14375,-553,-2103,2631,-1371,275,1924
14376,-123,-3959,-3779,1341,-459,-748
14377,-2315,-361,-6264,-1106,-865,-186
14378,6264,6069,4273,-1227,656,731
14379,5357,5876,-1017,541,1939,1330
14380,2145,-356,6963,1620,1203,1426
14381,3956,-2630,3044,-30,737,908
14382,-611,-2392,-7913,-30,-1849,-1415
14383,-2757,-5982,1689,-1985,-522,-747
14384,7403,4558,5294,-373,1920,1701
14385,1834,-6856,289,-1110,933,-946
14386,-6111,3201,-4444,562,-914,1832
14387,7139,-7200,-1375,-387,1327,1086
14388,-3641,-7043,-726,792,592,834
14389,6335,1095,3701,86,1865,-10
14390,-5652,3230,-4750,1936,-1484,1281
14391,-2944,607,-1152,549,500,-183
14392,1433,7756,7963,1385,-856,-879
14393,2808,-2270,211,-243,1471,1011
14394,1470,-7603,-3177,-1322,-1516,-1810
14395,5312,6206,6955,-73,1589,589
14396,2211,5142,2432,1237,-1878,1426
14397,-728,6247,3596,472,1414,-1379
14398,-5379,-2916,7577,-226,-1655,-1009
14399,2255,216,4090,1515,-1931,1942
14400,7497,7541,3175,410,-1733,49
14401,-6317,-3007,-7800,-1428,-531,1489
14402,2004,3112,5988,-1223,917,-1772
14403,2497,-3310,-4000,418,154,1879
14404,5500,-1568,-397,1172,1024,533
14405,-2178,4071,738,-1498,728,1966
14406,-7289,-3502,5288,-940,1822,-59
14407,-7929,-7784,6370,873,363,1982
14408,5191,-337,-1762,-156,-1039,1515
14409,5032,-4227,5417,-662,-5,875
14410,4867,-1195,6211,-1880,342,775
14411,-7098,4089,-7132,317,-1114,124
14412,1885,-7276,7634,-111,418,-1832
14413,-356,6501,-3657,337,324,-800
14414,-6752,-1012,-198,-1984,-1570,1262
14415,4493,-4396,5328,1460,-1660,262
14416,-3612,7293,-2077,-1287,-109,-989
14417,-3407,-5971,4176,-1935,1818,-1185
14418,1674,-5132,-3083,1920,285,1606
14419,-7444,-733,2683,1821,-76,1383
14420,-6944,360,-6209,507,-729,858
14421,6691,7207,-2723,-1901,-1951,808
14422,1254,2871,-1771,319,-147,358
14423,3643,3227,3243,-1772,-443,1391
14424,5707,-5229,6710,-47,-1115,-1573
14425,905,893,-6113,-1371,1234,502
14426,-1137,-5271,-758,1361,-884,-1175
14427,6658,-6670,-4373,-111,-210,-71
14428,7824,3473,-3753,-1149,-1951,1203
14429,-512,6132,-4142,-718,-658,-1755
14430,6239,4486,6229,37,1412,1710
14431,2319,-7629,-994,-1026,-1434,135
14432,877,4330,-3361,-65,601,-345
14433,435,-4881,-867,-1098,-173,-549
14434,4452,-1886,1923,70,1363,-1869
14435,465,7756,7673,-672,-1285,1298
14436,613,3491,7344,2,-1162,542
14437,236,7824,2679,-1136,1069,-1029
14438,-1780,6938,-7070,1155,271,-1843
14439,-4914,-6477,6932,1765,347,-1823
14440,489,-610,-1635,751,-327,435
14441,-6036,1353,1573,-1481,-486,-643
14442,6129,2328,-4232,-1161,-1951,-269
14443,1548,-4923,7895,1407,310,-1326
14444,5006,7726,4098,-1893,-655,841
14445,-5307,-2503,-7565,-559,-341,1903
14446,-2657,-615,2109,1742,-1438,1654
14447,2703,-4428,7272,-658,-8,994
14448,2987,0,-4907,1291,-1058,860
14449,-5165,279,-1802,1398,1855,370
14450,-3047,1978,-1053,1952,-851,-1238
14451,7086,7529,1007,-58,255,356
14452,2810,1943,-1514,-139,-1229,112
14453,-2483,-6325,5596,1787,1905,-873
14454,1666,504,-2457,-1148,1391,-1767
14455,-3320,-3136,-4824,-1246,-647,1641
14456,3260,-5711,-4291,969,852,-1755
14457,-2172,4076,3915,245,1978,133
14458,6211,-2647,-3100,-1989,1358,-1896
14459,-5448,6079,-3353,1923,474,256
14460,4127,2198,-723,-336,68,1206
14461,1691,2794,-1552,-151,1823,145
14462,-4607,5681,-4253,-1813,1874,187
14463,4631,-6024,3060,-1337,626,-1981
14464,-1388,-1156,540,-752,461,-1884
14465,6376,-5316,4378,-389,1453,-1789
14466,1091,-5645,2797,1297,-751,570
14467,-6939,-333,-2860,-887,826,-297
14468,3976,-2073,-2297,-947,1359,-136
14469,-7278,1799,1493,1390,-698,344
14470,-3250,340,-3428,1972,-584,-1023
14471,3506,7933,5102,529,-552,-1486
14472,4509,3863,1502,612,-1452,-1903
14473,7212,-6169,-5725,85,820,-296
14474,6598,-6884,7728,-1732,-1810,147
14475,4345,7850,-3602,1348,-560,-1772
14476,-6478,-4780,3140,-1453,-610,1543
14477,-6522,-7717,1743,-629,-1333,-448
14478,-110,-5431,-7351,-304,360,1933
14479,-929,-437,6050,87,576,1259
14480,7661,3813,-5057,439,330,1905
14481,5183,2838,3064,322,1922,-32
14482,-730,5892,6742,1191,-1732,1665
14483,1713,-4331,5757,1764,945,769
14484,-6800,-5369,5812,-1005,-592,-416
14485,-119,-1786,-6747,50,-240,-817
14486,2021,34,4092,717,-1480,-95
14487,7122,1086,-5644,637,786,-111
14488,-4036,-269,-5451,-1248,-1934,-903
14489,-6688,5890,1174,-1377,1923,140
14490,7864,-6253,3945,-1213,-1222,-436
14491,5583,-7218,977,-1305,-280,-180
14492,2726,870,-4307,1397,1228,564
14493,1661,-5085,-663,591,-1484,1044
14494,-6951,2255,-5419,-1247,-291,-1961
14495,-3797,-5985,5206,628,-1056,-1825
14496,6092,2806,-7872,1030,902,-1037
14497,4522,-2818,7830,1628,-1992,1970
14498,5342,4245,-803,1786,-1738,-1152
14499,5335,-348,-1048,448,-489,642
14500,-3599,7371,5568,697,589,527
14501,4435,-4468,-775,1428,1307,-528
14502,2357,-4290,-179,650,1818,1952
14503,-4734,-2967,-1584,189,859,1059
14504,6291,978,7986,-368,-1741,1152
14505,-1161,7667,-6349,-419,-1489,-93
14506,3643,-6155,-5404,1288,1665,1997
14507,7750,4870,-1345,-29,-1694,1189
14508,711,-3407,-4691,658,-1817,-1405
14509,602,-6353,4768,1761,1154,-1219
14510,-7091,-2528,6846,-1022,1296,-100
14511,-6624,-6099,-7859,-550,-1680,1614
14512,-6631,-2377,-2631,-965,-1879,-597
14513,-3087,5292,-1000,-1172,-611,1165
14514,-5908,1707,1858,365,-1549,1108
14515,-2074,3606,927,-998,1895,-326
14516,2446,7530,2012,-698,-744,308
14517,87,-1368,-2257,-474,-337,-1827
14518,2631,5309,7304,-396,-312,322
14519,-7932,-7013,2213,172,-1459,-1143
14520,-7263,841,-7135,195,1955,-769
14521,7520,7042,-3023,1167,1407,1408
14522,5569,705,-7823,562,-1299,1361
14523,3567,7833,-6041,1309,1845,-1610
14524,4071,-5619,-4363,234,373,185
14525,4508,-1933,1485,-684,-330,-1443
14526,-626,-5731,6579,-377,-926,1742
14527,-1526,-7977,83,182,-401,-1950
14528,-6860,2868,947,-100,-126,562
14529,7214,5661,-1457,-860,99,-1847
14530,4105,-1894,7069,-361,425,-1788
14531,-3596,5394,6346,-1574,854,762
14532,7353,5550,6873,-271,-255,546
14533,-135,-2265,-4648,-1750,-709,-51
14534,4759,-501,-1313,1333,685,-112
14535,5894,7237,-5657,668,-1508,585
14536,-3311,4744,2038,-502,-1971,340
14537,7761,2861,457,67,-1003,682
14538,-2551,3605,2814,-1256,818,-987
14539,7471,-6569,-242,-625,1436,-302
14540,554,-7232,-3476,1046,845,-593
14541,-1511,7638,4975,-1234,-1937,1007
14542,1125,-6129,1400,-493,-326,560
14543,936,-5313,-7600,440,1279,1898
14544,-7723,-6802,-6235,-1200,619,627
14545,2449,240,-1191,-99,160,-1407
14546,7471,2475,-1401,1362,230,858
14547,6042,4262,-2216,-347,1855,140
14548,1166,-1448,-1068,-17,-295,1943
14549,791,-7519,36,-1467,-54,-1862
14550,6747,-4125,-7667,503,-1677,-510
14551,1590,-2246,-1572,-1853,-1489,1929
14552,1156,2322,5037,1647,255,-930
14553,679,1121,1409,-1048,1726,700
14554,3614,1431,7061,691,33,-838
14555,1571,6600,7905,1037,918,1091
14556,-2652,-7698,1656,-1368,684,1036
14557,-5146,195,3135,24,51,-1969
14558,-4717,-3181,3590,1525,21,1929
14559,-6063,5614,-978,277,1336,-1117
14560,-200,-7501,6868,1003,-404,-1760
14561,6693,5346,4159,-623,391,664
14562,-4426,-3678,-4078,-1595,360,853
14563,-112,3662,-1860,8,-1618,1616
14564,-1484,5169,6939,1792,-1733,-1415
14565,-3049,570,758,-265,-1213,-1410
14566,-3011,5896,-245,1052,704,-1063
14567,2639,-2698,-3583,-233,-876,642
14568,2759,-7074,-92,1783,1125,-1859
14569,1620,1996,-1051,-1640,1518,-226
14570,-6976,-4442,-2353,-927,-371,1549
14571,2277,-4740,5430,-1442,1137,43
14572,2486,-5037,5860,-836,-1064,-401
14573,-2046,-7061,3367,329,696,-1544
14574,-4774,6536,2075,-686,1659,-1889
14575,-4966,-226,-3391,1308,1521,-743
14576,5768,5857,7648,389,-503,-539
14577,-2598,6671,-7346,-1291,-277,-186
14578,-7747,-6973,4743,-405,-781,1832
14579,5377,1693,4271,-1238,-895,-886
14580,-7604,2155,1757,1196,727,-27
14581,3423,3551,2394,-173,-782,-229
14582,-4273,-6396,-4477,-448,-112,167
14583,-1072,-6049,794,1084,-1825,1292
14584,-2140,6745,-2111,1092,-1135,122
14585,-637,7673,-3919,-1802,1328,1823
14586,-4776,3306,7072,1956,-718,284
14587,-7588,-5467,-1546,570,75,912
14588,-7964,-146,4856,575,1626,-1196
14589,-10,4059,5169,436,1422,63
14590,-1621,-5092,-2674,1644,-982,-1484
14591,-5885,-2336,-2080,146,-348,-1770
14592,3006,-7983,5444,1444,-324,-533
14593,-6055,-6536,332,674,-691,-1420
14594,-6276,-2207,-4725,791,-1308,1674
14595,-5304,3355,-3160,-211,1062,-549
14596,6995,4050,5012,1709,-1966,1467
14597,4729,1736,-7510,872,965,557
14598,1122,-5372,-149,1049,1931,-981
14599,-7441,7152,5683,222,1961,-940
14600,1092,5285,971,1066,-1524,1424
14601,1444,-4166,-4362,-1925,1556,-1959
14602,-7529,-784,-3863,597,1598,769
14603,-5964,-4300,-6797,-154,504,-696
14604,-3866,-2924,2497,-1035,-20,624
14605,-7497,-1953,-114,1305,325,383
14606,5459,-3441,-3404,754,1796,122
14607,227,-2791,-1283,-1624,-1258,-660
14608,-3061,3749,5553,266,-1403,772
14609,7935,2532,6701,1546,190,1651
14610,2658,-693,-6119,-169,-584,1608
14611,-7909,-5895,3922,-106,-603,-186
14612,914,-6798,-2543,1341,367,-1499
14613,7156,350,-6871,1286,-1968,-422
14614,-7398,7047,-1842,574,878,228
14615,763,1527,-2602,-75,1145,1476
14616,-3120,5144,-3231,275,-375,-1348
14617,7329,-7195,5282,1175,1979,1932
14618,-2782,-6829,-6622,-1899,-1524,-1351
14619,-3309,6451,-405,-542,1817,1453
14620,226,-459,4690,-834,-141,535
14621,1136,-1955,-2015,-957,-424,1421
14622,5826,3136,-1270,502,898,1714
14623,6691,-2073,1116,1441,-319,323
14624,-121,-7222,-3744,1887,-1609,1984
14625,6390,970,6045,-1752,-978,-641
14626,1150,-6630,-5409,-1961,927,-723
14627,2208,7061,-1852,1393,302,-1729
14628,-7279,6193,3108,1006,389,1310
14629,-5285,5004,2199,-1367,-403,1319
14630,1596,-1715,103,697,-1371,925
14631,-1315,-1298,-1778,-983,-1532,-1214
14632,6372,4032,2982,-1946,-1942,870
14633,7429,1319,1487,-277,264,608
14634,-701,818,5440,-1633,-1160,1076
14635,4022,-982,-6532,-982,1996,-312
14636,-1231,3203,-5737,-1243,-1993,-1411
14637,-1624,7314,483,-1637,-1773,187
14638,-7616,4633,-2261,655,-340,606
14639,-50,4883,-283,-1588,-1435,-481
14640,4879,-5894,6941,603,370,-255
14641,3564,-807,-5059,908,-1938,1220
14642,2049,-1182,7756,-1462,-1530,1621
14643,3053,5975,4352,707,-1724,-1677
14644,-6963,-3092,3829,519,-1736,-243
14645,-5931,-5234,-6040,-360,1508,1390
14646,7806,4937,-312,189,-461,-618
14647,-5408,-7093,3562,1281,-1131,-320
14648,-5024,5748,-2327,-1501,1257,1848
14649,1098,7020,-7671,-52,1634,1743
14650,-2338,6008,-2645,484,1078,-1294
14651,-5371,4786,1409,-1084,-1578,-1764
14652,3320,-2515,2070,-121,-366,-782
14653,-1554,-7046,-5121,-1297,1974,-237
14654,-1294,-6783,2189,-276,-484,-158
14655,518,7611,-5765,-848,1288,-417
14656,-4927,-5760,-559,-1495,1017,-212
14657,-869,-2129,3759,-1245,-146,-582
14658,4755,-73,-2492,813,1028,1456
14659,-6721,1360,3047,1517,1997,1377
14660,3837,-4555,-3346,-680,-1500,259
14661,2895,3957,6321,-754,1748,620
14662,-3342,-1134,1818,-469,1825,-1401
14663,-1255,-6264,-7192,465,-1780,808
14664,-2214,1379,-1564,1585,870,679
14665,5339,-7699,-1685,-747,1436,585
14666,4797,3239,6577,915,-1775,-969
14667,-1565,4273,7562,-1369,1402,-315
14668,7111,6858,-7116,942,1747,507
14669,6620,-3498,-4307,1075,-350,269
14670,-3184,1860,-4675,-1906,-1913,1461
14671,4259,7529,-236,-731,-1181,-533
14672,2400,-3606,-1865,1186,-1502,1457
14673,371,-2378,-7973,1444,1046,1174
14674,556,7876,4031,1017,8,385
14675,4206,-7321,-48,-1212,-713,266
14676,3883,3370,-3305,-474,-349,1286
14677,2323,4062,-2026,690,1019,206
14678,-5138,1065,-1397,279,1211,-541
14679,1462,1765,6063,1790,885,-709
14680,-7466,901,-4761,-904,-1919,8
14681,2985,432,5688,-1623,152,1250
14682,6431,2369,6374,454,155,-1933
14683,-7255,-281,-4193,-909,-1231,204
14684,-4562,6707,-7887,-1455,938,1001
14685,1600,3088,-318,286,1396,-1940
14686,7598,-3307,6511,464,-1479,628
14687,-6484,-1878,5267,-1522,912,-69
14688,5890,994,-6294,-1401,1130,-1266
14689,3761,-2657,-4888,679,762,12
14690,1612,6302,-5221,465,-622,-1933
14691,7344,-1477,5416,-1315,-1102,-594
14692,4665,6844,602,-59,483,886
14693,1256,-4920,4539,-1770,360,-901
14694,-1572,-2533,1545,-648,-729,-1802
14695,4025,-6255,-6908,629,1290,-514
14696,7729,-1938,-7402,-33,-780,-395
14697,-482,1453,283,-755,-786,325
14698,-75,4961,3583,1050,1208,-1614
14699,7159,-7975,-2094,671,-1837,1860
14700,50,5126,3541,1832,406,-1929
14701,1851,7213,-5269,1533,1013,-389
14702,616,-7065,5302,994,518,-142
14703,1432,-3938,-1070,986,-589,-1138
14704,-7452,-4754,7894,-1248,-871,1758
14705,3188,448,118,1956,1117,1953
14706,4079,-1220,772,-630,156,501
14707,-4134,7756,7537,-1756,374,1164
14708,-3452,6062,-3927,343,-1058,1427
14709,-1851,3551,3376,486,1663,-1759
14710,2198,-7264,-7876,-1216,-748,1198
14711,-6180,-4032,3971,726,-1235,1471
14712,-1671,6078,-2435,-345,138,344
14713,-1983,5759,2492,1325,1882,-300
14714,-537,-1358,-7156,-1087,377,-521
14715,-3442,-606,1453,-801,1852,1754
14716,-7139,2173,-855,-1680,695,1479
14717,-1728,66,428,968,139,144
14718,3499,-2956,654,631,-753,-1617
14719,-848,148,6206,1853,603,-98
14720,-7047,-2674,5950,-1845,-725,-1071
14721,-4138,3218,7418,-1559,-434,881
14722,2110,-3978,3705,994,-451,396
14723,6328,-4106,63,-935,1820,-859
14724,-7926,-220,3034,667,-1000,-977
14725,-5946,2177,-6537,-1855,1912,-876
14726,-6935,-2708,-69,1112,-1401,951
14727,3911,1220,-2969,441,-78,-1465
14728,7407,784,-4701,1094,1293,1300
14729,2777,7247,-2341,-959,1238,1631
14730,-4470,-2789,5060,935,-856,1097
14731,-559,551,-1589,-1770,1760,878
14732,4274,6474,743,650,-1612,325
14733,-6028,-3163,-5318,1838,-1601,-677
14734,-7626,3247,571,1266,195,-1902
14735,3855,-2486,5291,1072,1549,-1404
14736,791,-1732,-6305,-1858,1010,1766
14737,581,-2350,6139,-1177,335,-1662
14738,688,-7201,-7734,-1484,5,1737
14739,3874,-659,4207,-1466,907,1347
14740,3263,2568,706,1397,1310,1756
14741,-1658,4701,-2128,924,135,490
14742,1406,2870,-5388,-1641,389,171
14743,-116,6725,5968,1935,-269,817
14744,-3555,-1175,6964,-1938,-1848,1968
14745,6721,-1446,1096,1158,1247,625
14746,-102,-2045,3134,115,-1773,-1489
14747,-6836,7580,1700,-1592,-389,904
14748,-6883,-4516,1690,1571,-993,-972
14749,2603,-6185,5518,-864,-1862,-545
14750,-3463,6439,-1834,-1636,-606,-166
14751,-2165,-5323,4996,-866,-1154,1404
14752,-5000,-4382,-894,-1815,-198,-1402
14753,-3324,278,2563,-923,81,-916
14754,702,-6519,4649,1035,-672,318
14755,5416,6330,2617,-1442,1544,-1986
14756,6034,68,487,898,-457,460
14757,4481,-3383,-6105,-1387,143,-951
14758,-4942,-7170,-1342,1355,-530,-741
14759,5603,3762,-5505,923,-806,551
14760,1730,-2595,6262,-335,428,-61
14761,-6305,-3161,3710,-1885,1200,-1584
14762,-1563,-166,-6380,1256,998,883
14763,7198,-4159,-1751,637,-1215,1383
14764,-5342,-3435,-6757,-279,363,-1029
14765,575,-4293,-1386,276,-275,-1874
14766,5937,7954,-3185,1379,-1740,-1620
14767,-3649,-5080,-2134,1045,1298,-1136
14768,-7908,-1571,36,-991,-1747,798
14769,5551,-684,2408,-208,1207,-1826
14770,-7877,6868,-3415,-901,-1486,-552
14771,-6311,5920,6440,-1793,-637,484
14772,7551,-5146,-5876,-1982,1829,1955
14773,312,-4782,7951,-183,-1071,-872
14774,-7733,6451,-1658,-474,-731,-1559
14775,3248,-653,-6536,-1674,-546,-500
14776,-6529,7331,-7025,608,-1169,196
14777,-5747,336,-6750,-334,699,512
14778,4820,-841,-720,-1868,-1870,56
14779,-1895,-404,-1045,-1527,1601,801
14780,-2948,-2552,-6219,1363,729,211
14781,-2999,5287,-7402,718,857,754
14782,7822,6761,-4173,-1714,1616,1344
14783,2055,6219,7657,957,-1138,1120
14784,-7502,7623,660,-1411,775,574
14785,3240,7693,-992,374,-121,1004
14786,2548,7548,-204,-934,-518,-783
14787,-827,615,7464,-1505,-1504,471
14788,-7301,5052,-4545,1357,1827,-1294
14789,4463,6920,-2716,-749,1606,-687
14790,-2446,4459,-2542,-1049,1135,-1569
14791,7866,7223,4947,1805,1611,-221
14792,1872,7105,-1522,1338,-63,-44
14793,1079,-3237,-3539,655,838,1291
14794,-7224,-6198,3332,-1829,470,-163
14795,6395,7534,6133,478,-945,-320
14796,-5295,-7545,-2572,1714,1649,-64
14797,7238,7387,-4417,-997,-328,665
14798,3371,-3093,7231,37,146,215
14799,-3800,7044,2404,451,-628,-1421
14800,6185,-4145,4558,1663,1944,-591
14801,2381,-2044,-967,1343,-933,-1498
14802,-6954,-2958,-699,-1721,99,91
14803,-2778,-1704,-1459,956,665,-414
14804,-422,-4903,-5987,-579,-1348,533
14805,6525,2955,-1759,-291,1105,-836
14806,1857,5615,-5973,-450,142,8
14807,-7933,-4762,-7637,280,773,1153
14808,1366,-3763,760,895,823,-1773
14809,-1428,-740,-7717,558,1895,791
14810,2704,-5030,-5109,1796,-321,456
14811,7372,1825,2491,788,1189,861
14812,2137,2749,7678,1111,-1634,1478
14813,5526,-3758,6953,737,-544,-1431
14814,4656,-3011,-6819,-1766,736,119
14815,5804,6306,5858,-1371,196,-1268
14816,1076,1797,468,1802,-1502,-1245
14817,7123,-4299,-5068,-1423,-887,762
14818,377,5094,984,1553,-52,82
14819,4553,-5536,-6965,238,-1597,-2000
14820,-1467,-5144,278,-75,-860,-854
14821,3348,-7810,-6605,-1817,-1857,191
14822,-2155,-6203,3345,1775,-1614,1033
14823,4691,4961,5989,1630,-258,-1773
14824,-1244,-5175,-7521,503,-95,-444
14825,-2358,3462,-6286,-1828,-970,-178
14826,-3439,6426,-1462,1737,24,-1831
14827,4117,7167,527,1591,-1645,1871
14828,3741,-1520,-3956,-1608,1045,1566
14829,4421,2598,-3159,1433,-1109,-431
14830,-7140,1689,-4032,-1550,-162,-262
14831,-2283,7769,-5890,-1694,142,1415
14832,3061,-4258,7297,418,1169,1242
14833,2445,-309,3758,1200,-886,-1364
14834,-7234,6817,-990,-817,-1916,1107
14835,1962,-4551,5410,-1288,-1682,-190
14836,4788,-5486,-4811,-573,-875,503
14837,824,4648,-1199,-1772,-131,501
14838,1314,-911,-1620,89,-1789,-199
14839,5605,-5611,5088,-553,-1259,-1294
14840,3719,5915,7903,1845,155,-377
14841,-3105,-7315,-4667,747,-1886,-892
14842,-6057,3670,1257,-1111,1510,1725
14843,-3072,7979,2397,-769,-1315,1773
14844,4624,-2576,-3300,-701,-1897,300
14845,3681,2565,7655,557,840,802
14846,5262,-7320,-6710,-929,-1357,-1150
14847,-5114,-1294,3628,-1014,-68,686
14848,-3252,-3152,-4636,1031,-768,1330
14849,-7655,617,2159,1384,-693,-1803
14850,-48,4736,1640,1826,1695,-1111
14851,-7185,4494,5636,1171,-668,-1263
14852,-5832,4045,-6494,265,1139,1889
14853,2592,6069,3865,1782,549,-1465
14854,3715,-443,2834,437,823,-745
14855,-1132,-1097,-1175,-1753,127,-696
14856,7754,6132,3726,-1947,428,1414
14857,2687,712,2688,1034,1230,-186
14858,4067,7091,6232,-1390,878,930
14859,4073,2056,-1362,1086,-1134,-424
14860,-2788,-6388,-4720,-427,-247,907
14861,1659,2522,-5277,-86,-1827,-952
14862,-1240,-7706,2725,-1913,-300,-32
14863,5543,5709,-5506,1323,-291,66
14864,3315,-3821,-7079,-1800,-855,-1426
14865,-5104,5444,3585,275,-1130,1601
14866,6015,-6675,2086,417,-899,696
14867,-2652,-5484,-3347,-321,1591,1522
14868,-3288,-735,7758,1781,-1882,558
14869,1584,-4508,-6034,-1545,1673,-360
14870,-5171,6971,2841,-1649,-434,-380
14871,6528,5541,-1909,1531,536,-1184
14872,-6449,5599,-7932,-199,-1697,-551
14873,-3855,4555,-6091,1569,-1577,202
14874,-7011,6938,6463,-60,-1877,1698
14875,-4011,3451,-4650,1324,-1380,-641
14876,5464,497,-2161,-567,-1963,-1208
14877,4367,7975,-3130,1308,-662,37
14878,6975,-4242,-1319,-154,-1692,-1746
14879,-2554,-5856,3413,798,-767,1807
14880,-3037,6344,574,1025,115,-468
14881,5487,1736,4364,609,-1228,1355
14882,-144,4590,6287,1956,1283,-1958
14883,-6658,7715,-3483,1840,1191,-288
14884,558,-7616,-1540,-505,562,1794
14885,545,7066,-3953,-1317,-218,-162
14886,-2690,5159,6339,-887,1764,1540
14887,7587,-2591,-536,137,-1801,-798
14888,-7882,-2760,3507,-1473,1287,1484
14889,5502,1940,-5599,-95,-381,-405
14890,6604,-4231,7473,-1667,1955,-282
14891,1941,1649,3610,468,128,-744
14892,4401,6512,-5206,19,725,1393
14893,247,-3863,-3967,1998,1787,-620
14894,-1818,7069,-2389,352,-168,730
14895,3657,-6662,-7658,110,423,1155
14896,-1722,-3931,3050,-876,1225,-1401
14897,-6790,4573,-918,-983,-1207,1089
14898,-5703,3201,2204,1603,309,-1273
14899,6826,1460,-1724,590,777,242
14900,-5511,-1164,4939,1182,422,396
14901,363,-7192,-5956,-348,484,1387
14902,6598,1932,-6531,-443,-1366,-1809
14903,5595,-2753,-2224,112,-1020,-1989
14904,-6967,6404,-2243,-1946,-605,-692
14905,3342,-2822,-3267,-1166,-627,-776
14906,-2118,2076,-3098,1065,-1740,-1737
14907,-4252,-5721,5278,1446,-1635,-929
14908,6657,295,-849,1585,28,-956
14909,6480,7823,-5224,639,816,88
14910,-2423,-6809,-5835,219,302,200
14911,145,-1176,129,158,620,-202
14912,-6670,5630,-4270,-987,-654,1461
14913,-2053,-3069,-7168,-695,-968,1485
14914,5941,2735,5369,-1745,664,-1438
14915,4262,6296,-7278,-1853,1568,-1763
14916,3480,1868,-3333,1154,-1003,496
14917,7965,-5711,-1689,846,-1974,1110
14918,156,-6062,-6409,-1353,-1557,178
14919,2611,6838,-91,1349,-1053,-250
14920,2638,3605,-2717,1543,-1927,1221
14921,-1647,4560,5262,1677,-444,698
14922,1882,-4742,5363,-1177,1103,677
14923,-4289,5221,-3920,1730,731,901
14924,-5498,1639,-6915,-1303,-651,618
14925,-6014,4489,261,-766,-834,-1066
14926,3819,6003,3801,-1459,1721,1303
14927,-917,2712,4883,-1491,-1303,-596
14928,-385,-1152,-4927,1899,-263,301
14929,332,2743,5491,109,1102,823
14930,-35,7631,7948,729,841,1341
14931,2296,3775,-6342,-1746,12,797
14932,-298,6180,1713,-655,993,-954
14933,-6665,-3434,-2429,424,1851,-1992
14934,-4879,3269,1348,-76,1907,87
14935,2005,-579,-30,-1021,-966,594
14936,4534,1244,5014,156,-327,1000
14937,20,7785,655,-365,859,438
14938,-725,-1936,-1354,-507,1301,1503
14939,5223,-6739,-218,765,976,621
14940,177,-7911,-2242,1111,1819,1450
14941,-1481,938,-2477,-1634,-362,-123
14942,-6401,3954,6335,-1957,-1842,-1576
14943,2236,6325,-206,1055,829,-1891
14944,6444,-2956,2617,1532,-1996,648
14945,1596,1788,5931,932,-1811,1749
14946,300,-4399,-2780,712,1997,-1216
14947,-5466,4313,-6077,-557,493,-1085
14948,7057,-7534,-1725,-1772,-129,-1303
14949,3060,-7553,-5898,-1820,834,-1379
14950,5368,1114,591,218,-595,590
14951,3891,6067,-2626,-834,544,-263
14952,3425,-2788,168,-104,304,-1960
14953,-1038,3724,-6121,-1304,-1287,1737
14954,7332,-1308,869,-580,1493,-114
14955,-816,-6002,-646,-665,-1583,140
14956,4552,-4014,-701,-1523,710,79
14957,4844,-2247,6363,-1602,1826,150
14958,-2013,-1252,1208,489,755,-1516
14959,6226,-3775,-2490,-634,371,1605
14960,1283,-2775,-6200,-1306,1631,1264
14961,2176,-3520,-3160,1722,-1459,-656
14962,-3160,222,3795,1413,-1546,-1460
14963,-7752,-6878,6687,-1582,-1981,-1429
14964,5021,-6576,2711,680,-715,-875
14965,-3597,3013,4875,1312,-341,-1097
14966,3794,1676,-5898,444,1593,-1191
14967,-6924,3020,-5112,577,-1487,-1717
14968,-6380,-4780,-738,339,1467,-1131
14969,6641,-5169,3353,1921,1581,1665
14970,3857,-2316,4697,-990,-1084,1745
14971,-7308,-7043,-7706,-425,-588,444
14972,-4276,-7008,-4572,572,-395,304
14973,2504,-6391,-1220,-624,1611,-906
14974,-7981,1077,7381,-273,-1671,1237
14975,-4488,-5083,2885,-1083,266,1657
14976,-3179,7408,-4374,357,249,609
14977,-1344,6610,3257,-1482,1613,942
14978,-7578,-4223,-5349,497,420,-1136
14979,3133,-5232,-1197,1118,-185,1121
14980,-7816,-5403,3946,-895,-1215,28
14981,-3980,-1382,-3791,564,1494,-331
14982,-7663,2203,-4291,846,440,1400
14983,1671,-5024,7938,-1368,-1708,-293
14984,-2381,4571,-5365,85,-32,-1139
14985,7443,-6494,-6115,-1129,583,1235
14986,-171,4047,3182,1115,37,1162
14987,-3115,-4309,7019,310,750,1915
14988,-5000,-5190,5946,-895,-177,-703
14989,-4409,5909,2885,725,407,108
14990,1131,-1896,7583,1043,-534,-124
14991,369,-5462,-6418,583,563,-523
14992,6355,-1792,-6503,-320,-1586,-1077
14993,4758,4264,-5787,1953,-1599,1318
14994,4262,-2172,-6352,321,-524,134
14995,-5313,114,1798,-993,-1403,-132
14996,3096,36,-3141,1483,-1242,-772
14997,6282,3882,6889,1375,1934,923
14998,5488,-4962,2600,645,1029,-1787
14999,7551,-5201,6636,555,57,-1639
15000,3367,-585,-4514,570,409,-682
15001,-5666,-3699,-350,-957,-1301,1207
15002,6138,-5026,-5598,1328,1716,-15
15003,872,-5223,-6974,-1145,-905,350
15004,2908,-1023,5900,1673,1425,373
15005,-107,-381,1693,650,-1562,1572
15006,-6848,-1439,-4389,-1755,-902,222
15007,-2737,7907,3154,-788,-46,-1979
15008,4524,-6143,7394,820,-883,-1531
15009,7725,-6577,3375,-279,-575,667
15010,5003,5809,2455,960,780,-825
15011,3724,2278,-6618,-256,-586,1365
15012,2888,-1591,654,-1557,297,653
15013,-1954,-4094,4417,-1304,247,637
15014,-1866,2909,3790,-907,-189,-1837
15015,5673,5882,-7717,855,781,-1007
15016,2230,-564,-843,962,494,79
15017,-4285,-6259,-3852,183,1496,1414
15018,-724,-5630,-2278,-1984,-473,-1563
15019,-2187,-5252,-1862,-1166,1369,-562
15020,670,7479,-4273,1021,-535,-250
15021,-6735,6073,-3609,-216,-1056,-725
15022,3991,3322,6043,-1076,1578,-1261
15023,-5393,-3180,-4762,1133,609,1026
15024,6850,-2524,-5097,-57,1614,1907
15025,-41,4898,2599,-125,478,-513
15026,243,7606,3934,-34,-1838,-425
15027,-7250,-712,6871,381,264,279
15028,-2963,7593,-6286,463,1975,-1882
15029,5908,6399,-537,-112,-206,-984
15030,686,3888,7975,1344,-1478,595
15031,2224,-7560,6486,-599,1692,-858
15032,-4744,983,7245,-1389,-1380,1339
15033,-7576,1054,-851,1590,-252,-426
15034,-4721,3633,2796,1422,1064,-1344
15035,7027,-3970,5725,-1602,-1027,-261
15036,5437,2201,306,1010,-716,-909
15037,-4495,3190,-6183,-1647,1335,-332
15038,131,-2589,-5911,-1083,-1626,1964
15039,-4435,-955,-875,-115,927,140
15040,6011,-5630,-1162,618,1510,298
15041,-2632,2129,691,-784,-1931,1506
15042,-7844,202,-1649,-1294,-780,-202
15043,7746,147,1180,-1961,286,1024
15044,5723,5218,6922,254,1266,-1084
15045,-6740,-3947,-3585,1941,-513,930
15046,-7381,-7333,-859,52,35,-436
15047,3547,-3906,-509,-968,-1783,-855
15048,-7676,-3759,5623,1548,1155,-350
15049,-6152,-2443,813,-725,1574,128
15050,-5405,4036,7149,-1123,1328,1585
15051,-1128,-3257,-7678,874,-1060,1376
15052,6244,-2406,2906,1946,1312,1619
15053,2845,3556,2494,1392,-918,-1848
15054,4585,6459,1392,-1564,1044,689
15055,7208,-926,4481,150,-1231,-1992
15056,-1098,-6596,-2862,1643,-1869,-1677
15057,4329,-5170,4653,793,806,1020
15058,653,6589,6522,-1055,-935,-1922
15059,4566,7285,1223,-1949,967,1403
15060,4833,-6025,-1452,1851,1213,1557
15061,-612,1110,-4570,-1564,245,1136
15062,4474,7047,372,-90,1692,-564
15063,-89,4235,7236,-779,286,-671
15064,4644,6598,7060,120,1725,-931
15065,2907,1745,-7747,1268,-1783,686
15066,1123,1398,3918,1274,-550,-1089
15067,6548,2133,139,485,-910,-19
15068,-5279,-7658,-6076,-611,156,1133
15069,-5734,3326,-5402,-718,-574,398
15070,3961,-3412,389,542,-799,504
15071,4027,7194,-7500,-607,441,538
15072,3353,-165,7103,-1075,-1653,-1422
15073,-6377,-7416,-2969,-1099,786,-1920
15074,-3532,-3716,-5736,1248,-1816,629
15075,-270,5719,-6961,-466,183,675
15076,6042,-4644,-5170,-795,1634,603
15077,2127,7676,7259,-1762,1994,281
15078,-6404,1260,4333,1633,-1954,439
15079,636,7840,-6788,-1572,-707,1470
15080,-6052,-436,-1367,-1761,-188,1982
15081,780,7683,-917,-1917,1868,1853
15082,-6067,7388,-1278,1924,1133,328
15083,169,-4311,-7216,44,-1927,799
15084,-2648,-1216,548,-1266,-1976,-998
15085,-3074,-1278,1150,-1098,-351,-796
15086,-918,-1136,991,841,1808,-1645
15087,4265,-5979,7003,-998,582,751
15088,-786,6738,2947,-776,-1815,548
15089,-1730,-3515,-7233,1987,1045,-1811
15090,-5715,-7994,1116,-1496,853,-1418
15091,-922,1882,2238,1314,1760,-955
15092,-3735,7060,6562,807,-967,-78
15093,-1762,1463,6412,1231,311,1863
15094,-3000,-6678,6906,252,1122,-437
15095,-4930,-7796,3280,-1674,1580,293
15096,5608,5778,-2339,387,-1533,211
15097,3559,1421,5971,-369,-2,489
15098,1011,-628,6785,-1929,-1144,1667
15099,6729,397,7729,692,-1908,350
15100,-7261,-116,-744,1743,295,-1942
15101,852,-201,7816,-339,658,300
15102,-7158,-3876,-3418,-1536,-1099,-1227
15103,5631,-2351,6344,953,944,1472
15104,-5816,6432,-7739,-167,-1710,-1153
15105,-3857,-3746,-4647,-1226,-1051,-1726
15106,4346,2624,1743,-336,1602,-1902
15107,-5951,7057,-1238,-331,-1990,-220
15108,-4764,-4321,1963,1534,-886,1336
15109,-3953,6353,-2430,705,-1242,-78
15110,-6424,-210,367,1203,1260,510
15111,-7073,-7983,5514,300,-1725,-725
15112,-2302,-225,6071,-1692,1625,1172
15113,4682,3957,-3314,-608,1360,-1458
15114,-1306,5543,167,269,1171,-1393
15115,-2998,909,-1103,-1085,-1866,-291
15116,-6614,7962,4780,-580,2,1061
15117,-4123,2212,-1203,-625,-52,96
15118,6741,-7828,7807,-735,-864,-1597
15119,-3364,-6230,-1493,1782,-425,-591
15120,2236,-1337,-3697,1404,-1940,-935
15121,-3228,1570,7280,-253,1165,-1283
15122,-518,734,5574,122,6,-917
15123,-345,3132,-2488,1088,1010,-555
15124,-6838,-2468,6065,-1024,-1370,1167
15125,2151,5339,6815,-1155,-920,-33
15126,-7430,-1577,-7152,-340,-1936,1179
15127,-4702,4374,-5594,1453,1538,233
15128,7658,-5434,-4879,1309,-1969,-1998
15129,-7930,7233,7747,-307,1617,811
15130,-7353,4997,614,332,-3,176
15131,-241,-5337,-243,-1355,-1857,1352
15132,-750,-951,-7704,-398,-1338,1889
15133,-2394,-6836,7786,53,-857,84
15134,-1852,-6048,-3331,1509,-1921,-1906
15135,2210,1630,-5741,1386,18,-374
15136,1989,-3719,6502,370,-795,1846
15137,3698,-1293,1190,-212,-1087,305
15138,-3505,-286,-7267,-17,1672,816
15139,-3072,3529,-65,347,-616,190
15140,-4599,-5520,-1679,-423,-1561,-1482
15141,7291,-6163,-2764,-742,1092,-866
15142,-5341,-5425,-2430,718,-1017,1087
15143,-6932,-1653,4874,-1306,1145,-1937
15144,-6779,-3278,-2011,-36,268,78
15145,4840,5991,-2094,-100,1450,-908
15146,7975,7917,3764,256,-1380,-1784
15147,1610,7635,-5748,-67,1023,1626
15148,-2338,-6299,4843,1654,472,1757
15149,-2567,1320,-5775,419,-1906,-529
15150,-4377,6842,5468,1804,1423,974
15151,-2081,2705,-5926,-430,1710,1232
15152,-2035,-6933,-1499,612,1369,-454
15153,-7122,-6203,-4897,-171,-721,511
15154,7378,-4304,-4699,-1934,560,142
15155,5197,6475,6800,-226,803,-16
15156,-5721,205,7051,1199,-1985,896
15157,4056,-6484,-938,803,-800,183
15158,5793,-1605,-2324,-131,1919,-516
15159,7241,-7135,-7123,495,-1265,802
15160,-6429,998,-5849,-1795,749,1522
15161,1278,-6298,-5149,39,-1121,135
15162,-2087,-1763,-74,-29,-481,1918
15163,7213,-5948,5350,-513,-1351,-1568
15164,-5119,-4515,4262,-89,-1318,1819
15165,-7992,-5310,-4155,265,604,1889
15166,-894,-3118,-635,1674,-1267,-954
15167,-944,1062,-3886,-1310,197,656
15168,3465,7290,-3316,1630,-1148,-1302
15169,-5594,5625,3677,332,-954,-1721
15170,4657,3360,-5840,1036,-1232,-873
15171,2554,485,4674,-996,-1218,-1909
15172,-5260,1515,7286,-1358,932,409
15173,6394,3692,-3456,215,-313,-1102
15174,6872,-1625,-3801,-156,993,-1124
15175,1593,-3974,-2833,1809,-1600,-72
15176,-2838,1917,6225,-737,-754,1442
15177,7299,-6374,2731,1379,-1448,1728
15178,-5672,-1821,7800,-1393,1659,-403
15179,-5419,3355,-6208,726,1503,602
15180,-1299,-7101,7472,-1310,1684,-48
15181,-5444,1331,7584,1690,-737,883
15182,-3316,-958,-7103,978,-1142,882
15183,-813,5287,-4042,540,1466,-1536
15184,1641,-449,-6937,1722,1890,-1058
15185,1233,4979,1347,928,1493,1451
15186,5849,686,-1910,-1254,1404,1271
15187,6519,-2833,-747,821,1956,899
15188,4761,4732,-996,-1014,1639,-1969
15189,7204,-7248,525,1848,1543,-209
15190,-4350,835,-5118,-1097,-1186,1693
15191,7306,7533,-7546,-301,-1933,1460
15192,-3778,7802,-2015,886,587,-1658
15193,-7471,3043,-6568,537,172,475
15194,-721,-7335,6045,-505,-1228,-1229
15195,38,-1149,-5594,1831,-7,-1912
15196,1103,-3516,2018,1488,464,1257
15197,-5677,-5533,1072,-489,-1387,-933
15198,5779,3581,-6989,787,1591,-1209
15199,-4052,7934,-957,-1685,-1644,-113
15200,7808,7443,1068,1776,-729,1966
15201,3973,-2601,-6837,-1880,-892,-1299
15202,5288,-213,-7244,622,-471,-1551
15203,6796,-2190,4306,1592,-867,-1230
15204,4844,5650,-4054,-1117,-699,1240
15205,7340,4762,-1597,-522,-126,1208
15206,-1297,4446,7839,-1745,-1556,-191
15207,2514,-3466,-3374,855,1916,-70
15208,7510,172,1457,-1054,1819,-295
15209,-2292,3861,7771,-1240,-620,-1097
15210,-1364,6503,-6203,721,1527,-72
15211,-6874,-5697,7103,1050,-1109,-726
15212,-3889,7039,-2914,253,-1527,1750
15213,-983,-63,7395,-495,-1634,-1712
15214,2271,1405,-7922,-494,-1758,-418
15215,7738,-6752,-4652,1240,1479,1466
15216,6865,-4012,-1964,1822,-276,1241
15217,-5229,7885,2586,898,1489,293
15218,-2721,7830,350,-1104,770,-1772
15219,-1492,2603,4378,-1393,-540,-1447
15220,4489,-786,-1411,-442,1693,-271
15221,-7020,398,-1134,-342,570,1536
15222,848,1274,-3058,1810,-1265,248
15223,-2354,3203,2676,-121,447,1636
15224,6087,-5207,-3474,-560,1148,-1862
15225,-5325,-5584,7329,-1912,1434,1212
15226,-3815,-4021,-7846,1959,506,-1655
15227,-7985,-7419,4805,-906,785,-629
15228,5930,1258,-4939,51,403,-218
15229,-5248,3599,-5591,-1099,-1769,772
15230,-2484,-2107,5011,-1141,-716,-1255
15231,1693,635,-3674,1695,1483,246
15232,5341,2980,4771,1750,-1611,-1640
15233,-2146,5579,-513,1859,-27,144
15234,-1995,-5006,6644,49,1399,-1386
15235,-1276,1865,-2260,1485,174,-1314
15236,786,-2505,-771,1840,-230,-1399
15237,-344,5257,-5407,1254,1805,-34
15238,-3430,7409,4191,-1720,68,1995
15239,-7098,2868,-6114,243,1035,1887
15240,7984,7565,7192,685,1325,-897
15241,5139,-6949,3764,596,75,-1442
15242,-3983,4748,1850,-720,1357,1268
15243,4313,-2864,-1118,-1446,1555,1402
15244,2720,-6486,493,1263,-509,770
15245,7137,3600,2976,-1678,1508,-772
15246,-5355,-3998,-7617,467,-912,1718
15247,-3181,6077,-2671,-289,-218,1506
15248,2455,-1650,-7648,-634,708,311
15249,-6608,-1556,7931,582,-1225,1811
15250,5173,-290,4888,158,1327,-409
15251,5136,-629,-1244,1967,248,1661
15252,2288,-7330,-3777,1566,472,601
15253,1650,5943,-5887,-1085,-526,56
15254,-966,-2451,402,207,624,623
15255,-5327,620,-2364,-1441,-666,161
15256,4128,-6410,1140,514,1069,-1905
15257,-2005,3853,5649,193,-1437,-530
15258,-5050,1723,6606,-1843,-197,47
15259,-7086,-7632,2890,-1349,-772,-1579
15260,-6559,1579,-2622,528,828,-321
15261,1287,-6697,5866,1612,1789,1058
15262,-6161,5519,-3968,-943,-1178,-139
15263,7366,559,7961,-1889,800,732
15264,-6542,5537,-2021,-329,408,-1961
15265,3513,-185,-3470,507,1683,1192
15266,7050,-2430,-7212,1850,-1771,291
15267,6652,-101,-5812,-1144,-1826,-1263
15268,-2981,7385,-2244,-363,122,-130
15269,-2562,-7129,7212,857,1522,-1529
15270,-4269,-2433,5131,-651,-1603,-1806
15271,-3604,1793,7899,-1397,1877,1958
15272,2705,-6804,4996,546,667,387
15273,-3615,-4691,7679,1796,-908,-1465
15274,-1646,-1852,-7685,1991,-1678,-271
15275,-4921,-2936,-4833,1862,-1638,800
15276,981,-6633,6604,-1629,1644,-13
15277,1118,6172,5680,-675,-1923,-1760
15278,-4285,-1198,6555,-780,1979,1311
15279,-3681,561,1112,1103,-691,1976
15280,-5808,5985,6148,996,1609,245
15281,1582,4256,1447,1593,470,1809
15282,4247,2624,6964,1082,1541,796
15283,-1585,4974,2670,378,1236,-785
15284,2496,3835,-85,-1453,-13,1267
15285,-6142,7905,-2610,163,1757,-622
15286,-2603,-2527,5321,-1133,-207,-870
15287,-6442,3755,449,-1553,-234,-90
15288,-3618,-4840,-1773,-1639,-1844,-280
15289,6234,5466,6654,643,-196,1447
15290,-6976,67,5941,-1724,-1455,993
15291,840,-4832,6515,360,-1204,1775
15292,2920,-4399,-7119,-1116,619,-619
15293,3648,-4086,-4471,-234,-1642,-1177
15294,7185,-3531,-420,796,-1644,704
15295,-4477,-4797,6071,-664,1947,-911
15296,-7364,1906,7697,-289,495,820
15297,-6625,-4580,-4743,-1619,-1887,-493
15298,988,2481,-6785,-1721,-44,1279
15299,1485,-2279,341,-574,-165,106
15300,-3907,6548,6109,1546,1477,-1558
15301,3676,-3729,2422,655,696,1465
15302,-6613,-7709,5842,-1627,-395,1218
15303,-5255,4478,-6314,-1721,-1352,40
15304,4093,-2340,-4037,1988,-1960,-1731
15305,-4401,475,-3457,1539,-1907,-720
15306,3245,7407,7397,1869,-1669,-982
15307,-346,-4380,-4743,1108,1401,1467
15308,-2512,1480,7382,-361,-1139,227
15309,-4915,-480,-4271,-1543,1440,-1593
15310,7764,-3777,4122,-1246,-1907,-858
15311,-4676,-7780,2369,-1464,167,-83
15312,-3168,5359,1505,-1072,-275,360
15313,-2988,-6626,-1830,1900,-394,1847
15314,-124,-1880,-3306,-1125,-660,-1785
15315,3610,2681,1304,422,1908,485
15316,-4624,-7197,-970,1597,1070,161
15317,7677,-5918,-4575,-1023,-480,-1208
15318,-7895,-4847,-649,1223,1903,1173
15319,1968,-2654,3318,-764,-1391,1577
15320,-1027,2507,913,1513,-1782,1155
15321,7814,-1926,-2146,-1224,-760,719
15322,2944,-5920,-1830,152,-636,-602
15323,-5491,5848,-3917,370,109,887
15324,309,445,-197,1882,1865,743
15325,2629,-7748,7609,-1529,539,-861
15326,-7115,2010,-4295,-1997,1835,1574
15327,-1770,-3837,2314,-990,-399,59
15328,5889,7930,6065,-1363,298,562
15329,-6325,7408,6235,-1155,-1759,1639
15330,6122,7828,-7655,-63,1178,-806
15331,3513,-1011,-6698,-1657,-1396,-1365
15332,-626,-4011,4340,-1169,-1052,1577
15333,-897,-4531,2635,359,-1041,1340
15334,-2488,812,-2030,887,-1220,1300
15335,4496,-3976,-3911,-125,-1113,1307
15336,-4540,-956,7152,1163,-1036,-1928
15337,-6342,1534,7580,1155,-1028,-151
15338,-4315,-1082,-6093,-764,123,1584
15339,-4098,-5045,-6046,-862,50,661
15340,3529,-794,-6203,1037,1873,-864
15341,4186,767,-6903,1651,-1013,-71
15342,-7096,1914,170,1919,888,-565
15343,995,-2114,-4205,-1038,507,-80
15344,-6636,554,-5604,1793,-1282,1667
15345,3129,7104,-303,1579,1449,465
15346,3026,-1555,1843,825,-48,-1347
15347,-7366,-1379,-3243,235,603,-468
15348,-5767,-5450,6806,955,1552,-979
15349,-7412,-3292,5144,-172,1987,-1620
15350,-6175,3064,1919,-131,-1800,1632
15351,-5000,7536,7896,-799,-583,685
15352,-5621,7295,70,515,-1813,1122
15353,4197,3625,102,1036,-978,1649
15354,129,2249,2441,-95,1046,1812
15355,-4007,-3280,5406,1306,-1594,-923
15356,5842,-6785,-6686,-857,394,442
15357,2998,-6607,-4826,1556,60,-1657
15358,-6205,-1684,3973,-221,-503,-1761
15359,253,-6925,6713,1747,680,-1369
15360,-813,-6368,-1601,1238,360,-138
15361,-2760,-2992,-1140,-17,-493,34
15362,5572,-2580,4144,-1952,1663,-46
15363,-1231,-4897,-500,1458,-706,-1277
15364,3234,1113,-6318,-1842,-607,513
15365,1889,-655,14,-364,562,646
15366,584,7965,-2809,-1868,-1955,-1713
15367,3472,1473,-7380,1225,1953,-1475
15368,-6793,-5750,3909,-1902,-1612,-1492
15369,-6586,6211,7537,153,812,1483
15370,6382,6245,4070,1808,729,-1436
15371,1173,-7099,5672,-1322,-1137,685
15372,1933,671,2154,119,-50,-376
15373,7220,-7936,-2328,1970,975,-43
15374,3444,5200,-4141,-1247,1890,-1550
15375,-1643,5914,3489,1232,-1291,-1869
15376,4584,-1172,6448,-828,-1896,-875
15377,4444,6073,854,964,-887,974
15378,3861,4104,-208,17,974,-43
15379,-2906,940,-7294,564,-70,748
15380,-862,-806,588,1638,489,-629
15381,95,-7552,6518,1014,-89,-819
15382,-708,301,7679,-269,1960,-1444
15383,-369,6448,-1271,1844,747,1602
15384,5873,-4382,4066,-167,-131,1746
15385,-4268,-1358,4822,877,901,1967
15386,3709,-6697,-2124,1329,1682,1947
15387,-4675,-2396,-69,1722,-575,-1962
15388,7769,4786,-172,-1686,297,-519
15389,2681,2954,-3678,-1034,-1129,8
15390,2851,-6495,3636,908,422,-1172
15391,-2749,-7463,3711,-491,-424,1963
15392,-5582,-6291,-1081,-307,-430,-192
15393,-1223,83,-6185,-611,1802,1892
15394,2318,4733,2601,1380,-58,-319
15395,-2009,4749,-3560,-1214,1532,39
15396,1459,4980,-7970,1902,-1558,-102
15397,582,-2650,5948,-49,-49,1805
15398,-4352,423,1486,1983,1617,-1925
15399,-4145,5385,-549,821,366,227
15400,-7665,891,871,1367,-1155,-670
15401,1032,-3000,-2890,847,298,605
15402,1535,2827,-4090,480,-85,1739
15403,-6818,-919,2066,513,1567,310
15404,1162,-5233,7279,197,-1064,596
15405,-6662,2599,5866,648,310,-466
15406,3898,433,2943,-526,-915,1902
15407,-1476,920,-3186,-639,1665,-582
15408,-3584,7996,3436,-950,-340,398
15409,6289,-7898,-3830,-705,-1646,-1187
15410,-1722,-3322,-1944,1310,-892,69
15411,-3849,-3973,7305,1260,-829,-164
15412,7216,2066,-3033,1186,-71,-1499
15413,-2232,7015,4137,-1780,1647,1323
15414,7950,-2336,-1558,977,437,355
15415,4243,1834,-1692,1939,688,-1554
15416,-5080,6160,7062,1974,1166,-733
15417,-6315,-4892,2158,1304,413,1522
15418,2532,-4113,6191,265,923,1299
15419,172,-7791,-3307,-128,440,569
15420,-310,4646,4025,-185,-1511,-553
15421,-6051,-2690,6435,-263,-176,557
15422,-2657,372,6540,-149,-284,1600
15423,3086,-3171,6832,-1091,649,-1195
15424,4639,-6624,5059,1439,-1786,-408
15425,-2420,909,-6674,565,1726,1593
15426,893,-6569,-2077,1093,567,1249
15427,-2,-425,-6132,-221,-1295,-1620
15428,-6695,5808,7118,-554,-1830,-1962
15429,-1773,-6744,-7205,-543,1538,169
15430,-4208,-722,-2024,-1123,481,602
15431,-3239,4126,-3053,1966,-234,1918
15432,7284,95,-595,261,722,-619
15433,2461,-1273,-2105,1668,-840,-92
15434,-634,2077,4302,1204,-128,-1122
15435,5885,-5937,393,1553,-1217,1760
15436,4692,4821,4371,-933,-1713,1838
15437,3926,-1410,4846,-600,173,1838
15438,769,6003,879,-262,-216,1666
15439,5490,1091,-4563,1177,-928,-172
15440,-1185,5497,-7640,-69,1131,-982
15441,-3210,-3244,2133,776,814,-1712
15442,-2203,-4631,2080,1337,319,-899
15443,-429,3062,-2127,-1692,705,-362
15444,1263,3927,6197,-1004,1495,571
15445,2885,5380,-4012,-1582,-1223,771
15446,-3043,-3563,5048,-117,107,824
15447,-1843,-6748,-4165,-1244,-1928,829
15448,-6529,-5757,3582,1831,1311,1710
15449,-4564,7789,-6100,1188,-921,-1423
15450,3683,7404,-7487,-64,1082,-687
15451,-1660,3187,1046,599,-661,1770
15452,2880,3621,5530,-773,360,1189
15453,4457,4721,162,-1980,-1756,-1336
15454,6928,2746,5440,-1543,1051,208
15455,-7169,4486,3016,445,-1105,-505
15456,1770,76,949,-390,547,-591
15457,-3080,-4008,13,-896,812,-1112
15458,735,-2239,3224,-90,827,-1648
15459,-116,-1850,871,247,127,-558
15460,3536,3748,6604,-875,-1725,729
15461,6214,-2667,4896,130,116,-1574
15462,7872,7726,1362,-878,1082,-519
15463,-3336,-5050,-150,-450,-497,-1293
15464,3367,667,7401,525,-916,-147
15465,-5149,-3437,-738,664,1957,299
15466,-541,-927,-7446,1157,1168,198
15467,-2596,-5016,3052,461,1982,409
15468,-1409,-4689,-4025,-163,161,-753
15469,-1941,-1326,-7165,462,-1856,185
15470,-2270,2587,2600,-574,695,-112
15471,-4710,-2359,7302,1585,1781,-748
15472,-6554,-3736,1799,117,106,-1267
15473,-6061,-2996,6986,925,661,-1572
15474,4237,-269,-4652,-206,-587,-765
15475,-3232,-2641,-702,-1185,1104,240
15476,3198,5412,-3953,-210,-1348,1694
15477,1454,2142,-4328,620,-1937,-108
15478,232,2355,1460,-1383,-715,754
15479,-2208,-4803,-4499,-376,-286,634
15480,5341,7265,-4975,-113,783,-369
15481,996,-2931,4019,-179,-210,1712
15482,-6143,-503,-3656,-1749,-387,838
15483,2210,-3938,3929,-1829,-542,757
15484,2962,1064,1613,523,631,1090
15485,-4385,-3750,-6237,1278,1780,-999
15486,5973,-7164,-7984,-321,654,588
15487,7018,1979,-2603,-1690,1471,779
15488,6626,-2411,-5294,-1879,723,1573
15489,3713,-7956,-885,499,1617,1329
15490,1972,4786,2046,76,-1753,1432
15491,-4445,-2620,-7431,1893,183,-1263
15492,1632,4600,-68,1942,410,-1112
15493,3308,-1785,-6945,853,1147,-965
15494,-5817,7770,-648,-522,1040,-1392
15495,3754,315,2547,-1716,-1683,1217
15496,-4575,2181,-5734,1167,-870,538
15497,-7421,-5173,-3755,-9,540,-1316
15498,-6612,1721,6908,946,-120,-365
15499,4272,5598,2280,1189,1632,1525
15500,1034,-6354,7091,1075,1309,-1865
15501,-4214,2709,1771,-1090,197,-1637
15502,-447,-3869,-4434,-1355,-1926,223
15503,-3965,-6614,3658,1024,-394,1606
15504,358,172,7489,132,-545,364
15505,-7831,-5509,-4469,-1358,-1194,-1219
15506,6794,2288,6942,-1859,-597,80
15507,-2261,5377,693,1946,529,-1680
15508,2805,2467,-5659,-492,1142,-1748
15509,-2790,7065,-5747,1415,942,1061
15510,-7080,-6225,-3556,1728,-1031,1029
15511,2586,-4999,-7354,-634,233,1228
15512,597,2734,6519,-621,1443,1532
15513,-725,-4047,3101,-772,-1413,-624
15514,-982,-3789,-1569,-1749,1810,-1408
15515,-2708,-751,-5976,1723,1398,1931
15516,-7654,7066,-4573,514,-350,1545
15517,1464,5927,-1262,-1023,-1248,1235
15518,-6073,4654,667,661,1655,1068
15519,-7052,2712,-6625,-746,1378,1063
15520,5967,4352,1233,1226,1154,1153
15521,-184,-2441,6695,-903,-1317,629
15522,6684,7898,6168,1246,-916,-1206
15523,-5767,-4264,3452,-139,-1727,965
15524,-4898,-1469,-3205,-1435,1499,1891
15525,-6062,-3269,4799,-1950,-865,106
15526,7472,3532,-2689,1125,-1495,-1809
15527,2558,-5599,-3878,-7,1333,1568
15528,637,1869,-3317,-190,10,-711
15529,-6004,833,-230,60,824,1127
15530,-1458,609,523,835,-1939,1260
15531,3081,-7760,-6190,744,675,-1873
15532,3177,-7174,-2282,-585,-1249,-587
15533,-3454,-3377,-5607,261,1276,1607
15534,2848,4270,-123,-932,-740,396
15535,-6619,7437,-7767,1405,17,576
15536,-3135,2357,3613,1235,-1653,-1252
15537,-510,-902,6497,-1185,1291,-333
15538,-4387,5545,5751,-828,-1130,828
15539,-1230,-3449,6662,-844,1521,1421
15540,1303,7105,-2087,-575,-1362,-961
15541,3363,288,1330,-890,1723,-1220
15542,7015,-5410,-2911,828,449,-533
15543,4405,-5266,5168,670,-1208,364
15544,2493,4485,1862,466,1830,-1537
15545,-5843,-6833,3619,1060,1305,-1426
15546,4682,6325,-1667,1527,1908,-1704
15547,-4357,-1894,5027,1279,1765,1849
15548,376,4377,2971,-448,1623,1889
15549,-6755,7160,-5445,1164,1666,-811
15550,1000,-686,6279,1953,97,-1432
15551,1561,6704,-5931,571,-177,403
15552,-4942,7945,6619,1542,138,97
15553,-1051,-3979,7211,-1678,-1939,1179
15554,7796,5516,-4536,-1796,-729,-1696
15555,-2311,2122,6535,-1031,21,931
15556,194,1255,-4912,-828,-942,-408
15557,6729,7455,-6556,-442,1445,900
15558,3279,7924,-2001,-1847,862,621
15559,-6753,4583,-2194,-186,1344,874
15560,4080,-468,-5502,-1877,553,-481
15561,-6089,-1586,3878,349,-1124,-977
15562,7390,2318,-891,-902,-586,571
15563,-1645,-4943,6757,-1623,-1422,-289
15564,-518,3157,-1755,763,-810,-1103
15565,-3920,6333,6399,-304,-1624,-1632
15566,-6229,6900,-5507,-620,-1251,813
15567,-5607,6410,3988,449,1463,72
15568,-5627,-5219,-6628,-1117,-516,-1851
15569,-4304,-7963,864,871,-1753,-72
15570,-317,2322,-4621,152,-1338,-1203
15571,-540,815,-3265,-422,-256,1501
15572,-2398,7285,-2045,-1470,1198,1335
15573,-383,3214,1812,225,-935,-964
15574,4720,-4781,-5058,-623,1197,-123
15575,-7050,430,-6322,-122,826,62
15576,2408,2188,3555,-331,-928,-1460
15577,6065,5993,-3072,-1754,344,366
15578,-7310,3411,1492,1281,1354,-677
15579,4020,-231,539,1150,-803,464
15580,4291,-4922,2274,-746,-335,69
15581,-629,-6172,-4812,238,-594,-27
15582,-7456,-7369,-1693,756,106,115
15583,-658,6160,-375,-1865,1147,1567
15584,-7509,7254,-7481,552,1297,-735
15585,2393,-5868,-6669,-1367,1280,1592
15586,203,-6084,6861,-1597,-1812,248
15587,-1589,419,-6445,1554,1013,-1785
15588,-4150,-4711,-6596,540,896,-1149
15589,4901,2254,-3612,691,-1284,-219
15590,7917,7631,7272,289,1586,135
15591,1892,-6397,2860,-852,593,285
15592,-921,-6572,-3511,-1975,-307,-1936
15593,-688,-3084,-3422,902,761,-226
15594,3077,-540,815,1998,-460,-429
15595,2769,4910,3183,-1429,493,-1647
15596,-864,-7626,5895,1509,-512,-1485
15597,2145,-857,4531,-456,-1301,-1248
15598,3432,-2760,-6948,-1295,82,1503
15599,-1359,5805,3987,429,-865,74
15600,7236,4431,-3362,-280,1482,-356
15601,2721,2821,-2548,-475,694,816
15602,-3858,4939,1355,780,-1430,-1002
15603,-2835,4514,1551,483,-214,1559
15604,6250,-6876,-6037,-1426,1824,-322
15605,448,-2480,-5660,-1599,-803,1327
15606,-3691,6531,-7999,974,1100,-1453
15607,5782,4823,7900,1953,376,1827
15608,7055,-4478,4196,1919,-1451,603
15609,-3450,-1900,-4241,-1121,-597,1826
15610,-7548,5767,-7426,-1598,-1611,-349
15611,6751,-1897,7007,-251,-1366,1855
15612,-2857,2068,-7567,899,1228,-1554
15613,6701,1164,6426,178,1858,-798
15614,-6853,-7976,4060,-1319,-407,-1741
15615,1669,-3780,-2938,365,-431,1902
15616,1885,1151,-7099,-7,657,-1986
15617,-7619,-2501,1001,-1370,142,1381
15618,3173,4569,1189,1075,506,409
15619,6718,4729,2107,-512,702,774
15620,6601,-6055,-7839,1492,-1342,-324
15621,-1533,-1731,1117,-226,1723,-1366
15622,-3648,-1652,7514,-1815,1852,-1077
15623,1143,-773,-2088,-1232,-1958,1066
15624,6865,-2159,149,321,-197,1925
15625,1127,7025,79,1914,-1330,915
15626,4029,-2494,1160,-1324,1877,1748
15627,-3249,158,-4785,30,146,-223
15628,3755,-2108,7682,1973,-221,1261
15629,1905,7298,-7833,1703,956,611
15630,6393,5478,-5242,-1961,1165,950
15631,-6028,4208,4516,878,1052,330
15632,1098,503,887,18,1966,-1721
15633,2425,5322,2872,-1328,635,-406
15634,-6513,-6746,-7692,-145,440,420
15635,5766,615,-3569,-1314,1649,836
15636,-4564,-3699,7990,-325,704,1149
15637,4690,3798,7227,306,1224,678
15638,7491,-7888,6791,-1864,496,-1914
15639,4490,429,-7462,1024,-65,720
15640,5303,-6410,699,-1383,-1080,555
15641,-2239,527,722,270,-548,450
15642,-1243,3732,-2680,724,-1585,846
15643,-5881,-7952,1426,1146,-733,-137
15644,-3707,-7551,-7848,-1065,-1931,1830
15645,-1043,2973,-2852,1215,-1291,-1435
15646,-1266,7104,6917,-775,1982,-17
15647,2744,6400,4924,716,1833,1443
15648,7251,7297,6607,1355,-1474,1796
15649,4715,-4721,-6311,321,1544,280
15650,-1496,651,-6637,-657,774,836
15651,-1840,3358,7431,-477,-1956,1663
15652,5259,-3550,-1919,322,810,338
15653,-2598,-4082,-7608,1080,-147,1068
15654,6661,-1823,-2919,1688,-1308,1863
15655,-4007,-7233,-2328,-206,-239,1905
15656,6476,-1575,-3783,1095,1239,-512
15657,-5036,-2949,-2808,1828,1966,1543
15658,-7740,3942,-7957,-324,-1078,-416
15659,-7670,2354,5398,339,-1122,817
15660,-1477,6907,7361,1099,46,-1339
15661,2058,-2785,-2987,-691,-1982,1
15662,48,4485,3685,-515,-1861,-1332
15663,-980,7397,2179,1648,1140,1882
15664,-678,-6861,3481,-1657,-1739,538
15665,-5779,-2895,1064,-1827,1250,1725
15666,4425,5557,-7144,1747,490,-586
15667,-4101,1841,2544,-592,-81,-773
15668,5250,-5415,-4510,-140,594,-121
15669,387,-4418,-5537,-1147,-1328,1415
15670,-6299,-3944,-1758,475,-234,931
15671,4567,5940,6585,-358,-1225,-1208
15672,7304,1287,-443,-582,1466,-1406
15673,-7028,-1061,-2024,-481,-130,-1704
15674,-1477,-7694,-6093,-778,-1904,-1214
15675,-816,-2879,1854,-577,-1604,-1029
15676,5133,2981,-3415,968,-1825,-1644
15677,-6526,5379,3368,-509,127,224
15678,-2082,-2050,205,1562,491,548
15679,-3965,3592,332,-1800,1151,226
15680,-4761,-6174,-7610,-1758,-1829,1891
15681,-808,5950,5437,703,1150,1226
15682,1357,-371,4937,-608,422,-185
15683,7803,6199,748,33,1492,-876
15684,-3995,4324,3336,-619,812,-178
15685,6011,-2177,-1803,-778,1898,396
15686,4225,-619,-5419,247,-1762,-1587
15687,7058,6248,207,1045,-678,-708
15688,1726,2213,626,90,1936,-283
15689,-6006,1147,4837,1527,-1035,-1896
15690,-383,7063,-7479,1857,-1283,838
15691,-4921,6902,7612,453,-1767,1915
15692,-820,4400,6312,-1119,-766,1744
15693,6263,-5672,-3313,-427,-570,1185
15694,1420,3787,-2706,-1652,1397,-310
15695,-1100,-3439,-5322,-1282,-1353,48
15696,-6593,1946,-7793,-464,1754,-567
15697,-4348,-5340,3444,1638,-474,841
15698,7508,1336,5774,60,-785,-632
15699,1316,-964,-7667,-1748,1658,671
15700,7448,-1168,-6933,1377,-770,618
15701,5110,-7859,3579,-1545,-1893,-748
15702,6322,7721,-3730,-109,1061,-5
15703,-1659,2084,2772,1158,-560,-1433
15704,-7,5305,6483,-1929,-1902,1860
15705,-6169,2091,-4583,-1108,-207,-125
15706,-2351,3641,-1576,-1273,-1511,-919
15707,6834,-4285,1131,1537,235,-1596
15708,3568,3478,-5483,-1679,-235,-1089
15709,-3566,-3655,41,633,-1390,-631
15710,-7262,1007,1397,1093,1839,-1794
15711,-7119,4047,-1446,210,-156,-585
15712,-7328,3021,-4034,-1043,-131,-173
15713,4188,-1027,3568,535,233,561
15714,-6379,-7987,-5937,-1222,1356,765
15715,4834,-5345,-7688,-1431,1462,-1109
15716,-2053,-4191,-547,-463,-1155,1506
15717,-6797,3904,4795,885,1848,-1147
15718,1542,-7540,-3993,-1880,-1568,161
15719,-3007,7763,4563,-190,957,-849
15720,-6984,2773,-1641,-1117,-1566,-1685
15721,-6445,-4958,3646,-962,686,959
15722,-3907,2198,142,-406,1268,-865
15723,-3867,2511,-7455,1460,1,482
15724,4241,-7731,-2833,1547,-1051,1580
15725,7622,5348,7227,815,1811,1546
15726,-6945,-2782,-5026,-1709,-1386,-74
15727,-6022,-1726,-3449,-275,1335,1913
15728,-1926,-4624,-4609,1988,-451,-93
15729,-1157,3257,2490,104,698,-626
15730,6520,-564,1520,711,-285,-1428
15731,-6106,-682,6541,912,-735,-472
15732,-1849,-5451,7821,389,1420,-932
15733,6105,4353,-4407,117,1002,705
15734,-5160,-1908,1859,-1555,108,-289
15735,-3734,-2005,299,816,-140,859
15736,-6894,7667,6960,1073,-446,164
15737,-427,4189,-2275,1641,-1723,-777
15738,-2283,-6250,-5268,1761,1488,-1774
15739,-5014,-3325,4301,-760,-755,-395
15740,-2478,-5948,4647,1925,-1034,-1189
15741,1487,-3207,2127,-447,233,-1016
15742,-3839,-275,-5559,830,-1149,-1050
15743,-6041,-6565,-1925,384,399,-483
15744,-184,-3007,6810,-21,126,99
15745,-1144,2705,-7505,1125,1993,723
15746,-5208,-7140,-2736,-1099,1270,-352
15747,-6151,6807,-1662,-903,1212,974
15748,1953,-185,1498,492,1110,1332
15749,2420,1866,742,1442,1933,-1534
15750,-3804,3666,7353,-1039,123,-296
15751,-5797,-402,-3990,1576,1073,-1785
15752,7826,-3618,4831,-491,1189,-766
15753,1353,-3463,-2653,1095,998,-650
15754,-1324,-2017,-2469,440,302,603
15755,1089,187,-2702,491,1579,-516
15756,2798,-5874,-4416,1287,-305,-1479
15757,-612,-6157,4765,-447,-662,1273
15758,-6994,-3812,-7497,-1032,-379,-1153
15759,-1914,5479,3264,1988,-1770,-987
15760,-2526,2942,-3861,911,-593,1383
15761,-6404,-3066,7312,-1108,-1144,-305
15762,3728,-7565,-7178,-13,1378,-1462
15763,5169,-965,910,-1874,-524,-1791
15764,-5830,2523,873,954,-1510,-1039
15765,-2313,3698,776,1764,-1973,-16
15766,6984,-2589,6526,1665,956,1353
15767,-1299,6463,7499,1470,-191,1430
15768,-984,-3086,2711,1243,588,45
15769,2113,4403,1326,169,58,-768
15770,5961,-4785,3295,-1430,-937,550
15771,-5771,-5182,-769,1228,834,15
15772,-3597,-5835,-3478,-1251,1554,-1981
15773,4337,6971,-7990,-1054,-961,-1561
15774,1845,7017,3635,-863,384,-278
15775,3117,-4067,580,314,-900,350
15776,-3824,6756,2099,-155,-903,-876
15777,1629,-6922,3399,-446,-551,-1217
15778,6153,3269,-1666,491,1223,-930
15779,-618,-3911,1397,1423,-1148,186
15780,-7070,4845,-6673,-594,907,-441
15781,-3178,4770,3354,614,-14,-1804
15782,-1597,46,-7348,793,-153,737
15783,-6881,1827,-5909,-417,-1003,1747
15784,-680,-6555,-3811,-1372,709,1881
15785,-2822,-93,-3973,-155,-1119,-1186
15786,4607,-7356,86,1594,-1772,913
15787,3076,76,-4014,31,1071,295
15788,2505,4729,-7852,-1313,835,-45
15789,-3989,-5790,1688,1469,83,-379
15790,1057,7994,-1131,1347,284,-1944
15791,-6524,2784,-2684,-956,-1163,923
15792,282,-65,-2685,-1565,1479,-1642
15793,-4707,656,-1986,178,1016,-467
15794,-684,-2921,-4021,-553,1309,1902
15795,7750,7251,-3534,1064,1844,461
15796,7743,1090,4615,756,335,-839
15797,-3193,-1757,-1295,203,-1449,-221
15798,-243,-5607,2207,-445,1177,1226
15799,2469,-6701,2570,-1967,1567,40
15800,-2646,-4838,-804,-1240,1675,-253
15801,3834,-1131,1776,274,1164,1019
15802,1295,-3630,415,1114,-1160,1252
15803,6927,-86,4055,-165,-1925,1194
15804,4785,5720,-6452,643,1410,-657
15805,2426,-7767,4389,-399,1786,209
15806,-2776,1210,-5641,-1017,1987,1826
15807,6391,-3304,-5581,-751,-1457,410
15808,7208,-2448,-5940,-1550,-1071,1247
15809,-2531,5559,-5959,-565,-1725,1385
15810,5308,2683,-6284,-1572,465,964
15811,2448,-3661,71,1375,-1849,-394
15812,7054,-6471,4269,-502,-288,526
15813,-5626,-3023,-2302,-157,1163,1369
15814,-3529,-5054,-5959,1847,1907,-1320
15815,7084,-3135,5421,-463,489,-1587
15816,5917,2011,7665,-1383,-858,1010
15817,-7357,3994,-5644,1258,1628,1356
15818,-1367,3026,1281,-438,1940,1422
15819,5412,5100,-5255,590,688,1867
15820,3470,7266,6540,1296,1090,-1747
15821,-176,-861,3294,-1297,472,-674
15822,958,1658,5429,1514,159,-1948
15823,-4591,757,2348,-1926,-1281,693
15824,5844,-6911,6336,1769,-1396,-1262
15825,-4598,-4319,7481,463,-1308,-947
15826,4998,-2285,-4703,-1753,-101,-13
15827,7884,-702,-3093,-513,-1617,1488
15828,7430,-1321,5656,-1921,1851,1084
15829,6638,-723,-4967,594,-1329,1478
15830,2299,-1981,6102,-1497,1204,562
15831,531,407,-7332,1883,-692,-636
15832,933,3881,-7562,1118,-1817,-28
15833,5416,-6769,-3045,-1651,-1132,1039
15834,969,-3345,4879,-713,558,239
15835,3413,-1839,-1761,1359,-1084,-1806
15836,2479,54,758,346,1472,524
15837,1891,-5423,-4921,1956,1787,-1916
15838,4600,587,-6534,-97,-1305,-827
15839,3234,-4621,-5046,1163,36,1373
15840,7298,-4304,-74,-153,807,1653
15841,7542,4012,-7927,1455,1734,-448
15842,1910,-6917,-861,-446,940,595
15843,3185,4234,-2785,-571,-542,1616
15844,-1570,3402,7200,1624,-1824,542
15845,-7273,-4928,-495,-1681,-1570,875
15846,3769,4791,-4837,-366,-11,805
15847,-7053,-2150,7774,623,1946,485
15848,2421,790,-7316,-276,1572,-376
15849,1358,-5480,-5407,146,-1745,629
15850,207,-5667,-84,-1033,800,1007
15851,3310,5862,5157,1427,-1019,-349
15852,4363,5028,4268,1519,-317,19
15853,-2648,516,-1649,-184,-1082,1139
15854,2095,-3245,3486,137,-486,-385
15855,7034,6639,-4025,1760,-104,-1848
15856,5869,-5163,-4562,1566,1371,1070
15857,7200,-6630,-6963,231,-396,1156
15858,7633,-6152,-2250,1973,886,-231
15859,1483,5988,-5870,440,1530,-576
15860,6121,2166,-3233,-636,-1074,876
15861,2843,1246,-6603,1967,1552,1686
15862,-3523,-4418,5376,-1915,1061,-921
15863,6961,-913,6141,-274,-63,-106
15864,516,-439,4051,-1319,1625,805
15865,-4345,7456,-2440,-1730,844,-1241
15866,1697,-3978,3939,-1337,-288,1679
15867,5167,1955,-86,1375,-1284,919
15868,-3780,-831,7329,-30,1409,-1761
15869,-5696,-932,-2599,-544,751,-620
15870,-4155,4782,-3568,-403,774,-924
15871,-1981,2633,-6501,1305,1345,-1146
15872,-3991,-1967,-4226,220,-586,-172
15873,3953,-5220,6554,-15,-1970,-474
15874,-2972,1871,-2710,-1849,-64,-1534
15875,3172,-6652,-4655,-1008,1884,-1185
15876,855,7254,2706,-651,-472,-1589
15877,-7880,7734,534,-954,-1606,-618
15878,3485,133,-5935,1164,-68,-1908
15879,-2195,-453,-6692,729,588,89
15880,4018,-7907,4789,335,1050,1532
15881,-5865,5544,7197,-993,1194,-298
15882,1884,-1534,-4267,-1268,-1694,-1412
15883,7000,-6913,-4173,-140,702,1641
15884,6175,-2294,-6347,-240,-1417,1387
15885,-2995,-6314,274,1094,209,1926
15886,5738,3983,981,693,1644,583
15887,6343,5417,-6869,1471,-1732,1328
15888,-5379,-7258,-914,-1346,358,1034
15889,7210,-3202,6392,755,-602,1198
15890,1932,837,5357,1956,-370,1300
15891,7576,6879,-1783,-465,-1050,728
15892,-7373,-5034,307,911,-1079,886
15893,2894,3854,-3239,1122,-1031,-53
15894,-4638,6560,1458,139,-292,1501
15895,-3582,-6245,1722,1998,-842,-1292
15896,-5012,3574,-7662,1413,669,-590
15897,4255,-4457,-2178,-1256,1269,1058
15898,434,-4095,-5788,-1357,810,-1066
15899,313,-2889,-5187,-1218,-1822,1427
15900,-302,7611,3094,92,-609,1979
15901,7509,-3053,-2936,-224,536,1737
15902,-5330,-4810,1517,1236,19,-778
15903,6881,863,-2988,1621,-50,860
15904,-1713,-3953,3879,-956,-1736,1504
15905,-5366,-489,4915,-1500,-1576,-519
15906,-5048,-442,-3809,-485,723,324
15907,-333,1973,-4125,1084,1203,1901
15908,-1544,-511,3231,-931,-1265,-445
15909,3233,597,-6050,1149,1436,1281
15910,7380,-4006,-7338,-454,-1067,-434
15911,-1121,-1398,-4726,-1534,-461,581
15912,7063,-5555,-4534,-1460,-1767,1808
15913,7347,1171,-3709,-370,1961,1662
15914,7679,5675,6437,1253,272,1817
15915,6459,-2716,-1005,1773,-1468,-312
15916,24,1650,-5511,-250,179,861
15917,1723,3881,-7308,118,7,-123
15918,6038,-7519,-5509,-107,-939,-1227
15919,-6563,3440,-7337,761,-364,-181
15920,-7001,3406,410,1663,819,-906
15921,2609,-1452,4253,1995,171,342
15922,-1572,3074,4982,495,1175,-1033
15923,-6388,6965,7384,-1600,128,599
15924,-446,-1773,-499,1725,302,-368
15925,-3051,-1445,-3597,-933,-407,1860
15926,1262,-2217,3017,-249,-1110,295
15927,-5472,-2230,3536,344,-1092,1070
15928,-7137,5597,-4940,-1122,658,-834
15929,2211,-3426,-3980,-409,1096,-182
15930,5944,-7823,-4555,85,55,1286
15931,2638,2806,-436,224,112,1550
15932,-2230,6927,7858,-804,-909,-870
15933,4875,-5790,-4819,-1333,1408,-746
15934,1996,-7242,5035,1294,-1538,-1057
15935,2178,-2611,-6399,491,921,1197
15936,7158,761,-1381,-460,-1287,-552
15937,4624,5346,3570,1835,126,546
15938,-6972,6602,7161,634,1982,1907
15939,-1756,3305,173,1703,-1267,124
15940,-951,3683,-1856,-793,979,235
15941,-1095,-4719,740,-395,-1670,205
15942,-1678,6730,-6036,375,-1614,272
15943,5362,-2446,2791,1299,-1258,456
15944,-7543,6236,1097,-1738,184,-1699
15945,-784,-7785,4850,1199,950,-1163
15946,-2316,7203,-618,-389,1296,425
15947,-2558,-2398,4638,1602,-799,-1734
15948,6216,6622,-7710,1097,-670,811
15949,-5818,-2391,-6356,-1718,-1652,1722
15950,-5549,-2713,1955,1961,-1142,-1578
15951,2153,-1636,-5921,-565,1874,562
15952,-5855,-775,547,1629,1328,-157
15953,2945,-3892,425,1298,1695,-1079
15954,2521,6375,-7101,210,965,1121
15955,-1968,7058,-4796,169,9,-1435
15956,-3354,326,-4855,-323,-157,-262
15957,-4599,1015,-4093,-545,-1641,1394
15958,-5472,-2452,6332,-1086,-1415,545
15959,6928,-5786,6086,725,1332,-1123
15960,-6239,-6295,7678,622,-524,1120
15961,-5716,-859,-2069,-705,196,-1150
15962,-7801,-7038,5289,-1019,-1171,-252
15963,1743,2327,-6727,132,894,1900
15964,1558,-3826,7755,228,-1426,-946
15965,6265,-753,-4764,-1623,680,-1704
15966,-7833,-1826,2610,-1033,483,-400
15967,-6373,-3709,5558,-1951,-186,1672
15968,-6139,-1854,-1121,1428,-327,1890
15969,5146,-4049,-2697,1528,-223,1340
15970,-1400,918,-5348,1720,831,-978
15971,6505,3015,2058,1083,734,434
15972,-517,-771,-6078,1991,1009,964
15973,-5194,-6363,1698,1906,441,1396
15974,2273,5107,5746,1716,1490,-1173
15975,-5118,1884,-1024,974,-525,1897
15976,407,568,1626,-1334,-1108,1486
15977,-6058,-5393,-5335,-1840,-1924,1925
15978,5108,-5963,5768,1312,-259,1874
15979,932,-1767,-47,-1089,271,1174
15980,-2416,5877,1989,-866,-876,-1273
15981,4336,3494,3671,513,-308,233
15982,-2844,-2886,-1395,373,1896,1095
15983,-1223,4880,6181,-1672,738,-1311
15984,-4220,6699,-3758,780,-121,-543
15985,1669,226,6831,-1703,772,-89
15986,-2861,-4660,903,-277,158,200
15987,-425,2794,-4056,-807,250,-1800
15988,-2533,2272,3716,-1717,-292,885
15989,3909,5816,-2769,922,-1634,-32
15990,3595,-5052,-305,1354,950,-839
15991,-2058,7231,-3424,151,906,866
15992,-1480,231,4796,1368,-327,574
15993,1001,-6291,5596,1488,1923,1047
15994,-7889,-5675,-5481,1841,1527,-38
15995,-4688,-1983,-7543,1858,1227,524
15996,-3771,-4940,5584,725,-1665,1227
15997,-2177,7083,-2491,462,-1285,993
15998,-2175,-5047,-1871,277,-233,-1657
15999,-4481,40,6530,1111,-1117,-145
16000,3064,6363,6874,-476,-248,-1170
16001,-7090,-7388,-3889,1545,-1959,1171
16002,3154,6340,-5466,-1621,697,-1182
16003,5887,-2516,-6783,-1348,1977,-1618
16004,-5318,-1205,821,592,712,-1836
16005,-5583,1300,6414,788,638,1098
16006,-7529,957,-2667,1897,83,-171
16007,2517,5850,-3110,-1091,1966,304
16008,5142,-3267,3660,-1341,-375,967
16009,-2788,-7787,1718,518,-1979,1660
16010,-6671,1310,6408,89,-724,982
16011,-1491,-4472,-3304,-1015,632,498
16012,-2680,1952,7398,1244,960,1959
16013,822,-1731,6514,603,1024,-214
16014,-1130,-101,-6586,-360,-1088,-1029
16015,-2465,1585,4127,-1025,1714,1618
16016,3775,-2093,-4352,1254,-1446,-719
16017,2624,-2919,-3911,157,-1664,981
16018,-7082,-4869,-6569,1328,-620,-1827
16019,7659,1572,-1796,-1394,-642,1944
16020,-3967,4023,-2297,613,-596,328
16021,-5658,5217,5236,1416,-368,-1670
16022,2155,7001,-7257,812,-584,-1797
16023,-5177,-857,7240,-1595,348,-1248
16024,-3143,-7094,4897,-1377,-175,-630
16025,4543,-7241,4722,-927,-212,-987
16026,-2685,-800,-1371,-1440,-172,-1460
16027,6693,5420,6055,1830,-1086,1930
16028,5289,-4659,5723,-155,1556,-509
16029,-2263,-5762,1399,-522,240,-208
16030,-4593,166,-7035,-1132,702,606
16031,-6227,1994,895,1052,1998,1883
16032,-6497,-2691,2923,-766,821,1891
16033,-3226,-4043,-7382,359,1593,-1444
16034,4031,-1827,3939,298,-1233,669
16035,-1621,330,-7108,284,-836,941
16036,3370,3091,-7070,-1133,-298,1422
16037,-6859,-2706,5452,-1162,365,1207
16038,-151,-1886,6479,874,-463,431
16039,-4511,-5048,-2841,986,649,-164
16040,-538,-6300,2318,-911,-253,-1327
16041,-1930,304,-3093,-1409,-1968,-543
16042,3721,1199,-6873,227,-1288,758
16043,7516,-4980,7618,-585,-1289,-1144
16044,-5862,7592,-6920,-684,-864,92
16045,5861,2766,3480,1080,1448,135
16046,4453,-316,-990,1270,1476,-316
16047,1512,3548,497,-1871,1950,-520
16048,1846,572,-206,1330,1832,-1332
16049,2598,-6784,269,-1266,-211,1006
16050,1605,3385,-7616,-1162,-1037,-1617
16051,3536,-7430,-7739,1571,1667,1692
16052,-3148,3260,4357,79,48,-947
16053,-5778,-4878,-5768,575,-334,1663
16054,-1244,4780,-5137,719,596,434
16055,-4525,6986,-848,-982,1032,-402
16056,-1395,3653,6303,1329,-1242,1360
16057,3598,-2563,-3063,-1963,-244,-848
16058,-1455,1068,6562,1791,-990,456
16059,5679,5944,7938,1163,49,-1328
16060,6900,-6147,4985,-264,-309,-1494
16061,-5358,1974,4150,1788,-1046,1126
16062,-3637,-863,4332,-762,-1926,646
16063,-2832,6124,-1570,160,1182,588
16064,-6357,-5767,6564,1592,-547,1067
16065,-4028,-4659,2698,772,-1276,36
16066,2178,-871,-7623,-564,-1820,1971
16067,-4319,2409,4461,658,-1326,1125
16068,-1227,7801,5693,1303,1621,566
16069,-5936,361,4318,-1516,1633,-920
16070,-180,-5085,5039,-1852,-1700,-496
16071,1449,-1410,-4563,236,1053,1205
16072,-4928,-108,-3280,-1573,465,-221
16073,-3463,103,-1602,-1672,237,-702
16074,-1941,3960,-435,-1976,-253,966
16075,-331,7659,5591,23,5,1121
16076,7495,7678,892,-79,-1452,-810
16077,6398,3494,312,-892,638,840
16078,2841,-7201,236,-1731,910,1658
16079,5128,219,2225,1831,-993,832
16080,5399,-5108,-1008,-1630,466,-451
16081,1085,3381,-4651,-1409,236,274
16082,-7543,-612,-5050,-421,-1001,204
16083,-4424,-5325,1443,-1950,1761,1641
16084,3771,6338,3640,-825,-973,-1237
16085,-2098,-9,3782,1456,1003,-1890
16086,-528,-7308,-3113,678,46,-118
16087,5449,-5651,-7096,868,1042,-1247
16088,-1159,6657,-683,1477,1085,-520
16089,7418,4886,3203,1463,1193,1852
16090,735,-2543,3805,1611,1392,979
16091,5865,-2249,397,1788,-1164,-983
16092,5359,-3846,368,-676,-1474,104
16093,-7275,-5003,-4241,929,1357,868
16094,5517,-227,3685,1846,-937,662
16095,5977,6418,-6102,-1135,-322,-800
16096,-676,-3114,-7625,-1165,1829,1832
16097,-847,1325,7603,-547,1718,-763
16098,4779,3914,-5805,-214,-612,-171
16099,2241,-5444,7985,-360,1849,-198
16100,2410,-430,2781,741,-874,387
16101,5404,4007,6114,-1104,366,-170
16102,2822,2800,-7359,1177,1300,535
16103,-2251,-4340,-2691,-80,-1869,-146
16104,-376,-5775,-6695,698,-1969,1809
16105,-3524,1303,41,-1952,-1064,-20
16106,-6164,-2039,1822,-476,-55,699
16107,-2953,-4533,-409,-1040,-1970,-1446
16108,4547,-1322,6500,-1244,-1607,952
16109,3002,-6825,3844,1662,-226,-931
16110,3916,-4693,-3056,-1230,-1590,486
16111,-3941,-869,-5781,1673,709,-915
16112,4158,-4887,4870,-1696,337,-668
16113,-6420,-4556,-7103,554,1165,1361
16114,4744,441,6686,896,-745,-1300
16115,4928,6933,5271,-1379,150,-92
16116,6475,-5724,6462,-50,1617,-1419
16117,3859,-155,-6314,-1773,373,78
16118,-355,-3874,1286,609,-788,-1940
16119,6791,-346,6077,374,258,1179
16120,-303,-3225,-2092,1110,948,-327
16121,1974,7207,-499,1308,-652,370
16122,1617,-5830,456,-993,-1475,-1121
16123,6455,-3934,3582,-105,-367,1900
16124,7416,6397,7527,-498,-492,-12
16125,-1832,-3003,-2135,1438,1952,1501
16126,4202,-506,5510,-1177,212,-361
16127,-1691,4231,-1376,1258,611,1858
16128,-407,-7857,-5706,-381,290,-678
16129,-3409,1899,-7330,-610,-1319,-906
16130,6601,1984,-5315,1759,-947,484
16131,-3912,550,-1609,-751,1769,-242
16132,-3441,-7594,3044,842,-1046,-1833
16133,4480,2105,3212,-620,-206,605
16134,1909,7156,6442,1757,-747,1490
16135,6699,2077,7805,-1493,416,543
16136,6914,-2089,4729,1811,565,-349
16137,-684,299,-1903,-1476,1195,925
16138,-7082,5888,-2744,-1157,-1247,504
16139,-930,-1454,-5327,648,-717,-1534
16140,-6375,3946,7080,-989,1204,553
16141,-4021,7596,1509,1787,-1086,1254
16142,7552,-4715,-7773,-1508,-289,1329
16143,3474,3239,-5823,649,1347,423
16144,-6320,2217,7055,-154,765,865
16145,-7039,4802,225,546,1509,330
16146,4728,-3107,-4348,-1885,-1000,1681
16147,-6350,3905,-7623,751,-1842,1113
16148,-7896,1919,-5199,829,991,-1181
16149,924,-2868,3074,-1291,-977,257
16150,3387,-403,7140,-1529,-908,1781
16151,5677,-3050,-3494,1030,898,-1987
16152,4731,1729,5864,-1884,-104,-1925
16153,-2177,-702,-4564,-1549,349,-276
16154,3614,678,3354,-1519,-334,-1603
16155,-6325,-126,6240,-551,-1637,-1193
16156,744,-6355,-2048,-314,-621,-1197
16157,5345,4094,-1225,-1251,-1372,1164
16158,1703,820,1690,-464,651,-1946
16159,-5418,2248,4881,-475,-290,1136
16160,1849,-752,2208,-1134,1450,-1239
16161,173,3523,-7919,-601,-600,-20
16162,-411,-5147,5111,-1190,-1991,-712
16163,3516,-3937,298,944,-398,587
16164,3245,-4925,-6444,752,1834,-699
16165,570,-973,3709,1289,-1603,1088
16166,4071,4035,1563,644,1949,-1333
16167,2645,4214,5035,374,990,-481
16168,6636,2726,-2616,1789,-495,22
16169,6631,1880,-1726,793,352,1133
16170,1913,5204,-4021,-34,-1312,-1239
16171,-564,-936,-6134,1965,675,-828
16172,-4739,-3742,5651,1298,-1545,-39
16173,2133,-4877,-3897,-1049,1017,-548
16174,5652,2524,-5674,-153,-414,1710
16175,3514,2091,138,-1274,-750,-149
16176,-4759,-2986,-3869,179,477,-1425
16177,-6523,-7543,-2118,1646,-220,710
16178,980,-196,-3865,-1862,692,-1741
16179,-6860,-127,-5590,1204,-148,-204
16180,497,1289,-314,690,1350,-1230
16181,7910,-4159,-1669,1753,1269,794
16182,-6381,-5242,5628,-1906,-1188,1623
16183,6143,-4769,-7775,-527,-1186,-811
16184,3830,-6751,7212,1436,-903,-76
16185,1435,519,-7139,-245,157,-1238
16186,6970,-1842,1702,-1972,-1085,974
16187,6719,2257,4012,-1326,1385,54
16188,-2627,6256,-2410,111,-1386,623
16189,-4585,4840,5375,-1566,-20,1032
16190,-6249,93,-4414,724,-796,965
16191,6895,-6876,-2946,1253,-1874,1914
16192,3248,4341,1615,301,-624,1089
16193,-1482,-2264,1553,331,-1264,-1544
16194,3062,5407,4733,-325,1260,-1726
16195,-3152,3860,3805,-1369,-823,294
16196,5412,-5979,6600,1251,98,855
16197,-5790,-5578,-2624,-557,-1183,88
16198,-7584,-198,5920,-202,-73,-428
16199,6889,-1041,-1372,336,-106,-610
16200,3605,-2211,-484,332,-1234,-593
16201,-1763,5971,4287,-1919,1352,236
16202,117,2188,-6921,513,-220,-1731
16203,6840,1659,-6042,1194,-1427,-371
16204,-487,-6540,-1122,1306,558,1903
16205,7433,4781,-4635,1624,331,707
16206,-3847,-7659,-5606,-938,-1020,-1117
16207,-3395,1193,-7240,1347,-1269,1431
16208,-7011,2978,-6038,147,-1229,335
16209,1161,5942,1543,1564,-329,-1777
16210,5222,7932,-4976,475,-668,421
16211,246,3658,-164,-508,861,1668
16212,-2697,5815,-5832,-1402,-1300,-1432
16213,2950,5640,5923,-841,-172,-5
16214,-5542,402,-6023,443,-834,-1751
16215,-340,-1470,5567,-1260,-1681,-532
16216,3817,6668,-763,203,1605,1199
16217,-2884,-6588,3991,-1621,-933,734
16218,4887,2447,4047,178,-1087,92
16219,-6107,5999,972,345,-1529,632
16220,1138,-6349,634,1641,-288,-1107
16221,-3206,-5055,796,1616,982,195
16222,7820,-967,191,279,1316,118
16223,567,6153,-6013,1374,1583,783
16224,-613,5319,-1658,580,274,905
16225,1981,7505,-1219,271,1150,-432
16226,2312,-5407,296,241,-1138,249
16227,1772,-2803,4294,1701,397,-1087
16228,3122,5834,-5439,-1766,-1348,-569
16229,4535,-4946,7593,1426,1307,1639
16230,1026,-5793,1589,-794,-1857,1528
16231,-4849,1103,-7192,-1423,-779,415
16232,-4565,-2789,6271,-1286,1964,1899
16233,-6495,-6379,1317,-110,1032,207
16234,7306,7240,7048,1941,1241,-284
16235,-4523,-7561,-1366,1096,-336,-1373
16236,6372,3776,-5570,1002,1384,-160
16237,2080,2454,-4201,1079,-1847,-997
16238,-3183,-7885,-1046,-1056,-1116,-607
16239,-6897,5414,-5477,-1200,1560,1466
16240,-71,-136,4656,-1997,-1698,1020
16241,-1059,7440,4735,-1782,1707,-973
16242,4046,6542,2984,535,1451,1894
16243,7667,-4028,-6121,-767,1160,-531
16244,-1244,7243,3109,277,-1701,-1562
16245,6802,5117,-7124,-684,1145,383
16246,3806,-6061,-7144,-933,-655,-1694
16247,5449,1813,-4459,-575,1546,-1240
16248,6997,2785,7863,-333,1624,1054
16249,3085,-4914,-6945,-327,-345,-1902
16250,-1880,-1626,5482,-1400,878,1032
16251,3918,1568,-2726,846,1986,1929
16252,-1537,7442,521,-634,705,-36
16253,2683,5453,-4252,487,150,-902
16254,7813,-854,6708,-1094,1837,-1445
16255,545,-4794,-7187,-221,1999,-1501
16256,6310,6946,5248,-1175,-203,1587
16257,-3926,3457,-3533,1681,1987,504
16258,-5512,-4629,7896,-1478,-433,55
16259,7033,5588,7115,-189,741,-60
16260,7292,7244,1085,678,-295,1894
16261,-1971,-6591,-7226,1291,-909,-757
16262,-4643,1846,-712,-1335,1761,682
16263,1535,-7393,-1007,-796,-791,1293
16264,-804,-5920,7538,1758,-756,1606
16265,-6230,-4842,950,673,-703,952
16266,2554,-1497,532,-1648,828,-1321
16267,6958,-5778,-771,-1176,-534,-193
16268,3524,-5203,5746,-482,-567,-308
16269,6311,-7477,-7215,94,-1370,1277
16270,-1698,1389,-5899,156,1180,-1410
16271,6264,-3482,1838,713,281,597
16272,-7197,6218,-3892,1995,-713,809
16273,-6035,193,-6455,1014,-856,504
16274,-2448,-157,7649,-210,1201,386
16275,-4859,-1224,1139,-1208,1061,1173
16276,4607,-3539,6899,964,1457,920
16277,6680,-194,7702,-970,1927,-319
16278,-7660,6735,-3411,1178,-1088,1401
16279,-1617,-7769,2410,-434,-1155,858
16280,2814,-5243,-5147,-1762,669,1691
16281,-5601,1549,-1009,459,1555,-357
16282,3762,4500,-1578,-847,-1279,1778
16283,7257,7380,-5384,1145,1631,-1620
16284,361,-5299,-5739,-693,-557,1810
16285,4219,5433,-884,1611,1193,207
16286,-3276,2046,5769,-173,-279,-1957
16287,-7032,5964,1369,1674,68,1501
16288,5883,-4940,-7178,-1370,-1221,1047
16289,1444,4070,5638,1464,679,-870
16290,-3569,7733,-6132,1527,1811,-769
16291,4338,-7798,6176,-397,-1687,1969
16292,2630,-3401,7866,-159,-844,1797
16293,2119,-2149,7176,808,-38,1326
16294,3449,-7979,-4085,1987,-672,-483
16295,-3750,7516,3778,1212,-1222,835
16296,-6234,-3418,6937,-418,1819,-1688
16297,-2837,1388,-4423,1326,1427,-808
16298,-6138,1817,198,-1844,1025,504
16299,-3274,407,-6968,830,-216,-1870
16300,6961,5051,-406,1025,-893,-884
16301,6569,-2486,-4521,-1026,676,-1539
16302,-7242,1746,-2012,-976,-1133,-351
16303,-5470,365,3140,140,181,-52
16304,6143,-4844,3404,458,1952,-1499
16305,6385,4456,6541,1796,-173,-333
16306,2614,-7073,445,348,-1650,-1396
16307,6158,-2294,-6898,333,268,-808
16308,2845,-3518,-1447,-1970,993,200
16309,-5686,6496,-1125,1797,1740,294
16310,6739,6528,5572,-644,1762,-227
16311,-1110,-3637,-344,1960,149,-863
16312,-7189,1268,-3837,1228,916,1903
16313,-589,-7630,-1897,-474,1139,-837
16314,7693,510,-5018,1705,-1406,-719
16315,-219,307,1757,-493,789,-1432
16316,6578,5924,-1611,-1343,-1461,1058
16317,2867,7256,5266,-1940,-925,-1845
16318,6142,6369,-6670,-1518,202,-1660
16319,2244,3401,5512,-122,31,-427
16320,7673,-7232,-3589,-1146,-1005,-68
16321,-5960,3309,3654,337,971,714
16322,-7858,7302,-7158,-1173,1947,759
16323,4183,-6095,3128,-1753,913,1807
16324,-4849,-964,-6334,523,777,1558
16325,-6258,-2653,-1211,889,1736,1022
16326,7570,-5363,-6031,-1573,-1302,-1770
16327,-4537,3246,1898,-326,1206,1383
16328,-7687,4576,-4442,-1248,1226,706
16329,3601,6813,7978,170,1209,730
16330,35,4238,7754,1890,1983,1661
16331,-2886,-3444,-6081,354,137,1016
16332,-5915,-4322,-2881,-1311,1840,628
16333,-600,-2423,-7821,-1433,43,-342
16334,7430,2162,-246,-161,-1896,398
16335,7230,7167,3699,-1184,-1473,185
16336,-6989,-5090,6595,-1366,-662,1292
16337,4867,-2004,-3959,1738,1915,1130
16338,-4639,7920,7538,-626,-221,62
16339,4974,-5594,-1763,24,603,971
16340,3639,1087,-418,-578,22,-1309
16341,6660,-3162,3261,-737,-437,-740
16342,2059,5545,836,741,-100,646
16343,5000,1518,-7452,738,-931,667
16344,6564,6736,5279,1367,-1125,890
16345,3412,-6459,-2689,1618,-649,1468
16346,4329,-6094,-2740,1906,762,1846
16347,-3809,7631,-4416,1558,288,-1435
16348,2552,-1288,42,-644,-904,1889
16349,-380,3271,-5806,-1669,479,525
16350,-6673,3914,-819,965,838,754
16351,5094,5538,-1093,16,-1700,835
16352,7683,3323,1795,-599,943,1216
16353,-5024,1582,-1933,380,1866,-1368
16354,-5864,6077,-7720,1566,-1397,1242
16355,1363,-3767,4302,1053,642,513
16356,7244,2274,2776,1021,-1037,339
16357,-4441,3486,7049,1544,-1359,-8
16358,-849,-4577,-437,-1628,-672,-1508
16359,3459,7712,3434,-1622,-99,1475
16360,1116,-5922,-6170,547,1040,1931
16361,-7304,1465,3321,-244,1276,89
16362,7275,-7102,5021,-1500,991,-1688
16363,-3494,-2054,-7587,398,1090,-1104
16364,-5750,6240,-3530,969,-1113,1626
16365,-5615,-2421,1724,1712,178,-1053
16366,-4374,4029,2333,1860,-1702,869
16367,-7979,-1170,2972,1874,-669,-1087
16368,891,5061,1740,-167,-1781,-76
16369,-405,415,-6606,283,1016,-1838
16370,-7944,3473,-687,-1686,1591,-1708
16371,5558,-4789,-7280,-769,-613,1969
16372,7315,2452,-2819,1559,-1457,646
16373,-7785,6596,493,-1551,-63,1975
16374,-2382,4471,2704,1828,16,613
16375,-3897,-6558,4511,189,272,-1382
16376,-5386,1651,-6501,302,-1381,-369
16377,5230,-7432,86,-1668,-1744,1442
16378,2230,-5260,1222,-424,-1094,-98
16379,5616,6968,-3836,1328,1111,867
16380,6661,5106,-1652,888,1617,-1562
16381,6908,3536,-674,-372,-1546,-1864
16382,1151,-2150,-7919,291,-134,1138
16383,-5291,1491,-2639,-400,694,1185
16384,7761,3857,-7635,1188,831,1643
16385,3345,-4745,2591,-1232,-797,-524
16386,-7400,5359,-3166,1222,-1843,-1239
16387,1163,-5413,1619,-950,402,-437
16388,-3137,-6053,1324,679,-69,538
16389,798,-569,3718,739,-1420,1680
16390,131,-7241,-3389,-300,-1800,410
16391,-883,5712,-7290,1012,1944,1740
16392,-6613,6464,3307,-129,-192,-1320
16393,-3411,691,-3152,433,337,1260
16394,5609,-2882,311,-845,191,-427
16395,1450,221,6479,459,145,-1104
16396,5403,-4965,-1803,938,-727,635
16397,5289,7511,5627,-853,-918,1665
16398,-7113,7152,-7248,-65,-927,-1691
16399,4491,4729,-1757,-821,-470,1043
16400,-7928,-4773,465,-940,438,704
16401,-3692,-1759,-285,215,472,-768
16402,348,7709,-2880,-807,1818,-1399
16403,4868,-6908,-1510,-1964,-313,1073
16404,-1614,-3901,6702,-795,-1204,1162
16405,-1639,1409,-4179,393,1591,-1844
16406,-6633,3970,3494,-1267,523,1819
16407,-5924,-4734,628,598,-313,-333
16408,1634,6655,2004,-1709,-1449,-655
16409,-6179,1243,-4031,-944,143,-569
16410,-5668,5637,2031,227,302,163
16411,-3918,-7642,-5025,-551,212,443
16412,3770,5775,-127,790,568,-646
16413,5754,-848,3194,1155,-817,679
16414,3900,1698,4863,-1663,217,515
16415,-6252,417,1180,1466,-686,-85
16416,6373,7274,92,1593,-1740,-1931
16417,2289,-3790,1616,860,-14,299
16418,-3092,-1415,-5268,892,1517,-1574
16419,4509,-2499,5711,1079,1346,1624
16420,-4949,2945,5050,-1139,1715,1367
16421,6760,6011,2296,1269,937,938
16422,6811,1330,6834,453,1374,1486
16423,5499,1591,-4555,1949,1690,203
16424,921,-202,6392,-1735,-883,-1333
16425,3291,5600,2607,-1328,-1679,1530
16426,-1305,948,2863,-826,-1360,122
16427,4324,-4351,7675,-143,-961,-1192
16428,-1667,6670,6602,-1253,1334,-84
16429,5092,4314,6127,-835,660,304
16430,-4901,-7432,-2776,-1699,-1788,-1047
16431,5725,-6387,-6727,1165,-1450,-1877
16432,5835,-5382,-7581,593,886,-1417
16433,-6513,4339,7885,-650,1566,-657
16434,-6179,-2009,-2230,-9,-1402,1214
16435,-6565,5380,7443,-1960,-1320,275
16436,2952,7096,5209,-1484,-1312,-1049
16437,-461,-5755,6772,1981,-659,549
16438,6424,1343,7187,1046,1937,-1700
16439,1135,-1180,4832,368,1627,97
16440,-4496,-2271,6752,1776,-655,-431
16441,2990,-4107,-397,1726,1171,656
16442,7888,-6273,1769,-357,1914,1441
16443,7166,-1880,2526,1453,-1017,999
16444,-3787,-6151,-3443,1725,-312,709
16445,-1940,5406,3662,-1540,-1052,-615
16446,3154,-7886,-7564,1879,995,1618
16447,-901,-7810,-2450,254,1385,-795
16448,-4224,-2932,3973,701,1006,-1829
16449,6022,6760,4007,635,-1047,-96
16450,4671,6844,-12,-1052,-1793,1900
16451,3637,3778,-1459,-814,686,1497
16452,6988,7598,3939,125,1736,410
16453,1375,-1260,-4154,1588,-1002,29
16454,7776,3035,910,760,-1880,-1111
16455,-5601,6408,-3162,323,77,-401
16456,3260,-3709,-3308,-245,823,-1296
16457,-6776,-7105,-1140,-455,1175,-1221
16458,2073,-1207,6097,484,912,-44
16459,-1573,4098,-357,1497,531,-911
16460,2372,4642,-5689,1583,1978,-1801
16461,-4770,-3843,2964,344,764,-51
16462,-2065,426,-4775,1814,-885,-1227
16463,-5137,5481,-4137,-61,25,-948
16464,-4750,2121,4185,1030,1285,-1870
16465,-4432,-2831,7899,556,-1291,-1099
16466,-2935,-2827,-5076,-405,-1931,933
16467,-1490,1277,-5676,-548,1951,-1695
16468,1840,1560,6496,1534,933,699
16469,7686,-7392,-3912,-614,1803,644
16470,-7884,4285,7728,-866,-514,1628
16471,3631,3396,-3147,1170,1362,424
16472,-7507,1420,568,-237,1698,-1748
16473,5346,-2534,-2849,716,1268,940
16474,-1216,-5646,-6550,-744,1759,-709
16475,-472,-4579,2911,-79,849,-1377
16476,6089,6212,-3317,-1098,-355,786
16477,-5580,2608,6057,-1829,45,-1559
16478,12,-887,-3794,-25,826,-1323
16479,-5774,-7748,6782,-648,282,569
16480,6450,7554,-1736,-576,1975,533
16481,6812,6333,4063,-879,-1151,-1006
16482,407,7252,5621,-993,1309,-49
16483,-6308,3148,-4880,-721,-1360,-551
16484,-4645,6635,3483,-443,568,1575
16485,-841,-609,4352,1003,-1724,1389
16486,-7179,1565,-4819,-992,524,1341
16487,5465,-6398,2648,1744,799,-1043
16488,515,5048,6272,16,-1599,-1977
16489,-7809,7801,-3623,787,151,372
16490,-5455,443,-5677,964,-172,-1509
16491,5996,469,-2247,-733,-119,-466
16492,-4612,-1099,1602,-700,1717,-365
16493,-753,3855,-6549,663,-1529,528
16494,2322,-4709,1459,-25,1394,728
16495,-7161,-3543,-4274,1806,368,-1366
16496,-6961,-7413,3269,-1654,-1652,129
16497,3305,3326,1950,-847,243,-368
16498,-7105,4866,-5671,823,405,1604
16499,-211,-1114,5542,1381,-1541,-1987
16500,-2263,4775,2133,-1529,427,-968
16501,-5632,-3177,-189,-1726,-1142,-1133
16502,-6975,-5774,-5683,1788,-1941,-1058
16503,-1491,5811,-869,7,-1735,1321
16504,1416,4246,-2752,-1406,1586,597
16505,-955,4082,-3698,-508,1263,-8
16506,-1504,-1583,-243,-383,-1124,-781
16507,-7523,-7574,5336,1311,-1248,-1504
16508,-1286,-7161,-7706,883,-1354,291
16509,-6459,-6282,3233,-1166,345,1015
16510,-5777,-2308,-5195,1976,573,1531
16511,-5761,573,-2887,-1598,1194,90
16512,-3694,-2367,1519,413,221,-887
16513,-5568,4015,-5514,-1499,1274,-820
16514,-7480,6021,-1720,-398,1958,-1559
16515,-6293,5087,-5928,-731,-612,1553
16516,5681,7560,3336,919,1300,207
16517,7249,4374,5208,-1949,-1286,-1838
16518,4424,5810,-4258,-1793,-467,1696
16519,3167,5186,-6356,1782,-1104,1972
16520,-4682,-347,4019,1932,-946,-1463
16521,7583,-6984,-3395,-782,309,417
16522,-266,-1065,-4022,1017,-1359,875
16523,-3578,928,2774,1333,1539,1051
16524,4048,-6571,-594,99,1886,1481
16525,-2475,7391,3726,-765,1348,-65
16526,-7935,-5618,6660,-234,201,693
16527,-614,2733,7813,-596,-1227,-1824
16528,-5461,257,-6453,-968,-947,1675
16529,3977,-3009,-7678,-498,-900,-1067
16530,1296,5936,-6006,-1286,1114,-423
16531,-1944,-400,6883,1333,-802,136
16532,-3645,-6939,5862,-1463,-1472,-614
16533,-5493,-7239,4383,-1194,1072,1959
16534,7432,-4052,7214,744,-1769,1908
16535,4508,-2482,4350,565,1703,-1944
16536,4036,2695,4864,1731,-1405,-114
16537,4673,-1759,-7298,-1844,-529,-772
16538,5609,-4255,5965,1130,-504,-1257
16539,-614,-3879,-2578,1459,707,-132
16540,4310,2426,-4809,-837,-1119,685
16541,3843,3811,-721,1692,1528,688
16542,1805,1694,-689,946,-1784,1407
16543,3320,7364,-7301,826,-1393,-12
16544,-876,6657,335,-588,650,1638
16545,-5782,-3412,7684,729,111,-619
16546,6044,1003,2626,244,-820,1671
16547,3890,-878,-5622,1473,860,853
16548,-6002,-5891,-6743,889,989,1092
16549,5043,6426,-453,-1885,-1585,1599
16550,4327,3404,-874,435,-553,-1334
16551,-3136,-6822,-7910,323,1520,1213
16552,-5802,1477,5224,133,-786,1749
16553,6077,1823,-3537,-784,887,-1296
16554,-4509,-7112,5388,-970,-419,571
16555,-3315,3064,-409,1890,-1849,-1499
16556,-3646,-64,4636,816,-1719,1215
16557,2328,-5474,1126,-1905,-940,1485
16558,3136,7815,-1716,-282,-571,-55
16559,7260,-7190,-3281,1715,1189,-1133
16560,-342,-7484,3342,-1395,1689,-535
16561,-5157,-2044,6513,414,974,1306
16562,-6723,6839,-6112,876,-736,-173
16563,1568,4315,-5572,1160,-930,-1063
16564,2295,-2274,3835,1675,1828,163
16565,-1368,671,5344,446,-1031,-680
16566,-5132,4795,1647,-1175,-448,876
16567,-1814,-1637,2055,936,-1242,133
16568,349,6741,1214,928,-419,1257
16569,-1238,837,1835,-981,1259,1621
16570,1924,-1425,4546,1375,481,-388
16571,4893,-2240,-5603,-948,-1439,1048
16572,4427,3715,4455,-638,1011,-1777
16573,1168,7757,7205,1275,-1694,-87
16574,-1792,4950,-6849,552,1677,-1141
16575,6036,5944,-4359,1525,-967,-211
16576,-1132,-2692,7484,-168,1054,-695
16577,-748,1672,-2727,1522,-1094,1284
16578,-4866,6325,-4650,1559,62,-106
16579,-5442,-5960,1188,-159,-327,-885
16580,7187,2046,1785,-539,1277,-73
16581,3075,-4368,1546,-1818,1636,-1497
16582,2504,3005,7263,1776,321,-382
16583,-1333,5776,2143,-97,-1264,134
16584,-2931,-1826,5823,769,-998,790
16585,7719,6222,1153,-1796,-1340,-436
16586,-5792,4565,1354,-177,175,-990
16587,-552,816,-4776,-207,409,-1310
16588,1222,-1958,-4092,1236,927,-1293
16589,7966,6728,1312,-1978,888,752
16590,2397,-5278,7606,-783,-1301,226
16591,6325,-1741,4359,-825,-575,633
16592,4064,-6504,5312,1380,-1585,802
16593,-4865,4515,2826,1200,779,-1448
16594,-6260,3342,6387,-1037,-1364,-1250
16595,4874,-3606,2275,515,369,693
16596,4046,5059,-6163,934,-1734,-373
16597,6189,-6428,6863,-1694,1619,267
16598,-3769,-7167,-2808,-1343,84,-1812
16599,-5807,-999,-1898,840,-321,-1083
16600,2347,5179,-1052,1390,-1669,-1932
16601,366,1018,-2984,-430,1607,-580
16602,-710,-7312,-6685,667,793,-1458
16603,-5350,-3443,7473,1057,1404,247
16604,1277,2995,6562,1778,-1650,-1548
16605,65,-7266,5548,-345,-937,338
16606,1530,3237,-6435,-696,1755,457
16607,5682,-4834,7543,-671,-63,-1822
16608,-2297,-3739,-1210,-1823,-847,1811
16609,-1275,2781,-2093,201,-491,-1613
16610,1926,643,-4389,659,-1710,478
16611,3528,5934,-2599,1673,-108,33
16612,-5206,4030,-2408,1497,801,-447
16613,698,-719,7820,254,-26,185
16614,4101,-562,-5952,1674,796,1349
16615,-408,3124,2185,767,1251,-634
16616,-7027,7954,3226,-1829,-179,1897
16617,-6562,4861,-2086,1878,1090,-692
16618,-7026,6117,-1322,-1772,735,1412
16619,545,-4302,-5400,169,-1457,-1394
16620,-3785,-2012,6898,-344,1538,1768
16621,5867,-1729,-6311,-1225,-1747,363
16622,3833,1090,2426,1926,-1301,-364
16623,4491,342,-4576,-192,1824,1967
16624,1242,6805,4378,1746,1974,374
16625,983,1309,-4887,952,615,-424
16626,-4990,606,4148,-139,-1792,514
16627,2669,5865,-1275,-455,-175,-1341
16628,-58,-4943,928,1385,1534,-1360
16629,-2179,6929,-6674,-1412,-1471,-1956
16630,1183,-6518,7644,145,-1445,1428
16631,-7203,6800,859,1969,1389,-141
16632,5133,2362,-5940,619,-835,-168
16633,5380,6857,825,-1406,-452,1263
16634,3194,-1235,3353,601,-871,-377
16635,-4887,-2963,-6523,1990,1136,-523
16636,6181,5190,1951,762,254,659
16637,6444,55,1743,-1611,1049,854
16638,1952,2172,2262,1332,-1194,640
16639,-7408,3366,-5526,1999,-740,-1244
16640,6615,-5130,-7461,1626,-1125,615
16641,-1003,2561,6332,1736,1747,-801
16642,1209,-7885,5501,111,1594,767
16643,7284,-6201,2791,-878,-1649,-309
16644,516,2380,4598,-1345,1113,-595
16645,2913,5389,-7547,457,1738,1427
16646,-2111,6376,2182,-21,-1007,1812
16647,4861,-3882,-7440,-129,1668,947
16648,-6344,6067,1419,-118,-548,847
16649,-6792,4982,4383,85,1677,437
16650,6703,1665,-808,788,1212,1188
16651,4114,5509,3826,-813,-1486,-1906
16652,5161,7616,2091,-439,-293,-130
16653,634,-5672,2606,-1488,-228,-1583
16654,6009,5559,-1566,1855,-1324,1892
16655,-4586,-7882,6689,-416,-569,1214
16656,865,-3578,-82,-1898,317,1757
16657,-2692,1699,-6808,-1701,-1553,-539
16658,-4971,-5390,-1803,-1238,1444,-1364
16659,6823,-3186,2897,-1990,-289,701
16660,-4976,989,1498,1558,795,-586
16661,-1002,7951,-5964,-838,-1775,1849
16662,-3923,3748,4819,-1144,-1296,1489
16663,-2974,6565,363,-880,1014,1607
16664,-6368,-4467,1951,295,-22,-1683
16665,-3565,-5244,7653,1827,-1514,-800
16666,2407,1860,7041,943,-661,-1804
16667,3890,-6612,6892,135,386,555
16668,7468,-5660,-5901,42,-1026,-1113
16669,-118,5023,-2674,-1713,532,-1385
16670,3,-3530,-789,-1818,-764,-461
16671,-2719,-4614,1535,1972,-406,1186
16672,740,6692,-4634,-1085,-881,-404
16673,1617,-6009,4051,1185,861,1952
16674,6866,-6883,2799,1571,-1934,1136
16675,-5832,-7391,-1188,121,1867,-1535
16676,-1425,2194,54,315,-813,852
16677,-3849,4410,-2392,-678,714,-480
16678,-6274,7215,-6644,643,-1029,181
16679,-1567,6650,6501,315,-585,-1301
16680,6763,4410,7007,92,384,-1126
16681,-6232,5579,-2793,-1601,-1409,970
16682,-6157,-1313,-4055,-1953,523,-637
16683,4982,1863,2966,440,-339,1850
16684,6139,-6051,2618,-51,780,-1599
16685,7317,3805,2371,-533,1708,1403
16686,-5177,5465,5898,1412,1091,-787
16687,-4539,-3014,-651,152,-1672,-1282
16688,7854,6488,-360,1978,-795,-1646
16689,4305,4925,-313,-774,556,977
16690,-4262,-3033,-3545,522,-456,1959
16691,-7201,-7706,-6399,-24,-580,-836
16692,-7995,-7783,-794,1519,-1192,127
16693,-4789,-7419,3167,-1772,1984,138
16694,6150,-4085,-4442,602,1662,-86
16695,-200,-7891,6297,1054,139,-1464
16696,-842,-6395,5384,-111,-579,-1940
16697,-1924,-794,-4707,24,763,1171
16698,1651,6709,3998,1635,-840,-1494
16699,1564,13,-4621,525,1601,-614
16700,6533,2730,-4671,1616,-1528,-1441
16701,3662,6604,2638,576,-34,-1858
16702,3171,-7508,-83,1530,-12,326
16703,-1318,1627,-231,-490,-1364,923
16704,6292,6339,-274,1571,545,1132
16705,-3678,-4125,7349,-1096,221,-60
16706,-2387,-48,1375,-148,399,-1314
16707,926,-2292,6366,28,-579,-935
16708,2500,314,796,1439,-1811,-331
16709,6183,-7570,-6003,-1741,-1491,-1237
16710,-7365,-3912,-2557,-1048,1820,-1511
16711,-5191,-7253,-1187,723,1810,-1143
16712,-1154,4477,-5616,860,428,-883
16713,-538,-200,3657,-489,-1296,-1715
16714,-2612,-4253,-7844,549,-328,-569
16715,6704,255,-4584,-905,1667,-59
16716,5402,-1301,-7572,972,-45,1687
16717,-2351,2553,-35,1719,794,1068
16718,-5349,-6050,1057,1346,491,84
16719,3190,4329,-4052,-1880,1424,-410
16720,6918,-3441,-5328,1723,1259,1234
16721,-2543,2578,-6548,355,433,1825
16722,7798,-5704,-7313,1701,575,903
16723,-5387,-6888,5432,980,-520,-148
16724,1380,6100,-6650,722,-933,1640
16725,4609,2066,4858,-1081,-408,693
16726,6348,718,-7899,-1205,1446,-1330
16727,-7645,-911,-270,1212,-886,-1778
16728,5378,7173,-5106,-1362,-550,102
16729,-6115,6222,-1656,1643,370,937
16730,4486,6546,-7816,1317,-1439,-723
16731,-3263,6380,3697,191,1964,275
16732,322,-5291,3452,1584,-1760,901
16733,7279,3337,5372,-688,629,-537
16734,-4724,2917,2903,1800,430,-710
16735,7050,1682,3350,-944,-1894,-847
16736,175,-3314,-7954,817,1273,1480
16737,198,1738,3441,1184,-1403,-1108
16738,-487,-1506,-4942,-935,513,1701
16739,1815,-59,5630,351,866,1572
16740,-2984,-6763,2238,141,1719,380
16741,6925,662,-1206,597,1315,-454
16742,-265,5452,1889,13,-1270,1323
16743,-6253,4099,1157,-368,1230,-1934
16744,6188,-3125,-909,1643,-566,-428
16745,-1208,-3900,-5715,-1845,-1668,1532
16746,1612,1086,-3650,798,-330,860
16747,-7832,-435,-5282,1148,-839,23
16748,-7730,-2688,3814,291,-1484,-1669
16749,-7142,-3334,-3680,513,-1484,806
16750,653,-6081,-399,-1713,-1453,162
16751,-1884,-4205,-709,-1209,1883,-1010
16752,5884,7131,-6220,-218,-645,-1605
16753,-4139,4960,4462,-1008,162,517
16754,504,-491,-3085,-1618,707,62
16755,-840,-1087,-5030,-1088,-1694,1791
16756,749,-6303,7605,589,-997,-708
16757,4094,5457,7743,-37,1181,1865
16758,-776,5076,-5613,-308,700,1082
16759,6706,3140,6255,-299,-1605,-110
16760,-3617,-4867,7640,-789,159,1252
16761,2759,-434,-6908,-519,1208,1606
16762,6981,7855,-1456,285,127,-903
16763,7678,-2284,-1873,-230,-1621,76
16764,185,4209,402,1358,-1698,-444
16765,5759,5487,-2050,89,719,510
16766,4159,2662,7058,-891,553,-338
16767,2433,-449,4026,1766,-270,55
16768,3775,-6187,-6207,1607,-1181,433
16769,-1322,-2804,-6361,497,1242,-241
16770,-7814,1339,7761,-506,1124,157
16771,-5714,-5911,2713,861,-1596,-1929
16772,-644,-6878,5142,760,-1299,-1465
16773,4262,-5647,-2434,-1975,1956,1093
16774,-2426,-7796,7613,-571,-1562,682
16775,6648,-4794,6789,-181,780,-1004
16776,2967,-2289,-6952,1855,1815,-807
16777,3984,-5096,-4402,1160,-773,-240
16778,3134,1744,3535,977,800,-403
16779,6960,1155,606,940,-1305,-598
16780,-2076,-1705,2633,-1536,-1379,-1093
16781,3783,1861,-1461,1158,1482,480
16782,717,-4419,-3340,-577,273,-332
16783,-5767,1078,4684,500,1506,39
16784,1464,7815,-2913,490,-671,649
16785,-3952,-2212,7870,1785,-28,1073
16786,4173,3545,-1884,-1004,1599,-486
16787,-2863,-6069,7855,-947,932,-594
16788,3443,3465,2749,-1401,455,1827
16789,-1528,-5835,-2158,-141,1965,1224
16790,7895,346,2929,1709,621,-253
16791,5202,4909,7385,1681,259,-1713
16792,-7611,-927,-3911,-968,-1461,77
16793,-4153,1307,-5895,838,-805,657
16794,2078,3746,-5562,1427,-1225,1549
16795,-4677,-1795,-1485,400,358,1888
16796,5937,280,-4662,-813,-275,183
16797,1452,-1769,-3603,1270,1720,921
16798,295,958,602,1663,-1961,1710
16799,7334,3690,3563,-857,-322,-188
16800,6940,-3591,2395,-1391,308,1926
16801,-199,-855,550,129,847,-353
16802,6248,-6153,-110,1328,-270,1073
16803,-1557,-465,-37,1108,-200,-1502
16804,-174,6909,352,-384,-366,-1222
16805,3285,-7706,5438,-1498,1959,1959
16806,1292,-6804,-3779,1761,-190,-662
16807,5237,-2619,1640,-1528,1362,-841
16808,-4085,-4855,-2719,284,577,1609
16809,-2318,324,-5948,981,1840,609
16810,-7724,772,5082,1400,-1947,-280
16811,-3457,-5993,-5394,135,515,-957
16812,3076,2557,-1664,-1067,-407,-1067
16813,6650,-7145,-5321,-1435,1253,1894
16814,447,-6591,7459,-1622,1124,-1103
16815,2467,5324,-2032,32,-561,997
16816,-7537,-86,7288,780,208,-600
16817,4874,-1253,6154,-1862,1594,-1401
16818,-4613,1066,-4647,-651,1817,1815
16819,-836,7301,-4784,1039,-826,-888
16820,654,-1352,-7755,245,-636,-1241
16821,2328,-5273,-3465,911,1154,566
16822,-1454,5745,-1809,1687,-994,743
16823,-4662,-7066,4162,-857,1124,1099
16824,3065,1286,-4127,-1311,1329,-448
16825,3525,7632,-810,-1615,1664,604
16826,637,7366,749,-1545,-1233,457
16827,-4250,5405,2894,-1450,63,1995
16828,6883,3932,4825,1020,681,-1085
16829,-52,-2057,-4200,-673,99,-1023
16830,-7191,1256,-7103,-688,-842,437
16831,-2887,4467,-562,445,27,-1018
16832,-5468,3859,-542,-1144,-1221,-1611
16833,554,-114,-3861,1786,499,-1233
16834,-1384,-990,3388,-473,1885,1656
16835,-5879,-6445,-2852,1101,-1188,240
16836,-6340,2238,-5262,34,1750,1336
16837,4498,-2616,-4569,72,407,1986
16838,-137,-1207,5,353,-737,1457
16839,5768,4904,3738,-533,-221,-698
16840,3734,-3861,-6301,-761,-1031,-1759
16841,-3078,6362,3378,-1359,-1334,1811
16842,-7508,-4819,1688,-733,-1604,1567
16843,3548,6490,1343,1506,1607,1929
16844,-2700,3576,2440,1662,1531,-294
16845,6611,-969,-2768,1457,-1597,-1772
16846,1646,-6153,-4147,1480,-1369,1703
16847,-4522,-7535,3211,-1683,65,-1922
16848,954,7627,6131,958,1668,1713
16849,5019,-3909,-155,-761,-1619,450
16850,-5286,-5028,2031,1494,-1067,1564
16851,-2773,5944,3582,-1698,-249,-1251
16852,2485,6498,-3507,-1351,-4,-704
16853,-6563,-131,-2117,-1886,-503,-703
16854,5696,-64,3670,484,422,-829
16855,-5556,-7885,7889,365,39,1390
16856,-1783,-1346,3186,480,-1807,1918
16857,6995,4352,1641,-275,-1377,1242
16858,-7723,-7936,7515,-1705,-303,442
16859,-4978,-2374,1673,-308,-1974,-156
16860,4387,399,7490,-510,-1028,1935
16861,1345,-6701,-1479,985,-53,-1056
16862,3778,-4238,1912,1647,17,-869
16863,-4820,-614,-2860,-1805,1096,43
16864,4397,-691,2937,1402,1408,576
16865,-3032,7395,5376,-890,1980,-383
16866,643,1990,-624,1593,639,500
16867,-226,4977,1059,24,-533,329
16868,-3274,-4681,2310,-1988,1210,1938
16869,260,5926,-5639,-969,1445,-330
16870,3720,-7653,6955,1805,-585,1471
16871,3634,-4582,-1992,-1064,-496,120
16872,-5990,-418,2543,478,-1282,-838
16873,2193,4485,-1555,230,1106,-333
16874,2409,-811,4808,-109,677,-1385
16875,-3745,-5887,3705,-1264,-1812,-375
16876,-2721,204,-4658,1855,-1319,1530
16877,3186,-3133,852,-875,1539,-1797
16878,-4796,4841,-5290,-1758,1658,161
16879,3885,-2092,-5010,-1183,-779,-1908
16880,-6836,-5856,7340,-1839,638,-1082
16881,6241,7335,-4196,830,-1186,464
16882,4754,3874,4542,-1742,-1949,-533
16883,7461,-1668,7954,-1450,96,1216
16884,-4412,-1260,-3066,444,1947,-255
16885,-6083,-4866,7542,1266,-1594,1887
16886,2023,7296,3466,472,-473,-513
16887,-6655,-5198,-5038,1756,-29,-876
16888,5544,274,3008,-351,-1564,22
16889,4435,2446,1657,521,1669,-635
16890,7487,-3170,-4610,-517,-1840,1733
16891,-7942,-898,2372,1123,1640,-692
16892,6187,-3412,5218,56,295,85
16893,4464,-5584,-5091,-1621,793,1390
16894,2565,-1559,2691,-67,1662,-580
16895,-3201,395,5162,200,1704,154
16896,-5166,-83,7659,-1999,-1729,1489
16897,6447,-3346,5422,-1927,-1977,-875
16898,-3299,-7351,5186,-716,-639,503
16899,1659,-7216,3484,-984,1868,1001
16900,-1135,6746,-151,243,-737,149
16901,-3315,3682,7662,-1459,-724,1492
16902,2922,-5355,3319,57,-266,-1681
16903,2488,1486,-5736,-1427,1750,-1046
16904,-2085,349,3937,-375,214,-295
16905,-4735,-2002,1567,817,1104,1547
16906,723,2646,1181,-1516,1961,1049
16907,6980,-5473,4563,-865,235,-204
16908,-3616,6980,-3688,-1020,1849,1526
16909,7688,-4975,-2018,600,494,-1297
16910,-3670,3427,7537,360,1775,1538
16911,-2814,-1682,-832,1246,-1668,-1570
16912,-5202,3544,-1792,1121,-500,380
16913,-924,2753,4044,-449,-1452,-1543
16914,-2877,-5829,5288,-521,986,-1464
16915,98,7818,-7493,1193,735,1444
16916,-6848,-4993,-723,1677,1814,1377
16917,-4262,1145,3893,722,128,1052
16918,-5057,1757,-4347,613,1977,-1237
16919,7120,1027,-6188,-748,-1754,-1490
16920,1352,-6718,2404,966,-838,-907
16921,7514,2132,-2401,-869,-1475,1220
16922,825,-4631,-1572,-573,-989,1529
16923,-5755,-3282,5223,-198,1917,-1873
16924,3089,7030,-4127,-440,1555,1960
16925,-5079,997,-7875,-855,-675,-625
16926,-1709,-7297,623,-448,836,1386
16927,-7674,5931,-1207,1906,1858,1591
16928,-6686,22,-5080,-1634,-1841,-1297
16929,-4027,6241,265,1816,-211,127
16930,-3291,-6067,-1651,-1338,312,-262
16931,1403,-5525,-2808,759,1479,1327
16932,-105,-1075,4805,645,142,817
16933,-984,-3715,-181,1493,-344,-1100
16934,2509,7854,5154,1118,-1093,1050
16935,4906,-4022,4300,-1635,-39,-751
16936,2621,2666,-7444,90,-1960,257
16937,-3927,-6483,-5229,1506,-642,-1348
16938,2949,7075,-5276,-568,-1859,-383
16939,-3036,3687,2732,-20,1803,1868
16940,-2295,697,-3271,-49,-1289,705
16941,3618,-7387,4034,-1992,-501,194
16942,3881,1900,-5798,1129,390,-253
16943,-2752,5386,-4382,1248,1774,-756
16944,1923,543,-3774,-557,1657,499
16945,-1138,1187,4482,240,-1430,1670
16946,-6361,-6259,-1407,1922,1328,435
16947,-6147,-4222,6676,-588,-801,-364
16948,856,5092,7341,-583,1058,-815
16949,3063,-3968,1375,-1788,1765,756
16950,-7572,1287,-6205,1181,-1622,1759
16951,-7097,713,-5895,1893,1718,-618
16952,1950,-1741,-6005,-507,1274,-601
16953,7306,-1992,2561,323,-1808,1101
16954,290,-4851,-360,-1023,-198,-189
16955,-4396,-11,-5277,-922,-354,399
16956,-1155,7736,-5386,-329,-1934,-1814
16957,3290,-2261,-7571,-43,304,1105
16958,6549,-4218,-6831,-1141,-709,142
16959,7905,3935,-3013,460,176,865
16960,6318,-7234,-3599,-878,-1890,303
16961,404,-3143,-6147,1190,1168,-236
16962,-2444,3957,-2677,1416,1368,-1026
16963,1169,3621,-6162,150,1099,-1387
16964,-7666,-7544,-2482,-33,1295,-863
16965,-7190,1093,-928,329,1630,-1768
16966,7994,-4238,6691,-937,1925,-283
16967,-493,7377,2926,1366,-1558,123
16968,-4607,-6805,-1939,-1552,-153,344
16969,-5840,3270,4021,156,-1059,1155
16970,3773,-5957,330,-1010,-1290,1904
16971,-7109,23,79,-518,57,-8
16972,-3639,-6690,-7866,-304,749,-613
16973,6040,-4742,2129,-96,-1773,229
16974,-1170,-6189,-6358,-269,1541,451
16975,-7769,-6206,-1186,18,882,424
16976,-3085,-7540,-4035,249,-772,-799
16977,2285,1621,7617,-473,411,-655
16978,-6351,4676,5794,958,-1200,1209
16979,5360,-6760,-6920,1792,-521,593
16980,-1974,-6183,-7623,-798,-716,1167
16981,-7260,-1006,3965,1567,1574,1469
16982,-2739,-2074,-3516,-719,-424,-1553
16983,-2527,5183,-7291,-1581,387,-1840
16984,-920,-7669,5046,-1803,-1821,-396
16985,-6719,-5157,4367,-1741,829,480
16986,3241,-5239,1700,-1091,1486,-799
16987,-4990,-1985,-1235,1694,1719,-1017
16988,-3538,-6538,-5902,-497,1105,538
16989,-3665,4807,7517,-1322,700,1831
16990,-6611,1385,4043,-1306,722,-164
16991,-4195,7506,6932,104,1293,1380
16992,-292,4031,-5904,1105,-946,-239
16993,-391,140,-3823,-179,1768,335
16994,3329,7516,-3409,1929,-28,1661
16995,-1003,-1907,-7906,-742,503,-284
16996,-2411,-5102,6850,1570,1176,-1788
16997,-4141,-4932,7625,1301,423,-1594
16998,-3980,-6498,6628,1352,1100,1609
16999,887,6678,-5252,554,-1062,493
17000,-6513,-2583,-7021,428,-973,-1383
17001,-7632,-710,-2670,-1388,-1931,1157
17002,6836,-3161,-4087,-858,442,-1318
17003,4808,-4449,-61,789,-1220,-269
17004,-735,165,-4810,-383,806,538
17005,-2455,-3699,7497,1166,-914,1280
17006,6166,4668,6088,-1148,-694,75
17007,-1628,-6174,-6088,231,-1177,-349
17008,4008,3855,-7130,-683,1032,-1764
17009,-1692,7669,5807,1451,-406,-355
17010,4172,7803,1973,-378,-1409,-248
17011,-3337,-5979,-5509,-1959,41,1564
17012,-26,373,1990,948,221,-1172
17013,1876,-4725,7200,1623,-1045,-1016
17014,-227,7546,-44,241,-481,1774
17015,5691,-7890,-4548,1559,-474,1333
17016,5850,-3720,-2223,807,1646,-1639
17017,5630,6633,-1656,416,-1451,1228
17018,-7959,6858,-7594,559,-1443,640
17019,-5590,3916,-1042,-259,-1614,-339
17020,-4682,-6500,-1556,-412,-1301,-1215
17021,5598,-7888,7495,-194,-1943,1946
17022,6080,-3204,787,350,1499,-1957
17023,-6191,-7655,-5959,-1775,-1182,1363
17024,6695,7095,-6248,-1114,-1251,1784
17025,2251,3741,5620,1495,-1078,-55
17026,6634,-5854,3181,-1214,1943,-920
17027,-2453,-3711,6131,-458,586,1606
17028,5701,3171,6840,764,-749,1351
17029,-6631,-4317,197,1397,585,124
17030,8,-5673,-6624,-1849,-41,193
17031,-1035,-6892,-1285,588,-1813,-1639
17032,-2625,-602,-5292,-535,1524,-863
17033,4433,1619,-7820,-1193,274,972
17034,-5675,-3941,-1413,1593,-1715,-20
17035,7259,7433,-6447,-1856,1480,1081
17036,6526,5302,-7206,733,-1078,-728
17037,1205,-656,-5471,148,-1482,-1149
17038,-1705,2750,-4380,739,1608,-622
17039,-5395,4979,1591,1905,1073,694
17040,5209,-2685,5200,251,1742,-1510
17041,1997,7144,-6866,1093,-768,1799
17042,-870,7730,660,1913,343,-1900
17043,-6590,223,6489,-1528,-264,-141
17044,-6428,-683,5438,-834,879,-536
17045,-2489,-1943,-4075,-6,297,594
17046,6378,3184,-3008,882,-1180,-1203
17047,7840,-2448,-6233,-389,1504,-405
17048,2552,-1265,-896,1171,954,930
17049,4934,3897,7921,-508,21,594
17050,7464,-6399,2833,-1402,223,-1410
17051,520,5327,-4251,-666,-887,-958
17052,6501,2028,-3367,159,1700,-468
17053,1544,7715,-3718,-460,933,-1859
17054,-898,4680,-2117,1618,1690,690
17055,-4654,-179,7585,298,-1320,-569
17056,284,-3571,90,-1562,-299,1317
17057,5216,-5283,976,337,309,360
17058,5883,-5300,2174,1217,-931,1452
17059,-6134,-6814,-5388,-168,-177,133
17060,-5604,6371,1071,-235,621,636
17061,-7811,-4498,-1753,450,-1910,756
17062,2769,-4661,2160,-1139,1105,821
17063,-5823,-6274,-2711,387,-1361,-389
17064,6223,2522,6595,-1918,-576,185
17065,-3281,-6067,-280,870,-1154,875
17066,6535,557,1576,-1300,1982,481
17067,-4543,-3774,5641,-1922,-1163,662
17068,-6180,-2792,-2073,1495,760,1158
17069,7927,2908,-3159,-1065,-1673,1074
17070,-4081,-4310,7275,-1566,1928,-230
17071,-2038,-2615,3893,845,1085,1159
17072,-2470,685,1301,966,1729,-1655
17073,-1824,1253,-3266,-1429,-1060,947
17074,-1123,7038,2409,1565,-72,964
17075,2184,-834,-5578,-1325,1770,-1175
17076,1456,-1752,-3314,-579,346,-1817
17077,589,5658,-3922,-380,-358,1511
17078,-7638,-6850,-5285,-1654,-1501,-270
17079,-5919,4261,6055,1052,-967,324
17080,953,6145,-4030,392,1557,-1153
17081,3584,4662,-2541,1417,167,-403
17082,-489,-7062,5165,-415,1578,-566
17083,294,-4913,3291,965,-312,-1189
17084,-1148,-4444,-4962,-745,-447,1400
17085,4224,2474,4568,174,696,487
17086,-4592,-5903,-183,1140,-686,1501
17087,2670,-534,123,681,507,573
17088,4138,-854,-3381,-1378,1955,707
17089,5651,-2302,7502,-504,1131,-1996
17090,1073,-2368,6374,-1254,468,-507
17091,-7772,-5474,358,1428,-1874,-647
17092,-5146,1922,-5636,395,-16,-301
17093,3799,-1293,-5506,539,221,1975
17094,-3805,6565,1572,-979,1080,-355
17095,3388,-4505,7291,1333,-58,961
17096,1280,2624,-4325,-220,78,38
17097,631,7924,-291,1404,-1698,745
17098,-1203,380,-6259,-1299,-148,-1231
17099,-202,-204,-5662,453,1283,1102
17100,-5732,-7275,3322,-514,640,410
17101,-1500,-3490,-3832,524,-729,1921
17102,3594,-2973,7296,344,1989,1290
17103,1335,-6042,2723,-299,-929,-1857
17104,1902,2000,-2954,-828,1314,-259
17105,5460,4953,2561,1339,1551,1950
17106,-1790,3683,2575,-1523,-882,1601
17107,7537,716,-5783,-980,1353,881
17108,-4659,-4084,-4221,-129,-197,1821
17109,-4426,7799,4263,-1741,878,21
17110,-1271,1006,-4440,447,-708,-1488
17111,-5119,-659,3750,1641,1688,12
17112,4285,4352,1557,-1102,809,-981
17113,-2073,-1511,-5512,1170,1280,-873
17114,1480,7514,-6422,337,-1772,1745
17115,-5525,7820,3846,1862,-1313,1560
17116,-1692,7710,7690,625,1969,1821
17117,7702,-3297,-5914,1211,-1133,1729
17118,-6317,1551,1518,-628,33,1892
17119,6217,3863,-5891,1784,1210,267
17120,51,-6140,3253,1018,-1313,-1388
17121,3026,-6494,6018,1981,-73,764
17122,-869,-7355,1780,-935,860,1515
17123,7685,5194,-1586,-1546,-1228,11
17124,7617,1225,-5995,1776,338,-2000
17125,2213,4119,1834,-264,1065,951
17126,376,-5336,-5662,4,-1506,1169
17127,-6153,6689,1016,-1651,686,-1604
17128,-2748,1385,-3149,67,995,-222
17129,-859,7690,6977,-254,1066,49
17130,-7949,4321,-4710,1217,179,-319
17131,7435,6798,6972,495,1166,-1140
17132,-5530,7917,-28,-463,-583,-1556
17133,6009,1205,-6414,684,1493,1750
17134,-1157,5956,-3230,-1254,245,-1564
17135,-7960,-6640,3445,1567,603,633
17136,2693,-80,1869,-451,356,-1204
17137,-6833,7849,2990,1189,-1723,102
17138,-2896,-5038,1607,1227,-26,1256
17139,3138,2805,4484,1868,72,1802
17140,-483,-5989,-6717,-1086,-1001,-790
17141,6893,1405,-6655,-1500,968,823
17142,-3955,-5902,720,-1390,-1583,558
17143,4414,2424,-6181,-1519,1342,502
17144,2657,1803,-4959,1528,-688,847
17145,6278,-2722,2638,902,833,763
17146,-3714,-904,6493,-1591,-220,207
17147,-2049,5136,1032,-1256,-809,394
17148,7199,-4592,-5310,-292,664,1687
17149,3661,-7341,1075,195,106,-38
17150,6427,2557,-1303,1481,-1549,-1552
17151,-3316,-3614,-5708,-1748,-567,-694
17152,-7066,3332,1267,636,-1998,424
17153,-5835,-711,-7351,753,-379,-1411
17154,-861,4252,4816,1904,811,769
17155,-5578,-2505,2252,626,1934,1325
17156,-1233,-3802,5663,-1195,340,698
17157,3740,941,1003,-1005,-1836,1918
17158,-7620,70,-2116,1528,-207,1921
17159,-6355,6419,1483,-1204,-129,-744
17160,-7940,-3622,5229,-266,698,-2
17161,1051,278,3190,-1421,-1859,-96
17162,-4385,4360,757,26,717,-1022
17163,3705,6857,-3921,-658,-1627,-723
17164,-7570,1040,-3299,-543,-317,-1718
17165,6037,-7466,2366,581,-1592,-476
17166,4431,-2804,-5324,-17,-1341,-784
17167,3229,-4309,4718,1740,1573,379
17168,-3489,6737,26,-1002,-807,-528
17169,2580,-7730,-3545,-664,1495,-52
17170,-1343,3817,4062,-196,772,-721
17171,7264,-4991,5435,1926,625,150
17172,5118,1438,-6769,-1603,-1020,1623
17173,2102,7766,-4329,-781,-835,-530
17174,7197,-2248,-415,-72,161,-1086
17175,3504,1132,-2275,-1444,1930,187
17176,-3127,3429,4572,1391,-608,-1904
17177,-5019,-4116,-1256,-1059,1043,-1324
17178,3475,-3988,-7561,-1203,22,1556
17179,3961,4262,-1625,1184,-444,793
17180,2114,-3605,4600,-214,1155,-787
17181,7966,-185,-2202,-88,1857,-1691
17182,4075,-5770,3024,1881,-1939,-859
17183,-7611,2017,1638,1758,1640,-142
17184,2793,7259,6870,466,-1944,1213
17185,-3281,1010,1168,1110,-1151,1860
17186,-3140,7298,6950,-409,-1948,1454
17187,3581,4242,-2349,-1501,1428,-463
17188,3056,1090,-6095,-40,-784,688
17189,6178,-3255,-6892,1396,-419,-1037
17190,2283,-3843,-4338,-323,1769,591
17191,-5905,7720,7942,1225,-777,45
17192,-4466,2672,864,1121,1830,1986
17193,3277,-2323,1795,1268,-1465,1440
17194,-3949,-2031,6917,1374,-528,693
17195,548,-4745,1286,1079,1512,59
17196,-4549,-2579,-5557,1070,-321,-1154
17197,1405,-5467,-2609,345,788,-354
17198,5922,459,4018,-1345,167,18
17199,-1285,-460,-2353,-775,1346,-337
17200,5502,-7155,-1513,1325,-220,-632
17201,-1907,7437,-1896,1073,-174,630
17202,-7129,6290,1457,-1020,-1183,-1065
17203,420,-275,1586,731,1450,288
17204,-6299,1587,6376,203,741,-1755
17205,-2501,91,-6620,-434,820,-1500
17206,-6780,-4836,-5934,-715,-453,-947
17207,-7168,-1073,7469,-53,-661,-707
17208,-4950,1931,-7550,167,1958,1314
17209,3931,3521,2466,-321,-434,-1521
17210,6613,-6190,4914,-1310,958,-718
17211,2739,38,-7182,1462,-724,413
17212,7459,-4239,-548,-1341,-1080,1560
17213,685,7346,3430,-1917,821,1992
17214,-6052,1487,309,-344,486,-580
17215,-7991,2841,-6972,1908,-838,942
17216,1495,-4888,4165,-1604,-1118,-1877
17217,3062,-4735,-2001,-848,363,-1961
17218,3552,-3714,2800,275,-1217,-200
17219,-2589,-5116,4719,-1246,1514,-284
17220,6915,-3291,5230,1548,-760,226
17221,1278,1306,2636,-963,1616,-283
17222,-543,3658,-989,1322,-1691,-1070
17223,-123,-4147,5219,-918,-943,-862
17224,-5591,-7090,6835,-232,201,328
17225,-7992,3675,4980,-572,818,1852
17226,3239,-7580,5475,-1103,640,551
17227,-1,-24,3012,437,-1449,35
17228,4755,5352,-2016,-1244,-1590,452
17229,-4122,6797,5895,-1883,-1677,-958
17230,-3034,6047,3366,-1569,-1535,1058
17231,-4373,-193,-1099,-1253,-1289,-1599
17232,3592,1847,2096,1191,-365,1588
17233,4531,-295,-1255,-1900,-1194,-1177
17234,2676,-4249,-2391,445,-1865,-262
17235,-2539,-7643,2827,-314,-430,1757
17236,974,-6171,1684,1178,1755,1309
17237,5315,-5002,-1875,1455,1698,-1103
17238,-7497,-5889,-525,-425,756,-836
17239,-6322,6745,-6916,-1035,1642,335
17240,-5094,-6724,-2915,421,649,-648
17241,4204,-7473,-333,94,1661,154
17242,-3690,-3665,1046,-340,1866,1523
17243,936,-2924,1327,-1871,-1713,-263
17244,-3352,-7506,734,478,-1885,1022
17245,-3344,-1496,6992,893,889,-1445
17246,6007,-5575,-4693,-1306,-951,1926
17247,-3462,-4579,-7088,-290,-1591,-489
17248,126,6143,2449,-1039,1848,-1807
17249,2098,1126,-6966,-1330,-493,-585
17250,-126,7058,4166,1575,33,1293
17251,-7914,1641,5875,1248,-1189,357
17252,-2382,1176,-586,-1184,1614,-1494
17253,-423,2988,4476,360,423,3
17254,5589,-674,-6167,-1123,243,-177
17255,-6789,2626,-4838,-1955,-590,-318
17256,-7947,374,5079,915,581,1667
17257,-7611,-1526,5637,-1132,-1955,-353
17258,-4568,655,3916,-1235,451,455
17259,-2608,3977,4016,-911,-1244,276
17260,-6552,5600,7114,233,-24,-1154
17261,1110,-7611,1816,1939,-632,1910
17262,1712,4678,-2209,-830,1435,-1404
17263,-5084,406,-5631,-23,1910,1420
17264,-2911,3792,-3665,-584,1512,-881
17265,2399,-1798,6714,-893,1824,1626
17266,5920,7823,7338,157,1429,1016
17267,3700,-94,1695,766,937,1520
17268,7829,-5034,-4802,277,-1747,-45
17269,588,-6044,7469,-129,-318,-842
17270,5726,-4119,-5978,925,-193,1679
17271,-3711,2900,1365,-1522,507,1960
17272,-3782,6886,747,1453,-1128,1941
17273,4015,-7200,-5650,327,-1657,912
17274,-5072,-5338,-7355,-501,166,-1763
17275,5001,-4627,147,401,1561,1194
17276,-5801,-1322,-6449,-1097,-377,-82
17277,-1086,1818,5349,1857,525,108
17278,7073,2224,2245,-208,-209,-661
17279,859,-1977,-3315,-461,-1846,889
17280,-6951,-4341,3509,-1217,97,-1958
17281,4280,4054,-6692,833,-586,1279
17282,2767,181,-5368,-552,-648,847
17283,-6250,-4873,3801,139,-224,-283
17284,-6705,-5957,6921,-1510,685,1054
17285,-2579,-5170,-2120,-132,-1560,107
17286,6095,3018,-5139,1064,1945,518
17287,-4146,1195,1247,-1879,-157,138
17288,-5103,3807,666,-1936,234,1855
17289,1109,1224,7324,38,-1476,1617
17290,-4526,-7888,-3483,-1008,-167,1178
17291,2320,-7176,334,1798,-1922,1166
17292,3558,-183,-4443,-140,-1632,1906
17293,-4289,-6237,-3027,1331,639,-661
17294,6887,3546,7798,-1497,-1520,1484
17295,3285,-3015,6771,374,11,-1630
17296,6806,-5202,7934,-812,905,106
17297,-2296,-7288,-5805,1755,580,297
17298,-4294,-5633,-1564,-50,-65,-619
17299,-4986,-785,-2193,-998,-1521,-559
17300,-1330,6214,293,-1339,-787,-1582
17301,-2138,3877,-7216,-95,-1854,78
17302,-1313,2659,-1477,1022,-1890,-1653
17303,5939,1479,2529,1497,-507,112
17304,2362,-6809,-5580,310,-809,386
17305,3367,-848,-732,-1329,-1727,540
17306,-4923,-2167,-7553,-12,631,1426
17307,-1602,1089,-2868,-665,-1638,-498
17308,-2021,-4310,-2769,-1347,-1602,1807
17309,3556,-6405,5496,-652,-816,-437
17310,-3430,-3087,-1654,805,292,-1990
17311,2581,3832,6011,130,-1461,-869
17312,622,-5430,669,-57,-1110,-1018
17313,2099,3288,-372,-69,282,-508
17314,4063,3493,-7312,-760,1120,616
17315,-1803,2253,4407,229,-1601,-1449
17316,4870,-4777,-3532,-592,-1951,-151
17317,-2477,1092,2753,272,-131,-789
17318,1078,-6780,6962,1248,1310,-543
17319,-4911,-1708,5752,1540,388,-797
17320,5944,-6470,3484,-620,615,-1144
17321,363,-3542,-6203,-450,1807,1619
17322,-6349,7831,-5384,-1294,-1304,395
17323,5194,2654,1764,299,1032,-1210
17324,-4947,2535,6041,-1843,-219,40
17325,-4179,-5494,6212,-1528,601,1830
17326,-3732,-622,-6003,1861,671,-1709
17327,46,-2843,-2028,-391,-1710,-913
17328,-7372,7719,-2575,344,-1124,334
17329,-4690,-737,-1058,-1751,-541,1791
17330,5378,7632,1446,1122,1719,1280
17331,-2630,-5727,2298,389,481,1735
17332,2264,-7730,-1032,-571,-321,-1383
17333,-2013,5486,-7609,-622,-1925,1064
17334,7639,-6822,3328,-1460,360,-1842
17335,4474,3025,-4903,-246,1035,986
17336,-2044,5151,-6381,851,1379,-480
17337,421,-7827,774,-1061,-435,675
17338,5522,-2843,-3731,1495,1393,-498
17339,-7805,-4477,-2982,1596,-1788,-1105
17340,815,-4691,-6093,597,1831,113
17341,5235,5957,-3346,-448,919,-462
17342,-5193,6008,-621,-219,1352,201
17343,-7449,2468,-3641,-690,376,-1717
17344,-2026,1720,-4669,-430,-1722,1118
17345,6190,2560,-6099,-1843,1538,-306
17346,3246,6268,5333,935,1277,-425
17347,1714,2635,-7122,1737,-1653,-1425
17348,4514,4748,1992,-402,12,-1876
17349,3806,-7390,3055,350,-302,1322
17350,-4673,1567,-185,336,131,1707
17351,1482,-5450,-7131,-393,-1774,-18
17352,-2821,5510,-5735,-1144,1245,-1530
17353,-253,-3999,577,1935,-357,558
17354,-5221,7282,3656,687,1877,1529
17355,3051,-489,-2794,-395,670,-169
17356,-5144,5875,6808,-1336,-149,-258
17357,6230,-6834,7850,-16,-780,1316
17358,-70,-1995,4236,507,483,71
17359,-522,-1690,7106,-787,-1858,-1813
17360,-444,-3929,-3942,-421,891,-835
17361,-6901,1029,-939,-1048,-405,272
17362,4377,-3397,-7452,-951,-1885,-467
17363,-5328,-5044,3612,-1569,1908,305
17364,-7892,2882,2666,1943,-1319,-1137
17365,248,7402,1612,-1836,-1066,-1439
17366,7908,7715,119,1835,960,-221
17367,-2186,-6534,-4055,420,1155,1290
17368,7246,5740,1364,-1617,-1622,340
17369,1721,-1966,-6723,209,-1179,1413
17370,206,6124,636,-649,505,-1608
17371,4771,-930,1485,1897,1673,-1985
17372,632,-2640,580,725,-228,-733
17373,995,5886,-2877,-1238,1059,1731
17374,-7672,4541,-2127,1085,-1773,-455
17375,-4497,-5303,-812,-1853,-721,1740
17376,-7360,-3606,166,1011,1554,-1723
17377,-7652,-2811,-5799,1703,-1056,1500
17378,7021,6578,3264,-1900,973,-1004
17379,-2514,-1518,-2170,914,1527,561
17380,7664,5634,1754,1079,-617,1512
17381,1616,-2308,4306,-822,884,1955
17382,-5206,5597,3135,1761,837,-97
17383,-603,-6357,6749,204,1450,-253
17384,3460,-1301,7397,-17,695,-1141
17385,-678,-1554,-7264,340,69,-272
17386,-2668,-6762,-1539,158,329,-1418
17387,2210,-1281,-251,-1375,1583,-638
17388,-2995,4758,6636,-1427,-1739,-813
17389,6792,2409,7628,-1133,-808,1419
17390,-6109,1421,-5042,1310,-87,-627
17391,-7067,2721,-196,1285,-439,1180
17392,-7101,-4828,-1364,-1367,1168,318
17393,195,-1330,3899,1755,-375,1019
17394,4792,-4812,4569,725,-1241,231
17395,-1400,2959,4008,979,1695,1581
17396,1022,-1010,375,-1017,-688,1540
17397,-7871,4951,6461,-917,1850,-1408
17398,1886,-700,3171,1573,-1864,-1549
17399,1859,442,-2492,1152,1162,-1039
17400,1644,-6828,-5286,1163,1882,-1080
17401,7083,-6449,-2082,232,-1209,663
17402,-7725,5932,-6487,1135,-204,-101
17403,-2388,-6528,-2235,138,-807,270
17404,-1278,5789,7824,-116,-1845,1018
17405,4695,7945,-887,1362,-1065,726
17406,4262,3340,6109,-463,899,-616
17407,5913,-3120,7926,316,730,1411
17408,-2843,7210,4289,638,-1107,1360
17409,-3066,2726,-5409,-1864,-524,815
17410,-7601,7398,7966,-809,-1799,-1385
17411,-261,55,5405,-1032,168,1573
17412,5717,-2680,7634,-1160,1590,-1296
17413,-5858,-3876,6882,-445,62,-265
17414,4078,7283,347,1048,106,-888
17415,2021,2906,-6637,-390,-650,-253
17416,4182,-2943,6099,-1656,-1299,-974
17417,-4171,5311,-6287,-830,-1201,1092
17418,-7289,-6516,-2583,-1700,-1037,263
17419,3846,-2267,2436,1514,353,-856
17420,5666,2881,6646,-1903,466,-809
17421,-7056,7689,-220,-1091,591,201
17422,4982,5240,-3701,1957,-897,-1112
17423,3101,-40,512,-670,994,1479
17424,5236,-4631,-1049,-778,-767,-1192
17425,732,725,3972,175,1870,1205
17426,-2247,4837,-5948,-1745,-678,1991
17427,-4414,-6814,-4520,1015,1340,-1508
17428,-3461,-6910,378,415,826,1692
17429,7385,1611,4061,1390,1726,-1759
17430,16,2402,-5230,-48,-296,1327
17431,-4621,4071,-7080,-1084,1130,1525
17432,5767,-1367,5702,1897,-1661,-797
17433,4322,2782,-2467,1788,1023,937
17434,-1109,-3234,5591,-1098,-362,1286
17435,-867,774,5442,-701,-1334,-299
17436,6549,-5519,6784,-1844,310,-325
17437,7015,6264,1619,-1004,1558,1261
17438,6748,6745,2406,1106,-498,-1426
17439,3448,-6391,2649,78,1523,568
17440,583,-5842,7060,337,-238,-1823
17441,1625,925,1175,1127,-1313,348
17442,1286,-3108,-6665,698,540,209
17443,-854,-834,5630,-64,1894,-702
17444,7174,2081,1348,-1530,1692,1544
17445,5487,7768,3888,1162,1406,-374
17446,1394,406,1166,515,220,968
17447,-7803,7003,7340,-324,-629,1624
17448,-1997,1427,935,1276,1458,-903
17449,1367,-537,-6264,-379,-1229,642
17450,-1988,-6696,-2497,-1764,-1306,-348
17451,3000,-6210,7198,419,324,-567
17452,-7525,-217,-7628,1614,357,589
17453,-3951,6082,-936,-262,-750,-1104
17454,-37,-6052,2408,237,-243,265
17455,-7200,-3770,-4354,417,466,1428
17456,-779,-1965,-5723,657,-1007,573
17457,-3827,-4932,4589,-217,1404,-1088
17458,1781,-2304,2170,45,416,1625
17459,7315,5478,-6075,1027,-1436,492
17460,-1594,1594,2968,1707,717,-576
17461,-3559,5693,-412,1853,-853,-1433
17462,-4015,4958,7799,-1119,580,1517
17463,-7372,558,-787,-928,1936,-611
17464,-3639,-5215,5927,-360,-102,1369
17465,-2080,-1773,3963,-1629,1519,-1781
17466,6403,4876,6247,1600,327,1766
17467,3523,3738,-6335,-539,-772,445
17468,4415,1524,-396,-1184,-896,1916
17469,-229,6363,7605,-113,-447,-579
17470,-6227,-4085,1408,1599,1163,-780
17471,-6052,5142,2224,-1515,777,-1511
17472,6860,3458,-1522,1831,1342,-1784
17473,-1395,-1553,-126,-1690,1791,315
17474,-2614,7482,1668,-1785,1304,1373
17475,1290,730,-4187,233,-1010,650
17476,590,-3370,4436,-1133,1351,-1335
17477,3660,5887,7663,1360,-1307,-535
17478,-2685,-5653,6915,542,1041,-1326
17479,2519,7730,-1917,-1866,-1322,1959
17480,6847,-6602,7682,-1760,-977,-1185
17481,4199,-4044,-320,-428,-184,1434
17482,-1471,-7995,-3132,-1278,795,-1782
17483,-4349,5415,-2729,-1156,1061,967
17484,-4865,5882,-1111,-1870,-1341,-761
17485,-3343,-4383,3663,-1377,-586,-1440
17486,-5859,3825,6226,-1188,-1813,766
17487,-1940,2694,2052,-1022,-1323,1625
17488,-3537,6535,1511,-431,-543,447
17489,5962,1485,3335,-555,-936,1249
17490,-6962,-4300,6103,-1236,1320,-1181
17491,-6594,7352,2534,-1626,-1741,-796
17492,6032,4997,5141,-168,-644,-468
17493,-7196,-7986,6962,-1309,502,811
17494,2936,3993,2129,-1929,-626,-1010
17495,6372,4788,4958,571,-509,617
17496,228,-6442,2803,-1509,-761,111
17497,3248,-744,2895,-1877,-1555,618
17498,7047,-198,-4305,-530,-1809,953
17499,2552,962,3329,-224,-690,1720
17500,-6285,-4503,3870,134,-456,1236
17501,5446,6528,943,-594,-1115,-1954
17502,1516,5220,-2550,1950,116,775
17503,4820,5874,7086,-1978,-1756,-190
17504,-4260,-3482,-6327,1886,-648,-1702
17505,738,1011,6806,-672,812,1141
17506,-7313,276,-910,349,-1557,1689
17507,6555,-1321,-1398,1132,-1275,1636
17508,-4656,3485,-1973,-358,870,1736
17509,-5968,-5736,1221,-1599,1760,113
17510,-1957,5477,6898,863,-130,881
17511,-1852,-564,-1254,-901,281,-689
17512,4533,3844,-6184,-1359,-1889,863
17513,1023,-2117,-5765,-1918,916,345
17514,1361,4663,2453,183,1321,414
17515,-5400,1290,-4186,504,1435,-675
17516,4935,-4154,3065,-639,-468,1602
17517,-7516,-3397,4070,-841,-1452,706
17518,-2390,-2159,5120,1321,-526,616
17519,-3665,-2761,6405,856,-1482,291
17520,1191,7412,4632,-1522,105,-1010
17521,1257,2330,1870,894,1073,1254
17522,-1341,3332,-5518,1588,-1216,-1670
17523,-1375,4176,-4933,-1005,-345,1774
17524,7623,-4513,5491,1832,667,-433
17525,7015,3576,-5889,1039,1175,-1675
17526,7824,-6080,428,1120,1029,-583
17527,5611,7172,5648,-369,1856,326
17528,1025,-5767,-7498,-836,506,1402
17529,5553,1285,-7144,761,1487,1543
17530,-1864,-2591,3470,1119,-597,1270
17531,-7008,5834,-1880,-218,-986,1007
17532,-3889,3610,5607,-900,-530,682
17533,6354,454,-598,1215,1070,549
17534,-5285,-2768,6707,843,-1930,625
17535,2609,-7751,-1871,397,276,-1818
17536,857,6570,6267,-1154,1841,1097
17537,-5266,-1891,-3288,-156,-684,-910
17538,-5794,-7779,-1605,-265,1265,215
17539,-3857,-2631,-6854,-1527,468,-1588
17540,5872,7782,3143,586,-371,-188
17541,-149,4886,2914,685,208,1933
17542,-496,-7893,6148,436,-1041,-456
17543,-3518,-6075,2369,840,-1123,-681
17544,4912,1902,2730,1220,-1438,550
17545,6553,-1859,2922,-1059,1691,337
17546,-7989,2813,5321,-986,-1564,357
17547,5168,-7329,7953,844,1073,-1678
17548,-4319,2980,947,-398,839,-1360
17549,6131,3309,-7130,368,-345,-891
17550,-5627,7326,-3807,-309,1441,-1983
17551,4966,-2332,-5678,61,95,-1812
17552,2136,5339,-3113,496,-1734,-967
17553,4181,7360,-2976,-74,-42,49
17554,3523,7397,-5933,-1568,-673,611
17555,-1037,4442,4484,792,1212,750
17556,3097,7956,3111,35,-1345,1111
17557,-2228,-4851,4415,1779,1958,-390
17558,280,1671,4152,263,1768,-954
17559,-6921,-7282,-5462,119,-1023,-1095
17560,-7806,1739,5265,-671,-1633,629
17561,3451,5099,-5217,153,-1360,1394
17562,-3896,-5335,-937,1650,-1042,287
17563,-2381,-3088,302,226,-1793,-1847
17564,-4816,7278,-2309,-457,-958,1948
17565,2340,-3658,2688,-1383,-65,378
17566,6863,-6652,-5035,1547,1033,1007
17567,5932,-2807,5899,1824,-1983,1543
17568,-940,-6170,-6852,1184,1035,1141
17569,-3849,-3231,-7974,1846,1941,625
17570,6887,90,-5970,645,-1308,-1907
17571,1307,6079,-6296,602,-945,246
17572,2350,-1658,2533,-908,-278,1117
17573,6642,-5287,4454,-1381,-122,-1967
17574,7018,4576,-450,-583,-519,1650
17575,6946,1917,-4027,152,512,1459
17576,3257,5916,-3377,1430,361,-706
17577,1487,-7150,-6743,-942,-239,707
17578,1723,1853,5260,1560,-840,209
17579,2472,4887,7996,1382,1431,1438
17580,3308,-450,-2134,-1593,-44,-1500
17581,2884,-1184,-971,-1611,-928,230
17582,4977,-6509,-7970,-1749,697,-30
17583,-4558,-303,-6193,-676,-155,1215
17584,5097,-5861,407,-572,-1619,1966
17585,6343,2750,523,1367,-646,657
17586,5329,2057,5110,-77,-92,533
17587,4795,2419,-4837,-1437,-1237,-1166
17588,-4256,-7493,-2845,-1221,1392,1614
17589,874,4353,-3086,1333,1263,721
17590,1900,-6434,-5794,-428,-508,-1362
17591,21,4110,299,-1893,1173,632
17592,-1067,-7466,1333,-1973,595,-35
17593,-4978,4932,-3777,-1723,-179,-1550
17594,4408,5843,1391,-1447,-1269,1283
17595,7711,-2137,-1097,931,-357,1790
17596,2244,6878,4482,909,620,554
17597,-4740,4678,5951,1181,1373,-210
17598,-3370,-2228,4275,-872,-1305,-1236
17599,-1094,-374,-3314,-1741,-1315,1016
17600,-4097,-4999,6538,184,929,-868
17601,-6683,178,-1585,-538,1494,-1114
17602,2452,-4564,-3302,-1234,-1134,-822
17603,-7994,6430,7622,-1918,-1708,635
17604,-1615,3822,5435,1339,-1350,-1840
17605,-5915,2031,5286,884,735,-71
17606,1750,5865,813,-839,1594,756
17607,-3873,4829,-3501,217,921,1090
17608,4841,-5938,7945,1469,967,-1948
17609,2606,-1050,-567,996,189,818
17610,4184,-3666,5276,-198,-1738,-730
17611,2054,-897,-680,1045,-1132,630
17612,-6600,4673,-1382,-1447,485,-1977
17613,-883,2049,-1535,-1020,-1555,1931
17614,1761,57,-1596,-1176,-97,-983
17615,1454,-4640,159,1054,-271,677
17616,-3156,1899,-3757,766,1435,-1753
17617,3835,3794,1639,-746,900,1758
17618,7481,4008,-842,-999,-1260,-1040
17619,-6341,-336,-15,-19,522,-901
17620,1101,3047,6132,1464,-393,790
17621,-6909,-5537,378,-137,1683,-185
17622,-6557,-6559,3776,-1633,697,911
17623,-1353,-7592,-2374,1005,417,-1796
17624,6928,4177,6134,448,885,1669
17625,-7778,863,-7873,-678,-557,-1152
17626,-5432,-1405,295,-768,-94,781
17627,-1115,1817,-2512,1351,-1604,-1547
17628,-2881,6694,6171,757,-127,-825
17629,1092,-4387,-5695,981,-545,-1892
17630,3426,-3404,-2243,-584,1393,-1412
17631,7935,-7042,-4707,-1122,230,1891
17632,2146,-7212,765,-804,746,648
17633,-1823,-1078,18,-1748,-1491,1280
17634,-5741,5584,6588,-1045,472,581
17635,5602,-5068,136,-56,-1964,-1685
17636,2524,-3922,7049,1535,-737,1072
17637,-6806,-2526,-2289,199,80,1599
17638,5219,6530,7406,-1640,-1084,644
17639,1642,-6430,4145,421,-1781,-867
17640,-2289,4971,-6205,-1249,-1940,-1463
17641,2558,-1718,-3324,-1361,156,-717
17642,-980,-6287,-4351,273,902,-942
17643,2196,-5944,3995,-1502,-1249,1425
17644,7273,-1738,-3095,180,-531,759
17645,275,-4203,4354,-1868,-1029,-496
17646,6113,-2935,872,450,-1891,-616
17647,-6641,774,927,-1620,-1528,1816
17648,-4179,5464,4319,-217,558,1280
17649,-524,-1426,4804,1771,1287,-1939
17650,6219,-7458,-3976,1894,-1963,-649
17651,-4897,-6153,7084,-616,-888,1630
17652,690,-1485,-2249,1339,295,-1317
17653,-6798,-4137,-3702,728,-1918,-1147
17654,-5411,-891,7521,188,1483,1281
17655,3776,4955,-7516,-1653,-1936,-1531
17656,-4287,4648,-3911,-96,1575,-1710
17657,-470,2470,-4523,-7,-394,-1491
17658,-1827,-5409,-3044,-1171,-565,1285
17659,-3423,3645,5192,-1615,-1654,1342
17660,2515,3669,-236,1463,-422,-1563
17661,-4145,-2100,663,-1718,419,-889
17662,6546,-5619,-522,-396,-1923,549
17663,-7102,-2020,5073,-1886,1614,395
17664,5350,4790,-5405,1001,23,-139
17665,-4816,5644,-2481,209,-1410,1364
17666,-2848,-3446,5761,-1247,-960,-457
17667,5428,4639,6764,1889,1715,-1018
17668,5736,-2141,-3287,1796,100,-791
17669,-7864,-4823,3852,-415,568,924
17670,-7942,-6362,4419,-858,-25,-1738
17671,-2870,-1030,-6360,-1645,1131,1869
17672,-221,6941,7493,-1580,1625,-1399
17673,65,-6460,4447,21,1272,1926
17674,-7946,49,2724,145,-1977,929
17675,1266,2161,-3341,-558,-1180,-884
17676,197,-4097,2177,1035,433,1270
17677,-3799,6784,-2947,-381,-668,1893
17678,-7275,-1883,3705,-1501,755,983
17679,-5365,7682,2131,209,1560,-1297
17680,4570,5208,4923,-1067,827,-1230
17681,2272,-985,-6559,-1503,-4,-1003
17682,-4492,5092,7321,-1285,273,1815
17683,2968,6455,369,-1201,57,-409
17684,-2121,-3268,4899,929,-470,-1308
17685,-4723,990,-3312,1357,1841,-318
17686,2359,-3639,-7765,420,-1191,-606
17687,379,-2557,-2435,-136,1302,558
17688,-6875,-6480,-6947,-1232,1925,997
17689,7722,-2302,1281,14,1260,1909
17690,6462,-3867,-6326,-1022,-1204,-83
17691,80,-167,-4064,1082,-1753,-59
17692,-4706,4623,6812,-1809,618,-980
17693,-2220,-770,2010,-425,-348,1914
17694,-2698,766,509,215,-1664,-1869
17695,2650,1597,-4360,-783,852,1924
17696,-25,-6591,2064,1196,-1747,-1080
17697,-886,3372,7960,-1150,1688,-1300
17698,7371,1204,1684,1669,938,282
17699,5372,-3695,-7487,-782,-134,1798
17700,239,-5476,-5854,-983,754,-1585
17701,4848,872,-6693,1181,1518,671
17702,2462,-4184,-3024,-1710,-1794,242
17703,3015,-1328,-7630,1627,-513,900
17704,4842,-1112,-43,1158,1530,891
17705,-120,3417,5689,-1002,-274,0
17706,2434,1825,-5674,979,-393,403
17707,648,-4550,277,1210,873,-657
17708,-977,-4737,1804,-1104,1611,1705
17709,5781,-5538,7430,-1804,-1932,735
17710,-4256,6733,7149,-118,1421,-729
17711,-1506,5073,4011,-625,-297,-1988
17712,-1455,6169,4142,1906,512,1902
17713,-2178,5791,-2658,1023,497,99
17714,-185,-3102,5925,517,-1947,1068
17715,-7098,5763,-6807,-947,869,1000
17716,7236,4548,7428,27,-154,1564
17717,1831,5815,-2856,-1580,1766,933
17718,-2833,-3765,-7118,-1765,-450,-137
17719,-3138,-5440,-4100,-657,57,-1289
17720,6106,4516,4531,276,-1559,1944
17721,-5075,-4335,6107,-1356,850,364
17722,5655,2423,-2481,613,-1666,1139
17723,-1791,-5230,6102,-1869,-740,-332
17724,6343,7205,-7430,-1294,-1709,346
17725,4396,4065,1226,-483,836,916
17726,-6953,2093,-3082,-320,-1996,86
17727,1557,3083,2765,-1659,-11,-1725
17728,-4255,3051,-451,-208,1081,-576
17729,-4751,1653,3945,-1074,-545,216
17730,-2155,2535,-812,-1554,-1101,-953
17731,6531,4795,-1792,1446,784,481
17732,6321,-87,-7556,-172,-266,1700
17733,-4589,-7049,-6244,218,291,-285
17734,-6712,-5400,3892,-448,-903,89
17735,-588,-7594,140,-308,-1865,604
17736,5925,-7486,3503,-1632,-1526,-1797
17737,-6117,-319,-120,-1498,1797,285
17738,607,-1975,2242,1055,-368,1920
17739,767,-1062,-3779,1394,-958,485
17740,-2811,-3508,166,-385,-1460,770
17741,1697,-5973,-6759,1948,-1230,1167
17742,-2419,-998,108,1198,-1936,194
17743,-4681,6820,2485,-843,-943,-374
17744,3292,-7113,6788,-1916,-412,57
17745,-4449,-6877,-1859,1072,784,853
17746,-3920,-7453,7226,-217,1047,391
17747,-7997,-6369,-5733,-114,321,339
17748,-5397,4544,-6931,898,-847,-802
17749,239,3122,4268,-1446,939,-389
17750,6180,4694,6920,-1975,1100,527
17751,3889,-7588,-1277,-901,-237,1119
17752,3172,991,-2631,1222,-1897,264
17753,-5890,-5578,-4526,1205,776,1231
17754,-6513,-3351,1404,-368,198,-1257
17755,-6842,-1615,5594,1023,-738,-90
17756,-1914,1899,3554,-451,-1017,-117
17757,1205,5743,-6148,1318,-527,1990
17758,740,4551,6424,1834,738,603
17759,3721,4552,2928,807,115,818
17760,7619,-1885,4728,1245,588,-1646
17761,812,-4877,3609,-502,407,1012
17762,1231,-3063,5290,864,-390,-746
17763,-157,1253,-2266,-1476,-326,1661
17764,-1606,-598,1281,-161,-1237,44
17765,-5026,5533,4559,805,-1467,1348
17766,-7824,6066,4920,-1694,-1110,1178
17767,-5283,7797,-4345,-61,-855,-412
17768,5556,-2436,-1978,1395,589,-1136
17769,6787,-310,6630,166,-565,481
17770,-439,-3289,7729,-347,65,69
17771,3013,7405,-6164,1160,460,488
17772,-3042,-2247,-6559,-225,1057,53
17773,-6542,-7658,-118,-400,1788,355
17774,197,1511,-6145,1508,-1474,-705
17775,6826,7063,-6837,1696,-305,835
17776,-7078,4423,-48,1480,-7,-1974
17777,3654,-2188,-4629,-1781,-1492,1641
17778,2808,5249,2633,-1691,476,-862
17779,4665,3298,6756,-1564,824,418
17780,-2412,-4310,-4933,-945,681,1159
17781,-790,-2097,-634,-876,1399,80
17782,-7500,-5410,6037,587,-473,913
17783,-5357,-2916,3650,917,-1981,-1759
17784,5602,-1151,6354,293,1294,1713
17785,-112,6798,2786,734,155,1476
17786,-6575,-7302,2995,-1388,-946,1001
17787,6673,3716,-5682,-168,-1334,-1640
17788,-2734,5946,693,446,1415,-1193
17789,5578,2978,5478,-665,-1826,1484
17790,7451,-7590,-6512,1144,1716,968
17791,-3925,-4137,-646,-263,1825,531
17792,-2916,2145,-21,-1027,-720,1831
17793,3940,2955,656,1238,1517,-1770
17794,5265,5761,5634,-1007,887,-1653
17795,-1706,-3469,2774,-1457,-1806,-730
17796,-4925,1598,1756,-1241,-1698,-1437
17797,-4497,-4095,-3294,1352,463,869
17798,2608,390,-3826,957,1270,-654
17799,-20,-7421,522,-1260,1926,-591
17800,872,1225,6863,497,170,-1157
17801,-5293,5999,-5839,-458,-1740,640
17802,-6529,133,-5039,1305,251,-1460
17803,-4975,-3085,-1874,-180,946,1223
17804,-2401,-6670,-5691,-1682,1204,361
17805,5667,-1417,-5385,1440,-907,1510
17806,-1640,4019,1632,950,282,-1024
17807,6754,-6699,-219,642,-1622,-206
17808,-2489,-260,-1703,82,1684,99
17809,-7140,2233,646,-1786,1458,-703
17810,-2475,-1566,-5857,-45,1813,-1853
17811,-7419,2771,-4015,-1249,151,182
17812,2478,1355,2681,-520,1280,-147
17813,3864,2695,7128,-629,316,792
17814,2678,-150,2065,-1469,1014,-466
17815,3481,-1424,1833,-134,-648,-862
17816,-1848,-7279,835,-1336,-299,-716
17817,3119,5174,3283,1542,-589,-1638
17818,2356,7667,2568,-1470,1787,810
17819,-7370,-3372,1645,-1168,-1432,1560
17820,7525,5770,2483,1885,220,-713
17821,-5345,-7820,-3813,632,1602,1846
17822,-1142,-2461,-3295,-282,1665,1976
17823,3670,-7447,-7715,1044,-297,-1080
17824,-7943,417,2327,-641,-1943,591
17825,-2830,-5376,-2022,610,426,-135
17826,1125,-6998,6128,521,-1747,1825
17827,-4757,2288,4628,1740,-692,-1950
17828,-6608,-455,-240,-726,1415,1426
17829,-24,-3149,-2619,451,-538,-1429
17830,-6329,-2808,7674,1360,493,-1127
17831,-3382,-6875,-2183,504,-694,1874
17832,-2426,407,2176,745,264,-1871
17833,-6034,394,903,-1269,925,-636
17834,-3227,7246,-7506,-169,-609,-721
17835,1498,-6168,2838,-57,-1666,1071
17836,-5628,4589,-4539,-1696,291,-531
17837,-3113,7857,4826,1864,-1361,285
17838,-3386,-5148,-6108,828,1161,1902
17839,-1422,328,5830,-1685,-713,505
17840,21,-4265,-4405,818,337,1743
17841,-562,-1511,-5787,1312,-395,427
17842,-5029,1262,1994,-753,-1685,815
17843,5926,600,-1022,-807,87,-738
17844,-1902,-4100,-5735,1469,436,821
17845,5653,-2035,-3018,-1870,-188,-1316
17846,-6386,-2631,-7610,-150,128,-1363
17847,-2666,1614,6999,-989,1622,579
17848,615,4932,-1193,-1099,-1670,76
17849,-7072,7038,-6217,508,766,-1190
17850,-7601,-2687,-4137,1333,-752,-447
17851,-7458,2197,2848,-1996,-1328,1541
17852,3638,-6299,-7339,922,1119,900
17853,5852,3805,4706,1337,1557,-308
17854,6713,3480,449,649,-1142,-39
17855,7615,275,-3184,1949,-295,1838
17856,2269,-5104,-3417,1540,1875,647
17857,7801,-6670,7684,-765,1397,-1932
17858,-6378,-470,1070,-1206,530,-1595
17859,314,-7526,627,-1222,907,272
17860,-950,-4071,-3781,-535,1759,-307
17861,7541,1452,1167,-1465,-511,-1763
17862,4799,-1376,3904,606,1144,1202
17863,3991,3455,-6195,-1721,985,-1551
17864,-1921,-5027,2710,-1470,-1770,1343
17865,2973,-2664,-1438,-912,-56,-110
17866,1453,-2615,5831,1512,1290,-50
17867,-6693,-6990,1751,-544,1444,1006
17868,-1429,4604,108,-731,553,682
17869,7691,317,2148,-236,916,-77
17870,2766,5718,6458,377,-1726,28
17871,-2749,4450,-4613,-1701,554,1182
17872,-6646,-5736,-3952,1513,1391,-122
17873,7189,-4178,6631,1114,1787,-1634
17874,6704,3043,1859,1393,-44,-1221
17875,-2133,-4472,-5014,-1005,1377,1926
17876,-3738,5500,-5730,602,781,1930
17877,-5811,-7476,4731,604,457,737
17878,738,-4317,-1411,-552,142,1507
17879,5293,6116,-493,362,1489,1178
17880,5005,-305,6371,-787,897,-1301
17881,7732,-5761,-2326,-1651,-537,-1966
17882,-5443,-3762,3163,1402,33,268
17883,5854,5522,4583,1875,163,1135
17884,951,545,5460,872,507,-480
17885,6280,819,-3425,1664,1906,877
17886,-6471,-2662,-3193,-1845,749,-1426
17887,1769,-5879,-1579,1617,-953,-286
17888,4131,-6575,-6400,540,467,652
17889,3366,6892,771,-728,544,-1281
17890,-2939,4208,-3325,1724,-535,-12
17891,6356,6688,-4356,791,-1811,-855
17892,-569,-4867,5704,-972,1446,-1756
17893,-6150,2931,-1416,1334,-900,-1292
17894,-5473,6848,1410,921,1950,630
17895,-6595,-7770,4789,947,1433,-149
17896,7764,-3146,-1467,1986,610,1554
17897,3377,750,-6310,1604,-23,1253
17898,946,-3778,248,771,-785,-421
17899,1596,4266,6455,-92,1438,-660
17900,599,-2295,-802,-902,323,1741
17901,5003,7937,7416,-1874,1466,645
17902,1217,3547,689,-272,1255,728
17903,-7301,421,3564,407,-1593,1836
17904,-2908,-7530,6848,-513,-1067,1530
17905,-4129,4056,-6032,-1699,339,-999
17906,-7293,-4403,-1883,226,121,1502
17907,-1201,6508,-3312,235,1816,718
17908,-989,743,-6774,625,1378,-1725
17909,-3898,-6140,-7839,-137,-945,235
17910,-960,-3883,-1763,1130,1060,1922
17911,-964,5576,6777,-232,1758,-406
17912,-681,-3908,3040,-1860,-571,-1905
17913,7023,-42,7268,1339,-659,-1197
17914,3767,7243,6899,-1513,-500,650
17915,3094,7363,3138,1996,-1967,-172
17916,-1530,-1236,-2564,115,1165,-1370
17917,-2336,7160,-3926,856,1186,-1359
17918,2765,64,3303,-391,772,-1177
17919,3268,-2796,-607,-1718,-496,1690
17920,2887,-4020,2954,-527,-15,-1806
17921,2578,-5137,-6306,-448,23,-1318
17922,-7611,-4428,-1820,-1473,310,231
17923,2905,5381,2129,716,458,-434
17924,-3170,-5620,-2312,-1844,-1262,-633
17925,7582,885,7892,129,1256,-468
17926,4433,4366,7459,-1875,1683,-814
17927,-6169,5478,832,1143,-1159,-93
17928,-5655,-6448,3855,-1475,-594,-1662
17929,-6998,-4446,1438,-603,-4,-928
17930,7807,-2520,217,1049,1823,332
17931,7545,-5318,5254,-1866,857,851
17932,5549,3045,-4240,828,-1027,1307
17933,-2003,-896,3854,1583,1802,503
17934,3158,-7500,3158,1625,-635,-508
17935,138,-6770,-7993,-1910,1551,-1801
17936,-7709,6167,611,944,936,550
17937,-2778,7856,5713,-1169,1377,818
17938,-3567,-877,-2338,-1800,1057,1831
17939,-533,-6667,3100,34,-596,-518
17940,5925,3363,-4087,962,1458,-107
17941,-4079,-7680,1731,-1088,-1415,170
17942,7641,-5716,3158,-734,1882,1562
17943,-4093,-4953,-2636,-1613,-646,354
17944,-3228,-3116,7382,1504,-932,-1603
17945,3603,5782,6634,1085,-1843,-465
17946,-4322,-297,-2128,1027,1743,-518
17947,2999,-3147,827,563,1403,-659
17948,-4701,-1834,-7687,1046,402,1982
17949,-516,-5949,6724,739,-1496,-1404
17950,296,-2260,2463,-1419,-1651,662
17951,-7120,1759,-2296,467,-710,1069
17952,-1205,-6636,6905,1602,882,1679
17953,4341,-280,1228,1279,-395,1876
17954,6654,-6544,6156,1553,311,-799
17955,1165,1183,-6464,-634,1741,1692
17956,5336,5645,-2263,-105,-1058,1590
17957,6150,-4862,667,1454,-1727,-54
17958,6529,4675,-6352,-1053,-1103,-36
17959,2027,1628,40,1492,1417,1318
17960,2398,3352,1453,-1574,224,1651
17961,-3219,-2833,-764,-211,-939,-516
17962,1557,165,-7598,1430,754,-958
17963,-1776,-7701,-5297,1270,-1591,-1259
17964,3793,3933,6169,1127,778,1984
17965,-2926,-4448,-2990,-83,1572,50
17966,-3982,-3758,7942,1785,-109,-842
17967,-6749,-4131,4441,1911,567,961
17968,3838,425,-6286,1823,-277,-1462
17969,1013,-2887,6582,711,317,-937
17970,-1465,-6893,7941,1921,932,1509
17971,-7500,-6399,-5149,-1723,1704,-258
17972,-5026,-1060,-5581,-1368,79,-591
17973,-5296,-5492,-6941,-1249,597,-710
17974,3665,363,-2368,-518,1668,1578
17975,6714,-7384,3753,-622,-1384,-1237
17976,4334,-6026,-2735,901,311,-1197
17977,2662,135,-6079,162,-1167,-413
17978,-3495,-661,3576,102,-853,1054
17979,-4510,-303,4499,1856,975,3
17980,4523,-5583,2925,530,1365,-419
17981,6432,6120,7619,1243,-1944,-1860
17982,-2011,-655,1662,-332,-1917,1114
17983,2022,-7516,-1244,1313,-1551,-802
17984,-6749,-4351,-5258,-1376,420,-1317
17985,1551,-5604,1645,1104,-1832,586
17986,-2054,7363,522,-336,852,-160
17987,-7192,576,608,-833,-796,837
17988,-4933,6182,-7803,-545,374,1454
17989,3260,-3204,320,-298,1464,-509
17990,7942,6517,1940,1583,1606,-1
17991,-1761,1613,6955,-956,1207,1550
17992,-6467,1003,-6724,1119,1363,-32
17993,-6533,-139,691,-1108,252,1580
17994,-1423,-2773,2899,1425,-639,-411
17995,-1316,-5827,4710,388,1654,-1115
17996,-7536,-7030,-4318,323,-1673,-1832
17997,2627,-1268,-4684,546,1063,1997
17998,5669,-1470,756,-1442,-1675,1218
17999,441,3995,4250,413,-69,-168
18000,-7361,-4874,-2720,-322,451,1392
18001,5544,7852,-3290,-1932,-1933,-113
18002,1750,-7928,7842,-990,389,-1994
18003,5379,-2602,-5206,-280,1988,-1730
18004,179,2489,-779,-1987,92,1346
18005,-6490,-3263,-275,-551,1342,-1620
18006,322,-6864,576,858,-754,-660
18007,1270,3554,-6602,-274,497,1160
18008,-1871,1360,7409,-351,1294,-1581
18009,220,2648,7106,1136,-1222,-957
18010,-2428,2074,4158,-496,1934,-1422
18011,-3181,-2141,-7789,-476,289,75
18012,4175,78,-6562,-292,-222,1357
18013,4479,-6528,-5842,1088,-488,-1378
18014,3647,-4879,1481,526,-1751,-709
18015,-7802,-1065,1890,1742,-1292,41
18016,-1082,-3902,2298,1858,-272,-1432
18017,5210,-1162,-882,-1269,-567,872
18018,4142,6306,2463,-628,-331,1361
18019,-1381,-5344,-6996,-400,-1369,-1590
18020,7220,3099,2443,1160,1042,720
18021,-1996,-3525,6966,1467,-1865,517
18022,1736,-6812,-4496,1681,-870,-1553
18023,6391,2995,-5435,-1717,248,-255
18024,1727,-2928,1908,-33,1334,-1263
18025,3357,2074,-3759,-992,-56,1023
18026,4836,-4552,1004,-562,-457,-1750
18027,4429,-2206,-2793,-1276,1592,644
18028,6677,4585,3164,-1054,-1571,1690
18029,701,3931,5727,162,1825,1219
18030,5065,-2592,3664,15,-316,-1706
18031,7165,-5917,-4934,685,-1893,-1056
18032,3515,7216,-7827,1628,819,190
18033,1435,-5160,830,-786,975,-947
18034,7189,-7051,-5475,236,-1244,330
18035,1263,-95,2371,-475,-1425,1400
18036,-4292,-5811,-4924,-1118,33,562
18037,3243,-352,-6871,-1568,1572,99
18038,2474,3095,2968,-1599,-339,461
18039,1124,-5394,968,-1327,-209,512
18040,-5614,-2097,7042,-1236,-1123,-1885
18041,-6837,359,-5583,-627,-824,224
18042,-1762,-6667,6907,607,1009,832
18043,4977,2143,-3243,1514,-1125,-48
18044,-4508,4171,-947,473,-1202,-1116
18045,468,-1804,-6015,130,-1314,1755
18046,5470,4598,6681,-1675,-68,984
18047,-4144,-7504,6831,-756,-1594,-171
18048,3767,715,-7868,1047,894,1017
18049,-2096,5384,-3159,-327,-1487,-1363
18050,-2430,6895,-1239,1224,-830,1771
18051,21,459,7615,-403,-1544,1540
18052,2661,7008,-402,511,-1590,-93
18053,3757,4347,-5379,-381,1787,-1105
18054,-212,3374,3940,-530,-323,1972
18055,-4551,-5189,1691,1518,-1872,-1561
18056,-2661,4953,-3609,-264,144,-1381
18057,-6159,7645,338,-648,-1727,-1452
18058,-6701,554,-779,-429,1404,276
18059,-1397,-2760,1548,1044,556,-1743
18060,4683,3191,5997,588,-110,-1009
18061,1515,-5215,7335,-1019,-144,-155
18062,7857,-81,-1849,-1329,849,-984
18063,-3585,6767,-6090,-1508,-1503,245
18064,-5668,-3857,-246,73,293,-228
18065,-725,-7677,-4197,-933,57,534
18066,3631,6894,-1729,51,1863,-471
18067,7553,-4277,-4064,331,-420,1449
18068,-6152,-1185,781,-1380,100,1130
18069,3976,-3856,-7162,-271,-1476,47
18070,5470,2079,-3418,-81,-492,-480
18071,1985,-6633,44,-1489,443,496
18072,-7746,7865,-4839,-1403,-402,1330
18073,4750,-7866,3373,-1476,-1684,-752
18074,-6813,-7443,-3212,-1646,1184,-501
18075,-3486,1941,-6155,-1092,-453,150
18076,-1204,-7763,-2452,-830,1332,-1041
18077,1159,-3316,549,259,549,-1509
18078,-2482,5075,-2431,1765,-705,-779
18079,800,-3496,6185,1510,1445,826
18080,4644,-4496,985,-1738,-1751,-1714
18081,-7079,2305,5878,-1922,376,1477
18082,96,-6632,-222,1373,-46,1859
18083,501,2277,-2854,-259,796,-1502
18084,-686,-7058,-421,1999,-1312,319
18085,6373,7355,2100,-32,-1249,1683
18086,3324,5552,-7074,-1045,-299,568
18087,2012,-883,-7817,1000,-1557,404
18088,-4774,7661,-2111,-1417,388,1202
18089,7006,1369,3194,-1190,-1816,-1346
18090,2027,2114,3534,1666,1860,-836
18091,1194,-2251,-7771,-857,427,-1948
18092,-5285,-7247,-5260,-1014,202,-1517
18093,5618,-5448,-4647,988,-1147,237
18094,-3827,-1381,5918,-358,-753,-73
18095,7683,-1972,-3599,638,853,-1083
18096,3622,-6991,2394,66,-781,-385
18097,-2398,-5930,-7370,10,-375,1670
18098,94,2319,-4327,-1875,-1077,1066
18099,618,2082,-2525,1385,-165,1831
18100,-3983,5673,-1005,1892,-1143,-1303
18101,-3723,506,7592,672,-626,1300
18102,7723,-4898,-2668,-1630,-1238,-1347
18103,-6133,-4812,5988,3,-636,1422
18104,-997,-6480,5776,649,-163,-913
18105,-650,6629,-6418,-1466,-597,278
18106,4738,7900,-7875,1541,1483,1114
18107,4468,-1226,6769,1904,-1614,-1038
18108,924,-4482,123,-1184,1666,-130
18109,-474,-4744,-5187,-1198,-43,1987
18110,-4769,-7050,3359,743,1590,-1674
18111,6969,2501,-4375,351,-473,-899
18112,-4226,7300,4979,-439,1930,1738
18113,4346,6486,1539,-1973,-1627,888
18114,3849,-5202,7836,1667,-187,1384
18115,-5385,7892,-5002,426,-190,1647
18116,-146,-2158,-4983,786,-499,179
18117,5810,4882,2602,517,-1841,1707
18118,5544,-3216,3668,1700,-675,-721
18119,-2692,-729,7376,572,-1550,685
18120,2059,-7925,-3658,423,1707,-1762
18121,-3177,2452,-5139,-149,1161,1505
18122,-5927,5435,-2947,846,-726,-15
18123,-2288,2081,1764,536,-1345,-207
18124,598,-7394,1808,16,788,-1834
18125,-6194,-3357,5738,879,1489,529
18126,1468,6413,5434,-1619,-859,-27
18127,2641,-3662,994,-624,620,1532
18128,-5704,3206,3275,1661,-1338,40
18129,6945,5187,-6492,-973,-553,978
18130,-2532,-6815,1857,-1131,-1491,-1436
18131,-6902,5596,5697,-1604,1524,964
18132,2113,2093,6701,445,537,-1964
18133,-1322,-4094,-4824,574,-1406,-574
18134,4516,-87,-5825,-1443,685,1148
18135,4367,3673,-2093,-1125,1137,1257
18136,-4538,-2115,-6179,1988,1462,-1965
18137,-1884,1463,-4840,-1542,-1265,309
18138,71,1990,-6867,998,-1742,-271
18139,-3955,4935,-4372,-481,999,-1357
18140,4566,7156,4979,-125,1645,49
18141,7752,-5761,7939,1281,-1393,617
18142,-2800,-3311,2718,-775,-746,-667
18143,5954,2031,1423,1230,1640,-1513
18144,-4434,-3319,5102,1400,-84,432
18145,-5855,1187,3223,-846,1634,1403
18146,-1734,2557,1157,1905,-1129,-1853
18147,-2189,-6323,-2208,1104,-489,-443
18148,2375,-4578,2507,-1805,770,-596
18149,-2049,4729,-3736,-929,-1524,1535
18150,-4989,3486,7399,1656,1455,321
18151,4251,-1570,1270,81,-1587,1554
18152,-1173,144,7897,850,-157,-1337
18153,3169,-5069,2898,-1539,-1616,-445
18154,-2909,-6672,-197,-497,-1,130
18155,5143,-2718,-6153,-712,-1038,-825
18156,5152,-1186,4390,-128,-693,-569
18157,-5151,2244,7829,-1444,-1138,-475
18158,-3064,7738,766,-831,-808,-992
18159,5322,-3750,-4572,-282,-168,-1628
18160,2329,-6509,2102,-1069,136,-1781
18161,1688,-206,7343,894,-1141,137
18162,-7265,2367,-3111,-164,956,-589
18163,6674,-7611,235,-1488,-1600,1553
18164,-7691,-4583,-3940,721,1965,-1744
18165,-2091,219,3169,-1399,293,1218
18166,-701,-6286,-2983,395,-1784,1883
18167,877,-3221,2778,-1390,138,1434
18168,-6658,7508,6363,-357,-1873,1696
18169,4101,4744,368,-1719,655,-1797
18170,2562,660,-7427,-1321,1351,-401
18171,-6380,3429,6003,-764,-113,-330
18172,-5053,-37,-4066,-621,249,-1295
18173,190,412,4300,1773,1805,784
18174,-61,4308,7952,-1871,1405,-723
18175,6813,-212,-7332,1924,-458,1159
18176,-7585,-5028,2529,1230,860,-905
18177,-377,-5860,3363,18,1830,-1039
18178,2573,-7497,-916,77,-341,-1184
18179,-2830,-7679,2841,-480,-59,721
18180,2087,-7676,7308,1769,-1086,1228
18181,2412,-7079,-5170,1986,-1329,686
18182,-5070,-7527,-1114,1571,1821,-1856
18183,-1952,7660,-5516,-1172,-972,588
18184,5147,622,-5123,-1047,-159,-1698
18185,3644,7816,5073,-148,-1604,-499
18186,2950,5686,-4241,1521,1073,-953
18187,4913,4821,-5757,1594,-182,68
18188,-3491,-5195,-890,-41,-1189,-932
18189,4000,-956,-2017,-667,436,-1582
18190,1579,-517,797,1598,1419,-1055
18191,5460,-4752,6322,-1540,913,-1182
18192,-5669,231,-7544,957,1704,1906
18193,-5993,-5800,1235,1932,-1441,-1243
18194,-2872,2689,7816,1866,-1826,910
18195,6747,-3731,-2116,-351,-595,1486
18196,1153,-4373,-5055,-1269,-422,-202
18197,-5708,-6253,-856,738,-438,167
18198,-5425,-1184,-3615,-100,-686,337
18199,7278,1226,-5877,-300,698,-95
18200,7588,-5589,-5341,864,725,1583
18201,-1692,446,-493,1294,1155,-225
18202,7236,-382,-3206,-67,1187,-986
18203,-4191,6219,7361,-701,-1043,1702
18204,-5390,-58,-1553,-1494,417,523
18205,-4790,-4017,-6087,336,862,638
18206,787,1448,-1824,-1623,83,1157
18207,6391,6844,4207,1268,-223,361
18208,1421,-7619,7108,-1567,-282,-1009
18209,3119,6395,-2438,823,1013,1985
18210,-1762,5221,2769,-1571,214,-979
18211,-5521,6644,-12,-1577,-12,-1137
18212,-3,4456,3341,-700,-1934,201
18213,3752,-4496,-5896,-879,-1037,579
18214,-378,-3020,601,293,-1414,475
18215,6366,3138,-2741,-1024,-1013,1733
18216,-2891,-4327,-3842,-735,1315,-1763
18217,-1184,-1538,6181,-105,1400,-805
18218,5891,-752,3577,133,1067,1550
18219,844,706,5673,1134,455,1159
18220,7628,-1450,6499,-1352,-455,-1594
18221,-3924,-150,-2716,-912,230,-1824
18222,22,-3257,3423,543,570,-199
18223,2418,7758,1246,959,802,-1573
18224,-5802,736,4339,-878,-169,-1981
18225,2985,-1732,3133,291,-199,-1947
18226,-3495,850,-3308,-1511,416,-1938
18227,-2252,-4353,4464,652,206,188
18228,4012,-7336,6848,66,-1714,71
18229,-6362,-6163,-3027,-961,858,771
18230,-2293,7464,7936,484,-1298,1530
18231,3852,4720,6455,1758,972,142
18232,6817,5083,6895,1661,1066,1335
18233,4677,6469,-4904,302,-1801,94
18234,1863,-5460,2712,-434,-720,1962
18235,2306,948,7928,-1726,-956,224
18236,-7320,3866,-4193,794,-1305,-697
18237,4803,-3628,-1140,897,1708,1793
18238,-7786,-5148,5925,-487,1027,1125
18239,1685,-4563,3174,1084,1053,1923
18240,4737,-673,3519,-723,513,-1610
18241,-7415,638,-3382,996,1064,1617
18242,-130,-438,-247,355,-1580,-1349
18243,4121,2126,-7242,314,1129,806
18244,5205,6857,-2308,1696,140,-440
18245,7610,3099,-1124,-940,1100,1656
18246,7668,123,-2309,1140,-589,827
18247,-6131,709,-5480,497,1829,762
18248,1187,6333,-4704,1902,-1489,-1953
18249,-4699,-2499,4903,1054,-1823,-1047
18250,-5367,-384,7885,-6,744,366
18251,3287,2098,7776,-795,-487,1420
18252,2882,5051,-1891,-1041,224,-1542
18253,-1513,-6924,7829,1534,-1762,1181
18254,-2130,3783,6472,-516,-1237,947
18255,-6008,-355,1565,421,1375,-757
18256,1845,-293,3146,-282,1463,1537
18257,-3536,-4804,-3894,-1522,1336,1027
18258,4197,6002,-1799,1813,1913,-574
18259,-3268,-4155,-7156,-1648,-315,635
18260,-2328,-4563,-4781,1163,-756,-1515
18261,-1864,-7751,1502,383,-450,1351
18262,5509,-7959,-1245,-1772,1069,1576
18263,3169,7753,2283,19,152,-383
18264,-4302,-3338,686,1586,600,1543
18265,-4030,-6295,20,1217,73,-272
18266,-6774,2999,-2062,-111,-977,-1418
18267,-4476,6001,-2185,-1138,1594,593
18268,5650,4786,-2761,896,1952,-933
18269,-5941,-1754,3481,1062,1755,551
18270,-3327,-2982,-5504,260,-289,-415
18271,72,3148,-4941,1379,364,1596
18272,-4733,-7226,-4225,-1987,690,1104
18273,-5428,7952,2366,817,502,829
18274,-6871,789,-1924,-1336,-1415,662
18275,-1820,6877,-4322,1448,-619,-932
18276,2849,-4982,-1229,-1680,-819,1477
18277,-289,-1966,-1350,-1654,-275,775
18278,-2045,-4648,6243,-225,-238,483
18279,-5511,2202,-5063,1944,-1719,544
18280,-5514,6868,-6143,-1178,602,-955
18281,1820,7047,-6248,-337,-986,1673
18282,6943,-2817,-5317,-1096,-260,1034
18283,-3496,-4118,5839,975,-731,-1518
18284,-879,5349,-5108,-755,957,-1514
18285,6962,-3145,3978,-902,959,78
18286,4075,2725,-4283,1782,-607,-1900
18287,38,930,-6522,-1689,-830,1406
18288,-4448,7952,6040,1903,-1805,-1671
18289,3367,5654,4176,650,481,-1180
18290,-4684,-4165,1466,1239,1833,1756
18291,-1494,5578,-7176,62,1799,-27
18292,3176,5116,-3297,515,240,1661
18293,-4618,1790,-4964,-1575,1796,-481
18294,-4184,-7433,-2508,1289,1581,156
18295,339,884,-388,275,454,347
18296,-1340,-4584,-2098,1472,1705,18
18297,-7693,-1744,-2316,-450,-568,1926
18298,-2117,-3585,-5143,76,-509,1659
18299,-6414,-6009,2272,406,-707,-136
18300,2024,6591,4380,-491,1847,811
18301,2335,-7351,-657,143,1926,-1555
18302,-776,7991,-7246,1242,-802,1461
18303,-7343,-4603,-7123,-1774,-921,1250
18304,5770,5866,5260,59,-1536,1893
18305,-5338,7643,627,-189,1349,-299
18306,-5751,845,-2540,-669,-1501,129
18307,302,5776,-5127,319,-1150,1209
18308,4707,-6673,-7054,1077,260,395
18309,-7485,7177,-5274,-920,1751,-657
18310,-3934,6953,6097,1153,-1350,1438
18311,-6138,-6346,6445,364,-1360,572
18312,2150,-1448,-3455,649,-589,-346
18313,7824,-2070,2234,1093,79,66
18314,136,3036,-7484,39,1482,1176
18315,3040,5260,-6992,-1272,-1569,1546
18316,2773,4725,4297,1356,172,803
18317,5863,-3226,4343,715,-759,1798
18318,3210,-6426,6248,676,727,-1934
18319,-5023,-1320,3588,299,-388,778
18320,6203,953,-5659,1792,931,841
18321,3436,-4209,445,194,-1584,-265
18322,331,4684,4570,-587,-823,-1350
18323,4698,-2890,-1377,653,-1880,476
18324,3405,3580,-4226,1751,-1224,1571
18325,3517,-3765,6975,954,1661,-1820
18326,1168,-7038,2171,1409,507,369
18327,-7616,5908,1593,810,-256,191
18328,727,7189,-2573,1260,1898,-998
18329,-7599,-7516,-3727,-90,-1214,-1968
18330,-2684,4647,-1056,438,1206,642
18331,2124,4842,-5326,-1868,766,-752
18332,-4875,7764,-3975,340,-585,368
18333,2135,3487,1947,800,-1536,1286
18334,6412,-6199,-6277,-525,325,1226
18335,4556,231,2390,-1930,-968,239
18336,-2066,-1713,891,696,-1426,371
18337,1039,-3582,4795,-554,-1324,-1331
18338,5133,-455,-4080,1618,80,-1194
18339,340,-964,-6162,1983,-527,1397
18340,7629,5023,-2846,1901,-3,904
18341,5303,-1047,-29,-122,415,1623
18342,-1706,667,-2820,-1061,1515,-1224
18343,7696,-7808,-7305,-1452,-1559,1571
18344,-7734,2476,-5838,780,-1464,1119
18345,-2944,-4941,-4057,1250,-1732,1640
18346,7450,-6465,4789,958,557,826
18347,-5426,-2262,-6432,1330,1371,1453
18348,-6328,-7955,1474,-81,991,-471
18349,4366,-7703,-3207,-1971,1442,755
18350,6510,-5007,-5186,11,-759,1180
18351,4365,-3052,-961,1759,956,-703
18352,-1030,2777,-1715,866,327,-235
18353,-557,4701,3556,-1900,-979,1870
18354,-1174,-3311,6290,1426,-1362,-83
18355,5706,4456,-3914,1123,-1158,1698
18356,-7481,6544,-7592,-713,1994,515
18357,5950,3110,-932,1723,317,-630
18358,7048,5344,-438,-1620,1795,-1097
18359,5033,-888,-208,-483,-159,1073
18360,-2041,-925,543,850,1351,261
18361,1761,2907,-2871,1280,684,1722
18362,5999,7623,373,-1037,-1748,1148
18363,-3023,-2121,1797,1317,962,993
18364,-1379,-557,2022,-79,398,181
18365,-3025,-6854,-4583,-968,962,-1447
18366,6264,-2309,-5630,-1834,-1898,-779
18367,6639,-697,-4763,874,1985,-1636
18368,-2475,4318,1973,1304,-324,896
18369,3283,-7393,-4716,-834,1769,-299
18370,-178,-6523,2606,537,-448,-1156
18371,-7434,4890,-5945,514,882,698
18372,-6269,-3334,2945,-1456,1009,-1030
18373,-1900,-1703,-3272,655,1091,231
18374,-74,7229,-5427,548,818,-1761
18375,3193,-2272,2850,-1544,-1063,610
18376,1404,-6150,-4503,-1029,-1439,-527
18377,531,-3672,7694,1086,135,696
18378,-4588,2270,-6606,-511,-1994,-1871
18379,5550,536,418,-578,1586,-1723
18380,7305,-5979,1877,-1074,67,-1678
18381,-51,-223,-5296,-554,218,-1279
18382,1674,1909,-3130,-1921,121,-1618
18383,5409,4849,-6593,-1790,-14,-1352
18384,2008,-3277,-648,1534,-1293,-1440
18385,-3349,5730,-2656,-256,-849,110
18386,3920,1350,-2060,-1611,1244,-1682
18387,2411,3582,437,1395,-450,-1076
18388,-7519,1128,5478,144,572,1161
18389,-4062,4087,-5104,775,-1565,-582
18390,-6799,2092,2633,1187,1578,-648
18391,-2455,-506,-7453,1518,-1084,682
18392,4633,2116,4429,-1192,-1938,-753
18393,5463,4467,6233,512,1331,388
18394,4375,-6419,1842,286,86,1091
18395,2184,-2413,-3909,626,-1,-316
18396,-2989,-919,5038,-1111,1686,1439
18397,-4830,4610,1362,-1197,609,-179
18398,-1670,-2620,4721,1931,276,-336
18399,5134,-7558,-7957,126,1417,-1144
18400,-4274,5393,5352,-133,-1918,35
18401,-4662,-2897,-3951,-1134,711,835
18402,3627,-4195,7813,1570,-1931,-1614
18403,-2465,6109,2574,-995,121,1898
18404,-4133,-6785,7784,-129,911,926
18405,-4272,-4354,-770,306,-1622,1649
18406,-7967,1489,891,241,455,-415
18407,-1657,5205,-6973,-880,1724,-1785
18408,-3550,-2344,-4603,-660,-988,909
18409,-1768,2485,-5582,-552,1203,1287
18410,5212,4492,-7753,1934,-1783,817
18411,5145,-2842,-10,1584,-93,-1736
18412,-6150,5099,4564,1836,1323,534
18413,4054,7018,1888,-669,1452,-335
18414,2371,1173,3228,-1823,320,-554
18415,7302,-3749,7743,-587,217,-382
18416,4889,-6503,3011,-872,-42,-825
18417,-5604,-4305,-6722,-209,1053,-1893
18418,3872,-3922,5304,-868,759,-1335
18419,-479,1830,4552,1572,1162,-547
18420,3634,-1613,68,153,-580,-1685
18421,-873,-2733,-1666,14,-719,-586
18422,3640,-7752,6083,579,1097,1594
18423,1575,-5024,3933,734,-861,7
18424,-3114,-4691,1179,-427,-989,-1449
18425,-2961,6549,2292,1089,-1460,-1174
18426,6974,1197,-4071,1978,1626,-457
18427,3327,-5354,-515,1977,-278,506
18428,-4925,2369,-1756,-818,1294,-1069
18429,54,4566,-4279,-577,-1142,-1012
18430,-2060,6154,-748,1243,-732,-1777
18431,-2924,7801,-4462,-50,-418,-1480
18432,-1944,695,7911,610,-1129,349
18433,-6751,5998,6261,572,-1322,-1162
18434,4878,-76,3135,-790,-495,-1819
18435,-5198,261,1619,-1174,-1407,715
18436,-6196,3440,-4680,359,572,-544
18437,2882,-4725,1805,1451,310,-1201
18438,1902,2010,7194,1118,1121,-1816
18439,-4169,-105,164,-1126,7,217
18440,7191,5060,-237,1474,1788,311
18441,-6792,-2031,7697,1078,160,36
18442,-4270,-1252,-1338,-203,348,-1101
18443,-3416,-7127,-7451,-1454,1286,1776
18444,2288,6192,4209,1891,-525,-1125
18445,423,-4178,3205,-959,-1039,-1643
18446,4626,-4034,-7990,1120,799,-825
18447,-3070,3976,4812,-1909,-548,-1806
18448,1588,5085,-899,607,-1237,1341
18449,-3858,-3016,1729,-1354,552,1756
18450,6780,-2200,183,547,106,344
18451,-300,-7048,3524,1864,520,-1681
18452,-1222,630,-5924,1184,1280,-1114
18453,-6966,4298,-7301,1007,-1739,915
18454,-5703,-2686,-4799,309,-82,-1363
18455,312,-1625,1081,1739,-177,579
18456,858,4336,4732,1781,1771,-1663
18457,-2174,-5790,7414,-586,399,702
18458,-1650,3123,-1866,1157,-396,1262
18459,5263,3483,937,-1432,-492,786
18460,-4734,-3697,-7926,-234,166,888
18461,6293,5206,-7662,1623,1193,-876
18462,6564,-2519,1144,-975,1056,90
18463,-2085,-7797,-2972,496,1155,-1450
18464,3067,-6703,3896,-1697,-193,-831
18465,-8,3429,4097,-235,664,1197
18466,-5763,-5181,-1283,239,770,-228
18467,-6372,-7740,-4496,-651,1014,-249
18468,-1450,4994,-3556,748,-1631,-41
18469,7387,-2886,-4536,1311,1762,-536
18470,-1504,-301,6201,229,-256,-333
18471,3684,-2935,-7699,-1776,-624,320
18472,-6536,5148,-615,976,-153,340
18473,-5582,2764,-1798,352,792,1204
18474,3636,204,835,238,104,-560
18475,5336,-7267,-7901,132,530,753
18476,1782,-3205,-2428,410,-337,-1112
18477,81,7814,6891,-788,1674,-1364
18478,1323,-4952,-6933,552,-1395,203
18479,-5890,7116,7200,1839,-1848,1097
18480,176,6402,-1006,-1862,49,1178
18481,585,3443,-1912,-564,-1888,628
18482,7462,-7456,6004,-1132,-1171,392
18483,-3557,1924,-4745,482,893,1735
18484,-6075,1787,2414,-1917,-980,1800
18485,-322,-7530,1829,-1959,-466,1385
18486,7321,-3051,-2525,-1739,335,-3
18487,-2463,6654,1920,-61,534,230
18488,-6552,1991,2516,1401,1448,-287
18489,-5953,-4654,408,153,-79,1569
18490,-2366,4371,-5835,928,76,801
18491,-4104,-1663,910,-841,-821,-1238
18492,5747,5281,1351,977,244,1913
18493,-1031,4913,-2528,982,-1821,31
18494,1645,2984,3956,-731,1183,-1681
18495,-4902,2496,-4287,1445,48,414
18496,-4760,-2868,3680,-1437,-942,-1509
18497,-955,-7484,6105,-1847,-1750,124
18498,1888,-1168,752,1608,28,-1747
18499,1069,-2464,-15,932,-771,1423
18500,-7075,-4966,-3846,58,-1798,-1582
18501,-6772,-400,2139,-1408,1826,-848
18502,1050,6967,-3280,-164,-1138,1566
18503,4692,-3664,-1804,12,-27,-1446
18504,7826,-206,-7486,-396,431,-340
18505,-3074,-525,2118,713,-1454,-324
18506,-3147,6541,7856,-770,1051,-1315
18507,-1500,-3083,2530,357,1574,-1486
18508,7729,501,-7470,-395,766,207
18509,-1346,-1957,-4559,-1484,69,-1559
18510,1981,-6318,-7845,-1053,-16,-1219
18511,-5486,2801,-5536,-264,-482,-114
18512,812,-3238,-1505,1633,-1975,1795
18513,7293,1108,-5888,-1931,564,-1320
18514,3818,6561,-7442,-1579,135,207
18515,-5769,1365,-5538,1575,-787,-1576
18516,1262,3785,-5451,65,1002,-945
18517,-4031,590,1294,116,1885,-33
18518,4576,-5086,-3557,-1587,-610,-261
18519,-6499,6749,4437,-1762,1318,-1627
18520,5352,-3776,4627,-640,1994,-892
18521,3008,-7534,7709,-1541,1922,-1020
18522,-7310,-4934,-6272,-1664,1368,1350
18523,-7886,-2479,2087,-903,529,-769
18524,5132,-4788,-4151,1645,-499,-1069
18525,-6492,-2758,-778,-6,1780,363
18526,-7312,6997,-256,-881,-1938,625
18527,-723,5389,-7007,-996,1457,916
18528,-122,-6861,4638,1462,1832,278
18529,423,4513,4042,1036,1593,-1017
18530,1490,-246,4897,-563,567,-102
18531,-7744,7645,5360,-1657,442,-137
18532,-211,-1271,4068,-1130,-851,-741
18533,4516,5578,-4714,-820,-347,-892
18534,6525,7654,-5764,-639,-34,-1108
18535,465,-5749,6663,709,-9,-29
18536,1462,-6441,7243,789,-1251,-261
18537,-5239,7868,-2372,-335,-983,-1214
18538,3666,316,-5751,-1071,-1649,1447
18539,-4913,-4168,3297,-48,-286,-1597
18540,-1077,6225,-617,732,-1286,674
18541,-6599,6811,-4046,161,516,190
18542,-2680,-4696,-2780,-166,813,-799
18543,-2658,2017,4103,-1247,434,-1005
18544,-3538,6673,-5768,-1727,1600,-1201
18545,5674,7956,2772,-1272,-842,-1353
18546,3413,-400,3264,-800,-1120,937
18547,-265,-6205,-5579,138,-1882,1804
18548,1641,1910,-6016,-1037,-908,1773
18549,-7463,-1290,4406,1641,-252,-16
18550,1678,3826,698,1949,1125,-1600
18551,-3534,3184,4258,-1728,682,-1850
18552,5764,-1776,-6556,-315,874,-1601
18553,3984,-1676,6772,133,-190,123
18554,1476,2054,3589,533,-1266,-1456
18555,436,-15,-4700,-937,48,-1764
18556,2031,7020,2015,-1952,463,480
18557,6570,-1990,7800,1360,-830,1245
18558,-7941,7815,-7286,0,-1350,1470
18559,-3692,7519,-1177,-1636,-46,731
18560,1048,-3135,-4846,-556,1058,-999
18561,-1318,-298,568,-782,381,1500
18562,2445,-5538,1481,-1716,1985,-1181
18563,4337,5,-4976,-1690,-1361,-248
18564,-5647,5594,5063,232,-961,-853
18565,-3547,-4211,5511,78,-1812,367
18566,2065,-1281,-3800,1411,1953,1602
18567,-3183,-7758,4666,1076,301,1425
18568,2459,3211,4123,-225,-935,-1509
18569,4180,3406,-7277,-300,1327,770
18570,6368,912,-6750,-233,978,-402
18571,335,-7290,-4752,-1578,184,382
18572,7839,-1293,-5502,139,137,267
18573,6783,3593,7119,-28,820,-1493
18574,-4190,7680,2777,1354,-82,1488
18575,5525,-950,3977,1888,-90,-342
18576,-7844,6131,-4098,-1106,-1146,1741
18577,7382,2228,-7602,-1706,306,596
18578,232,1965,4467,-1455,-506,844
18579,-5296,4989,-3801,1635,-197,1110
18580,7890,860,-3568,1164,1395,-145
18581,-3087,1486,3300,-1471,796,983
18582,-5596,4850,7101,-1306,1784,-1356
18583,921,2058,1450,-1509,-1634,-859
18584,6755,-6326,1884,1006,-1927,-575
18585,1927,-3915,-4251,128,-43,-137
18586,3872,-7327,6555,-515,1915,380
18587,7427,-4979,3298,1311,1776,1221
18588,5132,-4280,500,849,336,-504
18589,6841,-1003,-1710,1802,-690,1260
18590,-6581,-6198,2050,228,963,667
18591,-1197,-4998,990,-1661,861,670
18592,2358,-4406,6973,-1723,169,1616
18593,7089,-4889,-55,-925,-1287,-755
18594,3114,-2971,996,-1643,-1749,-302
18595,4376,-1594,-7256,-1697,523,-428
18596,5601,5237,7981,-77,1374,-371
18597,4317,-6347,-7633,778,-1608,1552
18598,-4432,1506,-1110,-1539,-1663,867
18599,3154,-4371,3173,336,1326,-1164
18600,6626,-2644,7463,-1737,-789,-572
18601,6743,1225,1859,1203,-799,1032
18602,-4072,-2109,-6777,591,481,1303
18603,2498,1639,2146,593,-316,-321
18604,3329,2924,7782,721,-534,-757
18605,1406,6902,1270,-1258,1152,-329
18606,2374,-5927,-27,1371,716,-701
18607,-7982,-1200,-5143,462,-1197,-875
18608,1564,-903,-5544,-1878,1321,-1909
18609,-263,6135,1363,1982,-1067,42
18610,-4245,-2122,208,-913,471,297
18611,-4872,-4332,6243,-77,1006,-522
18612,-5309,4047,-7764,538,-201,1268
18613,2496,-4509,7916,-1009,1005,-1295
18614,-5667,-6743,-3961,1911,-1708,-1520
18615,7801,7725,-7853,-1929,-1501,513
18616,-1720,-1049,5058,-317,-726,-1780
18617,-178,3464,3431,1732,1338,-1806
18618,2331,5476,-1331,-1021,30,-882
18619,494,-7846,5397,-1923,807,-462
18620,6988,-4554,-3978,710,301,1802
18621,-4422,-7177,1133,1,-1218,-1464
18622,-6871,-7630,1004,545,462,-183
18623,-2311,7605,4475,-1358,595,-1669
18624,-5624,-7044,3761,-1550,-1355,1712
18625,6130,3631,-4487,1611,-1062,864
18626,-1638,-7026,-4831,-169,-1406,-1748
18627,6231,348,-3215,-1945,844,1144
18628,-4061,5009,3756,1209,526,1667
18629,499,6658,7864,-1627,-414,-174
18630,1005,5887,2934,-1720,-138,-1965
18631,-2833,-2763,-5934,986,-1882,817
18632,-2994,-5229,-485,-740,-1175,1750
18633,1579,-1513,-1464,1525,1751,-749
18634,-689,-6856,-7879,-482,1529,-308
18635,974,-4571,7749,-69,183,-1110
18636,-5162,1898,-6661,-1104,1798,-1381
18637,-7868,3984,7176,685,953,274
18638,2894,-4694,-1579,-420,-1672,-57
18639,-710,-2471,-6728,-1799,638,-1389
18640,-674,845,5300,-762,550,1852
18641,-123,240,3100,-1714,1587,506
18642,-2525,-337,-2895,-1936,1484,-1575
18643,-7697,1406,2244,-341,1979,380
18644,2774,4754,2508,-1287,-433,-1920
18645,-4020,-5609,7281,-1700,-637,1854
18646,2950,115,7682,1055,1902,-600
18647,-7688,-4003,6,-1622,260,1139
18648,-6819,7589,-1815,1091,-746,194
18649,-7206,-3007,1041,-671,90,1713
18650,-2747,-1790,3289,179,-478,-1373
18651,-4734,3640,3596,-472,26,499
18652,6335,675,-4252,-720,-568,731
18653,5550,-2986,-6654,-19,-1415,1901
18654,5739,6316,6833,1991,1270,-806
18655,-2133,-5167,5819,-766,350,105
18656,2758,-683,-7530,-1432,-138,284
18657,-3672,-448,-7830,-1800,-705,1514
18658,-4227,2022,-6877,-1162,1811,-1540
18659,3712,-986,5714,1082,-88,1948
18660,7523,-4549,4836,-1020,451,-708
18661,-1017,7601,-521,1887,-78,-415
18662,5382,-5697,3435,305,68,-1396
18663,-1468,6544,-4952,-1719,-1058,-1900
18664,5082,-6475,5867,1855,-1868,79
18665,-7729,-2047,2081,1323,-28,-1967
18666,6719,-3029,6577,1522,86,-377
18667,-3923,-3858,-1354,637,-629,-1465
18668,6944,6076,-5690,802,1203,-1583
18669,6828,-6790,-930,-700,1096,1895
18670,-6703,3090,6645,-1362,1676,-489
18671,7048,1929,1217,-94,1505,-530
18672,4913,174,6182,-793,773,-841
18673,-736,-5213,-400,194,-1413,1582
18674,-7779,-799,7687,-374,-770,-2
18675,-7585,-4545,5322,600,1426,1365
18676,604,2785,3225,928,1893,-680
18677,-6035,-602,7720,1789,-593,737
18678,-3702,3306,639,1935,-1086,-1917
18679,-4197,2868,-2775,752,-185,435
18680,-4662,-2633,1579,-1414,478,661
18681,1214,7931,6008,-128,928,-895
18682,6697,5937,5306,-1684,1698,768
18683,-4376,-7438,4420,761,-910,369
18684,1173,6522,4122,1994,-1856,-1068
18685,1599,-2817,-7503,-753,904,-632
18686,5775,212,2388,-1577,-907,-1157
18687,-6222,3914,1692,510,-178,379
18688,-292,-4153,2000,-806,-631,-1138
18689,6456,-4828,-3099,-693,1145,-1921
18690,7970,5172,-2432,1079,-1494,1489
18691,5152,-566,3413,-50,1938,825
18692,-946,-2482,7646,1185,-1926,672
18693,6376,-2321,206,932,1585,-1902
18694,-7469,-7510,5548,932,1015,100
18695,2249,-7251,3125,-1885,505,-1377
18696,-2987,78,-5894,-291,-1097,-1930
18697,1347,-4780,-6123,-1042,-1828,-921
18698,1900,-3098,-4858,-1070,-706,-1513
18699,-7998,6806,-3377,817,-572,-1804
18700,798,-4596,-6230,-489,-1180,-1845
18701,-6420,-107,-7565,-326,-1388,-1693
18702,7774,3680,-3462,-985,-831,1925
18703,-7174,3114,-5936,-920,-188,-841
18704,6037,7882,7042,1314,-483,238
18705,2194,-2735,6883,1784,-1478,1142
18706,1365,7738,467,-1583,777,-1293
18707,975,-3025,4775,-1406,-347,394
18708,-4310,6133,-4277,-145,-1196,1581
18709,1317,1376,5675,225,1155,790
18710,4540,2363,-2442,-680,455,-1746
18711,-6519,-5228,5193,-936,1137,-1184
18712,-6388,-4126,1382,-272,359,562
18713,2124,5400,-5572,-1801,1597,234
18714,5356,-5130,3121,-1615,-1233,-1092
18715,-1066,-7067,6440,-738,-155,1151
18716,-1048,-2039,3146,1480,590,-1718
18717,1662,7548,-7502,-1377,-1160,-692
18718,-3614,-7697,4617,692,-564,623
18719,1522,-3004,7237,-1654,-1976,187
18720,1505,4238,5874,-1641,-91,-1977
18721,946,5148,-4258,-328,-444,-330
18722,-3049,-4578,1680,-1458,1381,-1248
18723,-5222,-1318,6121,263,-689,1169
18724,3658,-5912,-1493,527,589,-1287
18725,-3000,-6149,-6006,1183,1841,1098
18726,-7741,7721,1649,848,-753,-708
18727,-5174,6728,4030,-682,-747,-1215
18728,-809,6695,-3123,-324,1970,-1167
18729,2189,-2445,3895,1894,502,-1122
18730,-4273,5528,-5923,1392,-649,-536
18731,6374,-1408,-4029,-1011,-1326,-1049
18732,-5913,4294,3649,-1521,128,-517
18733,5147,7784,2349,905,-746,1599
18734,524,-2238,-238,1107,-1343,715
18735,-6724,-2195,823,763,-358,1317
18736,-2619,-3042,-6162,422,970,785
18737,4065,7627,5780,1644,-1484,-252
18738,5297,-7669,-5622,-1553,-1117,743
18739,-7510,4540,-2736,1245,-1578,230
18740,-3237,3387,-1227,718,1650,-1645
18741,-848,7524,2252,-1804,526,-16
18742,-7688,-7446,2894,-1527,1736,-1107
18743,2439,6472,-7854,636,775,1520
18744,-3037,6935,581,178,-1009,-1807
18745,-5582,-3550,5269,865,-1927,-468
18746,1928,-7360,5101,-1316,1188,-380
18747,3240,-4230,6728,1606,-1746,71
18748,-1538,6470,3521,-491,-1229,1866
18749,4884,-7826,-20,-1278,1492,-440
18750,1462,5434,5931,-694,821,-1670
18751,-6523,-404,1055,1257,-848,1380
18752,-4440,2969,2228,-993,-1719,-1411
18753,-4768,-2432,834,-1420,-793,401
18754,3054,5964,-4816,-858,-333,-1085
18755,3034,-1720,6640,-177,641,1194
18756,-6123,4449,4142,-597,14,1193
18757,6622,2771,5637,1635,-1980,1136
18758,3361,-4403,7728,151,1955,219
18759,2813,-6060,-1790,408,1524,1290
18760,-234,2586,6910,1411,624,1507
18761,-4797,7333,3409,-1454,-1458,-1504
18762,3405,4947,-648,-1979,282,1635
18763,761,6818,-5053,-950,281,1304
18764,4461,-1934,7218,275,66,146
18765,-2882,4782,6255,-1819,-344,-83
18766,-5829,296,-7106,-185,652,1493
18767,7391,3854,7500,1897,-900,-1362
18768,-1692,-3,4405,-316,-1829,-1247
18769,7758,3612,-5716,-409,969,-1594
18770,3949,-6976,-4788,198,-540,-816
18771,6946,-5118,-4876,-472,-1444,1095
18772,-7801,-4978,551,828,-360,341
18773,6497,3401,-7692,1140,-1711,-1006
18774,7898,4856,5228,-653,-1821,-680
18775,849,-171,-5096,-1911,1198,1809
18776,-2374,7095,3782,154,-1361,-1024
18777,-7293,-6263,-5998,1582,-1112,145
18778,-1406,6199,-6895,1215,232,-1942
18779,328,-7376,6523,-1217,1370,1436
18780,1426,2405,6559,1405,-777,1505
18781,-7002,7170,-3679,-116,1937,1413
18782,-987,-5738,-2790,-1829,-605,-1260
18783,-3726,-301,-6675,-1460,246,-726
18784,5941,-6346,-1732,-1970,1438,-1689
18785,1808,-284,7518,-361,1027,-104
18786,5017,779,-5798,-123,-534,1971
18787,6932,-724,5801,-1088,114,1766
18788,-3946,-1816,-3772,46,172,-563
18789,2985,-1549,-4570,536,998,-495
18790,-6245,-2903,7521,-65,111,-332
18791,7535,-6297,-1730,-1434,-1019,-1736
18792,-5653,2889,-2931,-273,-561,762
18793,5615,473,-4602,1168,-651,-1262
18794,-7133,-6986,4099,1108,-1817,-1703
18795,-4634,-2632,5308,196,-911,1258
18796,6011,3140,518,256,-195,1891
18797,3774,2582,1726,513,-1527,1630
18798,4507,6035,-5731,-449,1164,1096
18799,-3425,-7139,-2786,-1214,-395,-865
18800,-1120,-3465,-7400,1313,-1141,735
18801,-7260,4873,6807,1832,1786,-1425
18802,-3052,-356,-5209,-1927,-1596,-318
18803,-3051,6276,1145,-706,-1983,-1334
18804,4382,2707,3354,410,1370,-1261
18805,3408,-5741,-631,236,-1962,1291
18806,5377,2842,886,1120,-635,1771
18807,-6081,3641,592,1253,746,506
18808,4354,4150,-5244,1620,1295,-861
18809,-5613,-514,6526,834,-340,-186
18810,6311,-7746,-6975,-1550,-130,-586
18811,-7770,7262,4735,-239,-396,-516
18812,879,-1074,-7977,-1790,-1566,-1976
18813,-6170,7266,797,190,204,1292
18814,3254,-455,-605,-747,697,80
18815,5905,4932,1638,-957,-1198,731
18816,-2798,-256,3818,899,1625,-762
18817,4649,-6335,-2733,1051,607,-207
18818,2076,-2191,5111,1525,-1021,-1798
18819,3958,4949,2623,1349,985,1331
18820,5263,7252,-2734,-1336,-520,-1316
18821,2645,7515,3471,-1078,1726,-49
18822,-5304,1644,-184,-791,-1541,-1434
18823,-1362,2653,569,1495,985,939
18824,-707,474,6201,-1159,1035,1102
18825,-4358,6828,1218,-1205,1597,1498
18826,-525,6092,-6830,-905,557,-448
18827,-7239,-2230,2308,-423,178,-630
18828,303,-5562,-6927,127,-50,937
18829,-2696,6233,-5391,831,162,-404
18830,7243,-672,-2071,1826,-1037,1340
18831,-2715,-4958,4854,-630,1927,-1914
18832,4822,-6961,333,192,771,-832
18833,-7743,-7941,1503,-1965,-1275,488
18834,2601,1664,3121,892,-135,401
18835,6359,6045,-3208,-792,627,545
18836,7699,-2534,-2235,480,820,1923
18837,-3141,-6802,2773,-1692,-832,-1290
18838,-3234,6631,6881,1206,-581,-1628
18839,820,4747,2366,516,-1667,1059
18840,-234,554,-7206,404,-1951,765
18841,-1690,2398,-6664,991,414,-1744
18842,1578,6954,6488,1886,-127,1016
18843,-384,-6937,-433,-822,-1324,1063
18844,-1868,-1974,-5377,1056,-1907,-1138
18845,-2133,-4076,5928,1142,-575,-1589
18846,5638,-5305,7926,-1792,530,-983
18847,-3254,-3321,-2403,357,1604,1690
18848,-1347,-3197,7705,-1761,-544,-907
18849,-5569,-2775,4481,186,-1033,-1226
18850,2977,-2568,3932,681,-350,-291
18851,5016,-873,3898,-1949,-1147,-1413
18852,2435,4258,7228,-1370,-963,1525
18853,7758,-749,-4025,-174,1800,-437
18854,3794,-4928,-6337,-1994,-299,357
18855,6779,6269,4695,919,254,1735
18856,-7771,-7520,-4287,-1236,-1951,-1803
18857,-5594,2090,-5963,580,-205,-1341
18858,2897,-5210,3277,-1980,737,372
18859,7852,-4608,4328,1628,834,308
18860,-7761,2992,-2900,367,1487,-604
18861,-2704,1319,3301,-1999,-1260,1543
18862,1231,2861,-3077,251,1928,1981
18863,4224,7892,3700,1492,-1807,817
18864,5101,5948,-4201,1492,1995,751
18865,-4517,-6876,-7613,210,-333,855
18866,-4166,-4678,4779,-17,1266,894
18867,-6053,-7552,-4870,-73,1031,939
18868,1053,-3862,-4956,-1155,1419,173
18869,-7637,-883,-223,933,96,-1361
18870,-6730,-6549,-2183,1965,174,-102
18871,-6381,-7757,-3850,-1492,-1266,287
18872,3526,6294,6301,-834,-992,1174
18873,-212,-2578,983,1339,-656,-1260
18874,2633,-6026,-7166,1642,-135,487
18875,-3753,7488,3400,-60,-794,-244
18876,2087,3134,-7708,-1242,801,-298
18877,7569,-381,5659,122,626,-286
18878,-2003,6709,-177,-1239,1047,1899
18879,-497,1234,-5041,-542,1339,-90
18880,1508,-5991,4778,1834,-1447,-552
18881,-374,4531,-832,-989,904,696
18882,-7168,-5724,-3493,-334,-704,-1736
18883,118,7801,5416,-1033,-743,-1139
18884,-1205,7943,3352,-62,1983,1358
18885,-6520,7206,-1726,-211,706,-1519
18886,7004,-7694,-2192,-449,1678,990
18887,7821,-4249,7243,-1617,886,1095
18888,4102,-2385,-7797,9,84,329
18889,6836,-1951,2314,1189,-172,1055
18890,7209,1515,423,317,206,-1645
18891,2172,-6589,-7503,-1546,1629,490
18892,5232,-810,-5443,1368,-1921,565
18893,-5215,-355,-3757,732,1597,-886
18894,-161,3657,1267,-1453,-115,-35
18895,7205,1213,-4495,-31,-1463,-1907
18896,-2752,-7167,1333,2,811,1746
18897,2415,-5116,5748,566,-862,-1215
18898,-2635,6888,-6129,-1973,1179,958
18899,-195,-5408,6542,816,1274,265
18900,-48,373,5214,-1985,-1654,-1402
18901,2624,-4360,3116,-658,-1679,-1603
18902,5497,5323,-5683,264,-1679,172
18903,7074,-6935,-3522,349,1387,-288
18904,-5241,-4825,-6736,-1156,-273,1851
18905,-1113,216,-4133,543,-546,-1397
18906,-292,6426,-1211,984,-1748,890
18907,-4092,2242,5249,-217,716,-1676
18908,-4573,-4372,-2915,1117,218,1382
18909,-492,4213,7542,-1703,1045,-1676
18910,7261,-6031,-332,-1959,-509,-1840
18911,-1007,257,2047,-929,1455,-1025
18912,-6667,-1214,-523,-994,597,1753
18913,6148,5298,-1313,258,-517,46
18914,562,2435,-3061,1661,1415,-321
18915,-187,-3929,-1650,-154,1549,-1707
18916,-3194,1263,-324,-1183,207,788
18917,184,-847,4446,1903,1690,1478
18918,1394,-5405,-7877,722,61,-377
18919,3259,-2623,-1592,-491,98,608
18920,7715,-6080,2949,-232,1615,-278
18921,-7325,-2577,-7895,1055,-125,1315
18922,433,-3853,-4075,-180,1986,138
18923,4543,-3763,2065,-967,-1742,-398
18924,118,2624,7603,1893,-1402,-1778
18925,-5713,-5323,3577,-1256,1032,1133
18926,-7144,-7223,1805,-1154,-118,814
18927,-6276,-7974,4147,686,-618,-43
18928,-538,6886,-1321,-994,1394,1429
18929,-4304,3889,-7895,-1625,1326,377
18930,-3176,-1064,-2796,-1811,1090,988
18931,-789,-373,5492,-173,-638,-1249
18932,-3830,-1237,-6959,145,1615,-1477
18933,3482,-1446,-3954,262,-374,-598
18934,-2227,718,3647,282,-587,-3
18935,-296,7980,-2223,-253,-818,-331
18936,5014,-7026,2118,1236,-1379,-1838
18937,3627,-3747,-5431,1919,506,-1888
18938,2661,5940,-6512,-1112,1891,455
18939,-5954,-1170,-7823,1755,1070,-1837
18940,3331,-5122,-7880,-666,-1163,-1251
18941,-2313,3292,-6160,1244,-1130,-738
18942,-3938,3158,3812,-200,751,-361
18943,-2807,-1406,3775,-1210,94,-371
18944,5018,-6550,25,-1298,-1826,-857
18945,6110,3266,2802,1866,-1451,1020
18946,-1312,-1005,-1059,1412,-841,369
18947,6775,-338,-2395,1549,464,-216
18948,7611,-1091,-3420,-1726,-488,-817
18949,4646,-7141,-6188,495,-524,-1700
18950,7227,1934,-1983,-1286,-686,169
18951,-3763,4239,-5421,929,-1477,1646
18952,7962,1544,4377,859,-1254,-1600
18953,-4691,5437,2422,-1991,425,1183
18954,4857,7099,-5967,-341,-823,-1852
18955,2733,1907,4107,-204,-1052,-245
18956,6490,2433,1528,253,-141,-887
18957,-6645,5498,1520,1975,-1380,863
18958,5611,-3076,-2702,971,896,1465
18959,-4804,6457,-7584,1381,1436,-616
18960,-5050,1092,1709,-1081,50,-571
18961,2055,-3118,-2796,-369,1046,-1349
18962,-7885,2577,-2678,929,530,-627
18963,1045,201,-388,-687,-1812,922
18964,1578,4524,-2916,-1594,-1345,-562
18965,6700,2733,2859,956,455,-1222
18966,-59,4538,-1925,-1438,946,-1221
18967,-3873,6665,4338,497,-931,-301
18968,7852,-2650,5850,-777,35,-132
18969,694,5576,3927,-108,-720,-1177
18970,2654,469,3628,819,-1201,-765
18971,2749,2873,5939,739,-357,1044
18972,-2607,7679,-4236,-88,48,-1689
18973,-7190,5847,-977,1,1708,552
18974,-6866,-2281,4072,-307,632,-172
18975,2764,5396,-893,-1422,-1744,712
18976,-6476,-1762,-5488,-928,1835,-356
18977,1355,-6247,19,1344,1610,32
18978,6029,2752,5652,1849,1355,-802
18979,2205,4638,-5823,975,1729,-256
18980,1892,6091,1763,1290,-1291,-1198
18981,-2138,6942,5231,-1404,1876,-1717
18982,-3939,3256,-7082,-746,-506,1154
18983,-2362,979,2359,-654,-1797,1778
18984,7443,-2243,-6781,-952,1282,852
18985,735,-1366,-7241,-159,-1451,1920
18986,-1191,-2705,6396,-1243,1349,-379
18987,-415,-1139,-1192,553,-772,-487
18988,-1270,-707,5960,-201,1693,1366
18989,77,2157,-7823,736,1838,550
18990,-4699,-2962,-270,-600,1804,879
18991,7219,-7135,2087,-803,-914,1783
18992,626,-3384,-1355,730,75,-1254
18993,-5111,-5092,880,-842,-1296,1571
18994,4116,-5051,7215,-921,-759,-443
18995,30,-4939,11,280,-1677,-1665
18996,5665,7138,-4048,554,1687,-1166
18997,4723,-5752,1608,-1593,1492,-464
18998,-661,-5777,7021,93,-285,420
18999,-3195,-4857,-7720,-729,-1177,-1219
19000,-400,-5269,-6355,-531,-88,1053
19001,2377,-342,5807,387,1075,1488
19002,5294,-996,6772,96,-1298,1
19003,-1204,43,-886,495,510,-617
19004,-7521,4474,5440,1894,-1061,-1273
19005,7058,-2464,-6709,-701,-521,-688
19006,635,-864,7283,-791,-1926,-781
19007,5020,-1494,525,-585,1416,-1286
19008,-5580,1745,7282,973,-1464,252
19009,3795,4297,1795,-1355,-1768,-1173
19010,1578,5934,3270,407,77,-1813
19011,-7683,5431,-5370,-244,-600,260
19012,6589,172,825,642,-1633,-853
19013,3297,7915,6372,1858,1521,-1520
19014,4839,-6445,7948,472,724,-913
19015,-2363,5085,-2307,-441,1011,1218
19016,5639,7885,-7132,-1594,1583,-1600
19017,1949,1505,-604,-1291,671,1192
19018,-7651,-490,-3770,1030,-737,-437
19019,5127,5242,848,213,139,-1904
19020,-6755,1750,-951,836,-770,1853
19021,-774,-7948,3621,167,-1359,916
19022,6089,-6379,4715,795,-1595,-1269
19023,4597,-1405,-3789,-136,-1404,1542
19024,-5600,-3331,-4528,-1901,-142,1022
19025,-453,856,-6940,510,-1716,574
19026,7481,4151,-4777,-1299,-568,614
19027,1837,838,-5533,-1426,-1592,-1326
19028,6214,-2395,-2916,-1840,902,-1548
19029,-4970,-6941,-7093,-1804,513,348
19030,-4648,-2693,-4149,-930,-1492,-914
19031,4406,7186,2367,-999,1738,1356
19032,-7901,-1937,-5171,1681,-612,308
19033,-477,2497,5786,-62,-183,1768
19034,-1868,-5625,7423,1903,1707,-706
19035,1854,4506,-6225,433,-292,-491
19036,-4864,4761,1270,-1617,-195,52
19037,-2780,3523,4617,-1043,1925,418
19038,6136,-2905,-2179,-414,-1835,-1656
19039,-5378,-1384,3450,-222,-1229,620
19040,3163,4855,-1908,-1757,-1229,830
19041,-2551,-4506,2773,1599,-1721,1134
19042,2560,-4910,689,-1458,-1931,244
19043,4500,-5186,4141,988,1102,860
19044,-724,-6416,3941,-1639,1588,-539
19045,1334,-3924,7565,-1665,-1348,1976
19046,-2812,-7162,3823,-179,1921,-258
19047,-2459,4254,-7324,-138,-1944,1250
19048,-5058,-2193,-1802,1414,845,1743
19049,6257,2496,2480,-1104,-436,-1156
19050,6648,6222,1722,-609,-879,391
19051,7035,-3132,1529,-422,-312,-486
19052,7795,1500,4770,596,-73,-715
19053,135,2228,2332,-1026,-281,-690
19054,-540,-3352,-2941,-340,1631,-702
19055,6287,6159,4352,1055,1319,-1010
19056,-5198,-7183,5318,1114,389,404
19057,-3462,-1338,-3493,-189,684,367
19058,2312,1755,-1431,1516,76,-1217
19059,2450,7290,-7736,1488,1757,772
19060,3979,-5754,-1425,814,-639,-1087
19061,-7239,3241,7568,1747,1763,985
19062,2488,7943,-6351,1238,-816,1634
19063,-1217,-913,5075,-1395,-1800,711
19064,7865,-6671,-4962,-1754,1935,-115
19065,-6064,-268,-6544,-965,1361,-797
19066,1586,-2198,7613,200,-946,1693
19067,-6394,-5742,-861,479,-4,-770
19068,-6136,-3033,6245,71,868,-1916
19069,-1555,-3186,-688,1992,174,1447
19070,4732,-74,-3297,-590,411,-1805
19071,-2305,-7883,7085,-1537,-917,715
19072,1321,6308,-7783,845,1580,1644
19073,2697,1985,3346,-318,437,788
19074,-1258,4205,-4380,268,-223,739
19075,6044,-800,-1515,1316,-304,1438
19076,-2252,-466,5355,1999,-775,-1382
19077,5699,6900,2132,422,74,105
19078,1632,-7116,826,1004,473,-534
19079,77,-1510,-7415,-803,-650,567
19080,5536,267,-5118,103,-538,-1657
19081,5175,4712,1646,1663,532,-317
19082,-5763,1178,4854,1525,1460,35
19083,-6209,-4275,3341,-1483,-1232,1236
19084,-3378,2021,7540,815,-66,1528
19085,6980,7330,7910,812,1103,-1325
19086,-964,-673,2150,-1097,281,1281
19087,-5930,-7370,2422,124,-1910,1134
19088,-5030,-7911,-2708,416,-1756,1243
19089,-6090,-4155,-7886,-845,-43,1052
19090,-6779,-2724,-4779,1646,-608,-1540
19091,3188,-1743,-6338,359,1101,1237
19092,-2090,7841,541,-1305,-1813,-237
19093,4902,788,7180,286,-1424,1967
19094,-2958,-1244,-7996,-1754,-1225,264
19095,5560,-1451,2117,-1448,1406,-76
19096,3594,-1694,-969,-507,-574,-1698
19097,4446,918,-570,-1966,1433,-1267
19098,3389,-3031,-4716,-500,-749,-1399
19099,3280,-7484,7398,1964,-1688,396
19100,-3410,5014,3591,656,-977,118
19101,3748,-2122,-6942,27,1643,-164
19102,-128,-722,-2520,-1248,1210,1015
19103,6350,2858,-268,-120,770,-1763
19104,3416,-1975,6080,-506,-1292,-1429
19105,-435,-4300,7545,1128,-167,1096
19106,-4654,2343,-198,-1429,524,1253
19107,-1875,6418,-4890,-27,-21,691
19108,-3485,5402,-3793,1739,-1212,1445
19109,-3290,6902,-1099,1107,-1694,-470
19110,2455,-5511,-4899,1051,60,1504
19111,5449,4439,7573,1008,561,-857
19112,2206,-4608,2121,-1979,668,858
19113,-2304,-4190,-3148,1944,841,-26
19114,278,2190,1555,1403,-752,1133
19115,1414,4704,-4812,346,-255,-1176
19116,7758,-3355,5909,1742,-1851,1035
19117,-772,5185,2372,1702,787,-1090
19118,6066,-2860,4110,-1291,1192,611
19119,2680,2711,-6318,1917,1712,1321
19120,-3544,-1204,6547,-1993,-1025,1011
19121,-7671,6932,-2345,1135,-51,515
19122,-7939,-3808,712,-1906,-1771,-200
19123,4754,-1922,4407,-334,1703,-1735
19124,-6570,6936,3689,-90,-492,-677
19125,1342,-7545,5241,1675,-214,1981
19126,-6089,6663,-3881,-70,-1555,468
19127,-7807,-7047,90,-1738,750,-93
19128,5038,-7931,-4902,123,-1809,195
19129,2598,7424,-6060,1670,-1143,-1080
19130,7366,-5,713,941,1411,731
19131,3480,-2281,223,-1123,299,-1988
19132,-7263,4325,-2620,-700,-1822,1715
19133,6609,6908,-4768,-1049,-836,1670
19134,-7366,2911,7033,1903,-1736,-994
19135,7710,783,6597,-1231,-1039,1821
19136,-976,4940,6930,1428,-1501,784
19137,-4897,4421,7832,-1217,239,-1774
19138,-1382,5269,-1749,1341,-1388,1359
19139,3833,4216,1175,591,-548,500
19140,628,-2054,-3310,-125,1281,-1419
19141,-2818,-2137,3444,145,1364,350
19142,3742,3833,-682,-858,-381,1137
19143,-2146,2362,-810,1328,357,1627
19144,-3502,-6586,-573,-1476,-721,1557
19145,-1369,-7230,-7128,1591,-1684,-1580
19146,-7877,2245,-778,943,-1756,414
19147,-3215,-6276,-1318,-1137,908,-1652
19148,-2069,234,-5092,686,532,-1443
19149,3686,2649,-7763,-1746,639,1398
19150,-1480,-597,2766,1370,946,1148
19151,-4730,-7558,3199,-911,99,775
19152,1673,6176,4445,1260,1006,-928
19153,1549,-4138,7343,-535,1347,-1175
19154,-30,3349,2235,-805,-93,-1890
19155,7625,-4624,199,251,-1566,661
19156,4365,6940,-6851,-1010,-1103,-1791
19157,372,6974,5540,-1946,-1151,1297
19158,-1724,7692,1615,-245,534,105
19159,5235,-7457,-2664,87,-970,545
19160,1171,-3321,-959,-1077,-817,-804
19161,6097,-1236,5102,1113,-1177,464
19162,-6783,7477,-1652,385,278,1946
19163,3699,-3278,2066,-1270,-596,-1291
19164,5251,2803,-3291,842,-453,255
19165,-570,-217,-5640,1730,1553,151
19166,-5777,1992,-647,1756,-1832,1671
19167,3467,-1885,-1081,748,-618,1487
19168,4334,2071,1702,668,262,-759
19169,4043,-2416,7474,321,-1249,-499
19170,4287,-3709,6777,-1411,-458,265
19171,6846,1012,2350,-3,1717,1849
19172,-686,-7332,-4498,-411,1661,548
19173,-2670,-4780,-7697,616,-720,1896
19174,4184,-7931,7962,202,-713,-1980
19175,7825,7756,-3099,57,-1753,1623
19176,-5626,-3908,3692,-1001,1261,-556
19177,-3545,5505,7042,553,-1455,1780
19178,6041,-6439,3963,-1281,141,-1434
19179,7260,1043,-980,-290,477,1824
19180,-6434,5002,2809,-252,-1824,521
19181,-6164,-4744,-5935,-644,784,-614
19182,-2669,1147,-3312,-1377,-657,426
19183,-4655,3335,-828,-481,-1920,1531
19184,261,-4273,-7209,-1816,-1772,-508
19185,7506,4488,3343,-372,467,-1501
19186,-4519,-3911,4329,225,-185,-1747
19187,-4954,2173,-5805,-227,1728,-513
19188,-6599,6739,5279,-113,-1629,1459
19189,6691,-6347,735,-1373,635,-1960
19190,-4153,-7106,7644,1558,-850,-278
19191,464,4021,-6135,-72,-1541,1920
19192,-2418,-886,-3300,1210,1038,586
19193,7699,2607,-5712,-754,-846,-184
19194,177,-7715,-2016,730,1100,1150
19195,1325,797,-658,1537,-2,1103
19196,5081,2779,6610,-1096,1220,-123
19197,2535,-2261,2738,-724,-142,-1052
19198,-6158,7498,1083,-164,808,-1256
19199,-4416,6066,7822,491,728,1222
19200,-4458,-2178,3050,-1494,970,1753
19201,-5133,-5823,-523,-360,1446,1842
19202,-4706,-7105,6377,971,-803,45
19203,-4520,-7470,2761,-1572,-1784,-522
19204,7934,1678,145,-198,1750,1276
19205,180,-4979,-5243,-110,339,1126
19206,-5192,-3132,-2450,-1078,339,-1749
19207,-2045,-7989,4593,1947,-345,962
19208,-1130,2918,767,715,-737,761
19209,-4834,-3318,-6906,1109,-106,-14
19210,3687,2130,7861,598,-9,-603
19211,7817,1072,-6535,951,1645,15
19212,-3626,-3591,7958,992,-1380,727
19213,-7763,-2425,6298,1367,878,1799
19214,-1561,1460,-7956,993,15,-1279
19215,-2532,-1774,-1676,1329,645,-931
19216,4144,-3784,4392,437,-1116,-12
19217,-7383,-2367,-6273,-481,1772,93
19218,-1711,-7106,5876,-92,-706,-1681
19219,6089,-4638,7928,968,624,1688
19220,5423,-2551,-2787,1396,-1406,-1958
19221,6780,3650,6782,644,396,-613
19222,-1138,-6760,4414,-810,1455,1310
19223,-2829,-3968,-1561,-713,528,1789
19224,-514,742,-2054,1329,1849,-1443
19225,-3426,-6908,-1434,-235,-1800,-1807
19226,-4790,2869,-6304,-426,-1148,-949
19227,-1855,-5041,-4661,1437,-1165,1058
19228,7074,1556,3519,1695,-1517,1658
19229,7143,-2317,5772,-376,-1163,977
19230,-5445,177,-3002,-681,-1053,-1863
19231,-944,-2539,-1048,717,-664,-1033
19232,-6148,-442,-6594,-1848,-993,1625
19233,3116,-1925,280,-173,-1429,-1556
19234,-1482,3673,-3218,-1715,-1293,1991
19235,-1753,-2666,-4784,-700,1841,914
19236,4708,-5021,2653,21,-1795,-1677
19237,1234,6853,2934,-64,1265,-379
19238,-2253,-2376,-3150,-616,-1772,-1026
19239,5001,4182,-5091,1090,1825,1880
19240,6863,1750,7818,-506,-1164,1895
19241,-249,922,1521,-1886,-1317,1872
19242,4087,-3817,2850,189,593,-1774
19243,4274,-549,-1600,-1294,-1327,1708
19244,-876,-5766,2875,1030,-303,337
19245,-4592,-5119,-4130,-764,-1834,-1809
19246,-2932,2899,5409,-573,-88,1469
19247,-5678,3720,-535,1082,400,1594
19248,-874,4276,6389,707,-1587,988
19249,2316,5267,-341,1602,-443,801
19250,95,-7291,-4389,-1866,-728,-997
19251,-650,7749,-611,511,414,-43
19252,353,-4961,5761,-1995,1161,150
19253,-4085,-109,3444,1198,-1562,-1134
19254,-3709,-1710,1065,-1643,1802,-830
19255,2887,3928,-7672,-329,-956,-971
19256,-449,-3162,1058,1965,-215,-372
19257,-3301,-352,7891,-1441,-1348,748
19258,-2862,-2145,4518,-676,-189,701
19259,-7545,-4459,5859,42,-1432,1514
19260,7533,-4551,-1657,-696,-315,-290
19261,-5180,-2882,5281,-26,942,-1424
19262,-56,-878,-2339,-2,-1522,-23
19263,6914,7687,6764,-567,-366,858
19264,-2545,5231,6994,459,-512,690
19265,6010,-4424,5155,-1593,1927,-899
19266,814,-1748,-6455,457,1357,1052
19267,5003,-7624,-5135,-714,1340,-882
19268,-6778,-6072,-5657,-1562,-1690,680
19269,-166,-1237,7889,1651,1118,-1261
19270,5546,2639,6578,-847,1116,-1371
19271,-3821,5459,-6240,-1418,810,352
19272,-1070,1749,4217,1820,833,83
19273,-2789,-5825,7248,1045,925,-1542
19274,-6586,-4233,-2911,1368,-1404,-1511
19275,2671,-2493,5301,1767,980,1908
19276,-3864,7304,7865,1226,1491,-766
19277,1295,795,174,-1186,-767,-1060
19278,-6557,5228,5549,-1869,1690,-1352
19279,-1002,6538,216,-181,724,-1485
19280,-3551,2907,1002,1192,-1494,359
19281,2356,-20,5846,923,1755,970
19282,2263,-7270,1313,1821,293,1606
19283,-4315,-2571,4447,-1734,-1941,1482
19284,-3167,820,5526,730,76,10
19285,5423,2892,-724,519,847,236
19286,3749,5729,4200,-111,-522,-1215
19287,7991,4631,4272,-827,-1181,-522
19288,-279,-1739,1652,-287,1393,-229
19289,555,-143,-5764,1418,-84,-644
19290,-7214,-90,-6531,332,873,-475
19291,4559,125,236,-864,1164,-663
19292,3369,-192,-2643,-638,-1689,1740
19293,2009,-7799,5161,-1407,-500,361
19294,-4928,3696,-6637,-200,-1978,414
19295,-2352,-1307,2192,-415,-36,1339
19296,-1246,2606,5476,824,-1566,1510
19297,2374,-7848,-3626,1022,169,-436
19298,7358,-1375,4401,1163,-1340,-12
19299,3547,7300,-5864,-625,1523,1069
19300,-4318,-4481,5004,-1154,1624,-1357
19301,-5837,819,-4567,979,1016,-411
19302,-3223,7254,-5607,1514,934,1673
19303,1045,-3343,-7788,749,868,982
19304,-4225,-77,-5191,-1247,1905,203
19305,6011,648,4764,-1735,-1893,960
19306,6421,-2016,-459,-1661,-441,1630
19307,-876,4636,-1657,-1905,-1502,347
19308,-2661,1559,-5021,-1369,1128,1946
19309,-2555,6166,-2962,-1386,-481,1961
19310,2321,-4926,-4797,-63,1141,-997
19311,3555,-1711,804,-158,-1428,1343
19312,3215,-2217,7819,509,-553,1851
19313,1386,7754,-5275,-1631,1578,262
19314,2402,-6395,-1180,652,1510,-308
19315,4283,-1932,2602,1724,666,-1992
19316,4324,-1555,-1870,191,-1485,1368
19317,7509,-7341,-4841,9,-1501,-1209
19318,-908,-1468,-6554,433,1810,1337
19319,-6973,5648,7293,1378,563,-424
19320,1334,-2588,-7977,-82,285,1762
19321,-1684,538,-3574,-1301,844,381
19322,1077,4998,-3567,-1989,1631,-860
19323,5911,-5708,3687,1309,-901,778
19324,4130,-4579,-278,136,1126,421
19325,-7149,-1050,-3667,-1109,-1765,-1936
19326,6851,-2670,-5083,315,1916,-1070
19327,2603,2271,463,-961,443,403
19328,6859,976,5087,-989,1955,1820
19329,1836,-274,4995,1965,-1737,1899
19330,-7396,742,-4780,-1899,503,-1215
19331,-7643,3950,6268,1613,570,1133
19332,5575,6716,5504,-836,-87,1678
19333,-5523,1170,7667,829,1287,514
19334,6957,2053,-7470,391,1780,-1511
19335,-3603,-7120,4431,1082,446,64
19336,3560,5486,213,-72,336,676
19337,-166,4593,-1433,-1878,-1474,266
19338,5843,702,4756,-1103,1164,-654
19339,-1031,3347,-3655,414,-760,337
19340,7312,849,-4192,-85,928,1692
19341,-7927,448,-7021,-124,83,1195
19342,2800,2188,221,-27,-602,185
19343,-2565,-2511,-1861,1665,-162,-392
19344,3750,-2299,-4662,1883,455,266
19345,2091,5451,2790,-1467,210,-783
19346,-2279,-7737,3834,280,936,979
19347,-5198,6645,-6179,114,22,-1580
19348,3674,3398,2930,1490,-269,94
19349,5700,-3443,-6685,392,-331,586
19350,-6389,-4240,4721,1088,1685,-32
19351,-283,6672,-6869,554,1531,-919
19352,-3660,-2837,5351,1499,667,-1563
19353,714,0,2375,-1231,-719,1567
19354,-3014,3722,-7054,-512,-480,-1722
19355,4144,3191,-7154,-897,943,-1443
19356,-6023,-3884,4615,472,-633,1143
19357,-7743,1247,2412,1477,1510,117
19358,110,7970,7944,-1566,-15,-1874
19359,6230,-7760,2777,-1212,-1882,-805
19360,-2922,-6267,4657,888,293,-936
19361,-4339,-5371,1650,-883,-237,1344
19362,1949,-2561,-5846,-1462,860,1201
19363,5771,6917,-6603,871,195,-1412
19364,7942,-1027,6112,-833,741,1733
19365,-5102,6713,-407,1629,1284,-1938
19366,-5572,2081,-1012,-1154,-1280,-660
19367,6782,3212,5135,459,248,1541
19368,2465,-5630,2201,667,1226,754
19369,-2173,-5090,-2831,-39,1193,1882
19370,113,4162,4742,-1306,-1494,1430
19371,4879,947,-999,-1736,1586,-648
19372,-3096,-48,1849,-1746,1549,-1810
19373,-1633,6090,4976,-565,-1947,705
19374,-5386,833,-1047,1745,749,1
19375,-4523,6106,2044,-1772,645,-978
19376,5572,-3323,-7299,401,-93,1829
19377,-7822,1253,-5915,-909,-1075,-12
19378,2161,101,-3670,1579,1223,-420
19379,-5220,4136,-6451,512,1853,-1918
19380,-1703,-3939,-2123,146,347,-1334
19381,-7048,4314,-765,-1271,-1551,-1514
19382,-170,4396,-7374,1203,-622,1845
19383,-714,6465,-4746,515,219,136
19384,2198,6072,6744,1591,344,1004
19385,-3993,4021,-405,479,-250,1633
19386,-6344,-4647,-1592,-163,112,-1220
19387,-2134,3323,-7182,1056,895,-1420
19388,-7750,-3801,-4541,-1558,1431,1562
19389,4144,-3971,2076,1570,-1460,-27
19390,-5844,4200,6343,1337,750,1251
19391,3377,-6378,-5493,-1275,978,-716
19392,-3509,-4626,-6948,1453,222,-616
19393,-536,7560,-5650,67,1588,-325
19394,-5293,4533,-2041,1419,-1253,-1423
19395,-7647,-4637,3209,-1917,-403,1244
19396,-5130,3123,7304,178,650,108
19397,2828,-387,-1958,224,1246,-941
19398,1123,7311,-6137,-1416,-162,1853
19399,-2148,2532,-1423,-1708,339,351
19400,-3368,-2398,-1994,-789,360,-288
19401,-1180,-1612,-970,-1436,-1565,-277
19402,7167,5226,4125,-202,183,162
19403,-1511,2254,2627,-1569,-1184,1755
19404,7514,-1043,1983,1453,1014,1748
19405,-4786,4564,-2596,277,1283,-193
19406,5278,522,-7164,1339,1345,1552
19407,-1368,3439,-2546,147,-1854,1896
19408,-3675,6878,-686,887,-104,-74
19409,1437,-6207,4739,-1351,781,1639
19410,-1518,-6743,3907,911,-1442,1533
19411,2148,916,-5807,1062,1168,-1061
19412,-3032,-928,1291,1183,1007,-900
19413,-387,6277,142,1028,950,-1050
19414,5936,-4534,655,564,1876,1792
19415,4005,6169,-5156,-193,3,122
19416,1476,-4596,675,-401,1521,-954
19417,-4025,4557,-1135,1961,-1019,-1466
19418,-79,1330,7113,-1034,1997,1474
19419,-5126,-4294,7757,1638,-1754,482
19420,-495,-4788,-5743,-1529,-1140,-751
19421,439,318,1618,596,992,293
19422,-6843,-7644,4999,-344,412,-454
19423,-5304,-5147,-4707,155,1136,1360
19424,-4518,-1984,-5568,-747,28,-559
19425,-5560,6966,-3974,594,-1727,-144
19426,2164,5570,1014,-779,1527,-1683
19427,-3356,-4645,2909,1225,399,-39
19428,5084,946,-7192,825,-829,-1864
19429,-2852,4173,3685,1804,-1716,-1654
19430,-3465,455,-7238,-357,305,-1795
19431,4384,324,4908,-263,1523,-203
19432,-5317,1750,2198,1915,-650,728
19433,-3577,-4431,2589,1770,1024,-1819
19434,-3180,3215,-437,250,1182,-766
19435,-1530,789,-5086,1732,-1726,-806
19436,-3846,-7297,-5913,317,-1150,-1644
19437,1907,-6473,3976,746,-1060,-613
19438,-1358,-1349,5106,254,275,-380
19439,-294,598,-5302,-724,918,-172
19440,-1550,-1527,5983,-423,1594,-770
19441,3346,-2238,-866,1334,-1776,1313
19442,5019,2165,1665,1589,512,-329
19443,5757,-185,7694,428,675,242
19444,-3392,-5779,-7145,-1720,-1983,-1008
19445,523,3770,-1364,726,-1111,-1410
19446,-3306,-7221,-2737,-138,1220,-6
19447,7061,7088,2903,-471,-719,-393
19448,-1837,-2699,1084,-1409,166,-1731
19449,2157,2101,6135,1761,-1655,-667
19450,7095,5832,-445,-326,1476,88
19451,-6066,825,4876,1201,832,-698
19452,-542,19,4357,1721,-528,-1583
19453,4936,5362,-3686,-128,-887,-519
19454,-6581,4213,3291,-1931,-582,1184
19455,6286,-3894,6168,1308,619,1454
19456,-5168,6457,1439,1681,647,680
19457,-6653,1807,-4474,104,-1044,406
19458,3505,-7832,-5116,-638,568,51
19459,-7405,-1660,4942,220,605,-1750
19460,465,3884,7496,-139,-535,-1265
19461,5350,7966,4794,-96,1423,-172
19462,3459,1571,6475,1503,-1522,912
19463,-1444,1752,-3293,1094,-1786,-245
19464,7707,1457,3224,-259,368,-1889
19465,-5745,6529,5113,-646,-1025,-536
19466,5651,2897,6815,-210,-1043,1669
19467,-7057,-2656,-2903,-331,568,-462
19468,-915,61,519,-1459,560,-649
19469,6917,-213,2302,1429,410,-1433
19470,2797,5427,5590,-993,-896,-348
19471,928,2152,1561,189,1283,-1224
19472,389,4415,-2490,-1165,420,372
19473,-2128,-6153,4619,348,-322,-44
19474,-7044,-2266,-44,1830,-207,-470
19475,1123,7136,-3194,-892,1101,-1680
19476,5131,3452,6944,534,269,1045
19477,-2818,2638,633,-460,-514,1893
19478,2404,7624,1312,878,-851,-1089
19479,3092,2279,-1118,1405,603,-523
19480,3244,1162,-1395,-1914,-220,-1310
19481,-1150,-7582,4558,-1355,-296,-1403
19482,6874,4685,6689,-181,-1,-165
19483,7203,3481,6235,-430,-1464,-1079
19484,7279,-6240,-1763,-172,-1909,193
19485,1924,2113,2312,1707,1426,331
19486,4049,2039,2024,1332,-1954,1815
19487,3999,-3712,-2014,1882,-1839,-938
19488,-3776,-7141,1108,664,373,-501
19489,1303,-797,-6033,1566,-1572,-823
19490,3035,-3452,-4181,-404,-1549,668
19491,-7328,5116,2806,1157,-1236,-286
19492,3725,6609,3605,1424,63,449
19493,-7567,-1932,-2864,-1146,-1231,1456
19494,-6381,5601,2243,130,47,1653
19495,-6451,1031,-2925,-188,-130,-1313
19496,-2286,7957,-1437,205,415,1704
19497,7435,1374,-7644,535,-834,-815
19498,-3149,3067,-7533,-1875,-466,1365
19499,-4645,6691,-2910,-24,401,-1300
19500,2868,-2184,-5931,-1690,-635,236
19501,7114,5772,-3623,522,1573,-1674
19502,6540,3610,3290,-1927,1305,1189
19503,-5693,3718,-6676,367,-1205,-1435
19504,-3774,1031,3333,1070,-237,-1316
19505,-1814,-1034,-39,-1313,-1588,1014
19506,4406,4188,5525,590,-236,-725
19507,-2811,4433,-6996,-1696,-1968,682
19508,6322,-2019,-5216,1975,-1349,-603
19509,3605,1012,2603,-580,1306,-88
19510,-1513,-1389,-2788,823,1391,583
19511,4823,-141,-1318,804,-900,634
19512,-6602,-2631,-3260,-1359,-632,-764
19513,-4430,-3675,6547,575,1455,-1042
19514,-7411,-747,2671,-369,713,112
19515,-3923,-5576,6205,-409,-1889,-1686
19516,3254,7951,-7302,-1196,1010,-1302
19517,7403,-7274,-6542,-1646,-334,-1595
19518,5875,-5911,-7040,-236,1717,-1632
19519,-5862,-4712,-3511,-1550,-1538,1975
19520,-2299,7121,-4720,67,-1599,124
19521,-5902,-4544,-4294,-1900,1032,1933
19522,2494,7259,-349,932,-1441,46
19523,900,-5247,-2698,-1769,1844,333
19524,-166,2107,-3815,1966,1463,-1792
19525,-6115,-7261,2332,-1078,-1484,-1601
19526,7487,-1775,-297,-983,857,-1514
19527,-7107,-5370,-1775,799,-50,731
19528,7717,6195,-2928,220,1575,-1569
19529,-2356,-7316,-317,360,-1210,-1126
19530,-6439,-3447,-7424,-950,1699,-692
19531,-5589,-7028,4745,-186,380,-342
19532,6381,-7655,1017,-427,-1453,1675
19533,4832,4521,3329,-253,1415,1280
19534,1675,-2822,2417,-1637,-995,191
19535,-4381,-3227,-7453,-1305,420,-1326
19536,-944,-5800,-7948,-877,-972,1171
19537,-1850,-952,-7500,-1271,890,-1526
19538,-7548,-6125,-5428,1217,1718,-1151
19539,6823,-486,6771,1098,842,-1377
19540,-3823,-5422,-1144,-664,1772,1482
19541,7775,1028,-6930,1369,-656,1667
19542,-1772,-1651,6481,1061,1587,-1534
19543,7360,5881,5760,-717,-1557,-1610
19544,-1171,2672,2279,1823,1081,-925
19545,2905,-1044,-1923,-941,402,-1472
19546,-749,-485,5420,-1484,221,-1128
19547,2862,5785,3872,-577,-797,-1062
19548,6561,-4271,6488,-1395,-1708,1262
19549,-3807,5597,972,1102,764,1590
19550,2349,4070,5678,-1660,1650,1907
19551,1447,-6378,-3118,-63,-867,819
19552,1268,-3728,7910,-288,619,-1995
19553,-511,-5255,2146,-1799,-831,-1377
19554,-6550,-4457,229,651,1876,-99
19555,4966,-3819,1287,1793,-1816,-609
19556,-442,4022,-499,917,-881,102
19557,11,3444,-533,1219,1496,1763
19558,2047,-1602,-6518,1558,1315,1552
19559,3348,1213,-5445,-176,1199,715
19560,-2618,3993,6027,-934,1793,-1837
19561,-1165,3212,2194,-921,-1779,-1491
19562,-6527,4019,2351,-608,1593,1850
19563,2204,7966,4583,644,312,-1444
19564,6416,1719,2030,-1951,128,-989
19565,2201,-4998,-1126,44,1407,-312
19566,1225,-3206,-1789,15,-441,828
19567,-422,-6717,1162,-1750,791,647
19568,-5016,543,-2401,-867,1514,-918
19569,313,6036,1490,-1567,-1547,-1127
19570,-4895,-4120,-5663,785,-359,-1472
19571,-6185,-165,1821,1629,861,54
19572,7064,1964,-5139,-1073,211,-205
19573,1416,-5318,6744,241,1630,648
19574,-7965,1085,-6180,1059,1249,1288
19575,2108,1094,3617,-302,-645,1816
19576,-2748,4016,5467,608,-272,1591
19577,7631,6855,-2359,273,416,-1405
19578,-5010,-6447,6909,1247,1237,1205
19579,7234,-6257,-5295,189,1641,1207
19580,-2633,2551,7062,1141,-1841,-42
19581,-3512,2209,-3863,1683,-1773,-645
19582,-3542,-626,4554,62,-1827,114
19583,-5224,6700,7482,1124,765,-1747
19584,6012,2758,7657,1960,447,-59
19585,5898,4977,6206,-991,-45,-1887
19586,2437,-7478,700,-849,1816,-260
19587,-180,-5420,5311,1518,-1927,-526
19588,-1290,6276,280,-1602,-669,-338
19589,460,-1347,-6506,1697,-1383,27
19590,4815,2943,7116,-1605,-429,90
19591,-4902,1318,-3806,-1991,1270,406
19592,-7733,-4309,5413,320,-1816,-1336
19593,-3268,-1512,-5393,1095,-1081,-218
19594,-1308,1296,1472,960,-1754,1796
19595,-2795,-2522,-1438,293,514,-555
19596,-4044,6002,-1964,-1267,1168,285
19597,7459,4869,-5143,-1117,696,-1093
19598,1095,-3303,5399,153,1583,470
19599,-6293,-3135,5723,-1309,1486,-1532
19600,6271,-2247,7153,1974,1046,-7
19601,3600,-5162,-5639,-571,-583,-1605
19602,1893,-7054,-2947,-383,-1897,-247
19603,5809,851,6057,-174,-1166,980
19604,-4008,1940,2198,-323,1044,-1859
19605,5726,-4621,3475,1513,-203,-1423
19606,3421,-4013,2075,-1268,44,-223
19607,-1440,427,6660,1479,319,-537
19608,-6683,-3027,-3991,-77,-1866,980
19609,-5484,-1234,-6017,1254,1115,1294
19610,-6755,898,-4504,225,-1795,-334
19611,3494,2626,-4368,-215,-1087,1947
19612,7313,2312,-1070,398,441,38
19613,6870,5074,7104,1147,1725,-894
19614,-1411,-6619,-1032,1014,1102,731
19615,-1159,-3554,-4579,306,-711,-678
19616,601,7892,-6669,1716,1333,908
19617,7172,-3046,-2526,-1462,-1867,401
19618,-7582,-667,-144,-162,-875,-463
19619,-6799,-4078,-1032,-894,-306,-471
19620,6047,-1616,7274,963,-962,777
19621,6315,-4405,4915,125,-1391,1260
19622,7187,-6080,-3509,1057,-1051,-1446
19623,3630,-5784,-5229,-1010,-1535,-856
19624,-2059,-6380,-6412,-895,-1543,300
19625,-2906,-2656,7463,-1249,704,-61
19626,7699,6094,380,-1045,1583,690
19627,-7410,6758,-6445,-1740,-581,-772
19628,2420,1079,-1660,1701,-837,-887
19629,-1559,1179,-7814,-1706,1471,959
19630,6559,146,6937,832,-327,-235
19631,464,7479,6665,656,1137,1141
19632,6363,6823,6879,1123,745,-1688
19633,-984,401,-4819,-879,1330,326
19634,-6913,-4718,5075,-747,-1368,-1421
19635,1772,4346,5307,458,1097,569
19636,2186,5949,5817,108,874,1559
19637,-5668,6352,4133,1958,1432,-401
19638,4451,3686,-7200,-71,81,558
19639,-4786,-5655,-4174,1211,-661,-933
19640,-2262,6207,1514,534,421,1255
19641,3368,-5780,-233,-1232,267,-469
19642,-3871,-5376,4337,-1759,1107,1498
19643,4876,-598,7097,881,-458,-923
19644,-1518,-7674,5606,1880,1949,-1759
19645,7642,3639,4026,-388,-676,895
19646,-2666,-1128,-5159,-1551,1002,-1198
19647,-7803,3637,-1552,778,962,694
19648,1473,416,-3631,-1990,1530,-1774
19649,-1859,289,-5403,1163,244,-1996
19650,3495,5301,1720,1078,-1211,-896
19651,-1623,-2579,-7231,-1264,-1169,-991
19652,-1115,5295,4307,-1114,1593,-1764
19653,-1689,4639,-7524,229,12,-191
19654,-4417,3456,-1146,-350,272,1581
19655,893,-586,-5983,815,-1012,1607
19656,-4599,-1992,-5383,1554,736,-928
19657,3311,-749,875,-388,-1144,1035
19658,-1460,6554,916,-1845,1772,219
19659,-1683,-688,4735,-371,1216,283
19660,-6740,3982,1502,1224,-579,-727
19661,-1163,7092,-1022,943,643,-1652
19662,-4436,7315,-5623,-864,-1796,1567
19663,-4396,-2084,-5159,-119,468,895
19664,3959,-3676,6901,-598,-838,-735
19665,3834,5133,-2727,-291,-314,-156
19666,-3897,-3666,7662,539,-891,-659
19667,6822,4108,1820,-486,-356,985
19668,7608,2186,1178,-1346,1411,862
19669,-4260,-1343,-7265,1988,1584,-828
19670,4253,-237,2835,-1223,1518,-274
19671,-3559,-1813,3113,-1025,1631,1497
19672,6994,-959,-541,-905,-1093,384
19673,-2610,-1449,1731,-1075,-1220,205
19674,4512,-2737,-3508,-547,838,590
19675,6021,6413,-2408,-894,122,260
19676,-2675,-550,-2838,-1890,318,1605
19677,1548,6192,4689,-979,394,-1287
19678,-7376,1816,-653,-710,1516,-1676
19679,7827,-7922,-1753,874,-968,1552
19680,1438,1634,601,-840,-1470,1087
19681,-4387,-6742,-2912,880,-1211,-1235
19682,-2896,6072,7269,985,-834,500
19683,3619,3349,-7852,1077,1795,1639
19684,-1172,1649,-2203,-1757,905,1835
19685,6325,-1103,-1382,1765,439,-1929
19686,745,-3004,-1635,-546,1982,304
19687,-2640,5395,5703,1134,396,1996
19688,-3047,-2693,-6893,-213,675,443
19689,-7402,6304,-3737,-1293,-1760,-1120
19690,4358,5709,5835,-425,1059,1187
19691,-3626,-6540,-939,828,-1946,586
19692,-5768,-6793,6713,-1728,-171,45
19693,1647,-6731,-3903,-1339,541,281
19694,775,6489,1448,-1759,-625,-440
19695,2656,1612,6838,824,1847,-640
19696,-3621,-7674,2050,-1430,1994,-1743
19697,2641,7058,-1218,1895,-88,-1167
19698,-4773,7038,7653,477,-872,1710
19699,6542,3912,-3791,1050,140,-1302
19700,2093,-5624,7533,435,476,1979
19701,-2845,-4720,4152,1307,-123,-1370
19702,-2874,7505,-7952,279,-489,-595
19703,-7495,-57,-6601,1583,-129,-513
19704,-7355,-4669,3338,1808,-232,-1769
19705,-5757,-1077,1081,-1048,-1583,459
19706,-5163,-2534,121,1231,-1640,634
19707,5080,5515,-3357,-784,-1310,1103
19708,5975,5844,-1026,1502,330,-244
19709,1125,2605,-3987,1755,1875,-1959
19710,6246,2755,-3127,-1568,-344,1768
19711,1583,-2665,4588,977,-1474,1623
19712,-7334,5797,947,-676,527,1069
19713,522,5796,-198,1844,-1341,764
19714,2050,5337,-2990,-1853,1158,914
19715,4434,-6003,-5385,1650,1441,-235
19716,3249,3279,4964,-1842,-1417,-1373
19717,401,-3545,-3016,1199,462,691
19718,3079,2185,-3222,-591,-307,-1374
19719,-2375,5493,7239,804,-998,706
19720,5606,-2529,-1705,52,-504,739
19721,3698,-2004,1110,1140,-1884,-278
19722,6913,1294,7509,1902,-1562,66
19723,2546,-2116,2865,20,1368,643
19724,-3091,-1974,2165,130,908,-1480
19725,-7015,-2012,3011,1939,1521,293
19726,-6546,7688,1467,-150,415,295
19727,6800,1669,1943,557,144,1185
19728,6124,1311,-4233,1059,-1818,1779
19729,-4470,6863,-3654,1749,-322,1212
19730,6229,495,1011,-1161,1259,1520
19731,-2286,-4686,6475,1044,285,1449
19732,-5150,-3843,-7796,-756,1548,1372
19733,-3796,117,-7880,-31,746,-549
19734,-6901,7217,1705,1179,-205,-1003
19735,-5376,-6837,-7960,-2000,-187,1673
19736,5398,4436,-4802,-267,-1847,-255
19737,2516,-3653,5077,526,-325,1816
19738,1473,-3536,3858,-727,1092,-1482
19739,7174,-6053,6209,674,1885,-1031
19740,-2476,-6461,-7157,-558,1226,-733
19741,7589,7899,-678,120,1095,-1221
19742,-5666,-6865,617,411,1350,-26
19743,4591,-6868,-1368,-1723,-814,-923
19744,-7546,-4597,-374,556,-1120,33
19745,7087,7322,-7284,249,1633,1860
19746,-6630,-5220,-4979,179,1357,1280
19747,7368,1195,5324,-356,-250,1209
19748,-4997,-6536,1025,-1472,1269,-1486
19749,3661,7576,-3754,-83,702,527
19750,6041,-1224,2290,-1625,-912,-361
19751,-2338,558,3177,-1897,1637,-198
19752,6369,-373,3779,1532,1218,-580
19753,-5817,-7525,1568,1254,-480,-1642
19754,3230,1814,-4045,-1583,39,-734
19755,120,675,-5438,-1942,-1168,1989
19756,392,2326,2410,-284,689,590
19757,-2269,786,-5170,-1039,1022,1652
19758,-376,1981,6515,462,-515,-1310
19759,6254,-733,4663,-130,-1153,-695
19760,4965,-6020,-7587,-206,-1042,-1002
19761,-237,6532,5021,348,1767,-249
19762,4674,4067,-986,-335,-253,-1042
19763,2998,3103,-573,-1010,609,-1572
19764,-2365,3833,6781,-1520,-1714,-1601
19765,-4451,416,-6045,1780,709,-832
19766,-508,-374,-7122,-1005,-251,-912
19767,-2307,2888,6882,619,1768,-1626
19768,-865,3992,2925,-405,1230,351
19769,4234,7313,-769,-1504,-1720,331
19770,6734,4853,7507,-1746,-305,-2000
19771,-1113,-3973,-272,-1411,480,1956
19772,-1286,-2246,-5923,1536,-498,862
19773,4102,2308,4262,914,1037,-1357
19774,5903,-1064,2701,279,221,1691
19775,3333,-2388,958,-176,63,1916
19776,606,615,-2983,-952,-703,-1362
19777,-4700,6381,-2119,-750,1613,561
19778,-6278,1202,-2704,1053,-244,-1736
19779,-6872,-6405,245,-847,1033,-1231
19780,4644,136,5128,1343,123,325
19781,-2202,1312,-907,-599,-1517,-1068
19782,-673,-2262,-466,279,-1626,-426
19783,-4662,5904,3595,-1947,127,-1607
19784,-6952,-5380,6569,-379,74,-163
19785,1541,-3865,-7585,589,198,1154
19786,-7975,-4081,2555,-13,1577,626
19787,-4495,-1711,-4470,1369,-1834,48
19788,-3651,6179,-3581,-340,1182,1356
19789,5124,-2812,1202,-330,-1008,-960
19790,475,-4699,2772,-1989,1906,602
19791,5843,-2842,206,1450,-211,1374
19792,3250,-533,-370,-1916,-1563,-316
19793,2706,-3055,-4172,46,912,882
19794,-1960,-1194,7849,-1643,-1060,-127
19795,-1008,6746,-7264,-247,776,-1081
19796,-5009,-6598,7338,-329,-633,-531
19797,-3291,639,-1553,500,1572,-404
19798,-1338,2851,-1608,132,965,-1363
19799,-6730,-3157,-2699,1348,-1760,-1546
19800,-2499,-5205,5650,1243,-1830,-906
19801,61,-6236,575,-1388,-1221,1721
19802,-3166,-173,1254,-435,1617,-305
19803,-5279,-1090,3201,-1075,239,-313
19804,-5177,-5561,3300,-1631,820,1432
19805,862,-3493,6032,382,1789,180
19806,4139,-5972,-1423,-812,1612,252
19807,6915,-7601,-985,300,255,-1985
19808,-7258,-5721,-509,-1376,1808,-1771
19809,-6946,6327,-1620,-1437,1262,1675
19810,4993,7576,-7487,785,-935,1063
19811,-3141,-2488,-3278,-1741,1622,-923
19812,103,24,187,-933,-1560,-1414
19813,6164,7540,-3749,521,1996,890
19814,-5286,-2086,1609,98,1061,553
19815,-1006,-7383,1220,1299,1548,-839
19816,5538,3482,-7997,328,538,-1816
19817,1383,752,3104,-1603,-260,-1747
19818,4304,6805,-1683,1736,1996,376
19819,-3494,-3008,-272,1100,-1499,1278
19820,-6666,7072,5626,1040,-1032,1106
19821,-7761,-2046,-740,1827,-611,1998
19822,6612,6668,-6699,1256,-155,-1210
19823,-4161,3575,4377,759,343,1189
19824,7623,-2663,-2706,879,52,-1594
19825,-926,-7587,6870,937,-495,1780
19826,5812,-20,-3769,1503,1093,-271
19827,-845,-4234,5436,165,-1833,-1244
19828,1477,4741,7722,1440,775,595
19829,-2298,1081,3310,1668,-1397,686
19830,-295,1249,-7997,951,1206,-505
19831,-5914,-7800,-3947,600,1945,-1432
19832,-388,3754,-1777,1647,252,1878
19833,7702,2965,-6125,-702,1464,-644
19834,2585,-7989,-6035,-1628,-734,582
19835,913,-4596,-6130,-1458,958,-1083
19836,-7906,218,2623,699,1362,948
19837,5350,-4296,-448,-212,-434,-798
19838,-1813,-6025,4574,-328,800,-621
19839,6021,-4824,2443,331,-568,-251
19840,-6647,-2180,3565,-1839,1198,-949
19841,-3675,2458,-68,922,-1854,1353
19842,3394,7341,-2695,-67,-1717,546
19843,-1767,410,-4940,-1015,1877,242
19844,3960,877,1236,-762,64,1308
19845,-2627,6894,-5108,1044,164,-1121
19846,-7249,7237,-4645,-354,-1653,1922
19847,4232,2639,6528,1385,-622,-927
19848,4083,1069,-685,-338,-536,-1380
19849,-125,-2310,6834,-941,981,172
19850,5553,4032,26,1395,792,-218
19851,-3056,-1523,-5115,-102,141,-1829
19852,-6460,-5307,-7861,-1949,1112,348
19853,4644,-554,173,-68,-1120,1790
19854,-801,357,-2805,1659,1623,-735
19855,3908,-6326,2215,-902,1268,1127
19856,-3489,4305,4083,1022,-1001,941
19857,3116,-3618,-3017,1395,722,951
19858,7703,-2469,-6007,1542,-1906,-1406
19859,4933,-6653,-2157,-202,-811,-446
19860,4568,4199,7928,1377,579,1495
19861,3755,2714,5526,-1954,1123,1803
19862,1891,-7397,-1637,1451,306,124
19863,-1169,6824,-6977,-987,1091,-1644
19864,5620,-6963,-5030,772,-792,-527
19865,-3824,-3642,-2222,670,1845,-79
19866,-7440,6448,6627,-1496,899,794
19867,4260,-5996,2131,-1915,1393,-638
19868,810,2052,-7845,-1534,-727,804
19869,-3812,-6746,4148,476,1213,895
19870,4578,2211,289,1156,-671,-163
19871,3490,-815,-3157,1454,1228,1494
19872,-7530,2644,-2302,-833,1120,1047
19873,3361,-3922,-3711,-1731,-232,-1672
19874,2695,-2510,-2418,1547,-1119,1911
19875,6307,-5158,-629,1763,1438,147
19876,-7005,-103,-3350,-1666,394,-750
19877,7129,6042,1396,354,-946,1520
19878,5892,-4695,-2332,1958,833,915
19879,-190,-5502,7476,1858,-1506,-791
19880,-6431,6023,-4877,1655,-1737,-1454
19881,-4460,-5486,-5133,-1707,-214,-617
19882,-38,5762,6883,-77,-1880,-87
19883,2261,-5083,3891,492,491,235
19884,5109,-3354,-5181,1862,1480,962
19885,1743,-2874,-7613,1516,1337,-1845
19886,5002,-4020,-6231,923,-1630,-1378
19887,-6633,-6075,1454,-547,-237,-457
19888,1661,-4204,-4900,899,-344,-945
19889,4523,5465,3994,-278,-855,-148
19890,7953,5015,6798,-721,-269,1508
19891,-1124,-5535,-892,579,1043,-1720
19892,-3992,-2746,5350,-429,956,-241
19893,-5715,-3314,-4322,400,1194,1398
19894,5269,1494,-34,1783,1306,-830
19895,-6640,4105,2716,-1690,-376,-511
19896,-6357,-7041,-5425,-552,229,-1339
19897,-485,943,3512,-234,927,731
19898,3334,1761,-3435,478,-998,1436
19899,5837,6344,360,1895,-204,-964
19900,3623,56,4846,-678,-1541,-1553
19901,-715,-7651,-2558,-1599,-1394,1239
19902,-5270,-3806,6055,-110,808,-303
19903,-4710,4783,7694,-1707,-925,-1074
19904,-1873,-2479,6370,-1705,-259,1023
19905,-1563,1502,-6391,1023,-351,525
19906,1897,1928,575,1802,-269,541
19907,-1462,3504,3065,-1517,-195,-230
19908,-7444,1347,7035,147,-303,882
19909,7603,-6596,-1432,-1675,-1402,-95
19910,1512,5229,1075,-1257,-459,-1499
19911,6247,8,985,-1789,1765,102
19912,-4710,-5848,2006,1945,1748,428
19913,-4319,3822,-1420,1516,-1217,619
19914,-1741,1910,-7964,-1757,740,-1517
19915,6934,-4201,-5334,1954,736,-432
19916,3811,-7595,5993,1175,1704,796
19917,2816,-3697,7709,152,1105,-1876
19918,6427,8,2179,1198,496,-1027
19919,-2939,3216,4668,-204,-540,842
19920,-2910,4753,-3713,-41,470,1265
19921,-5252,2439,-5608,753,372,265
19922,-7881,494,3997,353,1189,-1915
19923,4961,2319,7410,45,-42,1405
19924,-6481,-2216,6876,703,-1775,36
19925,-3135,-4216,-4296,-1371,1777,789
19926,-876,3631,5805,1035,-1995,921
19927,1423,-7264,3383,-357,-1267,-24
19928,2745,1022,1468,1963,-1411,-1971
19929,-5930,-5562,1324,-886,-1110,-1685
19930,-1828,-6864,-514,662,-599,1044
19931,5252,6221,-2062,-1581,261,584
19932,-2430,-5160,1024,-1554,-995,97
19933,7602,-6402,5616,476,1325,-305
19934,6952,5434,-7378,1295,-508,-1946
19935,3307,2502,4072,584,-1464,440
19936,-3110,4283,5915,-181,-485,990
19937,-3680,-6070,6091,1857,1663,-41
19938,-1953,6063,4073,799,38,-290
19939,-2695,1124,5436,-1892,-863,-1684
19940,-7801,6232,-6152,1231,225,1320
19941,6598,-2221,-2936,-1093,1044,1215
19942,1167,5569,-4596,-1439,-1057,325
19943,4870,-4231,-5214,465,1524,976
19944,1336,3683,1212,1478,-1254,1194
19945,-2620,-825,-5837,1027,1933,-362
19946,-5347,-4970,-5554,-727,1681,1708
19947,-2186,-2653,2308,-1312,-834,1310
19948,-5231,3465,1368,1005,-1103,765
19949,-6772,-1927,3239,821,844,1880
19950,-2014,-3672,5618,488,935,-1673
19951,738,-3072,-7929,1295,-513,-1195
19952,-4222,-5789,2258,-1635,-91,1232
19953,-7357,-7790,-3506,878,828,-212
19954,-2705,-3462,-4705,-500,-1567,-1282
19955,6948,167,6757,1861,1367,-1672
19956,-3109,-865,7613,259,123,722
19957,1726,2,713,728,-878,1934
19958,-5253,1174,-3251,1537,-671,-1405
19959,2482,4963,3614,-1575,-1451,-373
19960,3333,-481,4681,910,1224,-101
19961,-3000,-210,-4226,648,1674,-235
19962,931,1117,5108,228,-474,604
19963,279,5521,4545,813,1783,180
19964,-6543,4090,-1837,-1618,859,1504
19965,-4466,2110,-1862,478,341,656
19966,296,-6895,-1419,1928,-404,1974
19967,6726,-605,-2723,205,-800,1385
19968,3111,-4469,-6930,-1365,78,-632
19969,-2967,6462,-7458,-1588,-1300,-1880
19970,7680,7641,5695,1661,-1058,-455
19971,-2222,-5661,3680,1106,-1388,-868
19972,2046,-7462,7582,388,195,-692
19973,-5291,-5892,2630,-252,-1107,-252
19974,-6283,-2927,5381,-1468,-522,1479
19975,-1912,-4616,-6425,899,-605,-1677
19976,5674,5666,7542,1967,1507,1906
19977,3412,2588,-18,612,300,-1687
19978,7498,-7949,370,-820,-898,1218
19979,-492,-1614,-1215,-844,-87,-1961
19980,7151,2906,5569,-1349,-1301,-1932
19981,-5694,2666,-6825,953,599,575
19982,-6163,7976,-2921,550,-197,1822
19983,2148,-2035,-3346,540,1851,-1829
19984,4055,652,-4745,-783,-601,1208
19985,-2233,3876,-3237,-1409,-376,-1852
19986,2726,-1026,734,-930,1698,902
19987,-3639,-1026,4895,117,-1926,-230
19988,708,5736,4843,-1624,463,1122
19989,5437,533,6178,341,-1277,-770
19990,-6284,-4617,4869,-461,54,1643
19991,-7231,6509,4374,1175,-1447,576
19992,7536,-6095,-6887,-786,-924,-1469
19993,4320,-276,-5632,-84,-212,-937
19994,1535,3541,4581,1804,1329,1
19995,-5264,7909,5789,-620,-656,-1933
19996,-5836,3936,1025,1863,-1086,599
19997,-797,-4563,-1942,-1201,1579,-934
19998,4587,-4848,2080,147,1465,-1166
19999,4999,617,-4511,1099,664,-1611
20000,1269,-4893,2164,-957,-1207,1708
20001,3885,7928,6667,730,-681,-1077
20002,-5173,-2828,1508,912,-1805,-892
20003,7687,1505,3226,1155,1796,1248
20004,6666,-924,-224,1313,1752,1843
20005,-4627,6849,-2354,1721,177,1438
20006,-6142,-967,2768,555,1292,-1552
20007,-6133,-6956,-2976,1300,-235,-806
20008,-4962,-6617,-3137,1400,-587,-1123
20009,7467,-6206,-3464,-436,339,-1232
20010,-2288,7294,-4093,-1531,1791,-413
20011,2942,-3434,3079,-1915,1354,-811
20012,5214,-7821,4753,-819,-1941,-585
20013,-2516,3834,1856,878,-1238,-12
20014,594,-3945,-2817,240,-588,-411
20015,-7663,2506,780,79,-356,-827
20016,7980,-2380,1787,1014,-1982,1451
20017,-6467,4286,6836,801,58,-1215
20018,861,6338,817,-1295,-1507,843
20019,310,-6201,-4361,763,944,-1605
20020,6911,454,4026,-251,924,1057
20021,-1779,-3633,-5213,-6,402,1843
20022,2399,5240,318,-700,-1482,1333
20023,2599,2665,886,-727,100,-1267
20024,-3067,-4443,3713,580,1256,1709
20025,1642,-3480,-3275,-1898,-760,301
20026,-1866,7293,4975,1648,1618,1262
20027,7197,-5162,-2363,-25,620,1870
20028,5195,6080,2357,1724,1603,-939
20029,-1715,6980,-4847,-1461,712,1788
20030,7477,-5273,5076,1144,-1469,-271
20031,6510,4953,-5147,1653,817,7
20032,-7124,3560,1261,1566,-555,-149
20033,4483,-7135,437,1188,-1411,-331
20034,2380,6424,-1299,-1324,470,-1215
20035,6985,536,-7983,375,-1680,-331
20036,1177,-6614,3443,-1902,-679,-952
20037,-4621,-1863,4515,-1719,-1510,1207
20038,3391,-4155,-158,256,426,-176
20039,6841,-7632,-1514,-1780,-1454,-1074
20040,-2718,2158,2360,1402,374,-1308
20041,-7191,567,1153,1728,19,570
20042,3717,-5355,1231,-387,-188,-2000
20043,-6315,5006,2031,1566,1296,411
20044,3425,-7362,279,-1176,519,-52
20045,7646,5418,6529,-1254,575,-1851
20046,3749,-1047,931,223,804,-489
20047,3495,7175,7636,1585,-579,-1742
20048,-6590,-7448,4214,598,-1776,-457
20049,-1575,7720,3432,-644,-51,-189
20050,7495,3331,-6963,-1345,-288,-103
20051,-3872,518,799,1834,691,-53
20052,-7528,-2300,3617,-1786,-1191,-485
20053,-1370,2952,1414,1124,1786,-144
20054,1558,-1908,2126,1417,1683,-845
20055,2392,-7862,-7245,-721,-1395,1951
20056,-785,7222,1684,77,-474,-108
20057,-5299,5811,5326,-1118,1939,702
20058,-5050,-2074,-7255,-1332,-1177,427
20059,-379,-1960,-4272,-602,-827,906
20060,6597,707,2838,429,580,74
20061,-5249,6977,7451,-924,603,-1379
20062,2232,4672,-3533,-1705,769,1721
20063,607,7111,4651,1321,1955,-105
20064,3810,7282,-3831,734,174,1727
20065,-4646,1277,-21,-402,-11,1011
20066,4490,-4492,-2831,-828,584,1751
20067,-5166,-3421,4247,-1046,-237,1627
20068,-4585,-4316,-928,1576,751,-1242
20069,7027,3597,-3529,1444,207,-1345
20070,-1172,-6803,4744,-457,-799,-392
20071,-955,-3497,2725,-1553,-786,1094
20072,7606,5825,-4348,-1762,-1859,671
20073,6287,67,-7529,-1472,186,963
20074,5918,-892,-7800,146,-1952,1277
20075,-3788,-1683,5071,-72,-818,-441
20076,-1982,474,1004,-485,1990,246
20077,6904,-4600,5235,-1243,-1525,-1189
20078,-7153,1610,6554,1772,-269,415
20079,-5015,5145,3270,-1018,-1069,-841
20080,7194,7300,4,-494,-1807,-293
20081,4907,-2274,6574,953,1633,-1445
20082,5551,7258,145,-1116,-178,1015
20083,-7268,-4481,-52,1122,1778,1858
20084,7544,-7699,-237,-738,781,1581
20085,-5064,-6910,-2481,390,-762,-1178
20086,-632,4222,2586,1667,-968,-1241
20087,-4836,5987,4580,-878,1138,-841
20088,-2792,6339,2920,570,561,-822
20089,-3485,2575,-3087,-117,494,-696
20090,-2031,2284,-7317,444,716,1768
20091,3660,-5722,-305,-1444,72,1255
20092,3358,1757,502,-596,289,-936
20093,7006,-6144,-2747,1587,1554,-228
20094,-2391,1364,5401,-1017,-1578,233
20095,-5393,526,-7347,1019,84,1356
20096,-3032,6688,6267,1860,107,-1883
20097,5397,7261,-2310,-1715,1343,-1547
20098,-2400,-4635,-3648,-1022,-1560,-1547
20099,-748,-6895,-1167,-1807,805,1462
20100,1485,-1315,-5993,1241,-1248,-723
20101,-7325,-2421,-102,1190,1585,1770
20102,-211,1944,-4980,-1470,-1822,1527
20103,6188,-367,-3568,833,710,523
20104,-6887,4221,2342,689,-1356,1788
20105,-2820,3387,4895,-998,-1924,-304
20106,3226,-5158,5119,1568,-677,893
20107,6953,-6703,-686,-1365,1831,-565
20108,-298,-4645,6230,698,834,-1836
20109,4969,-5429,-904,-1983,-1645,-1611
20110,-7803,-7100,-7243,-1469,1616,-1167
20111,1754,-1719,7481,-21,1584,-1448
20112,6118,4132,-586,-346,-905,142
20113,-7656,-1027,-6615,1974,1920,1578
20114,4312,-4172,-6447,555,-263,1999
20115,436,3331,7701,-754,-199,-1971
20116,-246,-3193,4978,-1006,1883,293
20117,1448,5247,-7053,-1401,1104,540
20118,3236,-3816,-2833,604,1975,39
20119,5332,400,-7052,1679,-1043,-372
20120,-7770,2659,28,-430,-1303,1202
20121,2652,-403,6850,1673,221,866
20122,-5264,-499,981,904,-271,1821
20123,-1247,6375,5954,1997,-617,-1691
20124,-648,-7923,6293,901,267,1659
20125,-4543,2682,-3746,-566,552,1090
20126,-1997,-3073,2757,929,913,-697
20127,6113,-2349,2818,1446,-735,1894
20128,-5395,-2887,-4518,-1902,1317,-1575
20129,520,-7653,-4993,475,24,-1286
20130,-1559,-7439,-5062,79,-1456,-1289
20131,-1651,1824,-323,-1620,-1764,-1537
20132,4435,6908,-6304,548,269,270
20133,-6591,-2433,3914,535,-1132,-1401
20134,-7083,-2017,6142,868,523,1302
20135,-2508,3880,-906,1665,-1474,1926
20136,1056,3342,193,-1229,348,1478
20137,4458,4236,-840,-99,-1400,-1025
20138,-670,-5387,-4279,-611,-1051,-955
20139,839,-921,5927,1286,1989,660
20140,6550,6561,6802,1063,333,-481
20141,-2070,3831,-4926,1223,-654,-681
20142,6163,4494,5835,314,483,893
20143,-4948,-6222,-343,255,-1249,-1434
20144,-896,7004,-3014,-792,-1294,48
20145,-256,-5045,-7952,1120,-1135,-654
20146,-7082,815,-7316,508,1278,-1341
20147,6184,-4426,1835,876,989,-838
20148,-4598,-5677,-2697,65,-476,-830
20149,-954,3101,-2571,808,-950,236
20150,-4767,-3373,-73,-1998,177,-1832
20151,-4706,-4474,5368,1453,-769,-937
20152,-2571,5046,-5110,-1473,824,246
20153,5096,-1773,6383,-589,-444,973
20154,-7897,3630,6187,-382,-1860,246
20155,-6627,669,-3315,1929,1207,-23
20156,-549,-1194,5711,-749,1512,1830
20157,-3379,4175,1365,443,-942,1951
20158,7538,-7118,1693,1079,-945,220
20159,-5564,3990,6129,-721,-258,419
20160,-4763,-1304,7879,-1473,-1345,-1264
20161,1765,-2554,-7310,35,-1915,1872
20162,-989,-7866,1529,897,-1754,1885
20163,6784,6613,-1979,-1973,589,-1572
20164,-315,1509,-2183,1865,594,-446
20165,-5774,-1381,4738,-1452,1062,1876
20166,298,-6647,-5197,1638,-474,-456
20167,-2443,-6379,-7692,-960,275,1145
20168,3823,-816,3390,1917,1918,-1741
20169,-7286,-653,2651,-776,610,489
20170,391,-1499,-5382,-407,-578,886
20171,-1157,-7005,4481,-1969,1382,-1904
20172,-4463,-6727,-3955,873,-727,-234
20173,-4096,4912,2372,1392,1135,1553
20174,1485,85,-2467,296,651,1999
20175,-7124,7289,-5996,44,-424,-602
20176,-1673,-4431,4727,-610,-622,961
20177,-2345,1431,5269,-752,1009,-887
20178,5979,-3334,-6587,1474,1994,-841
20179,5771,-1700,-6266,486,1710,1291
20180,-1799,5190,1386,733,1454,-761
20181,77,-6906,-866,-1104,-284,-123
20182,-6531,-3334,4193,1222,320,-83
20183,7216,-1980,-6350,325,384,-258
20184,3851,-2861,6037,-1771,442,-1127
20185,-2153,4703,-6103,-43,888,-932
20186,-4638,3806,-6867,-1693,1436,-1281
20187,4143,-6220,-1048,1195,1391,948
20188,3211,7464,6857,840,-332,-493
20189,6807,-2799,2646,1721,836,1758
20190,4710,-514,293,-519,-1964,-1314
20191,-6511,168,-4342,-407,-1444,578
20192,2327,3966,7629,-1461,366,-313
20193,2263,6747,2948,-1901,-166,-1399
20194,4550,7249,-7236,1938,-1519,-890
20195,-4375,-4042,-4528,-1981,141,-419
20196,4063,-3980,2807,-334,-1469,-1309
20197,7520,-5930,175,-947,-702,-1777
20198,326,1095,4566,1121,1934,1490
20199,3985,-4220,-5433,125,576,-1125
20200,-7979,-3202,-5863,998,-1455,-1215
20201,-3411,2933,6433,1799,1309,1391
20202,5500,-5422,2731,-741,-1886,1222
20203,6667,144,5457,-1747,1475,194
20204,-7460,-387,-2206,-1288,1031,1068
20205,-7113,3604,6161,-861,-1467,1730
20206,6624,1468,-7060,819,-1306,458
20207,-6231,7683,-4168,1322,-1630,607
20208,5463,-4144,-6257,178,-91,-663
20209,-5262,2095,4509,-450,451,-893
20210,-2030,-5402,5406,-1906,1285,-988
20211,4885,4968,5198,-964,720,912
20212,7802,3391,-1691,880,-447,-1277
20213,2440,3430,2508,-727,998,210
20214,-4525,108,-3230,-834,191,-578
20215,1206,1586,-6681,-1328,-1056,298
20216,-5031,-2682,-3698,1016,-330,-501
20217,6085,-7470,3952,-494,1308,1630
20218,633,-6149,6846,481,538,83
20219,2556,-3420,-5804,-519,-1033,-1139
20220,-4071,-3439,3176,237,-53,1847
20221,-336,-4961,2238,-778,1829,1527
20222,4070,598,-1002,-1775,1413,-1083
20223,-6452,-2971,438,1378,-178,-1192
20224,-713,-2750,651,1750,-995,-1500
20225,-2513,6715,-2960,903,-41,1642
20226,-2160,5287,4295,-1502,1922,-1046
20227,-7703,-6978,-4527,1856,1793,-953
20228,-7383,3934,-1076,-1604,38,883
20229,-4199,3087,1039,717,-239,-1267
20230,4336,-1235,682,61,445,-1758
20231,7122,833,6103,-511,1541,-283
20232,1254,-2441,425,1254,197,-1839
20233,-1797,-5712,4608,563,-687,1392
20234,-5409,2954,-5774,-1029,458,-293
20235,1738,4429,-682,1543,77,1144
20236,-7681,-603,1207,1343,387,-681
20237,-7410,6301,-7923,1730,-183,1729
20238,2824,5472,-3170,-572,-861,-1750
20239,-5226,5626,-264,-1141,-141,1277
20240,3801,-785,-7223,1749,-1764,70
20241,6869,-1478,3997,1308,-1181,-1854
20242,-6084,573,6586,612,-1361,-1179
20243,3951,7687,-1000,1075,1010,-939
20244,4228,2344,117,461,-1575,-1619
20245,6279,-4021,-4276,-897,1813,1849
20246,7820,-3762,-5956,-1188,23,-194
20247,-7203,5563,7329,1868,1476,1948
20248,5862,-1569,2493,189,-1298,-864
20249,-7695,-4557,2475,78,709,586
20250,-4840,1364,-7409,164,1624,-338
20251,-3268,7853,-6422,1524,-1180,-1111
20252,-1999,-6613,-1933,-1410,1231,782
20253,-2434,-2600,-3331,-449,-43,1842
20254,5080,-7287,5026,-1260,-1894,1571
20255,6953,5369,-7586,-1546,210,-1051
20256,4684,1495,-2829,1726,579,511
20257,6382,-4439,-2568,-1580,-403,-810
20258,-4232,7527,-3705,671,-1238,-65
20259,3330,-4108,4898,1007,845,-1547
20260,-4316,5200,6919,-1657,553,-916
20261,-6906,7679,-3944,-1839,972,-1385
20262,3118,-1371,-4994,1931,1995,689
20263,-5231,-6467,-1875,-479,-1236,-440
20264,6438,-3227,3814,1759,1936,1105
20265,-499,-3853,-5728,28,83,1258
20266,1985,-2554,6602,-1847,1276,1999
20267,-5186,-3140,4335,-1814,-1776,1686
20268,3002,-5665,94,-1754,-285,-246
20269,6785,-4355,1768,1942,-1106,1380
20270,2078,206,-6910,-1656,-144,-194
20271,-652,-7584,-858,-827,1566,44
20272,-300,-1355,-794,-866,1377,-527
20273,254,900,6718,-1425,1672,271
20274,1143,-7962,2472,-738,-226,1382
20275,-4622,3376,1580,139,-753,-1412
20276,-5902,-6336,-3883,560,848,-1974
20277,-3519,78,6877,-37,-363,-1101
20278,3555,-5577,1836,-843,1594,811
20279,4473,-4118,774,1862,1229,1428
20280,4578,-2598,-5468,-1186,1221,369
20281,4358,7872,7091,222,289,-820
20282,4027,7221,1398,-138,499,-517
20283,6076,3348,2000,832,-885,973
20284,-4467,5289,-4046,885,-1647,-1092
20285,-7535,-756,2011,-795,-1202,1287
20286,2364,-1099,3221,-1699,68,1147
20287,2458,1234,-5714,1962,1260,-1316
20288,1060,-6159,-4910,767,108,-1808
20289,7575,-3788,-1960,1558,256,1388
20290,7560,2501,892,-1171,-257,-655
20291,7626,-4475,6409,1237,-81,-185
20292,-5775,-3113,3248,-1607,-1642,992
20293,2276,6613,-4653,586,-1119,-1977
20294,-7456,3779,7693,424,1014,-1753
20295,-5556,2856,-1451,-1464,182,-447
20296,-886,-6801,4716,-1201,-1618,-1190
20297,-292,-5191,3762,420,-573,1902
20298,2781,-705,-2180,1354,694,-995
20299,6876,5835,7756,373,769,-1785
20300,-329,-7620,242,-535,1577,1986
20301,1689,7594,7619,1401,1147,-1751
20302,-1416,-4669,-1255,1568,-556,790
20303,2356,4808,7771,525,-521,1194
20304,258,-633,-2057,75,226,-542
20305,-7337,2044,-6900,1218,-671,-411
20306,-4811,-1882,-7668,247,809,-786
20307,-90,6436,-667,-1843,-1563,1716
20308,-426,-2766,2432,848,1631,1159
20309,-7582,-258,5301,1796,1064,-667
20310,-3261,6662,2159,-1936,1128,861
20311,-5655,4649,5755,1232,-1203,599
20312,-4895,3061,-7260,-1436,165,1109
20313,-131,291,1731,1439,1861,901
20314,-1981,7501,6121,40,-1661,1376
20315,5997,1905,-7969,1565,1085,1059
20316,-6116,4702,9,-1583,1995,476
20317,-264,5273,-2689,832,1599,1693
20318,615,-1107,-6072,1968,-285,-1288
20319,3334,6370,6208,-1509,1009,-1322
20320,2882,6609,6529,1713,1335,-438
20321,-5297,5790,-7549,990,1424,1894
20322,7373,1206,6916,452,-1017,-335
20323,746,-7469,6152,1284,-38,374
20324,7290,-2244,4586,1134,1847,-362
20325,2148,-3064,-6675,1070,692,381
20326,3249,-1099,-1756,345,-539,-1528
20327,-3131,-3242,6783,1083,165,-501
20328,-1414,4105,1016,1075,647,-276
20329,1908,-4807,3352,1063,-1322,-715
20330,-2321,-5885,-2171,1496,1057,-1738
20331,205,1384,-680,-1994,714,1700
20332,6596,1393,1808,-331,1430,1332
20333,-3252,-3941,5911,-684,1949,1539
20334,6903,5545,-5477,1900,-742,877
20335,-1508,-5414,4113,-791,-1570,-1877
20336,3611,-3188,-6746,245,1784,-1848
20337,-1668,-4995,-3823,-1990,-1981,-190
20338,-2812,-7410,4946,-421,927,1547
20339,-5939,-1330,7842,-1400,1736,-536
20340,2238,-4237,-3882,-498,-1803,-1982
20341,5432,-317,1247,-908,1564,-1737
20342,-6483,7945,4702,907,1200,-365
20343,4969,-5166,-7035,-1381,-447,-1321
20344,-6956,7775,1509,-3,-1540,1482
20345,-4409,6028,-3588,-523,-1881,638
20346,3808,1631,-6958,1341,-484,1701
20347,1195,-2709,4484,73,564,783
20348,683,4129,-7520,1874,1589,-58
20349,-7805,4847,7745,774,-396,205
20350,2227,-5602,269,415,-334,-1658
20351,-7500,-6956,-6818,1675,-755,-644
20352,5883,-4146,225,-689,290,-1298
20353,6881,-5655,6067,1239,822,-929
20354,-3163,4612,-4093,80,1270,1135
20355,-2877,1809,3955,1442,-1052,-1146
20356,5756,-1880,4049,1380,-446,-1442
20357,-1307,5198,5261,1585,666,-451
20358,6842,7042,-4946,-1520,-186,412
20359,4040,-3877,3154,-895,16,1865
20360,2525,-5121,7633,620,827,422
20361,-69,4346,4187,692,-1296,-1967
20362,7887,6329,19,-1588,384,-1289
20363,3565,-2981,5227,1238,-125,-1607
20364,-6767,6304,5377,-614,1958,-974
20365,188,-1553,-4368,-365,1148,1174
20366,-7275,-5981,1451,1321,405,30
20367,-5955,1287,1837,1863,1364,-957
20368,1896,-7313,-5143,-1146,-1808,-1679
20369,269,-291,-3242,796,-135,-1023
20370,-67,-7508,1863,-1595,1532,-187
20371,-5471,4566,-1494,-1659,-825,1483
20372,5135,-5485,-6222,1586,1284,-702
20373,-5217,-5700,-5569,1753,1762,787
20374,4871,1226,4781,1185,-943,393
20375,2186,6092,-1298,1914,-214,1593
20376,2654,7545,1792,-1350,1103,-1940
20377,-2404,-3015,2137,-451,1501,-763
20378,-2584,-6373,-1010,1041,-623,92
20379,1904,-7167,-3236,-390,-1871,-210
20380,-3205,-5356,92,-69,931,1862
20381,4624,4705,2131,-338,201,208
20382,-3184,3674,-5436,-1319,-1967,1632
20383,1385,-4822,-5022,1550,303,96
20384,1281,3090,2457,-1494,846,1831
20385,-1524,4279,7082,-1523,396,-276
20386,1991,-907,-1098,-192,-1730,965
20387,6093,-6987,-2445,-216,-1982,225
20388,-2211,-7474,7832,233,-389,-1119
20389,-7602,-6959,-4809,-786,1204,522
20390,6608,1900,2372,-297,561,231
20391,4978,5637,-1796,1729,124,1231
20392,7478,5808,-1436,-799,-362,-502
20393,-3339,4690,-1964,-837,-558,-800
20394,6767,7386,-238,131,512,-1550
20395,-2922,2482,1218,1297,-393,1541
20396,-4463,-3349,-4259,-471,-608,1416
20397,3565,-7382,807,-1489,-1035,-818
20398,-7874,-3090,-4044,-577,380,1761
20399,1821,4305,392,-1995,1910,1008
20400,-105,-4465,7048,-1471,-1698,1415
20401,-1969,4756,744,-318,-1353,1874
20402,559,-674,2436,-935,-1326,-1716
20403,-7014,-5281,6953,264,1325,9
20404,-3650,-2663,87,-1705,-1904,746
20405,7567,-5111,-4189,-505,-1216,-1927
20406,-5490,5225,-1818,1075,722,-910
20407,-7154,5516,5074,1907,-174,-1195
20408,5333,661,640,1646,1349,-681
20409,-1579,-85,-2211,1928,1661,-816
20410,6914,6871,-519,1437,-499,1729
20411,774,-7770,-6812,-1357,-1087,-1846
20412,2717,3344,1079,-1457,1682,-1212
20413,5363,-1261,828,1892,809,796
20414,-6527,-2070,-7333,-106,-1025,506
20415,-2500,7149,5367,-31,-1525,-857
20416,-7281,3835,-5655,-930,-1732,1524
20417,-4824,5815,2015,-461,-496,1549
20418,5425,-5119,-5630,1553,809,1795
20419,5483,7043,5743,-1756,224,1076
20420,2329,5433,6188,-874,41,855
20421,6070,3814,5014,1199,722,-1303
20422,6070,6101,-7865,-1,191,222
20423,5515,-7835,7054,-1634,-1858,405
20424,-2873,3281,-4975,-1205,1076,-787
20425,-1136,4545,6653,-1645,1877,1075
20426,-5002,-7052,3191,705,1898,596
20427,1977,-3207,-2610,1011,-523,-1675
20428,-4461,6023,-5151,1953,-879,-502
20429,-5679,1746,6471,-1134,1008,-1132
20430,-4223,3700,5221,1807,796,1915
20431,-556,-4361,-4729,1995,-1970,-1128
20432,1142,-1664,-5965,515,-1759,49
20433,7801,-7158,3302,726,956,388
20434,-4416,-2282,2007,1450,-493,-1172
20435,4746,-7376,4553,-400,-335,-1794
20436,-7761,702,7651,-1866,1540,12
20437,-1854,3597,-7706,1566,1046,1731
20438,-5929,7340,1259,-602,91,-703
20439,5173,-3755,3411,-613,-1386,-451
20440,-4890,7866,739,923,1447,1248
20441,-1090,-6886,3627,-311,1564,435
20442,-7192,-1448,-1952,1628,-35,-351
20443,-455,-7141,970,-1339,1117,-1996
20444,-3535,-1256,2275,783,22,1236
20445,1191,-1329,1547,1447,1812,-901
20446,-1586,-7089,1843,-830,844,-863
20447,5391,-7517,4306,434,729,-1188
20448,-3407,2699,-1842,-1767,381,1660
20449,5381,-2544,-6394,460,1178,-265
20450,-346,-2504,1933,1510,158,-1966
20451,-7913,-1074,-1810,1943,-257,284
20452,6467,5833,505,813,1427,317
20453,-4323,-5193,-345,1556,1491,649
20454,1712,7907,106,-1075,961,-1157
20455,-2417,324,2691,-965,1060,1803
20456,1180,5235,68,-1165,-1006,5
20457,5958,-5046,-3167,-590,-799,266
20458,-7867,551,-939,1451,1490,796
20459,4589,-7957,-3607,-379,426,60
20460,3149,-6051,-7323,209,1282,-1546
20461,2550,-4697,5013,-1403,-454,976
20462,2695,5091,771,1239,763,907
20463,-3898,6000,-4320,1059,1635,1302
20464,1652,5465,4242,-605,1660,-651
20465,-1662,5348,-6649,-1556,-1194,1094
20466,-3067,2368,-1624,-1857,-1287,1148
20467,-2717,151,-2432,1186,-1171,1591
20468,3701,5846,-2275,1165,722,1935
20469,-3849,-4958,-5668,-1060,-1455,353
20470,6066,-1178,963,1109,-693,-1933
20471,-6431,5686,-6468,-1099,-1956,-465
20472,-5298,4107,3279,-1661,444,351
20473,4020,-7237,-5005,-1102,-903,-1075
20474,-6695,3752,-2449,-1684,533,-361
20475,-5329,30,-7980,385,-1872,-661
20476,-2639,5457,363,-95,-1180,-842
20477,-2537,5303,-3319,-1477,79,511
20478,5219,-6641,-5074,-1792,1366,384
20479,-1242,-6484,-373,-1339,-1101,-1613
20480,-3436,-2229,1350,1504,1673,-1708
20481,2564,-7630,-6539,1504,1977,-383
20482,-3503,5039,7434,1735,645,-1007
20483,5977,143,-1684,-653,-1600,-693
20484,-7828,-4687,6707,220,1053,453
20485,-6972,-5442,-4484,1506,-879,1181
20486,3268,-7174,-4115,366,1768,-626
20487,-1579,-5107,-7206,-111,-686,-1417
20488,3638,-100,2578,1876,-63,-1606
20489,-3344,7239,1757,-1140,-901,-757
20490,7281,-1292,290,-1334,-862,1694
20491,-6907,-3965,6372,-223,-1209,-1595
20492,-2864,-3806,-7226,-322,527,-653
20493,-6324,-2955,-3349,1943,1665,1579
20494,-4413,4202,-7766,-453,1972,281
20495,-2948,-6401,-310,-1709,-47,387
20496,28,-5104,-2021,940,603,-918
20497,-5818,-851,-331,137,-1080,-1417
20498,3299,-97,2207,-1106,260,-1393
20499,5207,-1099,-1275,196,1451,-1993
20500,4985,7264,531,1461,-578,-569
20501,104,218,5404,1575,1812,-437
20502,-491,5595,957,1355,1218,-470
20503,497,-6056,-2273,797,488,58
20504,4781,4814,1461,-1575,-1004,571
20505,-4952,-2274,-7258,1006,1591,-233
20506,3602,531,-792,-609,-708,-427
20507,-3435,7506,2994,801,-1147,1063
20508,4383,4653,-2166,-50,1893,-1767
20509,6748,7913,-860,-1535,-32,-778
20510,5221,3709,-4722,669,564,-473
20511,-2494,2691,-5312,-1998,-324,-799
20512,3455,-3025,-2451,936,-1539,-755
20513,-5031,4802,5932,-1214,-1760,142
20514,892,4960,-6596,339,-1244,-1616
20515,-7995,1732,-5202,1041,1389,-633
20516,-4504,-1421,-3584,-1595,-285,-1585
20517,4435,3348,-7295,764,509,717
20518,-1971,5281,1275,-1165,-605,-55
20519,4500,1119,-4074,-789,-1078,-117
20520,-5721,2378,-6409,1276,-1989,-1232
20521,-197,-3515,924,1197,-1158,-58
20522,2926,-1337,4205,559,-1235,1002
20523,7265,-2208,4329,-32,520,1449
20524,7971,-5802,-4325,1989,122,-1333
20525,-525,-864,-6835,-770,779,864
20526,7959,2317,-1612,682,682,-1007
20527,2572,6514,6507,443,1000,-1650
20528,-1785,742,-1107,1316,306,-555
20529,-752,-3477,5451,-681,-938,1370
20530,-515,-5460,-207,424,1176,10
20531,-3423,-4856,-3679,-1475,706,-1052
20532,4520,4770,2416,-1423,-280,1460
20533,-5200,-6469,-2822,-682,-560,244
20534,7721,3419,2662,1392,200,1193
20535,-6130,7886,-5497,1838,1288,-1721
20536,2439,-4662,5123,1988,-485,730
20537,299,-6715,6536,11,510,843
20538,3208,3810,-2110,328,1440,-361
20539,4961,7658,-4187,407,1870,-1206
20540,4649,2336,-4809,-437,631,-843
20541,-2705,3846,3188,-731,-1586,269
20542,-1542,3924,3443,-840,-439,391
20543,5818,4885,-1872,914,-1926,-654
20544,-131,6524,-7050,669,-474,1963
20545,6713,-3680,7081,1166,384,724
20546,-7857,-6161,-3780,1913,-142,-1386
20547,-5074,4858,840,1122,-1108,-272
20548,6924,-1962,6992,-885,1221,1579
20549,-1061,-3945,-6638,-1896,-845,721
20550,13,4642,-1442,439,-413,-1710
20551,-7918,-5510,-7886,-1413,-568,-1464
20552,42,-1028,-7992,112,-1619,-1105
20553,1806,1532,4718,1814,482,1020
20554,-3158,4661,1493,-1793,-501,694
20555,7407,-3557,6806,562,10,-1652
20556,4340,-6302,-135,-1745,-1488,-956
20557,2487,-291,-1084,1525,-848,-683
20558,6892,-5615,-4085,-437,192,-1091
20559,3192,626,7553,-982,-1268,1978
20560,-5423,-83,3269,1223,86,760
20561,7069,-2699,-2160,-1599,902,162
20562,-7104,-7455,-6536,-577,1476,-758
20563,4623,494,5903,-1193,176,1998
20564,-7873,5143,7277,1456,-1659,1259
20565,2049,-1386,-6307,-1363,544,-1882
20566,-7677,-7379,99,1479,1620,-1337
20567,4166,-4275,-2081,-1119,-1622,1086
20568,3028,-3181,-2562,1271,-1792,-390
20569,-2200,-6959,6718,-1024,-1639,-1530
20570,106,1801,-6638,-1127,9,-630
20571,7474,7347,-3083,426,-382,-559
20572,1478,-2632,721,537,-825,-1331
20573,-5007,-3399,6000,489,883,-1178
20574,-996,3396,7148,1330,-587,1136
20575,-4845,-2250,-1994,-458,757,-1438
20576,5641,7274,3571,1738,-326,-851
20577,1396,2522,225,-566,-596,1810
20578,-6966,-835,-986,1878,1393,442
20579,2259,5798,-2437,1214,211,1532
20580,-7767,3685,-3865,1676,-32,595
20581,-4963,2358,1472,547,55,1421
20582,4939,-3533,4691,261,483,-1963
20583,6164,-1807,4591,-430,85,373
20584,-290,-3737,-7488,1178,1957,-1658
20585,6479,-7779,6876,1041,1750,-60
20586,1698,1785,-1338,264,-1498,-1050
20587,2493,2801,-122,1347,-1504,-1194
20588,3669,6403,268,1052,-899,-61
20589,1448,-3716,-735,-1949,1672,-1066
20590,6235,-3475,-1955,1064,1044,318
20591,-5104,-5331,-2311,1756,-863,-790
20592,-3906,4669,6843,1764,-1874,-1932
20593,1872,3295,2239,-240,792,-711
20594,1565,-7270,-7564,-1607,-621,-923
20595,1903,1085,5173,-850,1772,1086
20596,-5561,-7757,-10,540,1382,38
20597,-3566,6110,-7190,1032,-605,-1977
20598,-1087,-4210,7499,-1816,1460,870
20599,3442,-410,5918,783,-111,-1580
20600,-2600,-466,4297,886,52,781
20601,-3308,117,-1810,-298,456,912
20602,-1125,3358,825,474,-994,-457
20603,4372,4850,5142,-1856,-1702,139
20604,-3201,-5847,6850,128,-383,1374
20605,-3652,-1626,-2021,-477,-633,-650
20606,1419,-4903,1692,505,-273,-1693
20607,-4401,5861,-4002,-760,20,1065
20608,-2308,4262,2039,1570,-759,-802
20609,-2446,-2113,2325,-1342,1341,-621
20610,-1060,-4813,-4914,-74,1415,-321
20611,7335,5391,-7642,-364,-263,-949
20612,-5299,-7069,4649,877,-1920,-1576
20613,5107,-5951,7612,1269,663,-1406
20614,6076,-3226,-6276,31,-1931,842
20615,-100,7106,-2117,1444,-888,955
20616,-892,1381,-1962,-1422,-1377,788
20617,1618,-4657,3183,416,1962,776
20618,-4830,5446,-6284,-498,1416,1293
20619,4889,-4602,-2837,376,65,370
20620,-7660,2200,-2583,-569,-280,-1907
20621,7813,1473,-3507,-1172,192,372
20622,59,-3023,-7827,-1897,20,-580
20623,-3908,572,-719,626,-966,789
20624,403,-2370,-6896,975,274,1159
20625,4300,203,-4265,-151,1780,1697
20626,-4913,-5755,-3230,115,-87,1271
20627,-5089,7437,2893,643,-1755,1526
20628,-2988,-5684,-7291,1855,-1980,-668
20629,1686,2469,240,-188,189,-1466
20630,7481,-3895,7732,1008,1791,-668
20631,529,2313,5439,1501,122,-1646
20632,3078,2587,-7335,1282,-1666,486
20633,398,2724,-6183,1749,938,-544
20634,7995,-6057,-1610,-821,749,812
20635,292,-369,7229,716,1791,853
20636,-1934,5444,-3372,1270,724,305
20637,-1960,-2470,4751,-810,-1421,-1548
20638,3623,-5174,-7629,1533,1123,837
20639,6227,6425,-6758,-708,-853,-821
20640,6358,7601,-5822,791,1653,365
20641,2990,4045,3387,1239,730,-79
20642,3981,568,-7205,1441,1288,-1573
20643,2967,5627,5708,-1613,-1325,-640
20644,-5392,-865,-3293,-328,-854,-1159
20645,-4760,921,-1944,-1255,-1189,-1825
20646,-917,6496,-1026,-1986,-115,-858
20647,304,1159,-5169,395,1321,1767
20648,-7717,-1244,1596,-1734,-1341,-1678
20649,-2117,2484,6124,-902,-1511,946
20650,5406,-4880,835,-361,1527,-1395
20651,-4600,1306,-6783,-788,437,1491
20652,-2050,6588,7254,-1018,-926,-1893
20653,-5246,1099,-2814,-1852,-1532,-1516
20654,-83,-1736,5984,-369,231,-680
20655,-3942,-396,-5205,-1438,1019,-465
20656,-292,-6112,3734,-1333,579,864
20657,7472,-6243,-2249,-457,1327,-1890
20658,6676,-2558,-2409,1234,-1733,1314
20659,5605,-1132,-4746,-1795,160,-1376
20660,1033,-2699,6447,700,698,-689
20661,2523,6874,-5730,1465,609,1679
20662,1180,-6968,-5599,-82,-107,1122
20663,-3808,6882,133,870,-879,90
20664,5230,-2998,-5679,-1802,-922,986
20665,-1842,-4834,-3976,-156,-725,-1485
20666,-95,6202,19,1786,798,-1363
20667,-7600,2266,-5349,-150,-1300,1067
20668,2449,-7896,7068,392,-897,-89
20669,1889,-3805,-5560,212,-127,-1636
20670,4039,-4599,-5799,-225,-1407,-961
20671,-7731,-2283,1793,-235,-34,1767
20672,5465,-2240,5209,336,1974,-1078
20673,-7305,-7858,3151,-1229,-543,-1251
20674,5732,-7168,-387,280,-700,304
20675,6261,5620,-3630,-285,146,-1092
20676,7004,4816,-3475,-1367,-1211,710
20677,4776,-2170,6799,-886,-1846,-267
20678,5047,-3052,-3020,1437,1368,678
20679,-3509,-2183,4166,-1652,-1872,243
20680,-6839,-6875,-3038,-566,-500,-1626
20681,-7134,-95,3047,-479,1055,1445
20682,7134,7975,105,1908,1161,-963
20683,-413,3897,-5677,-1194,-874,-303
20684,-3082,-4043,194,-1696,-419,305
20685,-2765,4464,-241,-529,801,-920
20686,-4592,3817,4967,-955,1355,-176
20687,-7923,7975,5807,-267,1772,-733
20688,-7265,-1497,3741,422,-1658,-573
20689,-996,-1929,-3398,-573,1791,621
20690,-934,3428,-3087,-123,583,-455
20691,-2760,4337,7344,1332,51,284
20692,6932,7111,-7400,1234,-746,-858
20693,5589,-6829,1372,-562,1793,659
20694,-1107,418,5416,15,1400,-434
20695,7613,181,-4155,-736,1250,-557
20696,3975,-5253,1163,400,-974,262
20697,-464,-316,-2780,-1994,872,577
20698,1034,2795,-1462,1907,1041,73
20699,6360,3045,7312,351,-1479,-710
20700,-7201,-5829,-3428,-989,594,200
20701,334,7704,-6807,480,1730,371
20702,-4440,-1337,7140,378,-472,-825
20703,3571,-6087,3171,1505,1525,-1396
20704,4311,-209,-3307,853,-1722,-1315
20705,7404,-4553,-6100,1807,-285,773
20706,-4832,7868,1904,-1632,-1685,1814
20707,7873,-6964,4964,-9,-899,-1599
20708,3931,-2876,-1341,568,1335,1322
20709,2780,-2439,-780,-1029,-872,-1252
20710,-6139,-6493,3187,1689,-667,270
20711,3701,-5011,6212,-1132,-186,-1964
20712,-2368,2640,4160,-683,1050,-1493
20713,-5830,5834,1377,1899,-1070,611
20714,169,4076,-1582,195,-842,-635
20715,4655,782,-1449,1223,-337,-1524
20716,7195,5432,-6216,1732,-329,-284
20717,1257,-7354,6948,-171,280,74
20718,4656,-771,2705,-335,775,1389
20719,4821,-7334,-3978,-226,-824,1092
20720,6566,-4763,880,-327,-117,-1577
20721,-7407,5881,-6634,-173,1089,-1020
20722,3187,4555,1458,1032,158,-594
20723,-7582,-5976,4609,-563,-1626,1493
20724,-1194,-2929,-643,-1290,-838,1614
20725,3106,-3344,6515,-1354,994,854
20726,-7245,-6946,-3490,1432,161,332
20727,1535,-4851,7758,1955,-374,357
20728,-2492,-7646,2410,-759,758,1498
20729,-4034,5579,-7355,-623,-1699,30
20730,7624,-5563,-3859,322,1787,-1198
20731,5188,-15,-6940,-1734,-22,-628
20732,3931,-2424,2773,1285,-1767,1404
20733,7895,-3315,7970,-368,661,1291
20734,7460,600,-1301,271,622,-918
20735,-4350,-3867,-2925,-246,-283,1333
20736,-2142,-7421,4211,-1738,252,1732
20737,7804,-4121,7888,-514,-451,925
20738,-3134,3132,-7386,1827,-1883,173
20739,-3221,-5353,-7023,916,-1705,666
20740,3796,7097,-877,1803,-1813,-984
20741,2957,-912,-4670,-1613,1758,-1974
20742,393,4586,1711,-1882,1164,-1117
20743,-4163,-249,-6291,-799,-484,1982
20744,5354,1985,5404,-1024,-660,-1956
20745,2159,4371,1262,-1573,517,1128
20746,-7385,-7492,-414,-806,263,1838
20747,-481,6900,2469,835,879,-1282
20748,761,5970,1176,1233,-1533,428
20749,-6516,-921,1834,1544,-284,1089
20750,6936,-2862,-1776,-278,1279,1742
20751,6323,4979,-4686,-918,1243,-1807
20752,2427,549,2307,269,904,-1584
20753,2406,-2977,-5353,1435,1231,-1056
20754,-7304,5229,3179,458,-1424,-1498
20755,-6082,-5042,6537,1440,-1229,833
20756,7877,-2395,-5201,-384,854,776
20757,-1122,6297,-7731,-1973,-636,725
20758,515,-7308,-3300,-856,317,261
20759,6298,4849,-2673,1947,1537,-62
20760,4397,7181,-377,1525,-623,-741
20761,7499,-2420,4771,-1420,-1316,-1933
20762,-113,3703,2862,524,665,-1150
20763,4890,-2743,32,-1737,-668,1461
20764,-3436,98,7303,335,-1828,-495
20765,5541,5054,-2457,-1939,-1456,-1336
20766,1663,-5547,-4618,831,-1899,868
20767,-1964,2327,1275,868,1356,-491
20768,-5766,822,-3397,-64,-1350,-36
20769,5824,222,5047,516,-491,108
20770,-5745,-7138,-6215,-1304,633,-194
20771,336,-5850,-5479,-1758,1098,995
20772,5918,-682,45,-1205,-253,-985
20773,190,-7514,-2166,1596,434,1690
20774,-4589,7589,5413,-1041,-207,-342
20775,3781,-7299,-4403,937,198,619
20776,6504,-989,1059,-1861,-232,1474
20777,6705,-1456,-4569,202,-1263,-1658
20778,-3065,-7797,3116,497,1036,-1335
20779,-1569,-7347,-4446,-39,-641,-148
20780,943,7467,-3688,-117,547,375
20781,3149,5839,-6309,425,-603,23
20782,1097,4001,4054,1021,-1465,-1798
20783,6802,7403,-5539,-1514,-163,-788
20784,-5453,5768,-69,330,-1626,-1153
20785,4645,-367,3523,-841,-1771,-46
20786,-7564,-142,-2593,994,1471,-325
20787,-4178,-2852,-1366,-982,1084,537
20788,3839,-4266,-6727,1421,-1114,-1091
20789,-6680,7850,5284,1491,919,803
20790,7326,3046,-6081,926,-1649,-642
20791,-5346,4822,-5971,26,850,-906
20792,-5916,-3275,-2477,738,-1791,827
20793,-1601,6838,-2826,400,514,127
20794,-1175,7943,578,-785,-550,1960
20795,4226,-6463,3247,1168,-544,-762
20796,1329,2231,-5745,-1708,1649,-289
20797,-1714,-5812,-7594,-988,292,406
20798,-1949,-1308,-7849,-886,-1932,132
20799,-1533,-3573,4207,283,-418,1674
20800,-742,1273,-2291,618,-1626,70
20801,-3959,6143,-5869,-475,-986,-1949
20802,-5498,-482,2633,-1623,-1954,-1107
20803,3943,-3334,-1245,-1097,1930,-449
20804,7456,-7476,-1651,-1626,1246,-1394
20805,1331,5488,-2952,-105,113,-1279
20806,-794,3955,-3005,-1487,376,-523
20807,7732,5189,7153,-676,545,-1178
20808,7398,-72,447,-1011,-1095,1011
20809,-4865,-1489,1842,-1584,-1875,-72
20810,5574,6834,4242,-749,33,664
20811,-7525,1331,981,243,701,60
20812,-2255,2215,-477,447,-173,-884
20813,2659,-1644,-2260,1964,899,-1701
20814,3833,-6278,-7179,-1524,685,728
20815,7499,-1877,7318,461,-1608,241
20816,706,6033,-2546,-1930,486,897
20817,-7170,228,-987,133,445,352
20818,-4806,-6666,-4340,282,-52,-1109
20819,-2906,635,-7555,220,-261,1474
20820,-3706,2161,-944,-382,-1795,894
20821,6549,-566,317,-1730,1856,-1572
20822,-3362,6270,7687,615,-1890,565
20823,-2852,7989,-3654,517,-162,-1064
20824,2532,7589,-7045,1521,1082,1464
20825,4965,766,1492,-316,-1138,-1142
20826,7388,-4277,-6962,-1513,-1471,-933
20827,4037,7580,-6356,1257,-1454,-268
20828,-1000,3971,-4051,-1618,1740,-1175
20829,-5056,6390,-3932,1692,1536,1764
20830,5082,4680,-3160,1715,-1789,-1899
20831,706,4416,4062,1927,-1155,-1231
20832,293,5720,-5853,-181,-844,193
20833,-2295,-1610,-6601,1859,-1683,1073
20834,1881,-3217,-1343,-113,-1552,-572
20835,974,3491,5916,411,884,-967
20836,-7910,-939,-3366,-1767,1601,-1328
20837,-2215,-4565,2437,-564,635,1974
20838,-317,5259,5118,-1807,-20,-156
20839,-3389,-4541,-4006,-1140,-1657,-12
20840,-2343,-5192,-3153,-1996,-1625,-1
20841,2655,-4253,-7808,-727,685,-220
20842,6316,-360,-3109,-1585,581,-1864
20843,-898,-6289,176,-1131,-754,623
20844,5183,5699,-87,615,-1262,113
20845,-2292,5301,6012,941,1470,680
20846,3382,5189,-4642,1012,-1648,169
20847,-7094,963,1944,-1151,-906,577
20848,7349,-44,3061,-1742,1286,1691
20849,4346,-3835,-6482,-323,1280,-1023
20850,1366,-1686,-7631,1198,485,1489
20851,-7319,2984,7578,1280,1198,1177
20852,-1064,2967,330,698,-1183,597
20853,4000,5202,4685,-441,-371,-167
20854,-4367,7968,-2876,-1849,1563,1926
20855,5501,4864,-1389,1454,1072,385
20856,-3370,-4007,-3886,-1548,53,-1070
20857,3297,-5689,5367,-1791,1068,-1228
20858,4549,5339,-6902,698,-1495,92
20859,6219,1074,4080,-1508,-827,-638
20860,-5552,201,7878,1279,-819,-480
20861,3135,-1877,-1083,-33,-346,-886
20862,-1049,-6804,-1485,575,-810,1209
20863,346,1229,-6077,-458,-1952,-1660
20864,-2415,-6799,3855,1297,-453,-1338
20865,-4419,5171,-663,-638,-736,1305
20866,671,32,5387,-1021,-634,-1748
20867,751,5277,-1597,1452,1722,824
20868,3127,-5358,2671,1151,-744,-551
20869,4524,-6797,3737,-1354,-879,1992
20870,-3677,-4059,-2675,1414,-1876,-1662
20871,-3480,7479,-5289,-1676,1290,-645
20872,-7749,-7715,4601,1827,53,154
20873,-5062,7757,6478,611,975,-1360
20874,1999,-7567,-3377,1229,-564,143
20875,3441,-4500,5646,-1235,819,-802
20876,2009,2040,-3725,1767,-1911,1901
20877,3568,2882,-539,-1560,-587,-708
20878,6490,7790,4792,-670,-1349,-1623
20879,7327,-320,-5283,-700,484,1039
20880,7357,-3770,2424,1702,1574,411
20881,-7991,-7554,223,-876,-789,1650
20882,1961,4818,-4906,1529,-1619,-1430
20883,-4002,4247,-5280,-967,-339,-934
20884,-4267,5005,-7457,-1721,-370,-885
20885,4699,2730,1907,1806,-1949,803
20886,-2686,-3042,-1902,-858,-1188,-1802
20887,-649,7111,1826,-65,1786,-388
20888,-2873,3264,-7930,545,1643,-1335
20889,-5029,-7127,-2930,489,-1965,-559
20890,1046,-3729,4871,702,-273,-1615
20891,7600,6642,80,-591,-1343,1149
20892,-5019,-2076,-3669,-145,-38,-897
20893,415,583,-676,992,650,-868
20894,-2211,970,4781,-1660,-885,-624
20895,1224,-1452,3750,-908,-1327,-300
20896,6546,1515,1538,675,1254,-16
20897,-3513,-7875,7082,1810,1889,-240
20898,-7421,-372,-6437,429,-1181,-229
20899,2257,5547,6451,-941,-1315,-1865
20900,-3131,-1128,-6323,-279,1648,-496
20901,-5187,706,2127,-1521,-957,-1199
20902,-864,6527,-46,369,-1697,-601
20903,-6210,-6522,-3244,-1894,63,625
20904,7421,1006,-2001,1010,-60,1289
20905,-3087,-5613,3741,641,284,-153
20906,1498,-6329,5185,1269,1862,729
20907,3528,-3067,7978,1479,-1426,1071
20908,-1450,2891,-1787,-1603,786,-1709
20909,-5808,2720,1906,-1280,-405,-1981
20910,-1662,-6900,7440,-869,-537,-1883
20911,1385,-1926,7536,429,93,1335
20912,-1650,-876,3063,-1263,286,497
20913,-656,-5845,1640,-169,1869,-1980
20914,-1675,2396,4363,-796,-1751,21
20915,-7579,5163,-6758,-529,104,1333
20916,-3253,-2533,390,962,443,1243
20917,503,7385,2487,-1031,-1727,665
20918,-7156,-791,709,1674,-219,1773
20919,-3434,-6693,2950,1695,-1604,-1761
20920,3100,-5063,-1167,-428,288,624
20921,-2406,1898,6868,-431,-1152,637
20922,7685,-7182,-7865,1640,-1144,-1821
20923,6471,-330,-938,29,-1015,608
20924,516,-4122,-866,737,-880,-333
20925,-604,4761,-298,-1724,-1728,1471
20926,3842,-6487,-6676,1891,-817,958
20927,2754,-3959,-5113,473,-1925,-954
20928,-2728,-1747,-5913,-1683,1817,257
20929,3220,-1039,6865,847,1414,-125
20930,-1610,-2731,-3375,86,-1396,1084
20931,7506,-3483,3476,-678,-1896,-1745
20932,471,7213,4540,244,-1927,216
20933,7492,5068,-7352,1395,501,-1195
20934,1341,-4061,4210,-743,-306,-1804
20935,5876,6115,5787,1966,273,1860
20936,444,1739,-970,1636,1267,-722
20937,-5034,-2951,-6284,1747,-17,1253
20938,-1135,-4148,908,-540,1553,1679
20939,-5961,-4542,-3097,453,-698,-238
20940,4963,-2422,-208,-86,1495,-112
20941,-6383,4272,7977,1489,889,401
20942,-6870,-1424,1851,-1956,-204,1712
20943,3766,-2692,-532,-1271,-819,-1426
20944,-7000,1213,-7804,-1630,-277,1399
20945,2537,-6771,-2219,-328,1255,825
20946,-7138,-634,-6223,790,-1990,1807
20947,7028,-1862,583,-1333,556,394
20948,-3712,-425,-3314,805,1509,-750
20949,-6489,-7755,-6578,146,1480,1555
20950,-6085,7402,5554,-468,1302,1999
20951,1489,4701,-2058,626,-931,-677
20952,-176,1665,-4229,1402,687,-1921
20953,-7058,2469,7062,-1356,-1147,143
20954,-3082,-2865,4331,1247,-1625,-368
20955,5980,-3397,-2994,-1814,1639,-312
20956,-386,7309,5871,-999,-526,758
20957,-5726,5800,-1947,-540,-707,1144
20958,3183,116,5698,889,1280,317
20959,-7263,6438,-5747,-478,-85,1677
20960,4795,2709,157,-362,326,442
20961,3219,-33,-1124,-1021,-1779,190
20962,-7456,5669,7128,-1799,-728,-1114
20963,-4721,2963,1981,1906,1738,-1159
20964,-2739,-6588,1729,288,-612,-445
20965,-1567,1091,-2403,-1921,-345,-1904
20966,-2185,-3108,1034,132,1835,729
20967,-6317,-7527,-7317,-1111,-1102,-1616
20968,-6793,-271,6425,-1471,1759,-1118
20969,2952,3132,7742,1091,242,1583
20970,-1256,-5839,-7149,347,1788,1710
20971,6631,-1060,-7442,1760,1534,1962
20972,6945,-3790,-6755,1218,-828,1463
20973,-639,6050,-3898,-421,1230,-1563
20974,-5278,-1900,22,176,931,-377
20975,-6410,552,-4165,-139,1134,-1936
20976,-3140,-2614,-6124,1100,496,1065
20977,5875,-5881,1461,-1218,-1114,-1037
20978,-3658,6348,7143,218,-1350,417
20979,-4067,7214,-2416,-1527,418,710
20980,-4137,2970,1945,973,997,751
20981,1538,1542,-4603,745,1710,1146
20982,-4174,-2399,-2224,-1284,-1778,-1824
20983,-5642,5336,-3194,155,-1442,-679
20984,7619,6043,-3873,-1695,-811,1781
20985,3203,2158,6342,-1236,895,-1298
20986,-3122,-6860,6846,1672,-903,974
20987,-5635,3456,865,-57,476,-1731
20988,-6511,-852,4848,-790,1568,633
20989,-6549,-6748,660,-1825,-1328,138
20990,6831,-4112,5710,-745,874,-526
20991,2009,-3881,1090,-1896,-1075,833
20992,615,-3277,-1322,463,-526,219
20993,-794,5788,-7467,-897,-646,-1267
20994,2535,-1866,-6491,75,-1934,-1599
20995,934,1696,-1852,363,1006,1567
20996,-5201,-7201,2681,-330,1958,-759
20997,-4175,-4569,7013,-481,408,-399
20998,-519,3178,-4999,-1624,-1571,937
20999,5353,4155,6592,-1034,29,-1904
21000,-7128,6567,-5141,1659,-1855,301
21001,-5923,-2935,7082,-842,1844,-1827
21002,5743,5406,2449,-112,1117,244
21003,6337,7439,6539,580,-1127,780
21004,-6229,2091,4393,548,-1288,-1182
21005,-1249,7207,-5762,1587,-88,484
21006,5818,-6118,4514,588,871,-979
21007,6068,7020,-6838,-1556,1203,712
21008,1980,126,-7013,707,-1891,274
21009,-5496,-80,7156,849,971,980
21010,-136,1558,-6679,552,1214,921
21011,7299,-2354,-3662,567,-1039,-1027
21012,-689,4987,1371,547,-1473,-343
21013,-3394,1536,1950,-1484,-452,-1464
21014,-6982,-3945,-1553,1025,-495,1102
21015,-6031,-582,1267,1737,-609,-832
21016,-7893,3891,-3040,-1054,1507,-471
21017,1150,2465,-1346,-1629,-1797,720
21018,5833,2908,-7751,883,-954,-1642
21019,-2917,-4963,1447,-219,-816,-290
21020,-2650,6023,-2012,-1919,1547,-1737
21021,2107,-2440,6883,1088,-370,1108
21022,6938,-3089,-6297,-1265,925,-1966
21023,165,-5724,-2685,1850,-1189,-1447
21024,-3411,7428,-2536,604,1552,-780
21025,-3550,3505,-6721,-1081,1331,-1084
21026,-760,-5373,-1329,669,-625,906
21027,7035,2753,5684,806,12,1096
21028,-4561,-6309,1145,738,-723,1542
21029,-2066,-750,-1228,-584,-1701,-810
21030,-4723,2859,-155,1007,-48,1633
21031,3141,-3724,5917,-1869,-1714,85
21032,7418,7364,1932,-647,-1472,-1070
21033,39,4704,-4287,-1474,-1201,-1904
21034,-5435,-921,-7742,1505,858,-879
21035,7685,1036,3179,-144,-1920,444
21036,-6329,-3069,-1637,852,-333,1618
21037,7072,6228,1283,-816,1263,1504
21038,7848,4272,-3714,-647,880,-1445
21039,-6716,-4861,5456,984,-1858,-1235
21040,-6971,-2523,-3592,711,-877,-103
21041,-3974,-898,2321,-190,-78,1125
21042,-6069,-2718,3671,-637,-1320,490
21043,7119,-614,6983,-1437,1854,45
21044,6054,-1498,2531,-256,577,0
21045,1010,-6076,-1702,-1434,478,-308
21046,1696,261,4415,-1146,1780,1923
21047,-1038,2566,1040,972,-1911,-255
21048,5588,1797,2185,1689,-933,-1002
21049,7107,189,3559,-269,-1843,145
21050,-6628,-4842,6562,-1538,1953,-1243
21051,2238,2355,3003,1045,-728,1437
21052,3725,-6983,6378,-114,327,-372
21053,-3883,-7484,5918,1160,-871,714
21054,-6681,4531,5391,-636,485,509
21055,-6895,2006,-7592,104,1701,-1314
21056,5666,-5300,-2489,295,789,-1133
21057,1844,6153,-6163,-1535,-1601,-1170
21058,-2458,-7307,327,-1595,-597,-229
21059,-4894,1069,3710,-1614,-1281,-881
21060,6666,-597,-580,1696,456,-723
21061,-1631,6867,-6384,-1178,680,1387
21062,735,-256,-7690,-1672,-158,201
21063,242,-4906,-4111,1652,1807,-534
21064,-6476,7376,-5954,996,-937,-589
21065,-5128,3591,6222,818,-72,485
21066,-1430,-3198,5106,1289,3,1384
21067,6657,-2267,6283,1521,-567,1675
21068,1236,895,510,-205,987,1155
21069,-7909,-5693,-3575,-412,680,-1505
21070,-5416,-5677,-3445,-771,208,101
21071,-4366,-5737,6372,1520,322,-422
21072,-882,6259,-6608,-1063,1775,1869
21073,-2218,7294,-1539,67,398,-1960
21074,-4796,2717,-1849,1685,641,-902
21075,-4980,-1002,-5325,622,1742,1497
21076,-5353,1575,-2124,-1393,-285,1235
21077,-6143,-4610,6413,1419,789,-1677
21078,-2148,7283,-2744,1793,-86,-1026
21079,-4892,2966,788,-1090,348,1085
21080,542,7054,2067,312,-264,98
21081,2648,-3279,7370,1013,-1262,1031
21082,3975,4627,1665,491,-1875,-836
21083,-1432,-4322,-263,-1342,-1754,-215
21084,-7199,-4251,-2918,487,604,1904
21085,-5391,-6078,2426,-1310,1549,256
21086,-7698,-932,4866,396,1079,1438
21087,-1259,4314,-7668,-1154,278,1706
21088,-3242,-6775,5978,1192,-1387,-462
21089,-90,-5174,3128,318,-1969,830
21090,3578,-3792,-4580,110,-1740,-1007
21091,5723,-479,-2973,-624,-19,-1300
21092,-1349,2269,5194,-320,-660,91
21093,3573,-3839,5946,-1527,1976,-1562
21094,-5762,3086,2485,286,-1922,1426
21095,7024,-2798,6357,-1899,1909,-1448
21096,-5920,2440,-1131,1918,-1774,-1420
21097,2318,5527,6256,-428,-455,1132
21098,645,473,-7931,-1836,-1887,64
21099,-3890,-7264,5698,-402,737,-1280
21100,-5306,4286,-6385,-1429,-894,-1812
21101,1909,-1307,-575,-1230,573,794
21102,-655,4214,-78,-1333,-636,1841
21103,4062,7477,-1253,839,-133,110
21104,194,744,3839,-35,-305,1977
21105,5043,6904,7813,561,-465,-1675
21106,6445,7505,220,1012,-1519,-700
21107,-3553,5096,-3227,-1243,790,1084
21108,474,223,1319,1858,1846,-1023
21109,-5984,2942,-6105,1715,36,1068
21110,6459,3129,90,-1500,207,773
21111,-2167,6970,-1148,258,-514,-1483
21112,-4346,1448,4502,-617,-123,1394
21113,-5033,-7754,-3311,1759,1986,22
21114,-1158,281,-3198,-1034,-1913,-1221
21115,5284,4403,-7922,95,-1319,-528
21116,-4411,-2040,-7920,306,-1128,-1008
21117,1950,-2568,6517,1800,754,652
21118,2062,-5440,5341,-1019,1234,-922
21119,-7734,-145,59,1395,-1028,-556
21120,-2421,-3321,-4864,453,943,-647
21121,-2763,1208,4316,1782,728,-1698
21122,3242,6779,5602,-4,-1218,1451
21123,7195,-5508,-5410,83,-48,1359
21124,-3042,4896,-4467,-425,126,716
21125,4152,-944,740,-18,-1806,-473
21126,6519,6367,-6508,-936,1769,1962
21127,7795,159,-3456,976,-259,1957
21128,-5056,-5673,5517,270,835,-1090
21129,-5441,-5685,-7397,-1414,-937,-1060
21130,229,-6266,-4042,25,720,1609
21131,563,2603,7299,-694,1501,545
21132,-6867,-756,7397,-1404,-1221,-602
21133,3951,6401,-6734,-1089,284,-265
21134,7687,406,1622,-465,1115,-1083
21135,3925,1463,-122,-698,677,-1108
21136,-3070,-1194,5835,167,845,630
21137,-4288,893,-7607,-998,-1275,1122
21138,-6956,-5073,-6315,355,486,-1713
21139,6637,7854,280,1753,-1693,1546
21140,4167,-7002,-147,295,325,1549
21141,-7674,-4144,3250,-1634,608,-1049
21142,3723,6101,-614,-1746,-1990,730
21143,6064,1954,7581,-997,1281,-626
21144,-5037,485,4145,-1962,-1558,-848
21145,7443,-4341,-6646,-1063,-1229,256
21146,-205,7267,-3738,-1988,1783,-945
21147,7880,-6086,5923,-1214,-1102,1314
21148,4965,-3927,4596,915,-173,1863
21149,-3255,409,-4290,-1456,-1146,-1778
21150,-616,188,6493,1599,783,1042
21151,6646,-5091,580,-1574,1091,1252
21152,-2942,-4123,-7456,-744,818,806
21153,-6637,-4727,-3790,-3,1193,1073
21154,3152,7356,-5295,138,-1587,1315
21155,281,499,1281,-843,-1855,1625
21156,-1039,1191,6622,451,1109,-1511
21157,2900,-6388,-3773,1125,1069,652
21158,-7413,-224,221,783,-1733,1748
21159,7798,1865,6017,1128,1597,1030
21160,-7542,5795,-3636,363,-1864,-917
21161,5403,-1825,-4833,-736,1110,167
21162,4009,7041,1143,-1192,1140,1356
21163,-645,1381,138,-1209,-101,1525
21164,3010,3105,-5694,1163,972,108
21165,132,4927,-7142,404,-561,1727
21166,-6079,-6227,-1035,1312,-428,-1653
21167,6817,2405,-2116,-698,306,-388
21168,-7264,-7463,-2421,-1571,942,1305
21169,3747,5095,2434,-1956,1473,413
21170,4782,-398,7929,798,-851,-1487
21171,6929,-1670,-1243,-1943,-311,228
21172,-4120,3337,3170,1271,-771,180
21173,-665,-2604,-7982,-643,1390,841
21174,5363,2261,-838,1481,-1742,-907
21175,-2328,1959,-3768,-374,-890,-1813
21176,4068,1534,6679,362,158,1462
21177,-5073,-566,69,1183,1171,726
21178,5727,1145,7463,-1652,-1362,1575
21179,-6760,3705,5182,-1564,-1176,1941
21180,3842,-6528,-1359,-1477,1472,-1401
21181,-3249,5099,-2664,-166,55,1711
21182,1436,-986,7885,-1405,796,-168
21183,-6726,1603,6645,1793,331,332
21184,-4641,-405,-6357,712,-1641,1552
21185,4825,-6002,2182,-884,-523,405
21186,1110,-711,4078,-1467,1834,-1665
21187,6898,4258,7060,-1751,-1140,-504
21188,6910,795,4073,1437,665,-1546
21189,-343,3170,5799,-1772,-43,-1004
21190,-2259,-3210,-952,1608,-603,927
21191,-7609,7976,925,-868,-1168,1890
21192,3649,1373,506,933,-476,-398
21193,-1468,6801,785,412,1458,518
21194,3366,-2750,-5369,-1685,660,1291
21195,7999,-4935,-4616,993,-1160,-367
21196,-681,-2428,-2286,-159,720,-1288
21197,-4145,-390,-6839,853,1666,1754
21198,-6053,3289,4573,-1986,169,-1320
21199,3220,6068,-2427,1525,1410,-189
21200,-7564,974,740,-1813,-1629,1528
21201,-5819,208,7622,-655,979,-758
21202,-1578,-858,1968,-673,931,1669
21203,6059,3773,2780,-1389,-653,-1649
21204,2097,-1082,-4236,-625,1284,-756
21205,-4177,1124,-3922,-384,-533,147
21206,5412,-3877,2943,-820,332,1066
21207,4693,5475,-4300,-267,1199,536
21208,7248,3996,-6990,678,-1185,-81
21209,-2896,-2887,-4485,1027,-1515,-875
21210,-705,4991,-6835,-1073,-1735,555
21211,3934,-2107,-5723,1626,1284,-1259
21212,-5556,4875,-1894,1106,-1705,-730
21213,93,840,-7767,-419,-602,-1317
21214,-7237,-3647,3933,-567,-1605,716
21215,947,1038,-3181,1689,1611,-78
21216,2011,2790,-2487,-5,-764,1065
21217,-6217,7624,-4650,1547,-728,857
21218,-5873,2338,2385,-1234,-1250,-1025
21219,-1984,52,5262,1940,-1531,142
21220,-3994,-4719,6684,1582,-123,-840
21221,3248,-7725,-1861,1370,-1948,1039
21222,958,66,-1197,804,1372,-1779
21223,-1148,3494,5657,-185,103,598
21224,2335,591,1607,-449,1782,92
21225,-7385,-261,6774,995,549,-667
21226,4931,-7395,2865,-184,1184,1325
21227,-6798,-1564,-3165,718,1201,1422
21228,-316,393,-912,-1976,1221,-1199
21229,6140,-3815,3960,1447,-28,-1567
21230,-6469,-39,-5236,1390,1302,-948
21231,5075,7523,-6301,680,-545,-716
21232,-4893,-4509,4725,970,1137,1397
21233,7716,-3872,-2001,629,1115,1448
21234,6653,5925,6097,880,-1788,-630
21235,6306,979,-2442,133,-936,-1653
21236,-7786,-6729,-7739,1415,610,312
21237,-2379,1993,-42,-551,-1116,216
21238,1320,-1218,2746,-1325,808,957
21239,2701,-7992,977,870,1864,-1054
21240,5880,-4829,852,373,792,1459
21241,-5474,-5476,6329,-1935,1308,912
21242,-3680,-658,-6530,-669,-484,36
21243,4134,1598,-5117,1744,455,-753
21244,-539,4472,-5308,-1401,-536,-480
21245,6140,-477,7577,-383,-1124,1198
21246,-3971,-3403,-5395,-1586,1037,1811
21247,2980,-5498,358,-1777,-842,927
21248,3688,181,-776,-177,-152,-893
21249,-1184,4664,-1245,-1881,-1242,-783
21250,7001,-7411,-3333,-1051,1474,-1861
21251,516,-7671,234,-101,1051,462
21252,6557,-1447,3198,923,-440,1645
21253,3277,-4478,4415,1255,1056,1908
21254,3870,5983,446,1469,-637,-1662
21255,-4591,3511,-480,-1039,-560,780
21256,1710,7983,-4493,-1242,896,1166
21257,-5103,6146,-768,-936,-1088,-1461
21258,-3287,-2426,-2591,-1711,1175,272
21259,-2151,5786,7453,856,1648,-1896
21260,7867,-898,-2451,1163,-866,655
21261,2173,2791,-5661,-1642,79,-973
21262,783,6073,3799,-402,-688,-489
21263,-5045,-5926,-1805,481,-1071,-1654
21264,4363,-1112,4575,1803,-1255,218
21265,-5285,4641,258,1744,-1542,-1185
21266,-2867,-2628,-7438,-1422,759,-526
21267,-4282,-1736,-4738,-505,-46,-1629
21268,5323,-5892,5750,-931,-997,946
21269,-7846,-4294,4007,1371,-412,187
21270,-3480,3422,-7967,-101,-708,-253
21271,-7375,4113,2738,-695,-1503,172
21272,3300,-7847,1343,-413,-1999,687
21273,-2183,6096,-3510,-975,-1959,1963
21274,-7161,4472,4613,305,-1963,268
21275,-704,829,-5239,1019,-224,462
21276,-1747,1796,-2035,1408,-624,-651
21277,1322,-7363,6316,420,-988,971
21278,2141,5433,-4563,632,1241,-740
21279,6786,-6393,-414,685,-130,-272
21280,5159,1835,-4155,-229,69,-1957
21281,674,4022,6674,757,425,814
21282,4277,6937,1598,92,-725,127
21283,3731,3596,819,-509,-198,1456
21284,5689,7555,-6511,145,904,-741
21285,-7676,3923,4460,1270,1974,333
21286,-7779,-5442,7092,-140,1387,321
21287,4382,2429,-1332,-1671,-321,340
21288,3827,-1950,-3492,1677,-694,1502
21289,-985,-6958,-5113,1293,-1690,1482
21290,5906,1414,7942,1030,1270,-973
21291,1014,7382,-6661,1634,-516,-1244
21292,4573,-5740,-6011,-1245,-364,-383
21293,-7966,-709,-7674,-538,-386,1670
21294,2573,-7151,5468,-512,1346,-83
21295,571,-7101,985,-957,-338,-891
21296,-6996,-4276,-5329,-617,-1415,246
21297,-6025,-5411,3178,1429,-749,1398
21298,5797,-5348,-6116,-619,1214,355
21299,5237,3403,-4672,-319,647,1007
21300,6109,-545,2084,102,312,960
21301,-1619,17,714,1409,219,71
21302,-3694,7764,454,-403,-1397,-1413
21303,-2460,4785,-7085,-684,-878,757
21304,-1596,-6818,3515,1817,-1911,-1091
21305,4799,7924,-343,1324,-385,495
21306,3525,-254,7110,-177,1234,680
21307,-6011,-2082,2733,1528,-590,-1639
21308,214,5458,-262,1321,121,-85
21309,686,4474,4200,240,-1231,-1797
21310,-5072,-4828,354,1029,-1801,-772
21311,-955,1174,2092,-1094,-1673,419
21312,3618,-1903,2346,1912,-906,875
21313,-2780,7260,-740,-639,-1161,1810
21314,6323,2279,4281,14,-1540,1012
21315,6552,4430,-3610,539,1599,1335
21316,4090,-6991,-5819,-626,-998,1937
21317,-7231,7643,-1477,1393,1393,-168
21318,7716,-641,-4436,-80,-353,-959
21319,-6845,775,-1634,-1325,-903,157
21320,-4995,-5380,-6228,-1362,1808,-358
21321,4739,-6540,1981,617,-1239,1746
21322,1684,4379,6016,965,1631,-1834
21323,5358,5549,120,132,-878,-1351
21324,6847,-1271,2621,-1406,393,253
21325,5077,5318,-3719,-570,-1955,-1389
21326,333,4683,3049,1354,-798,205
21327,-5114,2176,3110,-204,-273,-1635
21328,-5475,-5243,-539,-894,-625,-1606
21329,1325,5804,-5995,517,-1475,-758
21330,-5184,5172,6045,-733,1395,1806
21331,-7553,3600,-7761,289,-1881,679
21332,-1351,-4069,-6359,1393,-375,779
21333,2905,-6311,234,-716,1636,1407
21334,4658,5121,-3581,-1873,41,-1058
21335,-7943,6058,-7513,1660,-1073,1523
21336,-7809,-6683,-6964,-1324,954,-1785
21337,6340,7946,-2515,237,534,1338
21338,-3299,-962,-3156,-1168,855,998
21339,2906,-1693,6889,1571,653,-1499
21340,2108,1263,-4871,1420,778,-1913
21341,-320,4764,-5752,1353,1850,1605
21342,5069,1719,6498,1878,-1802,1872
21343,-5165,-7217,4145,-1753,-1793,-772
21344,7217,171,-6268,-788,-1415,-743
21345,2513,-5766,-6558,826,1872,-1492
21346,5304,4805,-6555,1013,966,1693
21347,4468,6259,6337,1630,-1657,1085
21348,6327,-6578,-955,1556,1722,-270
21349,-7111,-2980,4902,1960,1146,1267
21350,87,5343,-4238,1391,-9,1538
21351,4987,-2383,-294,626,-1966,1366
21352,2526,6352,-522,1708,-787,1425
21353,66,5149,-5524,-1685,422,-1433
21354,-3243,-4964,-2767,-1301,-1649,872
21355,-3865,5266,6413,1532,1997,-54
21356,6016,-2031,3958,-1640,-886,299
21357,-5230,-5381,-6896,1226,1257,1742
21358,848,1639,5626,1808,14,807
21359,1826,-955,2069,413,917,1782
21360,4282,-4264,934,-525,-172,588
21361,2159,-6224,1549,-1780,-1625,758
21362,2385,1978,-1028,-1416,-1296,52
21363,-1736,7826,-63,277,1181,-52
21364,4741,-4226,1966,-1314,512,817
21365,2721,-4343,-7692,-1820,-1037,489
21366,7812,-5574,-797,157,1425,1820
21367,7415,4794,5801,1921,-763,1520
21368,-457,590,-2590,-213,-1571,-1504
21369,5268,-2243,1743,729,709,524
21370,835,4578,-4721,-1644,-497,63
21371,-3498,76,-2329,627,-1629,937
21372,-7707,-5879,-1345,985,-1627,1482
21373,74,4766,-6333,-1511,1561,-124
21374,587,7052,2396,-1407,-1274,-1161
21375,-6090,-5759,3163,1660,-1908,722
21376,-2883,-5938,718,-928,-1702,1499
21377,-7502,-5332,-21,455,-1946,1289
21378,4289,-3661,1759,420,1078,-1920
21379,-5393,471,7253,-1483,-1419,-457
21380,6791,2983,2847,-481,-61,1556
21381,-5378,1841,2902,-1547,-1785,-1085
21382,-2016,5992,3075,1646,831,1524
21383,-7581,-5544,5385,-1247,-1347,1300
21384,-2145,-3433,6238,-1247,104,-1869
21385,-499,6757,-1664,1316,-532,-1236
21386,5609,7935,6865,469,-1668,1703
21387,5925,6306,3182,555,944,641
21388,2360,6059,-6851,-1224,-67,-1893
21389,-462,4340,5873,-842,-1917,-1140
21390,-7004,-2349,4926,223,-611,-1264
21391,-7019,2907,2475,-954,-41,-250
21392,-5047,-5596,-4431,-1260,-1688,-349
21393,-5855,-3905,286,-461,-244,-646
21394,5399,-1349,3005,-1956,-1957,-445
21395,-1,-1611,2290,-1115,-1546,-107
21396,-4575,-2076,-513,-681,208,-1688
21397,-2793,1149,4647,622,894,1784
21398,1441,6348,4916,-1118,544,712
21399,6186,-5920,-6297,-1212,-765,1961
21400,-3609,-5607,-327,1034,582,-576
21401,2650,-4713,-4930,-1441,-1445,-746
21402,-1434,-7434,2669,1088,1693,1893
21403,-2160,927,-360,272,-200,824
21404,-7138,2245,-1772,602,-1996,540
21405,-3865,-3019,1734,-1804,1598,-848
21406,-7721,5986,7956,79,1425,1781
21407,3137,-638,-4935,851,-412,1644
21408,-3125,1397,-7209,1763,814,-510
21409,-1852,602,7189,-1210,-102,578
21410,-622,5875,-2733,-620,570,1827
21411,-187,-1707,3973,1725,198,390
21412,2454,512,1831,-1841,-1180,1938
21413,2363,6003,-3152,-1197,49,-1964
21414,-237,7662,-3161,-100,902,-692
21415,-6227,686,-5383,-46,1932,-894
21416,3753,297,5266,981,1770,-374
21417,4816,1581,-5247,340,-273,-1937
21418,7416,-1031,-6901,-1261,20,996
21419,-3021,7193,2339,1842,-943,-491
21420,3897,1319,4717,84,364,152
21421,2787,6509,-1177,-657,-352,488
21422,456,-3748,1875,-58,-1669,74
21423,5195,-1150,-3036,-1227,910,-1957
21424,4524,-3105,5548,-1405,1065,-1306
21425,-1755,3981,5768,-605,1655,-535
21426,4788,3800,-6024,-939,-1789,428
21427,3409,-3211,-4534,1409,1895,-597
21428,5199,7887,-1527,953,-233,695
21429,-4763,2212,4637,-1323,1843,629
21430,-1238,354,-1430,597,-1221,349
21431,-5994,-191,783,199,921,1670
21432,-7024,1670,4910,-1366,-360,-515
21433,-4386,-2972,-5531,1408,1856,-58
21434,7080,4307,6655,-1777,1259,1173
21435,2665,75,-3786,-669,-386,1118
21436,-1236,2258,-6662,953,-1762,1721
21437,2868,94,-2188,1990,-475,549
21438,3410,-102,-6984,-248,-762,-809
21439,2156,-1862,7809,-1480,-1625,-1799
21440,2531,-6364,-1113,-448,633,-64
21441,530,3335,2589,-1268,-1907,2
21442,-2031,-7963,-4708,-1509,1597,92
21443,-4775,3033,209,-279,-832,-1440
21444,3197,-4450,5078,-422,-1359,1454
21445,2942,-7114,933,1722,1790,888
21446,-5471,-989,-640,236,19,175
21447,-4739,2465,-1737,-1419,1156,799
21448,-341,5945,4882,-860,-598,1130
21449,6152,-7557,5726,-697,657,767
21450,5042,6749,1629,-1338,-1306,818
21451,4382,-7060,4570,-396,-727,1576
21452,-7189,-470,-2728,1997,383,-271
21453,3220,5487,-7981,1708,-230,-1712
21454,-954,-2436,1821,757,1297,-676
21455,5343,-7231,-2842,1141,-1783,-1673
21456,-1257,4202,-5441,-447,341,304
21457,-7839,5418,-5091,506,1049,-267
21458,-946,-4396,-561,-789,-286,681
21459,5486,-4883,-2263,-71,-649,-1094
21460,-252,-1375,2586,525,1393,968
21461,703,3587,5412,1869,-966,-718
21462,7702,7795,1253,-981,692,-901
21463,3860,-6763,1342,1525,428,352
21464,4468,900,6973,1942,-1776,798
21465,-2449,-3810,-6336,-129,556,1050
21466,1202,-7905,6494,74,930,1344
21467,-6210,3866,4226,-1150,-1146,-1788
21468,-331,-2035,-6129,-1009,-822,656
21469,575,-4978,1020,1475,566,1580
21470,7277,2223,2413,1415,1827,-658
21471,-306,-4496,-5725,580,-657,292
21472,-6396,-3218,-2227,125,1107,-759
21473,927,3603,1264,208,1428,256
21474,4111,-5801,5663,770,-437,1198
21475,1983,1156,5687,-910,977,-1325
21476,2754,1141,5690,1417,380,-441
21477,-1272,6198,4938,1290,-838,-141
21478,-4435,2498,5404,-142,-682,-507
21479,-6089,-207,3450,-1394,-1898,822
21480,-2193,3675,923,412,-1901,93
21481,-948,5430,680,340,-1256,186
21482,-3942,6549,93,593,-1889,-745
21483,5523,4964,7507,-1225,-1083,1185
21484,-4391,-5971,-42,658,432,1155
21485,5376,995,6465,1522,-384,-980
21486,1198,1982,2950,390,-576,-1510
21487,-7037,5112,7141,1694,805,-915
21488,6565,931,-611,-283,954,-808
21489,4647,-178,4084,1847,-295,-1795
21490,2023,-7906,227,-836,1884,660
21491,-1598,-2851,-5918,-927,-1010,-1773
21492,4366,-4749,-4387,-1140,1867,-175
21493,2398,-3943,-4433,-110,-1298,-584
21494,-3764,-680,4656,-1412,388,590
21495,6310,1795,-5927,241,110,-316
21496,3548,-146,-3045,-678,446,-1142
21497,-2808,2957,5298,1087,-1860,1412
21498,-2886,3962,4803,-1783,-218,1485
21499,-7430,304,-7584,-571,216,641
21500,7416,6451,3800,347,-1362,1453
21501,-6604,-7655,-5935,-896,1809,1929
21502,6668,-561,4295,925,-290,-344
21503,6860,-6346,537,1007,1397,1949
21504,4862,7369,-6125,1036,-887,902
21505,-6953,-149,388,-1363,-389,1520
21506,5250,-4586,361,1674,1049,1067
21507,2891,-3363,-6172,-841,-11,687
21508,7685,7461,2921,-369,-1859,-428
21509,-6365,3827,-2634,-891,111,-1663
21510,-1393,-348,-697,1488,-1123,-707
21511,-391,-4450,4188,-955,-1270,-1609
21512,1471,-3906,-1891,-751,392,1018
21513,3204,-4696,62,-1271,1191,-1091
21514,-7181,4046,-4798,-1455,1330,106
21515,2504,6699,4076,1358,1946,1718
21516,3611,-7641,-993,-1140,-430,-1573
21517,2088,-4464,-4395,-499,22,-1543
21518,-5608,-3004,927,689,167,554
21519,-2239,-2175,-4825,1613,645,-1314
21520,-1534,2743,-415,-1400,-1877,-1916
21521,-7454,-1055,-6444,972,-1562,-862
21522,1202,1969,-7233,237,-826,235
21523,1532,123,-1205,-680,1770,215
21524,7594,3448,-5210,-36,-375,771
21525,-1076,3591,2194,-1664,-947,-774
21526,-4601,-7728,4982,-1048,1002,-425
21527,3158,-4255,7866,511,1224,-1193
21528,6931,1896,-4348,-469,-1015,1266
21529,-2232,5828,1088,-1398,-331,-244
21530,-7591,4032,7853,-1032,-827,-1863
21531,1820,-289,281,688,1512,462
21532,-4653,-5900,592,1019,-790,-804
21533,-5020,-5802,1597,1502,1563,-1020
21534,-5250,7801,-7950,1538,11,-63
21535,1904,-7014,6601,686,-138,1009
21536,-3146,-7824,-3491,-126,-633,340
21537,-201,-6792,-583,625,1291,1149
21538,-7519,-2237,5769,-486,1896,994
21539,7290,6963,3584,-680,-713,-1769
21540,721,5855,5911,-769,-1018,1697
21541,-4900,-5363,-526,1168,-1704,1741
21542,2908,1293,-2276,17,-1057,-928
21543,7699,2794,-5978,1319,87,-1811
21544,-3008,-522,6248,1273,537,-1912
21545,-584,-2128,-1480,653,-1145,-13
21546,1779,-7608,3404,1471,-1461,196
21547,7531,-440,6174,1183,-60,-690
21548,2168,-1000,-3217,-1933,-993,11
21549,4719,-6733,209,1774,883,1549
21550,7291,7918,-2905,1086,-635,-1805
21551,-1777,-3178,-633,1490,317,1910
21552,-7585,4498,-7933,758,-1030,918
21553,-4870,2456,-1772,440,-1982,-530
21554,6255,2047,-7365,1767,-1320,1703
21555,-3259,-7840,4842,-331,-1582,726
21556,2079,1397,7439,183,-335,-936
21557,5942,-1694,4767,-355,-1737,-623
21558,-4632,7806,4001,522,23,1948
21559,-5911,-1721,6068,643,557,-1194
21560,-7842,-941,-2532,1938,-220,1233
21561,-3721,6060,2096,893,526,1386
21562,-6854,6639,4823,-782,-1807,-772
21563,4907,1229,3078,-484,-1845,69
21564,-1939,2468,1738,-342,-1039,714
21565,-7133,2384,-6179,-295,-1725,-1703
21566,-5437,-3736,-6738,1840,-1478,1342
21567,74,-6383,2256,571,1027,1896
21568,-5663,-702,1093,-247,-1761,1777
21569,1126,-1850,-2557,592,1557,-1194
21570,109,-5921,5372,1034,-1218,-880
21571,-2608,4640,4898,858,-1197,958
21572,-7190,7849,-439,-205,370,-757
21573,3308,2762,4969,1126,-1949,1727
21574,7851,-4721,-5305,-864,-1374,1897
21575,3640,-4925,6139,-569,-1820,-1693
21576,6055,-5600,4832,700,1946,1841
21577,-4992,7341,-6404,1212,-216,-1607
21578,1447,843,-1051,-1346,-545,1672
21579,1962,6438,5660,1714,1757,1686
21580,-3478,4868,-4114,-1524,1429,1285
21581,-5195,-6406,-2391,537,1554,-1245
21582,-5062,-3143,-6298,-193,-1297,-503
21583,-1679,-7267,-1930,-1345,-1147,-606
21584,-674,4786,7266,589,157,-210
21585,-5315,-5648,1029,1096,215,1631
21586,2393,-2508,-6166,1502,-1562,103
21587,-5303,350,639,1242,-711,-1678
21588,-5792,-6442,-7826,1152,-445,-715
21589,2747,-7206,4842,768,1461,1188
21590,7716,3947,-1018,1522,1630,639
21591,-5726,846,3027,712,-242,1961
21592,4782,-640,-1030,1849,608,1789
21593,-1340,6764,-6004,-1342,441,-1175
21594,2945,-4510,2645,952,-726,-890
21595,2897,627,-282,298,-711,1496
21596,-2667,-2871,-5385,-33,-825,1709
21597,-1311,1710,-2903,333,1020,-1876
21598,-2372,-306,-4136,-1362,809,-1047
21599,-7797,-6132,4442,322,12,172
21600,5824,4054,-5004,-320,244,-1746
21601,759,-5822,2796,-1413,1586,241
21602,-7482,-3202,-3224,1507,604,904
21603,826,-2545,-3827,1628,1164,190
21604,2167,4394,-3151,-942,101,-1833
21605,-5272,-6986,7344,-742,411,15
21606,2934,7068,5904,-1543,1913,-337
21607,-2171,-3069,-6612,599,-1241,-1474
21608,-6159,5069,2883,1992,1241,892
21609,-2134,-1287,-4231,1445,-221,1578
21610,-6031,6223,-327,-674,-1294,-1301
21611,-5463,-7858,162,-1352,-1779,1397
21612,1400,-293,7025,-1606,1568,1919
21613,-6526,1357,3558,-459,1623,-1597
21614,-7897,3885,6651,-1236,-1347,-435
21615,-3470,-4262,-2931,1573,340,-1696
21616,6826,-4573,5747,-1146,1085,193
21617,738,-3632,-1259,1076,-574,-1581
21618,3598,-3682,-5088,-397,-841,273
21619,-5362,-6031,7643,656,1963,-455
21620,7900,-3227,5985,607,-692,533
21621,4057,-3773,-4833,-469,-157,101
21622,-5260,-679,505,-1246,592,1192
21623,347,-5940,1855,484,-1442,1897
21624,-2963,-3751,6220,1984,-567,303
21625,5855,-7047,2153,-1505,-904,-1474
21626,6652,1769,-6796,-1067,349,898
21627,-7089,-4487,-1981,1752,26,1286
21628,-4784,-552,5359,-809,-1448,-754
21629,-2922,5250,-301,1555,1116,-1814
21630,-1196,5157,1920,320,795,-577
21631,7271,3459,5732,-738,1768,-435
21632,-830,4414,3992,304,-767,-1720
21633,-5969,-6306,-6422,1524,569,1392
21634,-539,-3128,-4530,-1561,594,1160
21635,-2616,7878,1310,-1688,-1877,352
21636,-1672,6751,394,-1610,873,1276
21637,-1485,2067,1024,-1460,1056,-489
21638,-213,-4136,1318,-1465,116,-1997
21639,7260,135,-5295,-1536,-254,1354
21640,-478,-839,-5937,-110,-975,1191
21641,-7698,-3936,-5390,-1192,-1846,-453
21642,2688,4999,-6769,1232,421,-1965
21643,5913,5984,2467,-1643,-1853,880
21644,-5708,4611,2135,-957,1668,1932
21645,4018,-3523,-6221,1355,1757,-1469
21646,3548,2438,-4924,-580,326,-1100
21647,6925,-7465,-1347,-746,-1022,1717
21648,-6740,-4267,-7807,626,-12,604
21649,4962,-6134,1744,1981,-1752,-997
21650,4473,7678,4925,-1287,-220,-1659
21651,7264,1130,4487,-1057,-790,-524
21652,2664,-7095,-287,-1054,-1431,-822
21653,1625,-1264,-578,-1866,-1951,-1677
21654,7642,-6878,-6271,-1092,-480,-1822
21655,-884,-6621,-5878,-321,-489,-1450
21656,-2213,-140,30,-1379,-1646,421
21657,7739,5928,-6207,-920,-1048,1308
21658,3561,5610,781,-1755,-1233,211
21659,-544,-2956,6873,1668,1975,-1484
21660,110,6727,1304,1393,621,486
21661,-3228,-1471,-1415,-443,-1356,-232
21662,4859,321,-286,164,-116,53
21663,-3412,-3095,-1206,621,1043,-193
21664,-3110,2626,2983,893,814,-1514
21665,163,-4797,-2952,-903,-568,788
21666,1613,-4996,-5628,675,-1926,691
21667,-7473,7029,-5800,210,-319,1692
21668,-2362,5878,5685,614,-900,1250
21669,1022,-4866,7295,878,626,1148
21670,-4902,5625,2944,-1733,1285,355
21671,-6051,2622,-5482,320,429,1997
21672,5983,223,5704,1598,-1025,-749
21673,-5712,4088,-83,-673,747,-198
21674,-1891,3748,-5199,-665,-615,-1301
21675,-4856,-1776,6920,582,-101,-1909
21676,-2678,-4128,6044,-305,1114,516
21677,748,2242,4778,-552,1513,-1101
21678,-5617,-6281,6590,-1779,-46,1245
21679,-2674,902,2285,-1802,-1335,1430
21680,-654,-7297,-6648,-330,5,1876
21681,-4575,-7494,-3507,1934,1179,426
21682,6739,3433,-4291,1850,-1794,1165
21683,-1215,-7345,-6378,1706,-1694,-1698
21684,-3018,-4627,4458,1353,1146,873
21685,2267,2552,3264,-916,-185,1209
21686,-2972,-258,1197,702,1200,705
21687,-7423,-3381,2143,-1506,954,-1869
21688,1233,-230,-3541,-1310,-214,-275
21689,-1866,3513,-5965,571,-669,-1655
21690,91,7775,-2379,-647,1868,214
21691,-3193,-1612,3602,-901,1190,635
21692,7353,5054,1308,-745,-1743,-230
21693,-498,-6526,-5234,-644,858,-347
21694,-5039,3119,-6741,-1561,436,-1054
21695,4918,6020,-3222,795,1641,275
21696,-706,3970,7691,-1235,1178,1360
21697,-7973,3381,-7080,-1705,1470,1556
21698,-4462,6509,-6929,-1292,1564,1451
21699,4504,-45,-4809,-1655,-789,-359
21700,881,4862,-915,-1605,-1579,1876
21701,5543,2044,5524,138,-782,1644
21702,1288,3214,-5748,-1747,451,1147
21703,-2634,-502,4815,-375,-600,-411
21704,2872,-3922,21,-1041,-41,-84
21705,-7366,-6260,-755,406,1826,-135
21706,-3147,5893,-3952,-447,-1445,-1712
21707,2028,-698,-548,780,-103,-1655
21708,-5011,-7970,-2963,1281,1454,-950
21709,-6586,749,556,310,1509,-84
21710,4271,-1161,2711,-1308,-505,1996
21711,4653,3491,-6707,1484,-1795,1198
21712,3893,-5149,4389,-81,-1285,-1401
21713,-6368,5353,-6480,472,-569,-421
21714,-4407,-1610,-3026,345,87,-480
21715,3280,-5991,-4610,-217,1533,-196
21716,1508,-2061,-4705,-1938,425,-1349
21717,2855,6693,-7436,-769,-1222,-188
21718,3441,5260,2853,1039,946,1587
21719,-1195,2154,-3277,1728,-1016,1824
21720,4965,6139,2999,1581,-1071,529
21721,-4547,1763,1675,1999,-1567,-1239
21722,-377,3182,-2794,1422,362,424
21723,-2644,3109,-1404,76,774,-559
21724,7301,3433,4468,1589,338,-1049
21725,-5598,-3212,-6713,1906,-127,1592
21726,705,990,-7196,-447,920,245
21727,-3642,-5957,-5499,719,-1692,-211
21728,1314,-3302,6644,-929,-273,-187
21729,-792,6201,-4813,-1530,1279,432
21730,2929,2966,-4334,830,312,-142
21731,1187,5471,-3402,1071,105,1949
21732,6008,2134,5124,1681,-1579,-370
21733,1875,7624,-1928,-775,1369,76
21734,3862,4665,318,-1796,-804,322
21735,-6391,-3521,2194,-1752,-1191,1142
21736,300,4391,713,-1421,1381,357
21737,-2681,-2598,7735,-1316,-651,-407
21738,-7256,5274,-940,1451,1853,-446
21739,-3189,-5738,-1379,110,-243,6
21740,-3989,-1132,7181,-1185,1833,64
21741,5606,-2953,6988,1936,1826,1545
21742,5700,-7539,-2234,-1416,-392,-1653
21743,-1672,5051,6497,-96,-1359,252
21744,-6368,-6687,-1765,-1821,-1673,-80
21745,4937,6974,1390,-1265,-1986,983
21746,-7558,-3958,409,1734,782,-347
21747,-4263,4498,2683,-514,799,-1442
21748,5916,-4767,-5873,731,-1404,722
21749,-1094,-5819,-6750,-380,-1851,-750
21750,-5701,-4450,6334,-358,1844,-1204
21751,-3099,7081,-7367,-706,127,-1030
21752,6636,-3021,-3119,-1417,308,859
21753,1194,-7694,-7058,449,-1048,-1433
21754,-5633,6446,7764,124,-1205,-1447
21755,6540,7381,319,-1933,1756,-257
21756,-4216,1359,-7303,163,-94,1794
21757,-6782,7488,2609,1060,576,192
21758,866,-1359,1636,1266,-359,-464
21759,-3374,-4985,5876,911,1635,283
21760,3441,-5959,-1221,-92,-327,1445
21761,-783,7400,-7943,-180,-1385,1364
21762,1689,-3719,608,1451,1284,-220
21763,-959,-3088,-92,-843,-847,316
21764,4194,1541,-2530,-293,1032,-884
21765,-6893,-453,-5355,-1420,-1700,1244
21766,-4068,-6011,4493,1305,-1275,143
21767,-846,-5715,4934,-1926,1562,908
21768,-631,191,4863,1741,148,-23
21769,5565,-4294,-2918,-266,1840,-1718
21770,-4708,-2071,3194,486,919,979
21771,-546,7723,-6070,-907,-717,1624
21772,-1831,-39,-3271,799,14,-516
21773,-6455,7904,2516,-236,-1874,1238
21774,-6930,-4844,2710,-303,-1884,-73
21775,-4082,-3855,4841,1798,1375,-369
21776,6592,-5700,5012,-166,85,1171
21777,1047,5672,2752,-1698,1361,1226
21778,5406,-5946,-6441,1656,-1926,207
21779,1660,-7885,7347,1862,-1045,1981
21780,-4327,3134,5537,850,691,-13
21781,1316,-5162,5108,-1954,-1527,1709
21782,-1045,-133,-4080,1060,802,-1324
21783,-5995,-4656,-4880,-1858,1103,1296
21784,1054,3772,-4146,-1763,322,1672
21785,6504,3376,6581,199,64,-1745
21786,-5074,-298,-6334,15,-1739,337
21787,-2163,-1841,-3824,-1544,-1101,397
21788,4932,2636,-148,-227,-1155,933
21789,-2804,7109,-7860,843,1422,1815
21790,127,-6785,-7021,825,567,1930
21791,4999,-334,7956,1529,-872,-113
21792,4342,-6484,-4924,-699,-731,-836
21793,1279,7784,7199,-1859,-892,961
21794,2062,4418,4124,-1012,1671,-1575
21795,-7559,-7897,-6244,-1829,1699,1715
21796,2272,1146,-6457,-1782,1514,-840
21797,-6875,-2982,6810,-1365,1923,1677
21798,1512,4801,6048,1898,668,-1485
21799,278,5806,6490,80,-871,-1563
21800,5556,5704,7589,1670,1675,637
21801,1801,578,-6914,686,176,-1736
21802,410,-1254,2077,1619,842,106
21803,-3039,3356,-2782,-1287,-885,-1232
21804,-553,3648,-6751,733,-1783,0
21805,-1501,-1005,-2251,1576,-28,934
21806,-1208,7194,-6140,1002,-1501,597
21807,5288,1804,1898,-1538,102,683
21808,298,-2342,-6288,1074,-763,136
21809,7264,2800,-2399,1587,1409,915
21810,-1610,6096,4179,779,-615,1913
21811,1023,2394,-3388,-1651,1828,-1718
21812,6434,-2614,4616,-1034,-121,1226
21813,2855,4427,368,177,1645,1971
21814,3188,-4316,3482,233,-755,-604
21815,2262,-760,5727,1863,1643,-225
21816,777,-3101,-1246,-769,-1642,41
21817,5726,5059,-7232,-1029,404,932
21818,6810,3742,-2106,-632,10,-981
21819,5871,5089,3407,-1595,211,203
21820,192,937,-4296,378,233,1665
21821,7802,5576,1631,-369,633,-1050
21822,-3997,2260,-4283,104,-652,-1456
21823,6967,4091,-656,987,-1379,1354
21824,-7490,7729,-2845,-1299,-1721,604
21825,709,2163,5233,-180,-1981,-1682
21826,1074,-111,-7747,959,1153,-107
21827,242,-1268,7325,666,-130,1738
21828,-7742,6406,6101,1072,151,-1035
21829,-6396,6876,-2737,-1212,-723,1834
21830,-6641,-6720,-5901,367,165,-1657
21831,-7585,3874,7347,-1703,1094,168
21832,-6318,-4267,3916,-1277,1237,785
21833,-5109,4611,-5013,-1702,-394,1915
21834,355,-6798,-5934,1716,-180,12
21835,4014,-4981,2863,1772,-509,154
21836,5136,-1144,2338,481,1152,909
21837,-7886,-2320,-1192,-153,-1270,-1482
21838,1616,-3209,2900,-1789,-1336,-1163
21839,6051,4882,-5406,955,145,1771
21840,-7315,-1863,6024,298,-1887,1204
21841,1004,-6777,-6353,-938,-170,-1896
21842,-4483,6888,5252,1718,440,608
21843,6902,-7770,-60,-1640,-1835,593
21844,3714,3190,5833,1074,418,1990
21845,3395,-3069,1783,-1049,1858,1685
21846,-636,2869,4051,719,-274,1104
21847,702,2028,-7438,-333,1511,-226
21848,4239,7591,5268,-142,-386,-149
21849,-4132,-5441,-7709,360,32,665
21850,-4350,3312,662,539,-967,-1215
21851,3371,-7778,3164,237,1185,1992
21852,-7851,7048,-2725,1101,-100,1707
21853,-3729,-7782,-6889,500,1321,983
21854,5989,-3009,-2479,-414,1629,744
21855,-750,4173,-6011,1088,-1568,-1636
21856,-5501,5811,5376,-624,-1993,-340
21857,907,7819,-5949,-327,1151,1173
21858,5688,4523,3702,543,-1273,608
21859,4138,4564,7876,1254,1042,-1049
21860,-3371,2646,4761,-1051,1066,740
21861,-5898,6477,59,-618,-575,1311
21862,6312,-5919,-1054,131,637,425
21863,6351,2618,6530,-1480,962,-936
21864,6032,-3444,4810,-1601,-330,219
21865,-4864,-6876,5387,48,-728,-762
21866,-6223,-2823,-514,316,-1528,362
21867,-6199,3168,-91,-889,-1822,-123
21868,5895,-7895,-6324,23,-1982,-1616
21869,4688,6948,4155,760,-1892,600
21870,-25,-3924,-3647,-336,-822,1087
21871,-4718,2687,-1067,-1863,164,205
21872,968,1633,3024,-184,1969,116
21873,-7708,4405,114,-1822,1217,-1565
21874,4901,-6171,4803,1358,1821,-1901
21875,-770,6220,-1333,976,300,1820
21876,656,-6034,3229,-659,-1062,761
21877,-4612,-5228,5619,736,-686,-1738
21878,5716,7516,1307,-1900,-1651,331
21879,-5089,2948,6092,-1388,196,393
21880,-3392,-2528,-5070,-98,1499,-1378
21881,-6685,-4326,-1970,-1240,517,1214
21882,-1877,-2657,-7956,-421,-320,26
21883,6104,4633,-5835,1399,-1388,-1210
21884,195,1907,-5984,-631,-1019,-523
21885,7790,3122,1015,987,-34,158
21886,-303,-6408,-614,-611,-1101,918
21887,2596,-6665,-1916,-1330,439,-31
21888,5307,2541,-208,-1932,211,1370
21889,363,406,-5827,-543,100,-663
21890,-2668,-5078,-2154,-1476,1166,824
21891,4610,1220,-4623,1393,1292,1006
21892,-568,-1950,-1271,-1752,1790,947
21893,2520,2972,-4825,267,1798,-831
21894,4131,4533,6407,-478,-364,159
21895,1932,6871,3681,-139,1207,-1119
21896,7895,1567,3741,65,-345,1542
21897,-7724,117,4439,718,504,394
21898,-961,-1742,1346,-367,1387,-1918
21899,1808,631,-5820,1294,1021,14
21900,1870,245,3536,1275,-1991,446
21901,-3187,-4038,-2371,-226,-1534,-133
21902,3138,-5296,4114,-945,1909,-199
21903,350,7831,1543,254,-852,1225
21904,-7900,-3202,-7186,1157,1577,-1139
21905,-5384,-4039,5771,842,1445,-743
21906,-2042,4055,7163,710,1629,1051
21907,-2669,-2182,2187,-1556,729,1502
21908,-2350,4127,-3368,233,-1147,-1678
21909,2416,-7439,6872,427,-906,1602
21910,-6110,584,4327,1442,-1668,433
21911,2594,4121,2937,-369,1279,-471
21912,7351,-5328,5217,-744,-1971,1502
21913,-4058,-7075,5985,-318,1938,-373
21914,4119,-3172,-6836,-1871,-1195,-1642
21915,-466,-4925,-161,132,-296,1970
21916,7426,-2000,-900,-1506,137,212
21917,5968,-5897,-6324,833,-680,-887
21918,667,7609,-3127,-1105,675,564
21919,-4222,-5167,-5905,1533,933,424
21920,1450,2385,3037,487,349,-1093
21921,-2015,-3893,-2849,-1327,1557,-450
21922,-90,-416,411,-1073,450,1188
21923,4493,-7592,6855,-224,-1003,1582
21924,-2898,910,-7896,268,1805,-846
21925,-7445,7260,5575,-855,-1880,-1327
21926,2896,1147,60,-1175,1114,1698
21927,4029,-7671,2970,1600,643,1269
21928,-3407,-3876,-1154,-1635,1637,1411
21929,2682,-6453,3059,-861,936,1429
21930,-439,2053,-6805,-133,1883,-1608
21931,386,7579,5170,-741,307,1152
21932,7361,-990,5312,1605,158,-561
21933,100,-160,-3102,569,1135,108
21934,165,6948,-3367,-1387,1384,-1746
21935,-7333,-787,1675,1076,-1602,-204
21936,-102,3492,4363,37,-4,-255
21937,7072,3742,5902,1259,-1917,1537
21938,-575,-6325,-7377,526,1874,1644
21939,-7595,-4437,1164,384,-130,-937
21940,-7599,-8000,478,996,-750,1163
21941,1655,-2724,-1121,-230,-1250,-578
21942,-6282,-5507,3653,229,517,-881
21943,1394,-2534,2219,-20,-1155,1003
21944,-2478,-7154,125,-1055,577,-340
21945,5829,-6997,-3213,-370,-1219,-673
21946,1482,5504,2125,-1764,-767,-62
21947,5346,5810,-4621,1959,-722,325
21948,4956,5138,-4517,-1210,-1504,1638
21949,-4708,-2162,-5005,-542,1452,1070
21950,4327,-4823,462,1782,-947,104
21951,3396,-3818,-4478,-1173,-799,1005
21952,-1486,-5296,1880,-260,-132,-836
21953,6036,-1179,-6340,1274,181,106
21954,-5628,3194,-4564,-1268,-53,-491
21955,6806,-2182,164,-243,1797,-1451
21956,3940,-3023,2192,1877,-1168,1815
21957,-7280,4356,6950,685,506,918
21958,2,1560,-3060,1706,257,-516
21959,578,458,-1598,-849,-737,-495
21960,-3960,-4961,-4102,1218,-1796,-1444
21961,2942,-2902,7782,-767,-1708,1601
21962,6101,-1776,1074,1613,16,-1400
21963,-4540,4686,-1102,979,499,-1483
21964,2507,5281,4948,604,117,-1327
21965,1994,83,-1624,-1745,-30,-55
21966,-1822,-5776,2351,943,-812,54
21967,4705,-5226,2082,-1013,-881,-1870
21968,2654,2615,-6304,1476,-428,-1111
21969,-1776,-3738,6989,-735,1800,1585
21970,4455,-6451,-3961,37,-566,-432
21971,5530,-950,-391,499,-1541,-1676
21972,-4155,6942,-900,-1828,1239,-1478
21973,-508,-580,6846,1124,1325,-715
21974,-3243,436,3870,-499,-1408,225
21975,7788,3153,6023,752,1121,-121
21976,-5445,-630,1322,-296,-1094,1550
21977,-2588,4280,-154,-284,-1444,-1749
21978,-7251,-7957,-7920,-265,1360,-1607
21979,-2181,5083,-6422,-1471,-996,890
21980,7354,-3174,5730,-559,-95,-1844
21981,-1876,-1078,3814,-428,-1679,-1592
21982,1543,2252,-1714,1278,507,-1131
21983,1902,5366,-6916,679,-400,1313
21984,683,4836,7843,-1673,-1124,777
21985,-3705,7864,5802,-484,901,386
21986,-6672,-4250,-2037,-1474,121,50
21987,7197,-63,-4223,311,1720,-1778
21988,-5862,1657,-4994,296,1649,-669
21989,-5328,-4913,-5285,-936,1896,1201
21990,-4233,7808,-217,-1188,1369,600
21991,-6795,6241,-4258,-49,-1297,-596
21992,153,2593,2757,-864,1083,1431
21993,3216,-6788,-4484,-1146,-1279,567
21994,-6685,-7696,-386,1451,1221,-1275
21995,989,3219,3520,849,-6,1712
21996,441,6835,3242,-1247,1059,-1312
21997,-2766,-5712,1180,110,1970,1524
21998,-1102,1480,-2897,1775,860,154
21999,3049,7134,6419,1411,1552,741
22000,7682,-7908,-3512,502,5,-1193
22001,-3753,-941,-1537,1110,-1609,-604
22002,7107,-6164,2977,-1976,-1467,1349
22003,4934,5925,2248,251,-1119,-976
22004,-5820,-2541,-6340,-816,-1470,151
22005,3667,-1401,-895,-705,-256,-971
22006,5877,2671,-3563,-856,-651,-108
22007,-3397,-2508,-825,1947,801,392
22008,-3618,-2989,-6036,1625,984,408
22009,513,-6716,-4999,-24,-688,87
22010,542,2688,1782,1807,-1776,-86
22011,-2464,334,-4156,343,-1689,-1069
22012,-6199,-7225,2357,-845,79,-1995
22013,-1536,2921,1820,427,-190,597
22014,-4547,-4527,-5502,-101,-1714,1062
22015,7234,1600,6320,-559,1900,1522
22016,6633,-7034,1919,-281,-805,-1818
22017,2514,-4423,-384,-1580,-1378,-1762
22018,-5202,7348,-3153,-532,932,692
22019,-6397,-3623,-1932,1598,-1656,-1078
22020,-2753,6256,6095,211,-1082,117
22021,6103,3881,-4517,6,-1202,-1072
22022,-3392,-7598,-2665,1784,1278,1144
22023,2045,6577,3603,-559,290,-1002
22024,4815,-830,-4627,95,-412,-1944
22025,2006,2532,4572,232,-89,-885
22026,-7026,6493,6251,355,1531,-654
22027,1823,3117,-5027,-1921,-1618,1672
22028,-7836,-3986,3113,-1829,632,1522
22029,-580,3600,777,571,-1840,93
22030,-7013,-7141,-3026,1976,-115,937
22031,4385,7039,6249,1483,1664,1036
22032,-1064,4357,-5404,-155,155,-1830
22033,6300,2068,-139,-1459,1712,590
22034,-2852,4688,-4578,1750,346,1711
22035,3907,2531,-4737,1029,509,-1388
22036,-5201,-1068,-4661,-1920,-427,-426
22037,-6443,-2937,-2465,629,964,-695
22038,178,217,-5262,-35,-688,-588
22039,863,6917,2859,-293,-1884,430
22040,-3606,682,6291,-1156,-1000,1787
22041,-2065,1310,-4331,-656,1921,713
22042,-611,-4934,-2430,-676,1881,343
22043,-7982,5055,7779,-632,192,-1440
22044,-4729,-2043,238,1809,1910,-17
22045,893,7319,2553,-1528,-209,1938
22046,-5171,5317,2876,387,-899,16
22047,-2771,3441,-7487,-831,264,685
22048,-7831,7134,-5657,1229,-307,-190
22049,1566,3014,3559,-1362,-612,-1776
22050,4580,1597,1444,-733,-490,-701
22051,-7827,-5699,5991,-447,-1316,-1878
22052,5894,6784,937,-1153,975,1406
22053,-1593,6768,-4646,-1063,-1135,1570
22054,-1628,-641,4286,-418,-274,-177
22055,-1669,4483,372,917,-1295,-1325
22056,-5897,5392,6017,1748,1091,554
22057,1518,4997,274,1256,809,-1000
22058,6936,5495,-5730,698,-1642,-94
22059,5954,-2310,-684,-433,1119,1073
22060,-1119,4788,-5656,-64,-921,-396
22061,4506,-1251,887,940,-1205,617
22062,7136,-6957,-1119,606,884,-227
22063,3594,4133,7986,-1939,78,-1785
22064,-6680,7918,1698,1166,-1021,1476
22065,-3777,2557,2311,182,-290,-768
22066,7207,-7996,1134,-140,-193,748
22067,5091,-5293,4903,-1126,-1925,-852
22068,-4828,-4795,5582,791,273,1704
22069,-7829,-6046,-7390,858,1973,1437
22070,-2310,-5262,3280,-1189,-1421,-1725
22071,5863,454,2679,1238,-1459,1517
22072,-3155,3001,-2392,239,-397,103
22073,2927,-1670,329,465,-1398,563
22074,1846,-3410,-1602,1574,-1516,-1646
22075,6084,-3433,-2293,-1209,264,876
22076,-3319,4007,-4378,792,1755,-780
22077,6187,2251,-2222,792,-1313,-1654
22078,2238,6060,3658,224,-1583,1156
22079,6855,-6301,5805,970,-1361,1125
22080,-5299,-522,-6532,-1457,1942,-1971
22081,-604,3561,1318,131,845,-1402
22082,6106,4154,5054,-1864,581,-478
22083,5909,653,6246,-1806,206,-1803
22084,-55,-7480,-4675,1085,1200,-786
22085,-6723,-2485,-71,1568,-163,-1663
22086,7639,-7645,4150,325,-578,-1118
22087,-2998,-7351,6931,-1326,-1247,58
22088,3611,5609,985,1446,624,663
22089,-2566,1059,-367,1440,266,-1048
22090,4763,-270,-2722,349,-1083,999
22091,-2593,4980,7569,1305,492,1555
22092,-7255,5798,-6662,-1105,-1070,-1569
22093,-614,4456,-2554,-64,-1700,1656
22094,-1016,-2479,-1748,1332,-226,-1801
22095,4435,-7034,-1665,-579,-1830,-668
22096,-3349,-5990,5895,-1401,-1201,-160
22097,-844,-3947,-7441,576,426,-1332
22098,-2494,1156,2932,1970,99,1180
22099,6176,7975,-6075,-713,-1500,604
22100,-5892,-1740,-3180,1964,-1786,-589
22101,-4720,-6816,7993,-1717,-603,-52
22102,-7032,-6771,-5292,1091,1473,-915
22103,5665,-3987,4479,1311,605,-507
22104,658,4997,6663,1288,323,1778
22105,-6028,7793,-4294,581,-1358,852
22106,-1457,-2270,579,979,1886,608
22107,-6974,-4078,7434,800,107,43
22108,-7160,184,-1903,-1757,-1518,-335
22109,-977,6176,-4833,-948,-1782,203
22110,-3274,6832,5335,85,501,1975
22111,2715,559,7636,-1525,1103,-595
22112,7716,-6632,-1126,-1486,-494,1654
22113,-5733,389,-4641,-1367,-321,-161
22114,2092,-1829,4255,704,-989,810
22115,7223,6686,-2583,1418,669,1262
22116,3847,-2430,-4665,1988,-1771,-1284
22117,2531,-4136,-876,1739,563,-1809
22118,6935,-8,7288,-1110,1174,-1404
22119,-1391,-4112,2096,1583,536,-321
22120,-1139,-326,5087,-707,-1353,163
22121,2826,7741,5417,-1039,1473,-251
22122,492,1042,7411,228,208,-326
22123,3697,7368,3051,1781,-1520,1982
22124,-648,-7143,-6203,-1008,469,-870
22125,2400,-1283,1874,-351,1869,1648
22126,3373,7333,448,1039,1465,1796
22127,-3354,4959,-1259,-1598,180,-169
22128,-7535,-3554,-4798,493,-663,1697
22129,-426,-911,-6384,200,-497,-562
22130,6814,-230,-7078,617,876,-229
22131,-6231,-5925,5316,1064,201,-858
22132,91,5971,4080,640,1837,1307
22133,5708,-4411,2157,-1338,-535,1227
22134,-4193,2225,-2873,-1583,-1122,-1079
22135,3279,5144,1930,-962,-1291,-335
22136,194,2420,648,-747,-1637,-1078
22137,-6522,3004,-7304,-727,-628,312
22138,-6137,13,-2929,-1262,860,902
22139,-6462,-3502,-5525,-1333,-1939,-314
22140,2730,2032,-1901,1153,-1637,-371
22141,-198,3299,951,682,-1743,895
22142,5573,-2525,4346,118,1952,204
22143,-7159,4705,-2478,-1808,146,61
22144,-1860,-2341,-4327,-647,-770,230
22145,1076,2172,3727,-1792,-1154,-1378
22146,7431,-7598,-4734,-109,-1549,-1168
22147,-1231,-3504,775,-1982,1840,899
22148,-24,-7516,6780,1804,-1676,-38
22149,5089,5389,2901,389,-501,1745
22150,-2536,7009,961,-1068,643,-249
22151,-6256,-1577,7365,762,1811,1342
22152,4648,-5347,4525,1436,956,1991
22153,-5453,-1644,-1551,-1099,-1116,1887
22154,1102,-7651,-6931,-315,-1107,1707
22155,5364,-7818,-1604,-1148,-255,186
22156,-1027,-3373,1875,-1819,14,1278
22157,747,760,1613,957,-458,-242
22158,2471,7659,-7374,-283,-1926,-1358
22159,-1814,-6190,-5464,-121,-1150,-1142
22160,-4675,-7735,-5187,-294,-367,81
22161,-7676,6417,-6774,-1935,-1953,900
22162,3054,-813,6639,-1563,-909,56
22163,7829,1792,111,1721,-1075,1184
22164,-5466,1548,-7389,1986,667,-1896
22165,-2271,3711,-6456,-1663,-1468,-339
22166,-2022,-4015,1113,542,1520,880
22167,-7820,-6046,3471,232,-840,-1453
22168,-2569,5722,-2643,-133,837,-617
22169,-3257,4584,4418,-1918,732,384
22170,-5939,6956,5072,-1314,-1295,-1084
22171,-2125,-6274,2803,104,337,-1313
22172,-5717,1370,-5983,-1568,1552,-932
22173,-630,-5716,-913,-311,-76,1816
22174,-1217,-4847,-836,1051,-628,288
22175,-3039,-5390,-4773,1918,-1865,-892
22176,2439,-1825,-2977,656,1105,1376
22177,3788,-7324,-1988,476,1972,919
22178,-6668,577,-477,1925,205,-1622
22179,7291,-6715,-4666,1877,-287,-677
22180,7622,-326,-221,-510,-1278,-1347
22181,-1755,6586,851,-1310,438,-300
22182,-2969,3175,6329,106,1018,-702
22183,5357,5616,7930,586,1614,146
22184,4505,3300,3324,-763,-999,-1680
22185,273,-5469,-3987,-1344,1050,-526
22186,-4083,-5652,1584,1572,-1347,973
22187,5318,-7755,-3348,-327,-645,1008
22188,3915,-1279,-1070,-1212,-1255,-784
22189,7702,-7546,-1965,524,-1836,-764
22190,-7009,-1662,-4747,978,-1452,-1449
22191,441,5735,-3747,1459,-581,-536
22192,5184,-7652,-585,816,-456,368
22193,1728,2110,5399,1079,-1690,1031
22194,315,1065,-3234,-1996,-1087,-1655
22195,-4253,4956,-4275,1101,1073,1922
22196,2203,-4423,3615,-177,1302,-127
22197,-4807,-7935,4733,73,509,-1491
22198,-1030,1748,6516,-1375,-542,-1401
22199,2832,3824,2711,-78,-1256,78
22200,3345,-5227,163,-1944,-429,-1836
22201,-3058,-7541,2953,-1065,1304,609
22202,-1979,-7514,7562,-1495,-1219,1422
22203,-4368,1129,-6784,-1215,342,-1321
22204,5233,1968,6559,-286,220,1061
22205,-843,6796,-598,-826,-1385,1634
22206,6515,-2546,-922,1825,-671,-1219
22207,-5897,1434,-5965,823,1276,-390
22208,-4009,-7458,-6559,1440,-1997,-1920
22209,5041,1126,783,1364,698,212
22210,6448,-6582,-1066,-56,-163,208
22211,-1131,4665,-6152,-878,-737,-754
22212,3626,5387,6739,1725,1093,704
22213,7465,-5337,-7761,835,-1615,480
22214,6412,1210,-5434,1526,-799,254
22215,3427,-3853,-5624,-969,-410,-959
22216,2636,1544,5567,1478,1276,-437
22217,-5973,-181,2284,-746,8,224
22218,4882,-1574,-7422,-905,1562,-1316
22219,7311,3847,2964,-246,1323,192
22220,-4234,-1796,3482,-1595,354,1332
22221,-6386,-7129,7074,1867,1245,1517
22222,-3433,-6123,7014,846,-1241,-1746
22223,4866,5304,2962,899,-462,-1377
22224,464,868,3173,-1315,572,1189
22225,4112,-6826,-927,-1794,-1371,-1189
22226,-7582,-6679,6951,966,-214,918
22227,-6810,1217,-3634,-94,918,1822
22228,-3346,-5326,-1365,1818,-311,884
22229,-3591,6926,-3722,1707,1043,-55
22230,7371,-6509,-3640,1309,-1910,-480
22231,3772,-1519,696,1546,1986,-1875
22232,-6820,1329,2636,-274,1355,-159
22233,6348,3017,6713,1556,-306,-678
22234,-153,6746,-3755,1635,-760,226
22235,336,-179,-2702,-1901,601,942
22236,7357,-5228,-7959,-377,-925,-1741
22237,-5773,-22,-1285,-1509,1427,-1884
22238,-2439,4521,3349,-1729,1886,1536
22239,6188,-3375,1460,-1316,801,625
22240,5899,-6966,-2060,1846,1683,127
22241,-7244,-2770,-1373,1397,-1749,-1500
22242,364,4687,-6030,-147,-1968,-838
22243,-2906,-3175,-7211,-1642,-1979,-461
22244,7498,-5775,1546,-1748,-15,-539
22245,-5160,-5362,-6517,-453,-1014,-1228
22246,-4544,4911,2386,-1412,-1516,1882
22247,-1813,-7661,-6146,1982,-1357,1328
22248,-1166,2412,7388,-733,-1599,-184
22249,-1140,1962,-7918,754,-216,1288
22250,-895,3798,960,1611,-955,832
22251,5422,850,-519,720,-1152,768
22252,4999,-5064,6838,276,-196,442
22253,6953,2648,-2663,-1337,-543,-1976
22254,5896,5052,3230,1018,1383,1057
22255,6893,4842,2938,-261,1097,-542
22256,-5184,6625,-6680,1704,813,1859
22257,-6456,2387,-6829,-650,1688,465
22258,5053,-716,1845,-405,1248,-559
22259,2891,-7276,-4698,-1524,-578,-1365
22260,5350,-4792,-1245,368,-1041,1166
22261,7370,-2465,-4230,-1898,-1059,-1929
22262,2864,6588,-5681,1407,-293,1406
22263,-3476,5843,-2544,-368,-1237,-226
22264,-4341,2596,-1526,230,1586,1483
22265,-7037,2359,-698,1475,-551,136
22266,1451,4446,-4495,-1186,-658,-1242
22267,-537,4993,-3598,-33,525,1522
22268,-7841,5194,-6521,-1152,-320,-129
22269,1520,7538,5568,-1240,-1352,755
22270,-7962,-4907,-4274,-603,-71,392
22271,-4496,-5214,-5752,804,-262,-143
22272,444,-2884,4454,1425,1716,1943
22273,-3278,-3134,-1907,181,1613,1974
22274,-6726,4340,5173,-36,-3,1775
22275,6883,5095,4446,1834,-1531,-953
22276,-6419,3839,-1823,850,15,-1750
22277,-3413,-3855,-5730,-1847,-1208,1328
22278,-3330,6122,4213,-1132,345,-747
22279,-5306,6977,7407,-1072,687,470
22280,4155,-3331,-277,-874,1217,1155
22281,-3496,5539,5110,1294,-287,-830
22282,2869,-1921,-1071,-782,-545,1525
22283,206,4620,825,-943,-1641,-479
22284,1972,2637,4423,-1657,-1283,1123
22285,4954,-3050,-3833,1216,759,818
22286,2109,-3615,7851,-616,-745,-1692
22287,-7449,1679,7770,-409,-363,-1267
22288,-3165,1594,-3837,-953,574,-1468
22289,4125,-3751,-774,-590,1076,365
22290,-4655,-2912,645,-1944,-993,99
22291,-7586,4580,-5156,-811,1054,-752
22292,3977,5034,5955,430,-1094,-1850
22293,-2509,5497,1129,-482,-1822,1041
22294,-4442,-1016,-832,-1075,-1047,1919
22295,1941,-2090,6091,1508,-1675,-1416
22296,-1232,-691,-6059,-418,-1287,-635
22297,4385,-7851,6914,1144,-1527,286
22298,-7084,-5134,3816,1584,-1726,590
22299,-5996,-4337,-2025,-688,1899,-1025
22300,-2759,-1325,2877,-1651,7,607
22301,1819,-1601,-1275,-294,43,-230
22302,7458,4270,7931,419,1019,1203
22303,-991,-5124,-1208,-1472,207,577
22304,-3534,-1932,7849,299,-1327,-791
22305,-6301,7753,3984,765,424,1892
22306,-584,-7225,5991,1873,-1229,-833
22307,-6955,-6604,4937,497,180,553
22308,-79,870,5319,-1021,169,1304
22309,-2567,-2327,7121,-780,1865,1716
22310,-7419,7744,-7295,1400,1614,348
22311,2545,-3159,995,1932,-25,-462
22312,-2425,-3802,-3744,-1016,-952,-1067
22313,2005,-4847,2528,-454,4,1175
22314,1738,1949,2318,1349,1311,189
22315,5120,-5909,4560,-1459,590,-614
22316,-5967,6044,-2715,-1223,-1478,1318
22317,-2253,266,1350,-1396,140,885
22318,-6817,-5345,-7257,85,1900,543
22319,4305,-554,2374,-1813,193,1693
22320,-1637,7858,4950,1790,-217,635
22321,5013,7546,-377,-190,-1805,-859
22322,408,-2111,6942,1946,1693,-106
22323,4295,415,7596,-1816,-519,-1672
22324,-4525,-3356,1722,-97,-305,-213
22325,-2773,-6362,-3570,1357,-531,-769
22326,-1403,-1036,-6545,874,-1781,475
22327,-7520,6182,2603,-84,1277,1249
22328,7392,1618,-3451,1427,-1990,1808
22329,2253,-4224,-3600,607,-1175,358
22330,5739,4753,-2521,-261,490,1850
22331,1683,-6193,4957,-428,-436,1621
22332,6324,7209,-3136,727,-931,313
22333,-4054,-2711,4628,-141,-117,-924
22334,-2538,-1340,5623,-108,990,1247
22335,7786,5604,-5183,-482,19,693
22336,-7204,-3979,2472,1404,1585,1968
22337,6685,-1646,-847,1713,1054,201
22338,-2319,1413,-1252,-620,-795,-1694
22339,-2883,-7397,-7377,555,1472,-1019
22340,-4371,-4513,5257,393,566,640
22341,-654,-2166,2107,-1768,-1847,1975
22342,-1250,-5194,5494,1305,-1535,1446
22343,-1166,-4205,3911,-297,1253,-624
22344,-5289,-1742,4494,-1991,-1661,703
22345,5668,-4330,4442,846,231,-168
22346,-6951,-668,7154,86,-1540,-1841
22347,-5985,6694,7886,1047,-1092,229
22348,3024,-3447,-1268,1058,-1594,-1535
22349,-7630,-363,-1616,806,-22,762
22350,-7688,5866,-796,865,-514,1024
22351,-2944,7786,-7471,-1703,437,-93
22352,-2983,3957,-1322,-256,225,448
22353,5522,-1132,7092,1653,-199,1673
22354,1625,7685,-7199,929,-5,-192
22355,-6330,-6659,-6223,-1926,1881,-1747
22356,1045,-6964,2084,-1759,1617,-1323
22357,-7096,6091,7381,375,1547,-1714
22358,1078,3928,-4788,608,-292,601
22359,6003,1212,7974,-1196,498,1831
22360,-1799,-1119,-756,-1674,-1467,1750
22361,-7658,3460,7035,1364,-348,-1816
22362,6862,6790,-4373,910,1130,154
22363,-2508,4342,3115,-1441,344,944
22364,863,7757,7315,947,77,-296
22365,4117,-1566,-7516,-1457,521,515
22366,361,455,1109,1648,845,-835
22367,5599,3781,5784,1043,-79,1281
22368,-5758,-514,7207,-1982,722,1587
22369,-7771,-2397,4400,625,1066,-1464
22370,5220,5336,-320,998,1869,1536
22371,-4811,4081,-3078,-1286,-1303,1773
22372,-2856,6763,6824,1433,-80,-286
22373,2981,-2289,4844,-1290,-473,-788
22374,4556,-2431,-2484,-1983,-1882,1868
22375,7394,3068,-1174,1737,-745,-834
22376,4421,7687,3861,547,-1206,222
22377,7132,1123,6764,-261,-1567,-1243
22378,-1866,5416,2044,-473,-1031,408
22379,7932,-2747,7480,738,76,1440
22380,-6587,1376,2420,-1095,-968,-656
22381,-7170,-3883,-6844,1704,-249,666
22382,-5068,-981,-5513,472,1386,1761
22383,-6631,-2556,-7039,-1962,-498,-404
22384,-6030,-4754,-1428,1725,564,720
22385,1441,926,7025,787,1257,-1941
22386,1501,-122,5839,-148,854,1484
22387,-7621,539,6265,1805,-142,485
22388,1133,-4260,-907,797,1476,-180
22389,-5517,4106,7558,308,-662,-1672
22390,3726,-176,997,191,1530,344
22391,5622,4182,1695,-891,450,-582
22392,4875,2241,-5529,1135,-904,1817
22393,7515,6129,376,-1922,-211,-479
22394,21,-7688,7873,1959,-1231,-1766
22395,3047,2187,182,1233,-161,-222
22396,-4373,2789,725,558,1334,128
22397,2953,-7244,-2329,1554,-846,-762
22398,-6120,6071,-3133,528,-367,83
22399,4948,2736,1097,-473,1392,961
22400,7274,-6205,1342,902,1486,324
22401,-7494,6482,-2491,-1121,-59,-1373
22402,-5318,1847,-6737,126,153,-1072
22403,-6648,2592,2857,-279,-261,-1310
22404,-3417,3199,-705,-831,1295,1098
22405,-1476,969,4317,994,-1630,-1655
22406,5753,2821,-3657,1867,-576,-468
22407,3849,1552,583,-1703,715,-457
22408,-7111,-2223,-7774,218,-291,900
22409,4543,-1960,-3792,1501,1903,-1845
22410,-5334,7039,2939,560,-815,150
22411,-1397,-1631,-7654,718,-79,-827
22412,1112,2086,-871,1810,1956,1669
22413,7337,-4162,722,480,-1728,878
22414,1206,-1244,6325,493,631,618
22415,4429,68,-7178,1398,922,1086
22416,-2701,-3438,2749,447,-637,-1539
22417,4386,1320,-269,-187,-1031,-838
22418,-3793,-2898,-3246,1724,-581,-153
22419,6504,6083,6200,-1312,-938,507
22420,4932,3310,3873,-1725,-1622,74
22421,-1252,-6952,7827,147,-784,-1927
22422,3707,-167,-3143,227,-364,-965
22423,-3573,2519,-4187,1182,1028,-746
22424,-1292,-5072,1275,-112,578,1518
22425,-1371,-2955,3712,173,-1778,-462
22426,6872,-1504,-1377,-520,-349,99
22427,-1100,1918,7235,-1105,-1705,-321
22428,681,5773,3027,1096,-482,-40
22429,1477,-3613,-7025,-224,864,-480
22430,-3790,2190,-2490,-939,-560,1537
22431,-534,1670,3196,222,1683,-1356
22432,6559,1715,1844,1639,-300,1302
22433,4280,-48,-245,-435,1739,1263
22434,-7181,-6338,2680,1544,596,-1219
22435,7752,5676,47,-1701,680,1989
22436,5983,-3596,-6433,74,-554,-1629
22437,-5729,390,-5518,562,1772,-1361
22438,-5785,6404,99,-1046,1674,551
22439,1223,1181,4812,231,-1443,182
22440,-3253,5780,-1884,-12,860,1215
22441,-5760,-7547,-1485,814,21,1107
22442,-3400,-7285,-2997,720,-210,-1824
22443,2740,-4460,-4419,-324,-700,1506
22444,-4476,-2737,7200,-901,1179,-1778
22445,-3432,-5077,5909,-836,-1575,-983
22446,-1638,-1667,-7339,1260,-32,-273
22447,3483,-1984,-7895,-372,-838,-1016
22448,3376,6325,-6341,-391,1796,1553
22449,-4513,5711,4737,-348,714,1860
22450,2887,2641,1005,-1620,-1656,1945
22451,1409,-2294,-2473,332,1073,-835
22452,6491,-5492,6616,1749,-1244,1393
22453,6425,-3837,-5986,-1179,507,116
22454,7861,2594,3903,-377,-1731,-1469
22455,1223,1922,-1740,151,737,-342
22456,730,-3829,1202,-38,-757,1665
22457,-973,-5969,-5864,-815,-73,-1902
22458,2065,3933,4472,-715,-128,-1727
22459,6754,-3170,-5894,1708,847,742
22460,-1892,6089,4629,739,632,71
22461,-6857,-907,2022,-1302,-1348,795
22462,4429,7962,-4782,-339,-990,666
22463,-621,-375,5870,-897,-431,680
22464,-7590,-1587,3414,1749,-525,-1079
22465,-610,-3172,-4976,-154,-1796,-1232
22466,-3656,-3474,-4370,677,-377,950
22467,-167,2211,3338,206,-1953,-1275
22468,2399,-1664,2857,-607,-1556,1007
22469,984,979,6198,145,-1636,-1468
22470,-1472,-4316,1142,-1576,-155,679
22471,6738,4883,-6432,-1568,-1752,-475
22472,-1007,2986,2182,712,1062,165
22473,-6428,4483,2501,-1628,-1381,-1545
22474,-7253,5084,5638,-430,1784,-1604
22475,-4250,-2335,-7193,845,-1731,-749
22476,2036,7090,-7308,-470,1649,1723
22477,2502,-4882,-6328,1063,730,1390
22478,-1569,-4587,2667,1302,1597,-91
22479,7984,-4454,5520,636,-903,-547
22480,3246,-3446,451,928,-660,1364
22481,1176,-4252,-7868,-1558,-1673,104
22482,6542,1304,3603,-35,186,1717
22483,5146,2414,3002,1220,833,1173
22484,-3334,4672,6782,-1474,484,-220
22485,-6935,-7567,4959,-1417,-1177,1099
22486,-6007,-3370,5464,-1597,1850,-1484
22487,4112,-2304,1998,-1513,1144,-1167
22488,-7625,-2879,3768,-1408,1496,-312
22489,-3405,5117,-2408,-282,-869,941
22490,-4000,-3369,3481,-1622,-32,1648
22491,-7273,1582,1282,-1746,-1476,469
22492,4067,-5139,-6053,209,-935,857
22493,-6695,-5695,2073,-1960,144,-1641
22494,-5445,-2341,694,-1568,1362,-33
22495,-1718,6682,3769,1962,-1057,-308
22496,-6186,3023,-5161,-377,-525,631
22497,-3592,-3571,7940,-453,19,-25
22498,-5785,-7025,7461,186,-902,1956
22499,3958,-3423,1209,1296,-1587,-795
22500,-5365,-5338,-5737,598,1748,-1099
22501,-7204,6719,-1394,-879,1049,1504
22502,-5670,2095,-4052,-1658,-1858,-1855
22503,-1877,147,3394,1360,-257,-1140
22504,1910,4275,6518,1469,1425,411
22505,3657,-3009,4910,-1091,930,-1140
22506,-4294,-7110,6460,326,-904,627
22507,-112,3359,6774,-1746,-1421,304
22508,1404,-3287,-4109,-1448,-1471,535
22509,-729,-1115,6107,-1387,-1004,-1543
22510,748,-668,7098,1382,-870,-1166
22511,6405,-3446,3775,-1952,530,-1124
22512,5368,-7148,-395,1265,1590,1390
22513,381,-3665,-6533,-970,-1538,1196
22514,-2293,7365,5130,1183,1104,1132
22515,-4395,3992,-3574,-238,-1783,383
22516,7342,7686,-3596,-892,1387,211
22517,2051,6746,-579,1920,-1611,-453
22518,7237,-4840,1170,-995,995,-1728
22519,-1907,-3866,3655,-30,45,1239
22520,1693,6884,6095,-431,-1115,802
22521,6380,4878,-7887,1447,-276,331
22522,-4073,-158,-2536,1090,-772,1874
22523,-1604,-6638,-5791,-169,1182,-1440
22524,-6581,1521,1625,-1621,967,1854
22525,-2635,2463,5667,487,614,339
22526,-5828,6736,-1299,1658,403,-350
22527,-2317,-3636,-2039,1073,-1385,-1256
22528,3145,1338,2199,1276,-875,73
22529,4111,4172,1615,1560,-1765,-1068
22530,6202,-3021,-7075,-1844,-30,-1601
22531,-2171,-6285,-4644,209,-768,-73
22532,2836,-7206,6884,1149,-105,-1988
22533,-1093,-166,4685,547,1237,178
22534,-5662,-3562,-4980,1021,-992,-926
22535,-5685,-2894,-7107,1226,-546,1749
22536,2716,6983,4570,1815,1279,-247
22537,-3621,-7846,-4050,1272,445,1905
22538,4236,-2853,-4623,-1094,-550,229
22539,6623,2156,7155,710,-108,-1896
22540,6600,6222,-4759,-1238,-453,-1011
22541,4648,3368,6274,1003,1514,-534
22542,-568,-708,-4052,179,-937,741
22543,5397,7334,-1088,882,991,-860
22544,-547,-3847,-2461,-85,-1694,1772
22545,-4871,5047,-4826,-702,1953,-1460
22546,5830,6022,3769,-1576,322,-472
22547,3806,-3815,-2181,231,13,-705
22548,-2168,-2560,-1679,-1724,-1815,248
22549,2939,4865,2067,967,-1588,-1524
22550,-5205,-433,5849,-1763,-177,-1682
22551,3117,2443,-5949,-380,75,-1722
22552,6062,5497,-4844,1820,61,-1472
22553,2604,-343,7617,1991,1878,-1966
22554,-2502,-4939,-6682,1181,-1303,1232
22555,-423,-6617,-6639,427,357,819
22556,-1342,2378,-601,1373,-1284,210
22557,-71,-4177,-1463,926,-361,1050
22558,271,-7049,-6177,-226,-1081,1445
22559,7236,7237,-7612,573,244,-519
22560,-4986,-4688,-3663,499,-1286,1188
22561,-7297,7878,-6979,660,1534,-1415
22562,-3526,-4167,3405,-661,-1691,-1534
22563,4819,-2297,7954,-1742,-872,-280
22564,-992,-6477,5612,636,-1916,969
22565,-3534,-2499,691,15,-1649,538
22566,6791,3570,-4427,-812,1306,1474
22567,-4051,-6127,565,-928,1672,1300
22568,-2415,2306,-2762,-1888,-418,554
22569,7186,-7041,2964,498,-276,-1889
22570,6501,-2937,-4814,767,965,-1041
22571,7742,4183,13,31,309,537
22572,6984,7093,-7067,641,781,-402
22573,-1831,7508,-2973,611,1544,1836
22574,7760,542,-1092,1196,1120,-216
22575,1320,-5101,7921,87,-1208,-1423
22576,3631,5089,247,-1972,601,889
22577,-3005,-932,659,-486,-483,-279
22578,-6026,7435,-3068,1357,-1332,-859
22579,-4731,5185,-7912,1570,-451,-513
22580,-10,1144,-6366,-1058,217,1382
22581,-7350,-2275,1573,-101,-1650,-703
22582,-7019,-5777,5038,1943,347,1102
22583,-4821,5589,4962,1094,1061,-527
22584,-336,1387,-1873,834,437,701
22585,5048,3226,-6424,310,1630,-1134
22586,4891,5256,421,681,-550,-104
22587,1599,-6867,5909,618,-67,901
22588,-6799,7786,5811,1744,-321,-411
22589,-2757,3745,4220,-1479,-682,1990
22590,1444,-5997,-6755,1500,944,1593
22591,-1780,-1134,-5777,-999,213,-901
22592,7100,-4270,-2993,-163,-693,729
22593,1573,7863,-4610,-243,635,-1242
22594,3279,-2937,-4866,159,1791,-1832
22595,-7529,-6178,-2107,36,-909,-926
22596,-2796,4213,7580,-1964,-1535,-1914
22597,339,-1891,-2613,1937,-1380,-142
22598,-5943,4037,-4651,1585,998,-1659
22599,4515,-1069,7291,260,-1499,922
22600,6238,-5793,6606,-1602,1958,-1629
22601,7963,-5736,1597,1178,-829,-810
22602,3741,-5616,4160,263,-1796,1634
22603,7346,843,-255,751,938,1645
22604,5887,-5343,-850,1698,-94,-72
22605,-5635,-2889,-6980,-10,-1318,1595
22606,-6044,-7981,5037,1752,445,1741
22607,-1891,-6776,-7449,-1976,-1376,442
22608,5286,-5870,-5452,716,433,1541
22609,322,-3936,-2636,434,-1943,881
22610,6419,-3786,-544,-288,879,-1247
22611,-7343,-3075,143,1665,1429,-1492
22612,-5999,6356,574,-826,-1706,-1861
22613,2877,-5022,-4553,-1482,359,1140
22614,615,-1447,-3172,-328,-491,376
22615,243,3791,-4419,26,1614,-791
22616,-2662,6815,-6741,748,-1973,-1461
22617,-3359,5164,1808,-620,-477,-1561
22618,-3707,-4624,-2768,-956,-772,505
22619,-3777,2916,-2546,1684,-1849,-1667
22620,-3968,6342,-3332,83,-218,656
22621,-6848,4327,4376,1989,1111,1784
22622,-4520,-3599,6827,-1366,906,-1035
22623,-5570,-4184,-4018,1032,413,331
22624,839,3071,-1844,-123,1390,656
22625,4173,-6205,2133,551,1878,38
22626,4504,-5831,-2296,-1583,1827,-832
22627,5511,494,-5776,-20,-646,1722
22628,7042,-5832,4793,1157,1454,789
22629,6390,6379,5101,172,-947,299
22630,-1576,-7623,4149,-289,-458,1217
22631,-6816,1392,3608,-1266,956,1083
22632,-2234,4494,7180,143,1689,-1034
22633,3288,-4895,-4925,-1812,1337,1222
22634,-964,-6470,5550,-304,587,1545
22635,4131,-7998,-4725,-55,-1175,-1914
22636,6099,6133,-4623,-372,1475,878
22637,6946,4782,-1601,-1047,1269,-1453
22638,3738,6997,-1114,-785,-1284,-1953
22639,-43,-6273,5816,550,750,-732
22640,4964,1017,-5688,-350,-1167,-980
22641,-3622,-4794,-2693,1905,-1027,867
22642,-6013,7133,-5208,1515,1912,-1528
22643,-813,7028,-5609,-113,172,543
22644,-3253,2062,1777,-584,-1715,153
22645,-4045,-7369,-5620,419,1831,1778
22646,-1273,-1547,-1576,-226,1642,-408
22647,814,6919,5161,1814,-1783,824
22648,-7289,-6131,-7524,-1218,-393,1236
22649,5864,-1436,4970,607,1843,1753
22650,-3052,-5242,-3644,-755,211,1966
22651,1925,6421,-7086,652,905,-194
22652,4719,3648,4505,-782,952,127
22653,-2085,1910,4975,-942,276,1709
22654,4628,-95,3221,-126,-1533,1888
22655,155,-3922,4373,1536,1330,1914
22656,1847,-6638,6049,700,215,1544
22657,1156,-1767,-4033,-1711,1353,1128
22658,-1532,5578,989,-218,270,1411
22659,-5931,-807,-943,-1282,-1341,1105
22660,-3482,6739,7017,1787,788,361
22661,-7883,2514,3473,-1685,998,412
22662,-5034,-1918,-1110,622,-1569,-1247
22663,2477,4478,-4023,-904,-474,1533
22664,2580,7985,1039,931,131,1368
22665,-6837,1533,-3682,-1283,153,-598
22666,4132,4520,-2115,-1786,828,-1969
22667,-7443,-7806,2691,1570,1823,822
22668,-488,4797,-7608,-1448,-1000,1753
22669,-6634,447,-7596,1792,-1581,1666
22670,812,-2105,882,1533,1674,994
22671,5237,5243,5764,1729,988,658
22672,-3047,-4730,357,-837,728,1793
22673,-974,4549,1151,-496,674,1054
22674,-1130,-1761,316,1820,1737,-993
22675,2732,-1128,-3789,-471,-475,555
22676,-5200,-3834,-6417,-159,-536,599
22677,-4921,529,5171,-1053,983,-1466
22678,5282,4749,2314,770,219,-288
22679,-4531,-1688,-7,-872,9,1495
22680,4675,-5872,1442,737,736,-1672
22681,2927,-1942,6121,384,-95,1669
22682,2981,-641,1194,1422,96,-1067
22683,1960,7013,-6318,391,-1255,640
22684,134,-2586,4559,-22,-469,-1405
22685,-7043,-3536,2110,-1730,-1880,-1440
22686,5253,-5292,6492,-1902,-256,-1477
22687,-998,5543,7406,-437,48,-1752
22688,-7032,-5790,2135,-189,1882,899
22689,-6917,3127,-6076,-1552,-1029,482
22690,-5996,3006,-2278,-1882,1573,-574
22691,4686,-7032,7809,-792,-1547,-875
22692,-1986,5156,2363,687,-1613,92
22693,1615,3632,-7416,-1234,-1633,-317
22694,2634,2097,5286,-604,1951,420
22695,-2399,7452,-3844,-1991,1170,1342
22696,6467,2158,-3142,1721,993,997
22697,1250,1678,-6677,1108,404,-158
22698,-6689,-5212,929,615,1729,1373
22699,6090,-3925,-2021,-801,1234,-518
22700,283,-3363,5731,966,-1906,-229
22701,-4829,-7236,-6428,-707,-1416,-875
22702,7987,-6209,-4571,984,383,1693
22703,-1159,-4248,273,336,-951,-984
22704,-32,-4515,643,-464,1372,1736
22705,5569,1894,4592,-307,29,966
22706,-6794,4911,3495,514,-1605,-143
22707,-7827,779,-6791,-87,-555,-715
22708,4618,1529,4400,-1077,1077,-1870
22709,-3266,-4697,-6151,1680,1819,765
22710,5306,-1290,5274,-807,1804,-664
22711,4337,-1258,1316,-1892,-1774,-564
22712,-5953,4521,-2272,1261,-1487,-821
22713,-1391,-3577,4336,1384,-330,686
22714,-2680,2138,945,1882,1475,-315
22715,5549,1777,-4358,-1593,-379,228
22716,-4553,6057,4805,-1827,-82,527
22717,-2069,6164,-7689,-1890,1214,-1834
22718,2341,7045,-3243,1767,969,1358
22719,-2995,2488,2578,1781,-6,-1865
22720,2434,-6626,1117,-350,-1157,99
22721,1512,-5821,1519,1531,492,-235
22722,5522,4158,-2869,-1020,874,582
22723,-495,-7294,-28,-1999,-1880,1803
22724,-2363,-67,-2909,1114,1677,-101
22725,6019,-5639,-1125,-440,-471,-1093
22726,-5786,-5713,-5021,-1965,-1786,-1828
22727,-6448,-850,-5619,-1154,262,324
22728,2504,-1822,-5099,1165,-931,1880
22729,-4825,-868,-7654,252,-1458,1042
22730,1720,6808,-1092,308,1797,-302
22731,-6214,-2757,-1232,-1435,256,-1421
22732,6745,4066,-7911,267,1989,741
22733,-695,791,-3023,691,-402,571
22734,5060,5103,6347,-402,-806,-339
22735,4373,7503,-3270,1082,-1280,-796
22736,-2482,2656,-5152,943,-173,-1592
22737,-1049,-3862,5187,172,-1252,-1164
22738,-2286,-1954,-6074,-1443,-473,-724
22739,4694,-4129,418,453,638,1199
22740,7895,-619,-2027,585,-1189,-922
22741,969,3719,-6057,683,-1711,-161
22742,4204,1711,-4519,-1559,-1986,-788
22743,1598,7731,1107,-1410,-1438,-479
22744,-2285,-1028,2324,-364,149,-909
22745,-3177,-24,-3910,-209,1121,827
22746,7311,-1453,4042,-589,-1215,-1568
22747,-6135,-4546,-6638,1670,-272,1752
22748,2510,-7104,-5549,-595,-895,1373
22749,-7879,-970,4259,378,-803,-868
22750,-5190,-5629,7355,1328,1087,-1260
22751,6664,6763,6028,-571,-1293,270
22752,1684,305,3855,756,-1617,-1421
22753,2392,-2246,2905,466,-596,-1462
22754,-5423,4632,312,-1671,-32,1230
22755,-6433,7146,1414,367,-981,-1650
22756,-7051,1385,-6912,1089,944,1348
22757,5504,-2260,-7450,-743,1092,1782
22758,-7572,-423,-5494,1786,-1997,-460
22759,5360,4093,-3897,1820,201,1104
22760,-405,2277,-4142,1014,-1120,1997
22761,6696,-3793,-4788,743,780,-86
22762,-5563,2122,4974,333,-1298,1356
22763,-1049,2350,-2108,-398,-1068,-344
22764,6334,1449,7137,-775,277,1697
22765,-368,471,1030,-829,1705,908
22766,2647,1332,-6391,-333,1503,1069
22767,5108,-50,3385,1997,-357,107
22768,-2824,-2260,-6746,1215,-1613,-278
22769,6247,5136,7135,47,-1906,1919
22770,670,7937,-7581,-455,-1548,830
22771,-5094,3640,2339,-1204,-1890,1401
22772,-5947,6045,6814,1403,592,-1575
22773,-1621,-7339,-7480,1611,1471,1303
22774,3741,-7123,-2618,-385,1212,609
22775,-7545,-5826,4748,233,-994,-519
22776,6923,7590,339,-590,451,833
22777,-1417,358,-274,1971,-886,-1771
22778,-6699,-6195,2191,-979,1695,-194
22779,-5144,-2737,-6123,1508,58,1225
22780,34,-7135,-7105,-403,1489,582
22781,3659,6914,834,963,-1294,288
22782,-4401,-6186,6170,893,-453,581
22783,1169,-6892,-5505,-549,1646,1502
22784,-254,-457,-345,-151,-1929,11
22785,-4092,-3894,-2971,-84,-907,963
22786,-3435,-2871,5077,-1138,-1456,-1000
22787,-7309,-551,149,810,1908,1928
22788,1530,2421,-2143,1006,1816,805
22789,-744,1035,867,946,-1075,1819
22790,6555,-4209,6946,138,1333,-728
22791,2050,-4895,2273,-882,-1401,-8
22792,-6881,96,5074,1406,1297,1149
22793,892,810,4271,-455,903,-1993
22794,2458,1061,-5033,-1417,-935,1302
22795,-1574,-5975,3268,1579,1349,1612
22796,7062,-2813,1114,-917,-1346,-1544
22797,-2312,7073,-3766,-1889,1486,-1704
22798,868,7875,-2412,1672,-591,770
22799,-5988,4263,6410,844,-199,-401
22800,4452,-3830,-2011,1336,-1262,192
22801,6299,693,-3844,1981,813,498
22802,6996,-234,5674,-1679,92,1538
22803,1687,-2921,7376,-749,-1505,1836
22804,827,2897,-2535,-676,-1457,939
22805,-6666,4560,5874,490,1435,-506
22806,-6428,-5643,-4417,1891,1859,-1639
22807,-2231,7506,7845,-1155,487,-12
22808,-7750,-351,5531,526,1898,671
22809,5474,-5284,-2940,-924,166,-1242
22810,-5656,-2094,7823,712,-699,1570
22811,1169,-2888,1088,-1445,1479,1547
22812,-5742,921,-1024,638,-1445,-1699
22813,-2598,5786,5932,-1281,1161,349
22814,5492,-1384,-4140,-1625,1236,-1193
22815,-3743,-5055,-815,-1249,1862,-142
22816,-5994,444,5636,-420,-1284,-829
22817,-2338,-808,7314,-948,-1007,-289
22818,5191,4150,4766,-1935,652,-1911
22819,7522,-5790,1835,162,281,31
22820,4552,-2326,4700,426,695,221
22821,-4371,-575,-4665,-95,-85,-1277
22822,-724,-233,7461,1442,-783,-1657
22823,5005,5073,5055,-612,-1966,-737
22824,1616,-5976,788,1607,1519,326
22825,4126,2159,1098,1867,476,457
22826,-3258,-1870,-4822,1556,-1965,632
22827,-6846,3888,-4648,-1471,644,-371
22828,-209,-883,342,-102,1972,-1604
22829,3421,-3881,1114,-254,-281,1126
22830,-7807,-7894,-278,339,156,333
22831,-5201,-5265,3922,-236,-20,-988
22832,-7401,7187,-4412,-1852,295,-565
22833,7864,-793,-2370,-821,-15,-1927
22834,4403,4640,6782,392,-302,-444
22835,2572,4607,4967,-611,1969,-1079
22836,-7258,-4888,-2053,1476,-378,-354
22837,6403,-3520,-6617,-1701,1115,1143
22838,-1807,-5545,1693,1856,344,-1562
22839,-6269,-7464,-1024,-301,-1292,1911
22840,-419,5329,-2984,441,1949,1829
22841,3763,183,-5696,-501,-1088,39
22842,-2931,-7286,-263,-396,-873,860
22843,3260,-3432,-4568,843,515,1538
22844,-7419,342,-4995,-1601,107,1489
22845,3459,-1640,-895,750,1125,-1333
22846,4797,5770,-7190,-275,-894,469
22847,-7785,1890,-5271,571,1810,1175
22848,-947,7523,7387,1935,416,-1730
22849,-2696,-5820,5104,-632,-1558,-1353
22850,6399,3747,-1180,1841,-482,1458
22851,-150,6992,-3578,-976,601,1729
22852,-3145,-691,-6137,1456,21,-1830
22853,-5158,2071,-2021,-946,-237,-658
22854,1527,7257,6774,1805,-410,1822
22855,6100,-4448,7482,-7,-1037,27
22856,918,1555,6852,333,-865,1168
22857,-3419,-7793,-5394,1059,-1663,-1803
22858,-5301,-5,4839,1260,-1832,-1526
22859,2952,-384,-7069,-1591,-1719,1539
22860,-1764,-1961,-2215,-66,1613,570
22861,-6448,-6942,7870,-924,474,615
22862,-508,865,-3413,-1876,1830,1827
22863,-3295,6953,6578,1471,-1927,1894
22864,-7703,-6732,-2723,-530,1275,548
22865,-6790,5374,5014,1406,1254,877
22866,340,3648,-4386,1239,1749,1989
22867,385,-2285,-2947,-642,-1159,-1800
22868,1750,-2524,-7316,-734,-1838,-1142
22869,2345,-3823,-4914,-1298,-1680,-1729
22870,-7471,4312,6740,1935,-1381,-1804
22871,4027,-534,3282,-1419,1613,-1016
22872,66,-6835,5478,-1840,-758,-1045
22873,-5683,6872,-123,1949,1022,494
22874,-7022,-6802,-2119,1835,-1862,-1453
22875,2909,6040,117,-998,906,1025
22876,-5243,2277,-1281,-1336,-1987,-88
22877,-5220,-1557,-6476,-1511,1703,1332
22878,4521,519,274,1575,1818,-1061
22879,-7075,-7306,3978,-1628,-271,-1960
22880,-3893,-2050,1371,-1470,283,401
22881,-4757,4717,3669,99,455,116
22882,-2496,1325,-2887,872,1532,-1465
22883,5357,-7305,-1331,1487,21,-131
22884,4898,2921,7446,-787,-901,485
22885,-346,-5035,-2045,-1819,560,-1478
22886,-1391,-5682,-5693,-1260,-211,36
22887,-2219,-4648,7833,-719,118,-929
22888,4341,-7928,-4981,400,-878,-182
22889,4355,5004,4541,1248,1829,-658
22890,1042,2179,3420,1784,1825,1547
22891,2730,-3693,-5816,-1265,-1070,-477
22892,-2910,4442,5555,-451,-910,714
22893,-7344,-2361,-2866,1996,-1370,-1825
22894,-4479,3674,-1292,-849,140,338
22895,-5142,-5080,-1796,-796,1483,433
22896,2318,-3858,6356,-1789,1689,414
22897,-5793,1153,5550,-313,-25,-1911
22898,-3583,-4567,1292,-1644,-1110,-224
22899,7974,1624,6571,1687,-588,841
22900,-3684,889,4663,842,-607,1837
22901,6963,6866,5979,441,1411,1806
22902,-7803,-7280,-6976,-1207,460,-1014
22903,-2383,2757,-5087,-1399,1041,-589
22904,-7517,632,2299,-1518,-958,-388
22905,3536,-3341,5132,192,-1196,1033
22906,-308,-3961,594,-1077,-695,-1725
22907,634,3303,-4945,-238,1550,1271
22908,-3474,-7736,4615,-1320,-1099,-640
22909,-5314,2566,6614,1689,84,-669
22910,7230,-5351,-2869,-1624,412,-1815
22911,5420,-1072,1512,1358,-120,-192
22912,-3387,1149,-7792,745,-873,-1853
22913,-5877,-6322,-1560,-1567,-1174,-1693
22914,-7048,-265,6741,361,-1930,-959
22915,4570,180,-4245,-886,-1334,1069
22916,-6826,1372,-4220,1453,-739,-1268
22917,-3964,1223,-3739,-168,-1776,-806
22918,6318,6104,4566,1110,1610,176
22919,4822,6279,3918,-207,1530,-109
22920,3501,3341,-3826,-682,-1106,-1075
22921,7914,-3551,2110,458,-829,-1593
22922,-7139,-3742,5289,152,1720,1231
22923,-1426,-2063,857,1202,503,-1224
22924,-1355,-5778,5272,-829,1942,-1362
22925,-4281,3989,-3122,-130,1245,-389
22926,-5144,7967,-1245,-64,995,-219
22927,1510,-6487,-208,-773,-1889,484
22928,2780,-6376,-7581,827,913,-1014
22929,-4067,5662,-6425,344,-920,-1424
22930,5166,-1550,-387,1091,-1286,-200
22931,-556,4213,-5593,-805,437,-96
22932,1717,-4439,6006,-1268,418,-129
22933,-6409,7752,696,-266,1563,1135
22934,-3227,6500,1873,-368,-152,1199
22935,3081,-5307,5256,542,1332,611
22936,-3068,7300,-4994,1562,-166,-853
22937,-927,2107,-1016,1365,147,-606
22938,3513,-2905,-6503,1108,1312,1908
22939,4743,-2266,1401,716,65,-380
22940,-6521,3445,-5526,-750,835,-1286
22941,-6077,-1265,3399,-1874,-1059,327
22942,3542,4126,6393,1454,-1495,29
22943,908,-6715,-5698,-499,579,-1866
22944,-134,-4858,-4052,1417,1934,-535
22945,7683,4611,861,1499,-782,-1749
22946,-7567,-3943,4394,416,18,-387
22947,-6321,6786,7759,707,1339,-1644
22948,6082,4929,-5243,892,-1435,-768
22949,-3017,-6025,3669,-330,1012,-1602
22950,-7299,3861,3819,-1125,-1622,1055
22951,-4929,7584,2843,-311,-1814,-1642
22952,-7653,-2911,-4193,-53,576,-603
22953,-5842,-5399,3177,-918,1043,422
22954,-390,4409,-5591,-376,-1471,-1889
22955,1661,3010,7638,726,-704,-1806
22956,503,-2231,4528,-1771,-1686,99
22957,7912,-5794,-6187,1656,-353,-332
22958,-3894,1441,-7077,1347,-1708,-717
22959,6232,3356,5763,1723,-1563,-1035
22960,-506,-6657,1373,1414,1384,1966
22961,-4328,-921,4840,425,690,1306
22962,-7095,3047,1670,1579,-1606,-1285
22963,7997,3181,2438,266,1305,-46
22964,-6244,5038,-2268,-365,177,158
22965,-6576,7769,4090,1110,-545,534
22966,6438,991,5803,-1990,-1324,-411
22967,5259,-6742,-349,-1822,-1426,765
22968,-6574,4390,3226,1701,-620,-991
22969,-4300,-4681,2177,-817,-1768,-162
22970,6928,3398,-1592,-1852,-1049,99
22971,-861,6264,5782,-687,-1209,-1276
22972,7615,-7793,5145,853,-1268,1599
22973,6267,-4024,1662,191,-743,-1285
22974,-7138,5190,5896,1926,-1446,-1364
22975,2575,467,-1385,938,470,-1504
22976,-6964,-5984,-6069,-1847,-399,1402
22977,5585,4511,-1004,657,153,1319
22978,3812,-2429,145,1866,983,755
22979,320,6964,-369,-1803,-143,-1719
22980,-4332,3075,2699,-1107,1686,-802
22981,5538,7756,1210,1781,-406,1302
22982,-925,5764,-6840,1173,607,35
22983,5743,5688,-5910,-1845,1039,1902
22984,1943,-2631,7937,1985,-12,-147
22985,-19,971,-3105,-975,462,-1574
22986,-1602,-4294,4850,1579,-1157,1800
22987,3538,-1999,4219,161,-219,-662
22988,6611,-7354,-4405,664,-412,-56
22989,3324,-2896,-7962,-1010,-667,-621
22990,-5693,-2052,-4276,944,663,-1688
22991,4529,3095,-2433,-804,1744,818
22992,-487,2012,4815,1805,1624,-176
22993,-3690,-4690,-4235,1226,1725,-1248
22994,4484,-4371,-5551,-1074,1566,-106
22995,-5835,-91,5696,639,-1003,-358
22996,6920,6037,5726,-343,-515,-550
22997,6608,2658,4230,277,1196,1449
22998,-867,5961,7151,-367,-509,-1471
22999,-1180,7271,6791,-1636,414,-121
23000,7785,687,-2282,1516,-824,-1263
23001,-7969,6941,-5134,581,-679,525
23002,5515,6086,5842,1319,425,1254
23003,5838,-283,-2686,-1101,-1066,1218
23004,3864,7425,3613,-1032,1216,-649
23005,-6367,-5061,2163,703,616,648
23006,6061,4756,226,-880,812,-972
23007,-3005,1204,-681,1715,1306,1572
23008,1150,1365,5312,-623,1176,1570
23009,-7566,5338,6560,-1396,583,-1381
23010,6887,762,-2609,230,-253,-1748
23011,6489,590,6517,-1428,840,1391
23012,5173,-7864,-52,-195,-901,1762
23013,-1378,-7268,6420,131,-573,1514
23014,7686,401,7000,-1452,757,-968
23015,5742,6116,2319,-1677,-195,-1622
23016,-555,-3274,-7546,-487,144,-583
23017,6675,-7313,-6502,-1819,1572,172
23018,3356,4086,2187,1951,-521,-1399
23019,-2188,-7179,2886,-644,-1632,-1278
23020,-628,-2004,5673,-517,524,-517
23021,-1415,-2827,-7903,-1599,-1048,81
23022,2688,4874,413,-394,679,-329
23023,3034,7098,-5722,79,1149,1918
23024,385,-4726,-7983,793,235,113
23025,-7123,-3196,-5068,-68,-1210,883
23026,5029,7804,-5790,-1777,-1951,532
23027,5955,5127,6711,-547,959,-1236
23028,4909,5452,-530,-634,847,-946
23029,5406,445,945,-327,-1587,-1416
23030,-5028,1641,-5821,492,-976,1806
23031,5971,3630,4090,23,-267,1035
23032,-2278,7671,4170,901,431,921
23033,5085,146,1926,-547,513,-389
23034,3363,-1029,1658,1544,-422,-1244
23035,7777,163,5098,-179,1225,875
23036,-1810,562,1441,1873,162,728
23037,4053,-5770,-7032,-577,1582,-1773
23038,6841,4385,7956,-1773,979,-1661
23039,-6872,-110,-5911,-1209,-622,1052
23040,-3507,-6335,-2207,804,498,-1293
23041,-1861,5984,4722,17,-1936,-354
23042,7957,-2076,-5923,1267,-1659,-1241
23043,-6910,2675,4123,-848,1808,-794
23044,-6571,5976,-2974,1796,-1747,-854
23045,4637,3267,5800,227,808,-252
23046,-7635,6726,-3354,63,509,868
23047,2164,7919,6054,154,-1047,-612
23048,2212,-937,1378,-193,1475,-1437
23049,-6224,-7647,21,451,-1975,859
23050,-6660,4905,-6962,-1257,703,-1819
23051,-7126,-5533,-6517,1547,-1919,-999
23052,-7835,-1553,6416,-1093,40,524
23053,-1827,6375,-5034,-1567,-522,-917
23054,3371,23,6121,47,-948,-343
23055,-7913,1900,6039,-978,-429,-805
23056,-491,-5239,-172,49,833,-246
23057,-5444,2511,5448,-75,-1460,1054
23058,7571,-7976,77,-1131,1145,1172
23059,1014,-7540,50,472,-999,-236
23060,5474,-5896,4971,-301,-446,-446
23061,3975,-3793,7568,1817,1086,-849
23062,-5635,-168,-4152,-802,-879,-483
23063,5286,-7289,-7647,1410,162,-431
23064,7012,4167,-2599,1774,1332,-854
23065,-6546,6528,-7023,713,306,955
23066,3779,5508,1148,1577,-1677,-1269
23067,-1622,1287,949,-859,1948,1813
23068,-6815,-3885,4903,-1316,1438,791
23069,-698,-1395,-319,253,-1756,1476
23070,-7919,-4874,-5236,1037,1317,1329
23071,-6849,7459,1338,-249,-306,366
23072,7895,3230,-7831,-1469,214,119
23073,1570,4251,-5362,137,1479,540
23074,-1497,7159,-6797,31,1356,1923
23075,2983,3995,1408,-527,753,-1488
23076,-4227,5409,3045,734,-671,-1543
23077,-1330,-1794,-617,-572,-1792,-424
23078,7933,1354,5406,-225,1980,1087
23079,5716,683,-5968,-1278,1637,-923
23080,866,-3695,-5267,824,548,1044
23081,2662,-6314,-6019,1739,1262,-1247
23082,56,2212,-5805,-143,-704,736
23083,-7509,5482,7856,-1795,-133,-1852
23084,-1994,-5872,7365,-1135,1890,1175
23085,-2040,-1053,-7451,-604,772,-1280
23086,-5568,-6660,2888,1341,-1859,-990
23087,1201,135,-1553,-957,-912,-1636
23088,-782,-3954,-2603,-1179,-570,1729
23089,-7851,-2206,-7750,-369,-322,-554
23090,-5695,4744,645,-1160,-991,1801
23091,6186,6179,-2126,-762,239,740
23092,-7638,-6837,3580,-449,-1505,-1900
23093,730,-2172,-2370,1653,-469,-1928
23094,1482,4137,-679,1741,-1992,-1244
23095,-7949,85,-7757,-583,-827,1096
23096,-3442,5254,26,218,583,1342
23097,7266,-3581,-759,1635,55,-1106
23098,-5383,3443,6850,-1859,-840,-1814
23099,2259,4358,-1058,1343,-159,-1613
23100,-2768,-4785,5945,1510,-776,-1179
23101,4092,3810,-700,819,15,-1184
23102,-5875,-1631,-1963,-1092,-8,1038
23103,-1771,6540,4267,435,-509,393
23104,-5155,3887,4858,-1619,409,-1846
23105,-4993,5610,275,242,-419,-1822
23106,1654,4263,4253,1300,1748,-1055
23107,3641,-988,294,-1420,-224,910
23108,4179,-3832,3231,-1896,-1122,-284
23109,3527,-6319,1092,707,1536,1520
23110,7235,-5822,5014,-90,236,-1593
23111,-41,-4957,-6641,-1445,834,-1743
23112,-4520,-1495,1837,-286,1706,-471
23113,386,-5963,7276,-1416,1055,256
23114,-1917,-3389,-6714,-1878,791,467
23115,-3657,-5218,6343,531,636,1326
23116,-3902,1186,-3812,1130,114,-706
23117,5453,-6629,-2449,1711,118,489
23118,3991,7244,-7325,1353,1583,-1064
23119,6616,6438,-5576,-1848,-1786,673
23120,5875,-4786,4163,-963,1098,970
23121,-7541,-7195,5891,-751,-1795,-61
23122,2798,-6341,5840,-1937,1092,-726
23123,2565,6118,-397,-1292,-133,1443
23124,3220,-4704,-2564,-1604,-744,-147
23125,3055,4744,-6540,521,-722,-1618
23126,-4446,-4080,590,-693,404,-104
23127,6240,-2469,1497,-1498,32,908
23128,7910,-1430,-5328,405,-342,-1200
23129,5628,5255,692,297,704,486
23130,-6738,7507,3896,906,378,-1610
23131,4456,-3991,-3505,83,104,-1853
23132,-6272,-7868,7508,1600,-344,-41
23133,6264,5443,-4355,-1241,-1561,-1275
23134,5144,1109,6342,-529,-45,-419
23135,995,4100,1422,-331,-763,333
23136,-7001,2909,-298,937,1611,-1952
23137,-1144,5675,-7163,1748,-241,-1431
23138,-83,7989,4517,133,-1962,1755
23139,2082,1677,2299,1045,1057,-614
23140,5645,-1010,-7185,-1498,567,106
23141,-4873,507,5587,-1385,751,-758
23142,-5943,2568,4083,-126,417,-1086
23143,1491,4331,4527,599,1683,-961
23144,-3345,-5022,4229,-776,-33,-1635
23145,2539,6263,-4898,-1792,1845,51
23146,7949,-7046,3413,221,-870,323
23147,-1822,-5848,5308,801,-1541,-972
23148,5467,3365,5071,203,-1625,-884
23149,-5855,-6682,-4832,362,-1375,-999
23150,-4291,2797,6489,-240,559,1906
23151,6567,5728,-4175,-800,-1536,-1981
23152,6569,-1377,-5006,1843,519,-623
23153,-1142,1807,5968,67,-1514,194
23154,-3611,6498,4927,1077,332,-494
23155,6657,-1025,5229,-1587,1872,1639
23156,-67,-6272,-4753,1088,1569,-880
23157,-1048,-2086,-4201,1030,348,230
23158,-1612,-1243,-3714,-1912,-274,28
23159,-7175,32,5729,652,408,-485
23160,3774,5354,-5510,453,-1517,-1840
23161,-3835,-1353,-6763,1278,380,684
23162,5490,7849,-5957,-1925,1430,-1847
23163,-3045,-5048,4861,-432,935,-386
23164,1859,-1513,3676,1464,1748,-1401
23165,-4926,-5156,-163,1401,600,1965
23166,-4911,-2200,2935,1746,1470,-672
23167,7457,5585,3818,-1602,616,-1130
23168,2269,-208,2191,1203,-1543,1543
23169,1607,-2576,3678,-1993,1065,744
23170,4406,-1151,-2110,-1796,-1531,1996
23171,-6608,-2197,-920,1726,1328,-261
23172,2437,-1180,3767,5,731,-852
23173,-707,-2386,-5702,458,242,661
23174,5491,4755,-2220,-1439,-1751,-690
23175,2349,6301,5810,421,1056,116
23176,-7441,-6655,7091,1005,913,433
23177,-7095,-2762,-6795,50,-1842,1915
23178,4044,6231,7743,1445,1988,-1150
23179,-7523,3234,-4859,-304,-1224,664
23180,-4937,-4392,-2695,-1218,-1466,-1511
23181,-4457,-7030,1200,660,-441,1023
23182,6296,6999,-1958,-712,-150,382
23183,3609,-5894,-1066,-833,-1459,-1872
23184,6012,-1601,-762,-1548,1548,1154
23185,-3603,5100,3264,1426,-1321,-738
23186,4926,-7063,5365,-725,-490,591
23187,5711,4549,3665,-1556,-1962,1201
23188,4538,3179,-7099,-156,-463,-692
23189,2132,-6257,-815,-226,-448,21
23190,257,812,1013,-1206,-845,-599
23191,-3318,7785,-5158,-966,-879,-1600
23192,6946,1242,-6197,-1214,-867,-493
23193,4859,5651,7427,-1061,-1582,-1575
23194,-4645,1618,-2535,-209,594,-672
23195,-2865,4841,-6363,-107,233,83
23196,-113,-544,1657,-1624,-1059,1077
23197,419,7927,-6554,23,-1764,-1210
23198,-3278,731,6672,820,-305,1166
23199,6619,5524,-5105,-1406,-1455,773
23200,4008,-6907,-2748,622,-1972,-1390
23201,2594,-1238,-328,-1796,1661,169
23202,5871,-4152,-7003,-428,-201,493
23203,2081,-1621,5246,-692,-1879,-231
23204,7760,-4785,-6301,1823,1540,-66
23205,-5022,-910,-3841,-1836,325,-754
23206,7863,-2190,-6733,-605,1905,1264
23207,1532,-4184,-479,-1363,-680,-557
23208,546,-4288,-1008,1281,1727,-1856
23209,-1268,6964,-4587,-1111,1968,302
23210,-6685,-5431,-1081,-1247,359,-994
23211,-5720,-4718,7147,1534,1443,787
23212,-2388,-2716,-7622,-407,-303,25
23213,336,1183,3257,-1634,-782,-1547
23214,6179,5543,816,-1613,-240,1580
23215,1932,1372,3919,-818,-176,-163
23216,-1641,-7124,3649,613,1951,1796
23217,-5321,4234,-6830,134,-196,68
23218,3824,491,-3488,1245,-188,884
23219,-7144,-248,-3606,-1839,616,-1197
23220,3234,5772,7746,1647,1706,-331
23221,-4729,-2208,6534,-1742,-1993,-1981
23222,6551,-7022,3562,1210,-64,-500
23223,-3403,5385,7786,568,-597,-273
23224,2224,-1983,-5181,82,-307,1720
23225,7166,-3054,-4173,1149,444,509
23226,3992,5701,5025,197,1844,-1558
23227,-1747,4869,6581,1207,-895,713
23228,1670,-5339,-2485,133,931,-518
23229,-194,1987,-6848,894,1297,1685
23230,2594,6085,-5091,-1707,568,-577
23231,-4238,-4526,4203,-1158,-1456,858
23232,3573,-7547,-6582,-1276,1480,1287
23233,-2329,-6786,7776,-452,1211,1560
23234,-6630,-2006,-7838,-717,1420,1576
23235,-3423,-5012,-1007,-1076,1135,-1196
23236,-1159,3818,527,1406,781,-1148
23237,-4335,-80,2839,1713,134,1228
23238,-2799,1916,460,1024,1143,-968
23239,317,-720,-1650,1444,-1566,1982
23240,-3906,5017,4004,1345,-404,-117
23241,963,-2124,2991,-303,-256,880
23242,6755,5394,1813,-1711,830,-725
23243,906,3800,-7428,-11,-1427,750
23244,-6360,-6550,5257,1280,1271,694
23245,-301,7603,-5009,-1490,1031,245
23246,3368,-1074,1618,1193,-1584,-1357
23247,-7165,4840,7568,-366,1118,1908
23248,4765,2108,-4068,-151,-1170,782
23249,-7164,-518,-6514,1118,-1597,-1016
23250,5302,7338,-5929,1416,-644,-1741
23251,6573,598,4732,-516,514,1363
23252,-5609,3937,-6694,-293,529,1797
23253,1010,6346,3731,-1650,1980,426
23254,-1347,3161,-4413,945,-1095,-949
23255,427,5731,-5035,-906,123,1408
23256,-6988,7835,-1179,-1238,924,-461
23257,-4821,4856,-3467,-778,1235,-1939
23258,38,-1739,-1728,687,127,-257
23259,-7923,-5825,612,-635,1272,566
23260,1190,2307,7540,1163,-806,711
23261,-2097,-7708,-468,-15,-866,1421
23262,4334,-2003,-1495,1173,1476,-392
23263,-186,1765,-4539,-1378,1956,1483
23264,7170,-5761,-1511,1188,-1932,-1166
23265,4068,-6509,6993,685,1841,-1700
23266,-2784,-2457,-7276,1380,224,-811
23267,-341,3290,1495,970,-756,-191
23268,7088,-6349,6770,-393,-668,-989
23269,-1479,7177,6241,-1542,1866,399
23270,-3056,-1293,-1745,-1736,1752,1672
23271,-253,6972,4688,729,-150,-333
23272,4201,-6496,1395,-384,-87,436
23273,65,1516,-5185,1524,972,-1882
23274,-3640,7903,-6104,-1871,1106,819
23275,-3136,-5365,-2439,1847,-1107,-973
23276,4011,-2437,4206,-1658,-227,1138
23277,4449,5369,-7811,1306,668,-1489
23278,6768,-7745,1403,1072,-1132,-1997
23279,-6515,-3848,-7416,269,-1777,662
23280,-3186,-7624,3104,-370,41,1292
23281,-5769,-1818,5196,277,423,-1488
23282,1367,7549,5925,-427,-1583,1662
23283,-499,4383,-48,-568,-297,-120
23284,5356,7071,-1339,1728,186,-844
23285,1572,6972,1551,-1062,-1511,1253
23286,-2310,-1483,5331,580,-363,-368
23287,-4856,2506,3835,1703,1566,951
23288,-5771,2042,-3228,1671,-1052,1732
23289,-3931,6421,-2924,-1101,-1392,757
23290,3602,4938,566,-355,-59,1517
23291,77,-3763,3007,1201,-711,535
23292,7776,7234,2981,1258,-1745,-104
23293,-4718,6746,5700,-420,-757,449
23294,-6310,1683,3451,-1007,-1102,-1552
23295,1383,-916,2605,-1243,-611,464
23296,-5110,7484,-7703,931,197,676
23297,-6295,5113,-3350,1189,1545,1276
23298,-3334,-772,7486,-1843,-1636,1335
23299,-7529,816,-1567,-1249,-1422,-1579
23300,-6773,5593,-5366,1873,-521,-513
23301,-255,-7604,4958,1715,1824,-1966
23302,1381,7997,-3581,-1729,200,-1669
23303,-657,-5212,2697,-1871,-1389,-1118
23304,-7123,-6501,4629,-1090,-836,-1914
23305,3556,-884,-1367,266,-1297,1866
23306,-5719,-3902,-5502,-1643,960,-1226
23307,-610,4660,2292,1403,859,154
23308,4157,-2626,4743,1560,103,577
23309,623,7988,6914,-978,-1568,-1662
23310,7267,-7200,6866,-912,1143,-996
23311,2758,5353,6222,-820,-618,-174
23312,2745,-7254,-4044,1659,-385,1496
23313,-1091,-2013,5961,-328,55,6
23314,2569,6315,-5983,590,934,1108
23315,754,-1051,-7388,-1729,820,720
23316,6352,4284,784,750,-285,1077
23317,5231,3442,4411,-1437,562,-833
23318,-709,7521,5966,-1500,-154,-673
23319,-2625,-5612,-5349,1473,873,-1838
23320,130,-610,-5840,628,-715,-446
23321,-338,-114,523,1825,1651,-1297
23322,629,3484,5542,-186,-1257,1471
23323,-4414,-6264,-1356,-1768,-1944,-24
23324,2454,7005,132,-696,136,121
23325,1387,-6996,4790,315,178,-107
23326,2702,6067,-3264,1244,-1358,-1419
23327,2789,-4508,-1999,-546,-1711,1875
23328,-3922,-10,-5009,1423,-1602,690
23329,5506,1403,6980,-1367,-1294,1225
23330,127,-1631,-7799,-1723,1643,1997
23331,-2312,-5278,4328,-1045,-1097,1756
23332,5139,-1301,-2644,1328,839,-1067
23333,-2309,-3028,-4630,-249,1144,-59
23334,1617,6441,-2091,-1571,-1999,-1213
23335,-5319,5672,-2508,-565,1191,-1509
23336,7228,7908,517,871,306,-1748
23337,-4047,-2500,-7017,720,-916,-1844
23338,-704,-6724,-428,1827,-378,209
23339,426,-1499,-1334,1716,702,67
23340,911,-4533,4064,1572,1868,-1945
23341,-2713,2661,3133,802,-1964,478
23342,-6115,-7489,5351,400,226,312
23343,5449,115,5453,-897,-1523,-978
23344,-5869,-6047,5520,-200,1837,-1897
23345,-6423,3512,6319,28,-1556,1262
23346,6101,7762,1705,-418,-1637,1973
23347,6838,511,-2611,173,1963,225
23348,5424,-5006,4845,1047,-1067,-1865
23349,-708,6765,-6211,-89,-201,739
23350,4184,740,-6625,1851,833,1029
23351,3455,-6237,-1926,-1707,1071,1655
23352,-5230,-2047,-2727,657,619,1366
23353,-7973,2690,5846,-1561,-219,-1092
23354,5060,-7328,2815,197,-704,1540
23355,2355,-5750,-1817,1616,-1934,-1445
23356,1033,7157,6788,1921,623,1785
23357,-7256,2480,956,965,1875,465
23358,5893,-2663,-5617,1190,-1334,1049
23359,-2408,6911,1672,-1154,321,1238
23360,-1174,-4748,-1019,286,1588,-1326
23361,5286,5410,-1175,263,432,1166
23362,-6285,1419,-1733,1291,-583,193
23363,-532,-4864,-1562,1149,1970,-512
23364,-1722,2508,1049,1349,206,916
23365,447,2202,3723,5,1299,-847
23366,5692,7412,3602,311,-1489,1484
23367,3992,-7401,-1195,74,1402,-651
23368,-2124,-4963,2451,-280,372,279
23369,2307,-5074,-1964,1616,-967,-1872
23370,555,-2494,-4412,-1816,1841,-1948
23371,-7494,-4360,7399,-1013,629,-405
23372,-2716,6658,6067,-1986,427,212
23373,-1770,2230,3388,356,-268,-476
23374,-6266,6746,3205,-206,-245,-208
23375,4097,-7255,5052,-1281,-770,1734
23376,-2872,7007,5894,1867,-304,293
23377,-3824,7644,1018,-1366,-1496,1840
23378,-6715,5472,5430,-40,-1033,373
23379,-2697,-1013,-4667,-832,130,915
23380,763,-3406,-7163,-1884,107,-1367
23381,911,4168,-7628,393,-790,-1058
23382,-3537,2234,4764,91,-1952,1924
23383,2674,-2086,-5633,384,956,1961
23384,2813,3815,-2984,1665,440,-98
23385,-5106,-7624,-5043,1528,421,-189
23386,-3608,5867,333,292,-1950,58
23387,2600,-3600,-6537,-564,-1818,-888
23388,5580,3406,2571,1076,1553,-1940
23389,6977,-6545,1704,-1306,322,-626
23390,950,6433,7458,254,468,-753
23391,-5615,6483,-500,335,-1969,278
23392,6951,-1922,7003,-1935,-181,1243
23393,-6340,-3052,-964,-1338,-861,-1861
23394,2672,5372,5227,1805,1544,-355
23395,-1185,-2574,-6150,-1619,1164,1183
23396,-6858,-1528,-7184,1886,1549,840
23397,5860,-4040,-271,361,-836,144
23398,-3952,-4908,-5583,449,1060,951
23399,1112,2409,-465,-120,1238,461
23400,-3544,-6813,-2258,-1268,-994,427
23401,-3091,-1415,4794,913,941,-248
23402,-7079,197,-6942,1058,413,1967
23403,2246,7428,-6794,-1863,-1302,-350
23404,-4987,7971,-4839,-199,-146,-1557
23405,3211,-4281,5951,-1994,-532,1517
23406,5756,-7882,-252,-1036,370,-1812
23407,-5256,3230,-6744,1474,-643,-1782
23408,961,1375,4701,-953,1854,-1527
23409,-7502,898,-6849,584,776,1529
23410,-3155,-4199,7281,-516,-311,280
23411,6978,-2771,-1158,534,-358,-522
23412,-2379,-5659,-3935,332,-1832,553
23413,1211,2711,1524,-449,-1775,279
23414,-6935,3271,-91,759,-290,-527
23415,-5321,4828,6395,1431,1854,-1208
23416,2330,3759,-2690,1702,-1312,-125
23417,-6181,-4267,3246,-1293,202,627
23418,3906,-3877,5716,927,-741,-808
23419,6988,4621,-7266,1938,-1609,1994
23420,3560,-1743,-2835,-424,1845,-572
23421,-1690,-6907,7986,-244,-1519,-620
23422,7628,-6793,4311,1541,929,1535
23423,4582,-4342,-6012,55,1098,-1780
23424,1857,-5661,5138,-973,719,152
23425,-3151,4145,3311,355,960,1710
23426,7630,5134,-1512,-1512,-1869,1134
23427,5098,25,-7010,-1841,716,-1106
23428,-5228,5556,-3623,738,-1401,656
23429,-4869,3521,7490,-1899,-392,579
23430,-7827,5984,5201,-1528,1736,-964
23431,3816,-2150,1123,640,-373,-1187
23432,-6934,-2819,7841,1813,1744,917
23433,4826,-2589,600,114,1837,-840
23434,1731,1112,-5850,1779,367,522
23435,7900,6893,6034,774,-1196,258
23436,3628,-5932,-7752,-613,-1334,161
23437,-2615,574,6409,1228,417,227
23438,4387,-7792,-5049,857,-1857,1607
23439,4995,5349,5900,1772,153,826
23440,-546,6146,-5174,-536,-834,87
23441,3041,-7798,-2775,-177,324,385
23442,1324,-1042,5520,-1114,-1506,-1641
23443,-5358,-3339,2648,-458,1011,-972
23444,-590,7215,4029,-885,987,-276
23445,5609,6202,-840,894,-1587,-1691
23446,856,-6080,178,705,-996,1058
23447,-7451,7159,-4719,-636,-1714,-1963
23448,7563,480,-6961,-1308,487,-1877
23449,4786,-5527,4373,973,1691,1102
23450,605,-5706,-1240,708,-1829,-1378
23451,-6057,4285,7745,-1330,961,-971
23452,7010,-286,3847,190,1840,-1623
23453,-6162,1751,-1172,-15,-1369,-846
23454,-176,-3108,4101,-1680,1889,638
23455,2004,2480,3749,917,1736,-1769
23456,-1613,6439,-4606,-819,668,-1541
23457,3443,5020,3866,1142,-1905,171
23458,-2592,-1677,-305,129,-837,847
23459,-2230,780,-3298,683,1255,-146
23460,2985,-3992,2656,-1280,-759,-1669
23461,4077,1837,894,1802,-1893,-1541
23462,7949,-6614,-2837,1669,-1924,-1177
23463,6830,-118,-2230,-781,-625,-338
23464,-1796,7275,4110,910,-1024,1355
23465,-7607,6306,3042,1987,974,550
23466,3183,2221,-5951,-205,-1357,-1502
23467,-2832,2505,20,1800,-1931,-86
23468,1318,6992,5404,1989,-687,933
23469,-7807,1017,-5468,-1947,972,-583
23470,-492,-1359,2279,-881,-76,1306
23471,7735,5464,7360,-1804,1668,1779
23472,-36,-4508,-6778,1891,895,-1674
23473,2238,1477,-3233,-904,-280,775
23474,-3102,7721,4676,1200,1793,-1650
23475,-6738,7748,-133,1731,-120,1259
23476,-7305,-4918,1885,1438,-1478,-1222
23477,2842,-4307,3494,1341,400,-1066
23478,7239,-6384,2109,1237,-262,-929
23479,-4952,-1311,5628,-311,609,1245
23480,-4755,-7996,-2159,-1139,-654,-210
23481,2791,5124,-5254,955,892,-1317
23482,485,-4618,-7963,1101,-307,593
23483,-1621,-4398,5381,-1850,-1383,32
23484,2022,2044,-4339,540,-583,-694
23485,-5310,3595,7963,1800,-1761,-579
23486,1963,-3049,-1812,-1014,697,1138
23487,-2559,7999,-6763,-831,-1496,1462
23488,6777,7767,7531,1141,42,84
23489,1437,1999,-2764,1975,-854,1763
23490,3464,2525,6282,909,1886,-1555
23491,-6527,-1222,3538,-1840,-1754,1936
23492,-2534,7049,3414,1552,1435,-894
23493,4067,3009,-3747,1280,1767,-1327
23494,28,-6777,-5025,-1678,-610,473
23495,5612,1372,-5489,1464,1270,417
23496,4130,1726,7407,-1795,1984,-1120
23497,-1776,-5670,7937,1327,1271,-646
23498,-3005,6579,-737,359,862,-132
23499,1417,2235,-1726,-1119,-1416,-51
23500,4958,1791,-1917,24,795,446
23501,197,1550,4902,-542,1034,-916
23502,-3954,6358,1178,740,1311,435
23503,304,3077,-4423,-396,-679,533
23504,3172,-7611,-7247,1538,-386,-1590
23505,2242,-7366,6694,1241,-1076,1106
23506,5827,7767,2340,1948,800,-163
23507,-1042,-6726,-272,-1833,-1497,180
23508,1018,-703,-4363,-592,-1933,758
23509,4014,5641,6425,440,-802,233
23510,6653,-6919,-2200,-1695,-452,-1849
23511,2959,1249,4376,-1319,1997,-1067
23512,-5616,1724,3901,1897,-615,185
23513,-4827,-2570,2030,762,-1293,1708
23514,-641,867,963,-793,-1380,895
23515,6422,2312,5829,-1107,-898,-1197
23516,6420,7354,-6728,51,1674,-218
23517,6161,-5364,-3158,-793,1354,1251
23518,-2134,1038,4215,-895,-1341,-1923
23519,-3614,6342,-3599,635,1767,-469
23520,-4911,3328,7272,-274,549,1538
23521,320,-3,1144,539,93,-786
23522,-1657,2071,-4179,1448,12,-1641
23523,2641,-8,5279,1698,1106,-869
23524,-6114,-5873,-486,-1994,-1955,709
23525,1887,-6742,7054,1940,987,-29
23526,-5774,4991,6977,-108,-836,1535
23527,1730,-5398,5815,444,74,-1195
23528,-2783,4655,-6911,901,-691,1420
23529,660,2454,766,1635,1901,888
23530,-3770,-3864,745,1620,-530,-991
23531,-5073,-3643,7789,1446,1585,1518
23532,5122,400,-5825,1250,-1776,199
23533,5187,-7570,-3001,833,535,-1050
23534,7018,-4870,5914,983,-1256,-1762
23535,4327,5622,-5579,854,-1242,-1706
23536,-2019,-3448,-2562,-1758,-1313,-1108
23537,5585,-7347,-6858,1425,1606,1813
23538,-2338,7847,3123,497,-1821,-1022
23539,3787,-5764,2116,1670,1103,-578
23540,311,7827,1554,-80,-208,-1534
23541,-6034,-806,3783,-1855,623,-1789
23542,668,2484,-5187,-877,-1890,-1229
23543,5483,-4209,2022,1768,670,78
23544,5542,4117,1414,657,-1956,1201
23545,-1359,7185,-3365,1144,1987,-618
23546,2296,2385,7116,-64,-10,396
23547,1289,6633,5931,1350,-196,-1986
23548,-6295,-1956,-2138,1667,742,-1814
23549,-7457,-6394,-2063,-1979,-397,-1393
23550,-2050,6967,4563,-1407,1140,-961
23551,-5298,7432,-4696,69,-476,1203
23552,-4813,-4438,-3320,325,1716,1438
23553,508,-1681,-3674,1049,-1750,1133
23554,-7346,-1632,210,-1334,642,-16
23555,5056,4570,-2711,-700,-99,586
23556,-5614,1846,-1653,-1862,1647,632
23557,-3362,-5844,-7379,1262,-1547,-946
23558,5831,4824,210,225,-741,603
23559,7554,2259,2943,-1080,1474,1776
23560,-5401,-2312,4645,1369,-1615,309
23561,5668,4795,1089,187,493,1744
23562,-1835,-1595,-5308,340,1132,1668
23563,-2126,-7309,-4034,1084,-656,-858
23564,3629,5042,-3922,-1866,1460,-1314
23565,1771,1622,5544,-901,1086,-1572
23566,5833,2936,1105,1165,1081,477
23567,4989,-6296,1159,830,1049,-1919
23568,-2522,-1017,7069,-336,-218,-1334
23569,6887,-3828,-4129,1687,1476,-958
23570,-2934,-7709,-6741,380,1941,967
23571,-6965,7,2069,363,1974,-641
23572,-7010,-255,-1574,-427,1884,581
23573,-2068,5777,-5921,152,90,415
23574,-4832,1995,-7226,293,-361,1108
23575,-7316,5483,6704,-1084,-419,-1895
23576,-7836,5891,-6114,611,293,332
23577,5273,-7902,-1138,-1506,1104,844
23578,6690,7538,6998,1603,970,-1892
23579,-7027,3470,938,-1589,716,-806
23580,6194,-2932,1193,-1327,294,244
23581,-396,1133,993,406,-300,-942
23582,7439,5923,1501,-1932,-425,525
23583,3053,958,-5793,-824,1351,-233
23584,-7872,3862,878,-232,1164,1366
23585,2581,-574,7909,-1739,-114,836
23586,4512,1784,-125,910,1310,-258
23587,-1093,-7399,-5922,897,-1143,868
23588,870,1624,3481,-1923,-6,-432
23589,5515,-3519,-6376,1638,-1661,1067
23590,389,5605,-7036,1369,1156,1497
23591,-1767,4865,-2515,-530,1569,195
23592,1839,2877,-3448,-1807,236,-1519
23593,-7521,2798,-2165,1536,379,1366
23594,4530,5518,2093,-1672,1600,1772
23595,5015,-3103,-7854,-1401,84,1719
23596,-6287,2136,-1677,-1800,1213,836
23597,5984,5240,364,-518,1444,483
23598,2478,7317,518,799,1370,1375
23599,-7896,-7850,-3454,-1475,1242,208
23600,3857,-7416,5046,221,1513,-639
23601,25,2650,6199,-1649,1630,346
23602,-6531,-1934,4968,652,872,882
23603,4264,-7311,5997,1273,1937,-1803
23604,5877,4538,5299,435,1983,1122
23605,5023,-2676,4235,-575,-299,-71
23606,4303,-4122,1455,1208,-270,1754
23607,-3904,-6732,3493,276,1223,641
23608,-4459,-1124,7613,-1816,-477,392
23609,-6407,3136,355,-944,1004,869
23610,2204,-2433,7681,1813,1256,-620
23611,-6812,4961,5316,1639,-1297,1626
23612,-5293,2164,3456,-1178,-515,-1433
23613,-3020,5742,1098,-533,533,1157
23614,62,2120,5079,1097,1835,787
23615,-5533,4218,397,1158,873,304
23616,4512,-2532,3476,472,1466,-674
23617,7419,-4290,5099,-1541,1920,-510
23618,-5948,-819,-2179,-557,1818,590
23619,-5205,-2770,1406,1057,1901,-1041
23620,-1857,-3502,5361,1817,-1210,-513
23621,6942,-2076,-6883,1119,-430,-1714
23622,2892,5971,-4195,-458,-1289,-1149
23623,6361,-5173,822,686,-595,374
23624,432,-7006,-4982,793,-1133,-882
23625,-7294,4730,-4330,-1276,-1501,-1971
23626,2198,-6083,-7790,-1049,941,-144
23627,-3664,4332,-6215,-1216,910,1243
23628,7615,4351,3936,61,-1182,-1043
23629,-7984,-1427,2424,241,1905,1846
23630,1413,1637,4517,1751,1945,-875
23631,630,1790,7405,45,1733,1801
23632,1281,-3448,2666,-1491,-145,-1315
23633,988,4603,-65,-232,-1298,84
23634,-7149,3575,4340,-1511,-1429,-1433
23635,-3377,3042,479,-1098,-431,490
23636,4061,-1859,-4298,1277,1122,1132
23637,-6606,-4726,608,1507,974,1230
23638,-7855,3673,-3598,1962,1131,-1026
23639,6118,836,-5814,-1129,-1350,1556
23640,1285,4434,1012,1379,65,-619
23641,-3387,5151,-3494,1720,823,-125
23642,3405,4241,1431,-186,1288,510
23643,3185,-1194,-5953,-1831,1835,19
23644,7194,2897,1061,-1045,-1250,-1537
23645,763,4818,-207,-667,-1990,-1505
23646,-7548,6960,-110,1098,-1930,166
23647,-1612,-2080,2801,-872,-156,-1255
23648,3638,370,-333,1756,698,-154
23649,5198,1659,-5842,317,16,-302
23650,2904,3838,6572,1803,-1488,592
23651,-2104,-5066,-97,-1130,1557,1137
23652,4768,-6597,6033,-1634,-309,524
23653,-1192,1061,-5525,-1061,1912,-81
23654,7633,6716,4933,-1917,-1070,873
23655,-7349,-1480,-6759,-1132,388,524
23656,3385,4707,5941,-1762,-1357,-1132
23657,7813,-7887,6608,1803,1621,-449
23658,-4862,-5592,3237,1121,699,536
23659,-3248,-2726,-2464,-1345,-959,175
23660,4005,-6252,2629,-1496,-1560,1714
23661,-5872,-4480,3313,-432,-68,542
23662,1512,-6262,-7164,657,-873,328
23663,1988,-409,-1041,-804,-448,-1708
23664,4849,-5709,3392,1100,-1746,-1293
23665,3970,-4647,-4300,-408,530,-119
23666,-6876,-4378,-1305,-472,997,454
23667,-4425,-3400,-5827,-1841,697,274
23668,-38,904,4623,1293,1753,-619
23669,-4407,7474,-3423,-1029,5,-1864
23670,2019,3667,2106,1644,-961,1768
23671,7204,5445,-3920,-362,-1739,1301
23672,519,-4441,-1736,370,-566,-1124
23673,2825,5371,-4487,637,-1646,-36
23674,-6940,-399,-7850,-951,527,-1660
23675,-1275,1844,-4268,-1377,811,484
23676,6635,-4940,6528,368,-39,-56
23677,-542,6160,6392,454,1229,-1142
23678,2817,-1428,-3634,1541,-1523,155
23679,-7376,-7354,-2847,287,852,119
23680,4319,-4190,7921,48,571,-1139
23681,2622,-7215,-6994,1315,-1389,-1323
23682,6393,-4373,-4327,704,315,-364
23683,-5286,539,5444,-1683,1006,-1736
23684,-484,-7197,-4956,271,1613,288
23685,5421,1716,3106,1539,-892,969
23686,1838,110,-2036,101,-1,-1766
23687,-6186,3057,4324,-1959,1104,-957
23688,-4647,1743,7123,782,861,-539
23689,3523,-175,-3973,-1732,-652,1997
23690,-4628,5455,-2483,814,431,-590
23691,6527,-5020,-2,-836,-885,672
23692,-3959,2118,-7370,232,524,427
23693,-6555,672,161,-1796,-1496,259
23694,1840,-527,-1515,-529,1207,793
23695,-2364,976,-7239,-1687,627,1667
23696,-7279,-3973,-5936,1719,-1678,1146
23697,7883,-6079,-2388,318,496,1341
23698,7443,-7738,2112,180,-52,153
23699,-907,316,2107,-303,-745,-1486
23700,6337,-3596,7599,1158,521,333
23701,7823,7900,4946,-915,-942,-1652
23702,-488,6305,-3232,-42,1861,-850
23703,187,-862,4364,1034,1898,996
23704,2451,-1129,-4396,-1284,1372,1968
23705,78,-309,6693,593,1695,-1642
23706,5596,7093,-80,1101,1893,1868
23707,489,4261,205,1021,807,-155
23708,791,-4913,3067,-1005,-934,417
23709,1319,-2758,4244,-1002,1577,1358
23710,-7995,2815,-6819,-1360,827,1906
23711,-4093,2864,5971,-349,296,-160
23712,-3636,1089,1552,-516,1106,1617
23713,-5287,-1858,-3137,-227,-328,-209
23714,1224,858,-4495,-301,-1706,1142
23715,-647,-971,-3797,962,1541,-287
23716,-3329,3091,6714,-1020,-116,-663
23717,-2510,1565,-4321,614,562,-959
23718,7495,1283,-7743,-1991,-276,-1933
23719,531,-3716,5918,272,-883,929
23720,-6831,-3645,229,-1197,1229,181
23721,1940,-2011,1848,1650,1441,1928
23722,4141,-2413,1542,-130,122,570
23723,3542,-5116,-2360,-961,1582,430
23724,-5062,309,1084,-1367,935,66
23725,6204,1707,4090,-304,-544,-244
23726,-2698,5344,-681,1154,-1669,-1378
23727,-3067,7207,-5610,913,-619,1553
23728,4200,-522,4553,-1003,750,1128
23729,-1016,-1004,3150,911,-99,-498
23730,765,-202,-6534,-1945,-688,1060
23731,-5965,7834,1575,-590,653,1854
23732,-76,3907,-1719,401,1322,-1549
23733,-7655,5249,-6780,-1677,684,-1375
23734,1105,-5393,3463,862,-765,-881
23735,2097,-4289,1613,-254,276,-1745
23736,986,5958,7689,-802,-805,45
23737,-6884,-1290,5637,1949,1782,1879
23738,-4659,-5989,-6983,-133,1464,-1884
23739,6778,2365,968,821,-676,-1661
23740,3917,-242,1074,1163,-1862,-1540
23741,3999,-2980,4722,-594,258,-510
23742,2017,1444,4097,-597,-20,191
23743,-2971,-4976,3735,-968,1997,748
23744,-5822,3423,-783,-156,310,1057
23745,-5175,-7141,2503,-247,-889,-1388
23746,2837,3258,-7892,-1691,-425,-454
23747,-6030,-5792,3660,727,-1580,-154
23748,809,-6770,-7897,-868,-1929,1958
23749,43,-2786,7814,-1455,634,1132
23750,-5318,6064,2578,-683,605,-456
23751,7245,4895,4054,-1304,-1863,-1859
23752,1929,5488,-4116,-778,-248,240
23753,5420,-1604,2773,-1727,561,-27
23754,585,-7696,-705,1674,-817,-113
23755,-7032,-7002,-4547,919,1810,1640
23756,-1578,-6274,3107,33,14,391
23757,6653,-7286,-6850,675,-60,-533
23758,7444,-5996,-3683,-1452,-1601,-1944
23759,-2658,-6445,4227,1683,1687,-197
23760,-5870,4711,-2321,644,-913,188
23761,2979,-1925,5512,-1514,1385,-1057
23762,7390,-5743,6769,-644,-771,-306
23763,1265,5218,-5314,39,-1815,179
23764,1678,7327,2953,328,317,-1836
23765,517,-1485,6676,623,605,9
23766,-3726,-7055,-715,1665,-1139,-968
23767,-193,-1994,-1946,-208,-1039,500
23768,7966,6539,-2810,46,11,-1216
23769,5393,-4884,6685,1617,1296,119
23770,70,-6507,-5799,1807,1321,-318
23771,-4294,6730,-6985,-1065,1867,-963
23772,711,-1216,6508,-763,-18,120
23773,5232,-2539,-1973,-989,964,634
23774,-4422,2953,-3290,656,1479,-731
23775,-3624,5908,5270,372,1130,495
23776,7990,316,-3601,1236,704,-390
23777,-6994,2958,-4595,-1813,-1724,-425
23778,3699,1428,-4529,-1588,-1070,-880
23779,6812,-4222,1183,-747,-1843,-144
23780,2695,-4355,3076,-249,1074,-1065
23781,-1996,-2432,3563,-1490,1247,1348
23782,-3986,-5575,-4816,-460,1399,971
23783,-5941,-2596,452,490,-1601,1316
23784,7179,2698,-1494,598,-1795,855
23785,-5898,7511,-5837,1306,1952,1796
23786,-3140,2082,402,-946,913,926
23787,-1673,6231,1731,-418,-1033,-912
23788,5505,-3347,7699,918,-521,515
23789,5376,-713,4786,852,357,-1261
23790,-3596,-3051,-1834,912,1116,166
23791,-7192,1818,-4855,-1901,1251,-1391
23792,4824,2830,-6044,285,1402,-1347
23793,-3397,-640,-47,377,780,433
23794,-961,-6323,7708,-243,1506,-1034
23795,-1658,-3159,7442,-800,1471,-1937
23796,-448,3470,-4795,-1817,-224,-1200
23797,7414,5759,4015,-981,1958,-1805
23798,-3044,5929,6687,551,-40,-1929
23799,-1125,-7105,-4797,861,1123,1041
23800,6299,4164,-5273,524,1311,-441
23801,-3465,-5712,5416,-695,1238,-1671
23802,-2614,-3168,3249,1376,-433,1343
23803,4929,-6552,-2682,-1602,193,1613
23804,6220,-4638,4136,-1758,1077,406
23805,-6881,141,2103,375,1239,-1924
23806,-6877,418,-3270,-592,1042,1005
23807,-3556,1396,4849,1705,-847,-1768
23808,-876,-377,4770,984,-1349,-1984
23809,-7026,-5336,-4925,-782,1705,54
23810,3154,1824,-4494,-639,1608,-841
23811,4501,-2684,-3782,1501,1309,1777
23812,4584,4065,-5810,-1548,360,-1689
23813,-3307,1628,-48,1803,-1424,434
23814,5360,-7119,-6058,-1214,-1769,132
23815,-4976,3937,-2717,930,116,-455
23816,-4066,-3115,-3474,-1777,-1921,1939
23817,-1303,-4721,-6404,-1818,255,-857
23818,-6629,4751,-2004,1168,1230,670
23819,-2189,5425,2732,-1763,-1769,372
23820,-3114,-4509,5381,181,-1737,1026
23821,6841,-3839,-781,-1970,-1909,-233
23822,-4082,-993,1018,-784,1749,-1518
23823,370,-1459,-982,1804,-795,1124
23824,1546,2204,-2350,-1257,140,-699
23825,4078,-3023,7452,1402,467,948
23826,-1035,5808,-597,1077,170,1667
23827,6922,-5522,703,-583,-874,-214
23828,-3004,-2652,-777,-1431,-153,1788
23829,2684,6100,-1742,1180,1368,-629
23830,4596,-3248,1634,816,-1995,-887
23831,-177,-4295,-5771,1761,723,1319
23832,-6865,5765,-6546,906,-1311,1122
23833,6569,167,7009,-1044,955,-67
23834,2544,-4980,-4406,1380,-406,1029
23835,4711,-7602,-706,-1466,1638,-1383
23836,-3332,-4971,-4422,-1033,1078,1539
23837,4306,-471,1910,-69,1013,-150
23838,3720,4068,-2486,931,172,-56
23839,-7385,-7300,2334,1955,-243,369
23840,1016,-6429,-2777,-64,395,987
23841,-1868,4595,-4249,594,1395,275
23842,-3642,4915,1349,-1103,-1297,-1253
23843,4538,-5180,7165,-1972,-346,-1355
23844,-90,4376,-1546,-1598,-1864,-379
23845,-6550,-6969,5653,-1920,-108,1421
23846,1625,3880,2637,-1515,-914,1095
23847,1977,1923,-3031,-145,-1792,-340
23848,6874,1222,849,-1713,-1311,-710
23849,717,6056,963,258,-491,1118
23850,984,-1599,-6284,1760,1476,-1372
23851,-2043,1842,-941,-1511,1166,-1677
23852,1206,2654,-3412,-348,-1798,1652
23853,7362,-2334,4556,-1699,1711,-1645
23854,1577,-2876,-7356,-1341,-1510,-830
23855,4064,-2465,3099,-1077,1500,-304
23856,-1055,-7394,1950,472,-908,-471
23857,-7826,2074,-5376,-1166,124,153
23858,-6152,3791,-3351,-389,-734,-120
23859,6981,-6952,4632,-557,-1602,1837
23860,4621,-4723,-3780,687,1225,1270
23861,2019,3431,2376,-1848,1231,692
23862,-2955,-1571,-72,1134,-1424,396
23863,-6897,5614,-7188,273,-904,-1094
23864,1606,4657,5236,1326,-286,-1829
23865,-7876,5441,2327,627,-435,-1291
23866,-7508,-6744,2459,1564,1873,1299
23867,1749,2242,3320,-1865,-754,-1462
23868,-5573,1330,2033,1497,1994,-452
23869,7164,5282,5559,1898,-669,1956
23870,27,-3912,-4316,1367,693,-209
23871,-5772,-4406,4657,1083,493,1598
23872,2843,-4330,2704,1818,-1038,-1902
23873,-4973,7264,3779,-1271,1263,627
23874,-5650,-6091,-7027,-745,139,1685
23875,-7541,7082,5707,-234,-322,-1985
23876,4935,-1726,-136,247,-55,1291
23877,-4064,-2689,4058,542,1162,-359
23878,-7280,-7446,-532,1521,1737,-884
23879,-262,1600,-6806,344,1652,727
23880,-6599,3139,-3056,669,-135,1210
23881,7445,135,-4817,696,547,-1698
23882,5433,-5434,146,-777,7,1043
23883,-1162,7698,2725,-522,-463,-869
23884,4184,-7315,1062,493,-912,1188
23885,-7970,-1435,-6679,282,-418,-1239
23886,-7423,-5181,3479,-750,1976,1642
23887,-5345,7642,3474,-97,-1027,-707
23888,-992,4543,-5235,-1977,300,-659
23889,237,5750,7854,-1526,1478,-1638
23890,6985,-4500,5765,260,-1041,-706
23891,-2888,589,4885,-1804,215,1377
23892,-1568,-7115,-7767,-379,-139,648
23893,-4327,1469,6308,-1580,-1720,-1223
23894,3527,-3013,-7170,-641,706,1332
23895,7112,7085,-6789,657,-641,-1504
23896,747,-7532,182,513,-855,1958
23897,6756,6212,6431,435,1155,406
23898,7103,-5519,-7571,-1899,-420,-911
23899,-4851,839,-390,-741,141,202
23900,-2633,3904,-901,682,-1075,-749
23901,-7958,-242,2691,-1272,837,1792
23902,6436,7138,-428,-538,-260,1163
23903,-6815,2038,-4033,-627,792,1524
23904,-4942,-699,-3748,-1294,-583,1691
23905,5530,3224,1163,-1840,1552,-1897
23906,-7182,-5911,-2707,1866,-1271,1063
23907,6690,2148,-6743,-1793,1991,1829
23908,-111,2558,2141,1810,951,1124
23909,95,611,2059,1734,607,597
23910,-1412,1455,4990,1397,-520,-1869
23911,2521,-1638,-5996,-595,-47,-1071
23912,-1083,2514,-6637,795,1089,-1660
23913,-803,6611,-5580,1160,1703,1621
23914,2243,-7857,-7492,-1165,459,1409
23915,3956,-1135,3133,-1962,-490,1511
23916,4722,-1497,-6532,-1798,461,1658
23917,4145,7469,6161,809,176,-789
23918,-4981,-113,6713,1790,-1877,-93
23919,7587,-7031,-3534,783,263,1922
23920,-1049,-6296,3530,598,128,-280
23921,7931,2946,4409,-1746,1097,-1141
23922,1306,226,-7183,1963,-794,-546
23923,-1325,7765,7343,-513,-1344,-998
23924,4385,4536,6242,1224,-1475,-1346
23925,-6909,1073,1432,-1091,-1676,-1494
23926,-1081,-3490,-6741,-1272,518,-1318
23927,297,-5085,4355,-632,-966,-218
23928,2106,-2995,-29,-855,883,-537
23929,7955,-6627,-6830,309,-571,1102
23930,-1991,406,-7140,395,-1597,839
23931,-4774,6943,-5364,-788,1217,-1477
23932,7584,-6827,6084,736,1623,1351
23933,-6479,-2244,1270,1567,-760,987
23934,-6954,4442,4453,673,1505,-120
23935,2936,1181,26,1552,746,1916
23936,-7204,4516,4359,-341,-743,-1074
23937,6880,-2643,-2016,1415,1272,-805
23938,-2030,-4097,-1710,953,-1968,-25
23939,-5190,-907,6768,1480,-589,-1186
23940,-1628,-5848,89,1946,-1077,-537
23941,7598,-4945,-3664,-1182,1818,-1408
23942,2173,5452,3322,12,1705,15
23943,-369,-7252,4989,-1137,-77,-1545
23944,1631,7228,4596,-416,-1061,-1762
23945,7162,7372,-7070,-457,550,1652
23946,-7328,3466,531,908,-1820,-275
23947,4546,3717,-3339,-494,537,-900
23948,6170,5881,-1585,-375,-1695,375
23949,6811,7404,7657,488,530,-195
23950,-4691,-3860,-4459,1571,271,-1983
23951,2804,-583,-6900,97,-1108,985
23952,-7855,-6500,3174,-1808,-1861,1741
23953,3509,6768,-2762,733,-712,409
23954,3320,-4182,-3360,-1215,-920,1912
23955,-7236,-6930,-7296,-1150,481,307
23956,4384,2719,-4280,1669,156,-1323
23957,2828,4742,-3601,168,-1770,1565
23958,169,-3155,-5242,637,-852,1501
23959,2002,6438,672,-414,1923,-1966
23960,-6851,3700,-6450,-442,702,1000
23961,-1444,-4124,6456,1098,-698,-1008
23962,7234,-5841,-4906,-1074,-225,1429
23963,-6686,-5636,-2664,-1036,1001,498
23964,-5025,7557,-4561,-669,-1597,-1174
23965,3587,3320,311,-1781,-1997,622
23966,1762,-1305,3698,-458,-87,-1496
23967,6766,6718,-631,1761,-1841,-1724
23968,3513,-3871,4505,1833,552,204
23969,7563,-3723,-31,843,-1669,-84
23970,-7794,3497,3676,1195,306,613
23971,2103,1751,-2907,956,-373,-1060
23972,-7229,4626,3453,-1910,-1347,-1293
23973,2530,3756,-3634,705,-1769,-1592
23974,-6163,-2381,-7175,1455,-1151,397
23975,2462,-2462,3008,1687,-1712,123
23976,1867,2713,-2342,1438,1529,-577
23977,5961,270,4516,176,1041,-683
23978,5324,-2426,3426,321,-1861,-412
23979,6910,5401,2131,1921,-335,-59
23980,-4036,2048,6382,883,1361,-1104
23981,-113,3597,-3366,65,-1744,1391
23982,5816,732,4879,848,-803,124
23983,-4330,3683,6976,-142,-1515,-301
23984,-1443,564,-4331,-1298,-1386,-609
23985,-6065,5288,-69,-659,-1573,1387
23986,5282,-3482,-5410,618,1695,-993
23987,2051,4284,-3212,-692,997,1815
23988,5593,5368,-7865,47,-96,-1903
23989,4933,-3889,926,-226,707,-797
23990,-2776,-5694,-5250,1,1243,1415
23991,5322,-217,-2461,1341,-310,211
23992,5021,-7921,272,1903,-642,-182
23993,-6367,-1983,6553,674,239,622
23994,-7922,6807,2548,-457,1052,-440
23995,-6284,-2764,3169,-32,-488,670
23996,4821,-2650,-6022,-1603,465,-179
23997,-6456,6867,3670,-346,185,1560
23998,-4416,5554,3511,694,-1243,959
23999,7994,4767,2928,-1018,684,-1142
24000,3233,-7695,7419,42,-1663,-336
24001,-2140,-3182,-954,-1736,-116,1493
24002,4483,-1049,-2047,769,-1009,1864
24003,169,-1138,7627,1789,-1106,438
24004,-5180,-6246,1930,-455,-1193,793
24005,5479,-1071,-3732,936,-1046,-1821
24006,-5547,7355,-7081,604,-235,-335
24007,5291,-661,-1960,1500,-1791,-619
24008,-1456,-3178,-1967,253,-415,-1465
24009,1966,7386,7249,443,-1246,1593
24010,3671,2873,-4510,-360,655,1661
24011,-7263,-5401,4052,1571,1418,661
24012,2696,-1170,1425,-448,329,-469
24013,-6363,-2532,939,-560,353,-1023
24014,7557,3414,3525,983,-1563,1407
24015,2594,-3750,-1731,152,1115,1631
24016,-3370,-7743,2724,1011,682,340
24017,481,-1352,7729,761,1038,-1049
24018,2633,-4855,-3326,-1371,615,626
24019,-2254,6745,-2837,241,-1594,170
24020,-1848,3447,3653,1145,696,-304
24021,2,-2479,5661,1515,500,-150
24022,-6924,-912,86,670,-1516,584
24023,-7670,610,7499,1334,-331,-1128
24024,5032,2494,5872,-337,759,-976
24025,260,2212,-6365,562,509,-974
24026,445,-614,-3418,-1094,910,730
24027,-322,-3418,-7822,1025,1377,474
24028,-4285,-2986,2966,-746,-584,768
24029,2044,-6605,-6217,-300,717,453
24030,7306,1895,-1544,344,-1591,-1440
24031,-5269,-2525,-3390,-511,1706,891
24032,6244,5269,-1575,-1325,1212,-459
24033,5037,-5679,-4033,-1263,-655,-83
24034,-4811,-4822,-650,1132,738,615
24035,7126,-7707,3372,-860,-1537,-1954
24036,-5098,2154,7228,-1588,-860,1759
24037,-6421,-2437,-7009,-865,-597,-1745
24038,4609,2505,-7256,-593,-904,1942
24039,-4161,-3513,4274,1884,1063,-1500
24040,493,-4027,2174,-749,-258,546
24041,4601,-4740,-1569,1695,-420,575
24042,-3236,-2878,-3785,156,-408,1130
24043,-5067,-5959,2352,1581,-518,1887
24044,5726,-4466,7909,1005,-863,-1627
24045,231,-2986,5186,-235,-109,438
24046,-3963,2548,5633,-1333,97,-839
24047,872,2912,6078,885,1906,1257
24048,-7481,-7906,-5680,56,1516,609
24049,3138,-4327,6853,-1478,-1270,-1199
24050,4990,-4817,1497,-374,-488,-41
24051,-2917,836,-681,1503,-1517,939
24052,-3975,-308,7086,404,-658,-1789
24053,-6289,1695,1565,125,-1849,777
24054,237,37,-6415,-1904,1996,892
24055,-4087,-1339,-3769,169,-1785,-1465
24056,-304,2830,-6657,-393,-726,839
24057,6401,2051,-3573,971,-1757,-1227
24058,6413,2204,-5869,245,-656,37
24059,-1432,-2978,1712,-1363,1195,-1599
24060,726,-2375,-4172,-1085,-652,1939
24061,1860,2398,2656,-524,1163,-664
24062,5970,6958,2336,1716,-1477,-585
24063,1842,158,-4654,221,757,48
24064,163,1895,5921,-1168,1930,-795
24065,7336,6917,5068,-68,30,1738
24066,3571,-604,7299,1337,-1210,-262
24067,317,-5082,-4877,-802,-1758,-1123
24068,-2719,7414,6939,-855,1215,-406
24069,-3910,-6170,-6253,-713,1613,986
24070,3848,-6140,3633,-1102,-191,134
24071,6094,-4672,-3802,454,207,-782
24072,3736,519,467,-1043,1534,721
24073,-7170,-5105,-7047,-1369,1504,1252
24074,-3678,7673,4898,702,-1290,-733
24075,4828,5129,-577,799,-49,1233
24076,-446,-1925,-3721,307,977,1441
24077,7430,-3381,-2322,-248,1042,512
24078,-4998,357,719,935,-1188,1003
24079,7589,-7223,4395,-265,120,-1791
24080,-4047,2652,-3136,-1761,1009,298
24081,-419,6994,-7231,-503,-1502,-1166
24082,-4763,1008,3231,1076,128,-223
24083,4966,-2505,4996,1895,1813,1832
24084,-4878,-1242,-4465,-1129,-1995,597
24085,7881,6813,6782,-1213,1212,-1035
24086,-7948,7533,5214,1166,-1443,-1007
24087,6350,4011,5372,-572,1309,1235
24088,-1634,2988,-6846,543,-154,-1866
24089,-1289,-5152,2367,1279,-1383,-1284
24090,-4153,276,2067,1723,1973,-1470
24091,-2292,1078,7038,-721,1999,1235
24092,4614,-1921,-1801,-1822,-1986,-908
24093,1938,-6246,-376,-218,1038,-1451
24094,-4722,-2028,2903,1636,-568,671
24095,4260,-3402,4049,1933,1948,1995
24096,-6280,-796,-7054,-1805,1150,-1189
24097,-7143,2408,-1456,1660,-1062,1011
24098,-1960,5599,2630,-922,-405,-381
24099,1971,-4266,473,1027,443,709
24100,3349,1984,5894,742,1433,-341
24101,-4264,-6296,3276,430,-953,1259
24102,2988,-3511,-6311,1479,-1995,294
24103,6193,-225,2077,109,959,115
24104,6047,7902,4927,1663,-222,-1289
24105,2058,-3920,5075,1743,1623,278
24106,3177,-3713,1861,1570,-131,1826
24107,438,4454,-4263,73,380,-8
24108,-5503,-5034,4948,-554,-828,1089
24109,-6136,-1027,-5058,631,-1005,1369
24110,2784,-7376,-2271,-623,954,1223
24111,-2493,-1942,-2792,1488,664,1177
24112,-4326,-4423,-7710,139,-1860,885
24113,-59,-782,-5561,-1790,-1551,-1342
24114,3550,5587,4638,1413,-1008,1488
24115,563,-39,6736,-612,-1074,-1005
24116,-848,6976,339,-463,-662,-1289
24117,7620,6880,-5539,-628,-993,-309
24118,6783,3389,-6441,72,841,1427
24119,-3507,3245,-650,670,71,-801
24120,-5997,7495,-1386,-1427,306,-1215
24121,3991,-2327,6398,739,-1700,-884
24122,3020,1345,2129,671,-1529,151
24123,1448,-5692,3367,1692,-347,-988
24124,2441,-1361,4177,-1422,127,-505
24125,-2588,3091,-4922,607,-1159,-1847
24126,5028,-2363,5874,1038,-1206,-178
24127,672,-4257,357,-1861,-34,-434
24128,-7185,3627,7453,-1857,1691,1849
24129,4658,-1179,3312,1043,-590,121
24130,1279,-4420,-462,1990,-1930,766
24131,1683,-7903,-2017,-314,1443,-1414
24132,-3526,-1115,-872,1061,-470,-1904
24133,-3107,-6693,2181,-1967,-657,623
24134,473,-780,6661,642,782,29
24135,-4541,-3474,441,-1361,223,1574
24136,-2443,802,4585,-723,-774,-1033
24137,-7394,33,628,1304,1645,1393
24138,-3765,-2726,-705,1793,-304,1876
24139,4285,7306,-7571,1646,1687,1506
24140,-3102,6104,6893,-1662,461,785
24141,-6764,-4165,4636,1147,802,-104
24142,-1943,2561,-4627,1488,-1452,396
24143,-6564,-1264,-2199,1129,764,-803
24144,-7614,1597,-4857,-700,663,-631
24145,2070,500,-6065,-151,1895,178
24146,3401,-6135,4300,1407,1293,-922
24147,-5714,-4328,-2493,1093,-198,137
24148,169,-7497,-7461,403,969,-1958
24149,-7379,-1936,-7588,-88,1890,842
24150,5009,5119,2016,1356,1283,479
24151,3203,1843,-7111,813,-351,33
24152,-5587,-5950,-2625,682,1355,-1006
24153,2320,7820,5138,1791,-502,-1590
24154,-5430,3248,5219,-1328,1942,-1246
24155,5489,-3503,5769,731,-1746,-131
24156,1525,-4920,-1467,-1062,-1601,939
24157,-1095,-4058,-5174,-689,1852,-683
24158,979,1678,3548,1825,607,-1301
24159,1687,-7815,-7724,-891,543,487
24160,2267,5574,-6750,838,-719,1209
24161,5,-2877,4592,939,-1950,902
24162,-1510,6427,-6333,163,303,-1776
24163,-4126,4475,-4857,789,-1809,-1643
24164,-2988,4142,5493,-451,1222,-235
24165,-6330,-4192,-3052,1981,-670,128
24166,6355,3966,-2668,-1705,624,1119
24167,5033,2487,-1112,1266,-604,-1108
24168,-5616,812,-5087,1808,1638,-540
24169,1947,2928,1653,282,815,1983
24170,-2403,5350,-5634,148,339,-1458
24171,3778,-7324,-7275,1722,-398,513
24172,-2715,-6699,2341,-280,810,1184
24173,-2005,-6196,237,-1213,407,1167
24174,849,1151,3493,894,-402,-1443
24175,-2106,-1520,3592,-1377,330,911
24176,7651,7566,4508,-303,-304,-762
24177,-106,2125,-6556,-1859,808,-1386
24178,-1280,3472,-5484,-1768,403,-1612
24179,4682,-506,1594,-740,-1035,279
24180,-1428,7651,4097,-252,-453,-1308
24181,7652,3782,5100,-614,812,1988
24182,-5035,5862,5306,1763,843,121
24183,-1165,6193,3925,435,-663,1048
24184,-7653,3197,-4758,371,1104,1238
24185,-700,2655,-1242,1271,1458,-1404
24186,-3018,95,-6989,-1617,237,-471
24187,-5385,-2273,5897,1130,-456,-72
24188,-7785,4285,3496,791,1195,-1090
24189,-2877,6808,-4851,811,1239,-1226
24190,-187,4930,-4206,-1743,-159,-1072
24191,7387,3138,2874,359,-344,1409
24192,585,1336,6238,-645,-1323,1317
24193,-3996,2916,3712,621,1160,1576
24194,2106,-2714,4458,-1345,1446,266
24195,-4801,-1928,-305,1757,804,-1372
24196,7271,-3523,-2396,427,1654,1912
24197,-7142,3410,-4576,-1610,-1450,1711
24198,-7722,-7123,-2503,-49,-1313,-1841
24199,598,1012,2812,1091,645,910
24200,2970,7455,-2899,878,1719,-878
24201,4707,2718,-7824,-332,-497,-1546
24202,-5481,-7034,-7171,-662,-1812,1478
24203,-3164,5854,3651,1848,1972,812
24204,-3455,-4294,7860,628,-1651,1778
24205,-3987,-7350,2607,-124,-759,-1121
24206,2859,3030,5162,186,366,-1877
24207,-3255,-5233,1304,512,1578,-382
24208,-5103,511,-6108,1928,-1281,753
24209,-4213,-7591,-2192,-658,-1004,175
24210,6518,1071,-2688,1948,636,1014
24211,4971,6108,-610,176,-414,-911
24212,-5199,7539,-1595,-1628,26,-1564
24213,-1190,-2481,1510,979,-1369,-95
24214,3111,-913,-4341,-1403,58,-555
24215,-4047,7580,-6659,916,-1169,1370
24216,-7806,-1853,-3317,-1019,1412,1166
24217,-5145,3954,5277,901,1342,1639
24218,4758,5212,715,675,-1214,771
24219,-3064,2204,5399,857,36,1386
24220,-235,-6889,3319,260,321,1484
24221,-4209,1744,-110,-1869,-57,1541
24222,4463,7606,2462,-676,-694,1250
24223,4332,6162,-7723,-882,1947,-1727
24224,-864,3869,1803,1161,1800,958
24225,2007,-1764,-6395,-1935,1175,-1076
24226,6053,2742,7933,1280,-1307,-864
24227,-5229,4498,-4563,-1671,-1953,1282
24228,2804,-80,-5598,-1190,1295,1412
24229,7524,7657,-3636,376,-1154,1537
24230,6880,2690,-4769,-1843,1043,626
24231,-4018,5426,-5329,539,101,-115
24232,2354,2891,2752,686,-667,-1022
24233,6653,100,-6121,1582,288,-1021
24234,3996,-2391,3020,784,476,-519
24235,2979,7044,3381,1445,1999,365
24236,999,-4491,-1780,-1298,1270,-343
24237,-2851,-4645,-3584,-867,-345,-1197
24238,6169,-3826,1288,1283,785,1660
24239,-7107,-4260,-5383,1599,104,-1086
24240,6057,4358,-3308,1748,-1966,793
24241,-5628,6758,-6794,1801,-1653,1832
24242,-7561,5806,-2071,565,-899,-894
24243,4599,6827,-4191,893,682,1493
24244,-7269,5234,-6107,110,-898,-1537
24245,2071,692,-2406,-20,-1763,-829
24246,-3291,6502,-909,-1476,1418,-736
24247,-6437,-4455,1614,-359,1776,824
24248,-3204,-1807,4874,286,-1870,303
24249,-6118,-4342,-1434,-1374,-697,-1183
24250,5837,-7928,-7399,-1276,-637,902
24251,3576,-6491,-672,440,1763,-382
24252,-3151,-7996,6562,-162,-598,1273
24253,2988,2797,-5205,1269,305,-1614
24254,3606,-1685,-2967,-168,-1741,-1898
24255,-1601,2274,1950,698,-1737,-132
24256,2302,1091,7706,537,-1493,1935
24257,-134,-5650,-7056,1440,-746,1983
24258,-4778,4194,-6120,-705,1138,1827
24259,-2278,4065,5312,752,1415,1569
24260,3018,4,-1411,-332,282,-1934
24261,-3689,-4613,817,-1855,-1178,1931
24262,7559,180,609,906,979,1322
24263,-4365,-6724,-4708,-410,1058,1897
24264,-924,-6132,3433,-181,-1557,625
24265,-4096,-1359,2933,-339,1686,-1548
24266,7617,-1421,-2823,509,1299,-1751
24267,1723,-6602,-1759,163,477,233
24268,-3726,-989,837,887,-520,-346
24269,-3440,-7570,-5674,758,937,824
24270,6907,-7322,-5927,-846,-254,1501
24271,7094,-6579,-406,104,-1242,-94
24272,5767,-1116,-6326,-1577,-693,590
24273,4610,7124,1684,773,1690,970
24274,7981,-2502,2720,18,609,37
24275,3794,2196,-5163,814,1135,-41
24276,-3467,3414,-4992,1531,-1816,547
24277,3400,3888,-4124,-1940,161,1159
24278,2634,4435,236,-1803,-1313,-460
24279,-6126,5828,-4398,-598,-180,1251
24280,3949,7764,-6261,-1727,131,-1712
24281,519,271,6072,1264,1483,-1122
24282,-7294,-274,-1758,761,506,-1025
24283,3713,-2839,1296,-1736,-228,167
24284,-2323,1100,-786,-1779,-991,-1178
24285,7728,7125,2847,634,-482,-769
24286,-230,-5554,-6985,455,733,-902
24287,-2091,-1483,2330,-912,-525,1657
24288,-5526,-1228,3725,632,-263,1255
24289,-1489,120,6261,-653,1040,1369
24290,-3764,7818,7757,-1767,-1807,1305
24291,-2367,-7287,-1687,700,1156,1962
24292,-4067,-2242,2434,1786,1746,180
24293,-4543,6392,-1452,-1711,-322,-974
24294,-3187,6605,1017,-1996,-594,557
24295,3143,3954,3003,-330,-194,-1241
24296,-6258,-4132,4004,627,283,1603
24297,6586,1614,7906,1072,-56,667
24298,3803,2727,-4956,-1290,-693,66
24299,-2048,2994,-3632,694,1632,106
24300,4394,-6471,-6537,-1696,-792,561
24301,5242,2941,-2668,-1823,-630,-1353
24302,-7934,-1394,1775,1814,-273,-411
24303,-5828,5810,-2028,635,-830,393
24304,5603,-6877,5864,989,-686,-927
24305,-5871,6891,1853,-914,-574,476
24306,345,-2839,-6995,-131,989,1579
24307,-3880,-7747,7529,395,1389,-1466
24308,3954,-2375,749,-609,-1679,939
24309,-1869,-6176,1371,1353,637,699
24310,-2888,-6163,-4117,1606,-92,1334
24311,-259,-2389,6932,-493,207,-1710
24312,-1787,7370,3045,-1707,-1023,841
24313,6886,5790,-6726,-1856,1188,-1745
24314,7278,-2914,-4851,796,1139,-72
24315,842,1697,3843,1132,1088,-282
24316,-7085,-6438,-6709,1233,-693,-771
24317,-7459,-6771,-4298,-1172,-1932,686
24318,-6994,-4693,3736,-340,1345,0
24319,-5035,-7583,-7732,-105,-389,-1985
24320,-3932,-4896,7866,1262,148,-1833
24321,-337,6232,877,-1043,-1079,1446
24322,2615,4102,5117,-327,-92,314
24323,-1606,7405,-6444,317,-341,340
24324,6403,-5916,-1182,-938,-15,1222
24325,1660,7862,7574,1120,-1627,853
24326,1512,-1693,-7121,-1867,1148,1791
24327,-3064,-1927,1614,1610,1353,-940
24328,6382,5875,6736,1341,-163,-597
24329,7440,-7375,856,1841,614,-815
24330,-2570,-5850,7634,1250,226,-1512
24331,-2951,7303,4807,1487,1811,62
24332,6323,-779,7340,658,-823,-321
24333,-5346,-4584,-5487,-1821,-50,662
24334,304,6481,-4783,-1849,1772,-1101
24335,-5508,7573,-2578,532,-549,-1288
24336,-2660,1781,1626,1915,-475,-1493
24337,-5542,6236,1598,-1181,-390,-305
24338,570,1414,960,-995,-121,1205
24339,6913,-3452,-7098,1127,86,-897
24340,-4259,-7062,1031,-950,-43,949
24341,2417,-1271,-3212,1365,-1538,-1280
24342,2889,6658,2867,-375,1011,1102
24343,-870,-3669,-2201,-1309,-1248,-446
24344,2067,-5189,-379,-401,1675,-160
24345,-2104,7685,4141,-732,622,873
24346,4476,7893,-436,1060,634,-676
24347,-1105,-2204,3282,-1504,69,-418
24348,-5263,-5723,-1700,1915,1987,-995
24349,-7932,2971,-4493,-996,-1227,1883
24350,3713,-140,2037,829,1497,-198
24351,-2956,4874,-7549,-587,-1063,-1888
24352,-5648,-1838,2052,-230,1815,1028
24353,-1524,-4458,6134,1471,776,-713
24354,411,1815,192,1084,-1542,-879
24355,-6887,-654,4806,-682,-1072,407
24356,-639,5298,1925,664,-152,-816
24357,-932,-2135,7804,-1516,-1406,1423
24358,-5111,-3372,4734,-304,793,289
24359,-5682,2652,-3546,-365,1419,649
24360,6580,-5063,5030,-1240,-815,-1415
24361,4373,-1405,6441,-1689,131,887
24362,2682,4479,4058,655,1279,-1904
24363,4038,2411,-7991,606,-761,685
24364,650,3132,49,-813,80,607
24365,-5885,6471,6058,1693,-944,1474
24366,1526,-2366,605,-918,-1263,-893
24367,-3893,5775,3206,423,1702,-1322
24368,-2220,3390,-1021,-587,1983,746
24369,-4725,557,6741,1676,1086,467
24370,3139,2491,-6580,802,-448,-810
24371,4326,-2767,6093,-949,-439,-557
24372,-6621,-2568,-4888,1285,-950,-1391
24373,7547,-5273,-6989,-1599,-1965,715
24374,-4947,2510,-5015,-1785,362,-1466
24375,-1244,3239,1055,28,-1487,-145
24376,-4165,5405,-2938,-1341,1063,-1596
24377,-782,2936,3416,-199,307,-1952
24378,5577,-4546,-2672,-462,421,-407
24379,5843,-5799,-6989,1822,-1999,-1745
24380,-1732,-7182,-5415,-633,1409,1226
24381,-2509,7944,2599,-1816,-1272,-527
24382,-4666,-1381,7999,1594,1502,1373
24383,-645,7055,1121,31,-1180,-168
24384,5711,-6655,-6861,1377,1335,-22
24385,-3674,1081,3203,1120,57,-1291
24386,-1032,1977,677,765,-1201,1627
24387,1517,1851,5475,428,1460,1030
24388,5302,3201,632,1954,1082,-290
24389,332,5139,5516,-1745,1320,1673
24390,-5309,-6406,-4115,-1171,1918,1209
24391,3376,5034,-3444,1493,-476,-821
24392,-5308,5588,-5099,1570,1229,-901
24393,-575,3086,4372,1329,1243,-1258
24394,-1982,-4869,-1596,1380,-1077,15
24395,-2021,7112,53,1057,1952,-1632
24396,-1697,567,-2177,51,66,-484
24397,1351,2518,-3313,1585,-1472,-1623
24398,-5583,7730,711,-108,-449,494
24399,-6567,-5772,-3064,1919,486,-1224
24400,6785,2126,4550,-867,459,-1145
24401,-1966,4631,4236,1838,579,944
24402,625,6418,6399,-72,110,-1260
24403,-6484,-81,-6405,565,-1281,-1103
24404,-2365,4243,6580,-559,-1952,1257
24405,607,-2228,6014,-177,-562,1582
24406,-3233,-3401,-7432,-605,138,669
24407,7737,-4440,-7270,-1908,800,-1899
24408,-4270,-6958,-956,767,570,961
24409,-7890,-3543,148,1260,1722,146
24410,5572,-1002,-7786,-1902,1598,-1592
24411,-6419,1714,-7161,1850,-286,-844
24412,3337,-1807,-7824,-1860,-1163,1697
24413,-7819,5654,-3533,-683,-996,801
24414,5014,7421,-7932,-1412,842,1374
24415,1245,-3986,3225,1544,1129,-1358
24416,-6753,5471,559,88,-429,379
24417,-7446,1220,-1142,-974,1285,-1453
24418,2363,3710,-2184,329,-1684,136
24419,4748,-7046,326,-813,1149,-45
24420,-5411,7960,5321,-1624,1699,-1197
24421,-4762,5512,-7844,-1803,310,-1933
24422,293,-2136,-5955,-106,-49,-73
24423,-2794,-3508,-3266,-300,-1066,-1575
24424,-965,614,945,1512,-1858,-1352
24425,-4374,667,-2222,1951,-785,543
24426,-4812,-7821,-984,1423,15,-934
24427,-5760,-696,7807,-24,-569,-938
24428,-515,-3988,1315,1141,-889,272
24429,-597,1095,-1880,-1078,3,-434
24430,7654,-5583,-7874,-1330,117,-681
24431,7967,-1155,5573,-220,-1036,-1562
24432,-4856,3110,-6763,579,1719,499
24433,6839,-4753,-1840,1906,201,883
24434,3198,3690,-4283,-374,66,475
24435,1323,2227,5023,1856,-977,-120
24436,-499,7785,4604,-1801,-1401,879
24437,159,-1892,-6756,504,439,-1871
24438,-3277,-5958,6792,-961,-142,998
24439,5624,4748,7832,-49,-726,1445
24440,874,-5587,-5872,1232,229,-1043
24441,-4953,-5309,-2043,-1560,-425,-1143
24442,4655,4837,-808,-775,-1859,237
24443,1024,5231,-6460,1310,-429,450
24444,7998,2065,-1422,1096,1599,1466
24445,2268,-5866,3995,-388,1842,-1551
24446,-6491,-2066,-4896,-1373,1318,-1419
24447,-7671,-3783,-2978,317,840,42
24448,-322,-2130,-3692,-1007,1774,363
24449,-1850,6084,-2604,1556,1205,-883
24450,7134,5577,-426,-86,1093,1095
24451,7652,7174,1607,1156,-915,1014
24452,7095,3549,-7161,-176,1559,-194
24453,-7930,1555,6646,-382,-204,373
24454,-6269,5238,4448,1855,1876,570
24455,6326,-5171,2771,-590,1169,1670
24456,6293,2738,-3336,1391,109,-179
24457,-461,-1627,478,-1712,1644,812
24458,-7799,-1550,534,533,-1258,1586
24459,3912,-5724,3803,-1459,-1315,865
24460,4974,2994,-4273,-709,-1064,1711
24461,1133,819,2227,-735,1978,-215
24462,5610,-6758,6669,-589,1799,917
24463,5550,2930,3064,75,-332,-1203
24464,-2850,-6140,-5336,1544,892,381
24465,2316,-7750,4910,-745,1573,1320
24466,-1910,3410,4557,91,1606,-1308
24467,4681,-4246,3147,-1323,869,-989
24468,-4686,-7368,-3413,359,-1905,-496
24469,1143,5156,-3225,-547,783,1004
24470,-1403,-5555,-775,-1051,221,-538
24471,1964,1068,4996,289,24,-1336
24472,495,6696,5217,911,-1267,1962
24473,-7039,-5740,2825,-1683,745,1976
24474,1713,712,4712,-1725,1876,1749
24475,5622,-6761,1153,-122,-1734,189
24476,5488,-976,-4097,660,657,175
24477,5988,5113,4855,641,-723,-177
24478,-4489,-5027,6011,1787,1923,1564
24479,6941,7049,-6439,-1212,793,-1457
24480,433,3676,98,1124,497,527
24481,4902,-5446,-1322,-49,-467,-1369
24482,1847,3965,-4479,-1362,492,-822
24483,1588,3049,7304,-1912,-37,812
24484,632,-3472,5817,1983,1197,-1253
24485,1935,5297,501,-1820,517,1649
24486,-889,7983,-1177,-814,225,-140
24487,-1267,6181,-7904,-515,-1913,-945
24488,5224,-1063,2445,-1695,622,-1563
24489,-4912,3435,-6066,-1399,-125,-48
24490,-2189,2155,-5270,429,1932,846
24491,3101,2309,-4884,291,297,989
24492,3445,-1880,-1356,-1628,-33,982
24493,3241,6986,-6736,975,381,1294
24494,-5215,1471,-4930,-26,-886,-485
24495,-925,-3179,-658,-1117,-745,1195
24496,4650,755,-3176,-1198,528,-1441
24497,-3620,-2364,1792,-26,1881,-497
24498,1948,-5371,5429,-594,-187,626
24499,5895,1423,-5762,-504,1563,355
24500,-2774,-67,-5470,472,-1231,832
24501,-1234,-3875,-1738,-176,-946,646
24502,-6733,-1329,-6519,-1684,-1726,845
24503,-5322,-1403,7652,265,-261,-1958
24504,7276,-4685,-4722,-654,1753,-1024
24505,4537,7558,-1796,1718,1654,1706
24506,-2027,3226,-5752,1230,-1028,906
24507,-1326,-1320,-4911,702,-1014,557
24508,2013,-5603,-6771,860,1439,-434
24509,-7682,-1930,7382,-545,-251,-309
24510,6150,-991,3967,93,872,-355
24511,-1428,5840,-466,1694,-1872,1526
24512,5099,2951,3505,620,-982,1927
24513,-7409,41,874,-854,1280,69
24514,5980,-5767,-7016,-1034,-1615,-426
24515,380,-4536,1205,-699,-1117,553
24516,2123,-2142,5899,-1977,-1048,518
24517,5397,-6445,3417,1976,1081,-1771
24518,5280,-985,5620,1400,-461,1527
24519,-7891,-3924,-7545,-785,1025,-1713
24520,3082,-1593,2144,222,1125,-330
24521,7476,3899,1805,361,-817,22
24522,-1584,3376,1493,-1403,-888,659
24523,-4375,-7049,-1553,-1232,1480,-651
24524,-6890,-5837,-6709,-1139,-1321,-1945
24525,-4935,-3757,2915,366,1234,616
24526,7463,-4583,3934,-674,-1281,1779
24527,-388,-7823,-1299,-1923,771,-1170
24528,2943,2251,-6005,-1065,-1823,1312
24529,-1075,-4165,-6807,-342,-1217,-1099
24530,3424,4259,-6793,607,996,-158
24531,-5917,-2217,-7838,1093,-1028,-1619
24532,-6503,1086,2887,-13,-17,-1038
24533,3474,3200,4629,-1449,-774,-439
24534,6123,-7658,-5976,-212,-1979,-417
24535,-4066,-6037,1772,1293,-232,1090
24536,2363,-4109,-2320,958,549,-1596
24537,-2606,4695,-4370,-350,-1142,1181
24538,5946,1911,-1020,-702,1869,-30
24539,-5986,-326,3622,-1350,866,200
24540,5472,-4386,1215,-768,574,-316
24541,-366,-716,-6345,226,120,161
24542,-184,573,6555,167,-1573,-202
24543,1527,-7276,-5300,-1169,1361,-1164
24544,-7830,-6075,-2303,-1109,-353,-1306
24545,2931,-1852,-1496,-740,318,-1973
24546,6820,-5349,-1869,-1889,37,1445
24547,6503,3252,-2591,-1676,-1653,-390
24548,5292,2531,2283,276,1397,1202
24549,-3166,7392,2377,1837,-885,737
24550,3602,4667,-5770,-1705,-1940,-947
24551,-5903,-5576,928,-250,887,-404
24552,-2948,-6734,-1965,1029,-946,-932
24553,-1207,-1174,-3080,-810,611,-623
24554,5546,946,6255,-1795,-1887,-394
24555,7486,-2730,5570,913,-55,1849
24556,-2025,-7490,7254,771,1535,-1665
24557,2734,-3577,-3299,-352,1344,-1030
24558,-7555,6307,-1710,-1945,1537,-1339
24559,7837,2932,-1943,1187,1027,-1362
24560,-2838,3135,5296,1883,1350,-28
24561,-5784,6617,-3509,-112,871,-133
24562,319,-4067,-6612,-1900,1942,-740
24563,-3185,-6552,6069,333,1579,1284
24564,-7342,314,1777,-1407,1006,1370
24565,1426,-883,-5942,-1144,542,-85
24566,-3405,-2996,2623,1156,-607,-1045
24567,-7252,4830,859,-1657,-1723,1903
24568,-5031,-409,-6315,1604,676,-669
24569,7156,-2452,-6905,927,-1466,197
24570,-498,-4488,1455,-830,-1363,1158
24571,3467,2704,-1007,1030,621,-1267
24572,7244,-4653,-2540,-1536,-523,-590
24573,2884,4851,-4300,-1012,-1729,692
24574,-3706,4043,4492,738,-1696,-225
24575,7743,5854,-3187,1863,1820,1492
24576,106,3791,-5543,-587,1185,-666
24577,-2731,-353,6310,-694,1388,1879
24578,-4290,756,-3026,-369,-278,-448
24579,-1553,4460,4292,50,1509,1006
24580,2761,959,4632,1510,-1032,117
24581,-1753,1069,-5622,1191,-37,615
24582,-3021,3495,5659,1896,-197,-122
24583,-1893,-3311,1019,-1709,-523,-1223
24584,2273,-7801,5621,694,-767,1239
24585,-1937,-6572,-6544,1834,-499,-1954
24586,4464,5458,-1051,20,-1033,1374
24587,4517,-5303,-6998,-1443,-1327,-692
24588,-1514,5943,846,-1669,-509,-719
24589,5533,1301,1766,62,54,1996
24590,-6468,4271,-1025,-413,-209,-1135
24591,5810,7311,-1770,309,-869,-127
24592,6186,-7080,4342,-305,781,1166
24593,7470,4455,-6558,1140,370,5
24594,-4287,-3264,-7917,1553,84,-404
24595,-4553,2458,-2243,-1194,125,-1696
24596,6030,-2042,-2150,145,-1546,-984
24597,-6901,-3733,6863,-515,-522,1978
24598,5170,-3076,1697,291,-201,1247
24599,-6417,5530,7453,1776,1690,222
24600,-7169,-1503,-2595,2,-308,714
24601,-665,219,7924,628,499,403
24602,-2150,7527,-5641,-1781,876,259
24603,-5043,-1622,-2570,431,911,-114
24604,2354,-729,-4316,575,-1256,1799
24605,-5526,-4098,-6983,873,-1216,-1021
24606,-5638,-5196,3750,483,-552,-1214
24607,1338,-7546,-1521,752,-1523,-396
24608,-6,436,7738,591,-78,-1238
24609,3566,4390,552,-1702,1719,-501
24610,72,3322,4744,179,1066,1121
24611,4022,5507,2616,-232,-1790,979
24612,6816,5689,-2227,-1410,668,1955
24613,7014,5075,-7732,743,248,192
24614,-7935,-2030,-4094,-774,1727,1120
24615,6310,1140,3421,1654,-1690,736
24616,3303,-1842,143,936,603,1587
24617,-6441,7212,-3617,-328,-1459,-882
24618,-1706,-6176,2299,-669,-581,1976
24619,-4226,-2649,5418,1103,-733,1685
24620,-2825,4419,1286,1224,-450,848
24621,2655,-6463,-227,761,1618,-1743
24622,2100,-5839,-5428,-1894,-567,710
24623,-5166,-7143,-6899,-498,1447,-1194
24624,-710,1141,-4352,531,-531,-85
24625,500,-7211,5685,-1454,264,1800
24626,3368,-5191,3889,-1789,-1694,-808
24627,-2238,4550,-865,1012,223,1236
24628,-729,6025,-7022,534,770,272
24629,2527,-3438,-6552,1272,-1242,895
24630,1424,5293,-3242,-1587,424,-1123
24631,970,4626,-6226,-626,-1260,-1647
24632,-1226,6558,-3635,-1771,651,21
24633,-3003,-2465,-7308,-352,-102,-1757
24634,611,6524,-7991,89,344,814
24635,5057,-5849,1039,451,1341,-509
24636,-7960,3097,7827,-1261,-815,49
24637,2243,-1908,-4720,-1978,751,1060
24638,-3821,3333,-5631,939,-1693,-1981
24639,-4807,5995,-7060,161,545,-1625
24640,-2721,5203,5200,562,-1258,731
24641,-432,2802,-5081,-1536,-1674,119
24642,-1496,-134,2101,-357,-419,-1858
24643,-5581,3889,6370,-1713,175,-1701
24644,-3460,1435,6447,-1337,-1852,1136
24645,-1136,6939,6412,304,-185,-846
24646,-915,-2311,7383,-888,-639,-1531
24647,4389,-2918,1022,1428,-499,923
24648,-3766,-6625,-7863,790,-547,-216
24649,-1820,7714,1068,697,488,1865
24650,3338,-1798,4214,1764,-1385,1236
24651,4800,2779,-6176,1078,610,1128
24652,-7341,5767,3652,289,-1550,1997
24653,3468,3164,7573,162,813,1799
24654,-7552,-5828,-6695,508,-1835,-1540
24655,-3138,7844,4422,-27,-1391,1450
24656,-6078,1455,797,-1323,1326,737
24657,-4451,-2507,1826,1567,1471,-307
24658,-4899,6824,-7002,472,-1221,1700
24659,-5520,4557,3622,-688,-1271,-1502
24660,2678,-6458,-6057,-1413,846,1212
24661,663,-2300,2540,33,1786,-289
24662,-6571,-6199,2592,-1030,-1228,-1294
24663,-5864,5120,-5305,-1780,1062,-1388
24664,2204,-5987,1963,-693,81,1321
24665,-1238,-6286,456,1839,668,1816
24666,-7793,-4477,7102,-1082,-13,-82
24667,-450,1460,-4436,-1190,83,433
24668,-5732,-192,-4037,-1291,-1465,-129
24669,2263,-4975,3972,668,-466,-169
24670,-3390,1833,-3262,-1619,293,-1971
24671,-3741,2294,7597,-1549,1359,1688
24672,-3310,2565,5637,-434,-33,213
24673,3138,-2557,-1728,1309,-1849,1546
24674,-7275,5823,-472,40,-1585,-1794
24675,2907,5613,1460,998,-737,-992
24676,7179,1167,1450,-1425,454,1726
24677,-803,-4264,-4568,-983,1983,1367
24678,-6717,325,-7529,1589,-794,-1561
24679,-2577,-3384,-3884,862,875,-238
24680,-4800,-4687,2331,1103,-580,504
24681,93,-6208,-626,-353,-1564,-567
24682,-3594,3110,6793,-769,886,1112
24683,-2765,721,2955,1378,-1650,1406
24684,96,-4694,-6359,-1909,1696,-1534
24685,-5331,4599,4116,668,-201,-1261
24686,-7437,-825,-1918,-1435,513,-62
24687,5712,7114,7633,1721,-1369,1455
24688,3035,-2204,-2333,-229,-321,477
24689,-372,-3406,-7934,704,-527,-3
24690,-6800,6954,-1499,1110,1405,-1846
24691,-2821,-2007,7511,48,-1276,-1519
24692,1020,5808,633,678,-1548,443
24693,-6933,2388,-4803,676,608,1780
24694,7020,915,-5113,1844,-494,-88
24695,-6499,-6393,250,40,-312,1138
24696,5792,-7124,-4139,-640,-924,23
24697,5179,-6029,-1519,389,-1305,-1890
24698,4522,-3951,5784,-1646,-1015,340
24699,1476,-2741,-7022,1292,-778,910
24700,3186,-2637,6979,1085,1794,-1511
24701,5438,-7131,1950,-1376,62,1468
24702,4628,1655,5134,-1,-1369,-1418
24703,7048,2834,5183,1386,819,-570
24704,6882,124,-5663,-434,1543,-1516
24705,-3991,-7757,3669,580,-1125,209
24706,7216,-4675,-5986,152,1070,566
24707,4284,6941,-5742,-803,-782,-1452
24708,-4107,2204,7405,1262,1238,-976
24709,7460,-5216,-7425,-167,1395,-1948
24710,7678,1142,7990,534,-1690,435
24711,7036,1079,5328,-367,728,-6
24712,-4183,5992,6248,-91,1396,715
24713,6172,-3835,-7504,-808,-676,-1012
24714,-2884,-2315,3883,499,474,974
24715,-3198,4097,-2119,-962,472,1741
24716,-4673,1486,2439,93,-1900,-832
24717,4591,-1128,1378,1417,-648,1398
24718,7242,5865,6929,-1971,975,-958
24719,6124,-5512,4260,351,1180,-1791
24720,-5592,445,5978,558,-921,-1003
24721,-798,-6755,-7686,-1192,-875,967
24722,2057,-3061,-3208,44,1036,-278
24723,931,5341,-1875,961,-495,-1991
24724,-7582,7319,1947,-317,1437,915
24725,-6296,4264,5290,1170,-1986,695
24726,6120,-3463,6314,1118,-1392,-739
24727,-6112,1587,558,537,1578,1082
24728,-3256,2064,-4837,-1930,-854,1540
24729,-6988,-6765,-5949,934,-1349,-1093
24730,-7964,-4231,-183,1471,-200,1190
24731,1592,-6906,812,-1368,1675,-1684
24732,-5386,2572,-7713,-1708,1353,745
24733,6158,-5237,4024,1306,816,-434
24734,-201,3977,-4581,312,-1733,-844
24735,7571,-6192,2925,1329,-1623,-354
24736,4810,-3957,-5402,1158,-662,737
24737,-4012,5432,3222,-433,266,-315
24738,4943,4529,1256,-389,54,-1277
24739,-2631,-2991,-99,407,708,-1346
24740,-4429,-961,-7783,-1216,1486,1804
24741,-2520,7316,7299,973,1264,1927
24742,-5368,-4876,2135,898,-249,-377
24743,-6280,7062,3498,1015,1751,-1673
24744,-3695,1482,573,-1886,-834,-1102
24745,7924,3322,-6250,-756,-338,1382
24746,-4776,-4889,5600,-1320,1544,-1349
24747,-5,-550,5892,1293,1272,1890
24748,-2895,-6131,-6264,-1243,664,-125
24749,2047,3121,-4476,361,1391,-1923
24750,-3696,-2338,-7884,-359,1219,-707
24751,7207,3858,1435,1480,-777,-1752
24752,5160,-339,-4112,1337,504,696
24753,130,-7228,-4990,527,-605,-1866
24754,543,-2573,130,-1282,644,-844
24755,-4418,5647,5333,1258,-578,14
24756,7023,1691,6307,1750,892,-453
24757,3379,-3572,7636,1530,1824,838
24758,5078,-7985,-2155,1904,1730,52
24759,2219,-4371,-5671,104,1936,-1490
24760,1112,4135,-6901,-1981,1160,1085
24761,2843,7751,1128,364,1697,815
24762,-1702,-7393,3446,-1575,1960,-1546
24763,-917,-408,3760,1151,1755,1450
24764,2555,-3601,-6780,1256,-829,-1906
24765,-5788,1535,1923,-435,1201,-318
24766,3811,-69,6422,-1499,794,-1476
24767,-2588,-2048,2537,-87,885,-402
24768,-4175,5210,6162,-1547,-1104,-449
24769,-6762,-3360,-1376,-1313,1907,1495
24770,1139,-751,5050,-954,-897,949
24771,-4577,-2313,35,724,1463,1276
24772,-4049,5206,-5614,639,935,242
24773,1239,-1867,-4640,-1580,764,113
24774,5164,-7544,7312,1256,1696,-457
24775,-6013,7886,5088,-779,-1864,734
24776,-7737,3961,-7759,-1344,5,-908
24777,-1601,7044,-2562,-15,-1016,1188
24778,-4370,-7974,7986,-435,789,-1550
24779,-6175,1958,-1279,-1702,1890,-409
24780,-2475,4769,4035,-563,1106,-695
24781,2636,6399,-6522,829,678,-1808
24782,4416,-4824,3231,1810,493,-933
24783,-6255,-2990,-1931,1002,1017,-616
24784,258,50,-1489,-1213,1507,-1340
24785,-2197,6291,-6497,-36,-1185,-1560
24786,-7585,4786,6060,-1273,-1409,254
24787,-2174,2623,-4534,1431,-1176,1041
24788,636,-2524,4570,1243,553,-708
24789,3134,6976,2673,820,1250,506
24790,978,4218,2218,633,-301,-198
24791,7419,-5148,4233,558,-1238,358
24792,2790,-7679,-6007,-1513,1015,661
24793,-705,3417,-4285,1036,-1227,-1039
24794,-6264,-3530,1839,-1418,-1672,1534
24795,6509,2308,4513,1143,1010,-1049
24796,-5111,-4028,-4041,269,44,-788
24797,6209,-1629,-4955,727,1074,1907
24798,-3427,3824,1030,-1583,1392,-278
24799,2551,7300,3288,1595,-1398,894
24800,5519,2422,6868,-1649,-270,-879
24801,2755,-6938,452,1747,-1502,-352
24802,-1378,6738,-6601,721,-510,-329
24803,-3492,5730,1754,-1964,856,301
24804,-6716,-2936,4995,-999,934,-1534
24805,738,789,858,-1280,950,387
24806,6785,4443,-7592,106,388,-1693
24807,6615,-4604,-6531,36,-1506,-945
24808,6384,-1163,7515,160,1542,1544
24809,6014,-4574,-82,1012,-1149,-1585
24810,-3971,-6308,-6381,190,-502,-147
24811,2012,5935,6861,-1727,1748,947
24812,-1107,1619,2863,-570,986,-294
24813,-7668,7434,7121,1576,13,-452
24814,-6936,3147,7057,95,269,-1001
24815,2945,-7972,7332,425,585,-58
24816,-6576,-4636,4887,-187,-1938,1043
24817,-139,7269,-7252,-478,-678,1606
24818,-5908,-2336,4312,-1872,-124,113
24819,3288,-3551,-1063,374,-1840,950
24820,-6603,-5746,3991,-212,-1909,-1565
24821,7178,-7468,-7290,-419,-277,997
24822,-1046,-4985,-6558,1787,-1462,-251
24823,-3155,-3222,861,-1646,405,701
24824,-3480,-5171,4161,1974,94,1398
24825,3529,6063,2370,-234,-365,-1396
24826,1010,-4200,6259,-1378,-131,-1323
24827,-1946,4151,-944,179,-813,1703
24828,308,6705,-7718,655,-225,-480
24829,6763,2143,-1545,194,1750,644
24830,4074,-5431,5471,-1437,458,-199
24831,2963,1063,4311,64,-1291,1545
24832,-3964,6611,-773,-1232,-575,-899
24833,899,6592,-5938,-1078,1414,1931
24834,-3590,-676,1217,759,-1191,-1492
24835,7596,-1364,-7776,-281,-240,1393
24836,-3539,3626,-5819,-1289,-1281,1833
24837,-72,-1930,4397,1316,-1117,1249
24838,-387,3937,7996,1647,174,1571
24839,2,6528,176,1670,40,819
24840,3753,2419,3226,1919,1562,-1342
24841,1807,3129,-7762,-1803,251,1841
24842,-2410,1384,-768,-487,1906,1354
24843,431,7323,-4048,834,24,293
24844,922,5226,2150,-393,-1880,1973
24845,-5087,-6743,-2585,240,-1406,-980
24846,-3145,1625,-5326,1980,-1843,687
24847,-1996,-3254,7121,1416,-522,487
24848,5033,-1409,4441,-1406,1254,-883
24849,-5765,-490,4563,220,-1829,291
24850,-3592,4396,5060,681,464,-1844
24851,-3262,4896,7315,-1610,1591,-1278
24852,-7763,-409,1689,1737,-1660,479
24853,-6147,734,4175,1255,-1933,199
24854,7316,6174,-4579,1676,-1775,1671
24855,7926,4694,-3960,670,-76,354
24856,639,-980,569,-126,1132,-517
24857,5579,-2487,-4162,803,1462,-1187
24858,-1960,-4380,7689,-1878,-274,-1493
24859,4474,598,4665,307,756,-1254
24860,-1944,6520,3825,-1159,-1314,-1232
24861,-48,4189,-6983,-105,-936,-1104
24862,-1216,3452,-1809,-52,592,647
24863,-89,-2731,-6709,1065,-998,-797
24864,-2039,1846,5738,337,-917,1432
24865,59,-7794,-442,-1828,829,-477
24866,-7560,5764,-7981,617,1295,-665
24867,6768,-552,1758,-676,-371,-1117
24868,-5172,-4145,6706,-857,-282,-1970
24869,-7730,-4895,1199,252,1904,-1565
24870,4617,-4876,-6875,1276,-253,-61
24871,-1295,-7534,-7871,-156,241,-943
24872,2752,-6593,-6700,-623,-179,-197
24873,-4522,3942,2761,452,-1633,618
24874,-342,-4460,333,-1528,-1660,766
24875,3299,6714,3714,-117,-1791,-1627
24876,6157,-2539,-4369,-1905,102,-635
24877,-7709,-346,-206,-370,-970,-1029
24878,-1691,3590,-3792,-354,-1107,332
24879,5373,4407,297,1625,278,1103
24880,-1730,-4380,2991,1844,-1224,1485
24881,-2352,-6124,-1212,-1938,754,-838
24882,-3392,-4754,7866,44,1834,-1806
24883,-7490,4429,252,-1745,-1898,996
24884,-4594,3809,-2254,687,1636,-1559
24885,4209,7502,-3271,614,173,842
24886,4191,-5151,3195,176,515,-1663
24887,2250,-6536,-7147,433,801,-1551
24888,7849,395,1643,-63,-107,1164
24889,7224,1991,5632,1404,1773,-1924
24890,-690,6817,-6783,-1559,473,-1162
24891,-4994,2793,667,-297,436,-507
24892,-6122,-7370,-7606,1946,406,136
24893,-3777,4057,2540,-743,-1715,-980
24894,6533,3511,7863,-814,967,742
24895,-802,4730,680,-1697,-1848,-1065
24896,151,-7819,2022,-1511,927,-1002
24897,-5541,-5057,-172,276,14,638
24898,-6106,7206,1261,-1101,-397,-1025
24899,5340,5400,-3507,-1466,360,299
24900,4412,-5900,7034,-1258,910,-1892
24901,6742,-5752,-4485,-224,-574,1695
24902,3757,3497,-7328,805,-664,1477
24903,-34,-1876,7723,-665,-647,1104
24904,-6911,-1074,-336,-1046,1840,912
24905,-1705,-6428,7443,274,1213,671
24906,-1171,5404,1239,-1741,1419,1106
24907,3246,3413,-6708,-1040,-1162,-1829
24908,3355,-4181,-6827,-477,-580,-532
24909,-5673,-6633,-3053,-1152,-1324,133
24910,3925,164,-6733,627,1793,-823
24911,7141,-4459,7122,1403,-1566,-730
24912,-5285,-2873,6584,224,-804,1331
24913,-3347,3317,6768,-1920,-139,1653
24914,9,1371,1700,1521,272,-1734
24915,7384,-3778,-6261,-1630,-828,1384
24916,7072,6501,5354,-1858,-1424,-1592
24917,6793,-356,3795,-347,-961,-310
24918,-845,6890,5621,-1548,133,46
24919,-2730,-4663,2238,-836,-1288,634
24920,3257,-3035,-4743,110,430,248
24921,-221,-353,5711,-1021,1036,1743
24922,5410,-7931,6767,44,1932,1399
24923,-4923,1035,4652,1788,-421,-760
24924,1359,727,-6620,-1623,199,-1331
24925,-226,5575,5200,-151,1037,889
24926,867,6366,-4156,1529,251,1483
24927,-4839,6323,5681,1257,181,-1569
24928,4342,2637,-4187,-1073,-290,-1544
24929,-7340,-2604,5409,-23,273,-1441
24930,4421,1301,-4610,-1728,-667,-263
24931,-296,5127,-2827,-1131,1910,-1729
24932,7197,-581,1944,-860,-291,474
24933,-2248,6132,7884,-475,72,-5
24934,-1088,-745,2403,293,58,303
24935,5585,3492,-4012,-467,416,-1178
24936,4169,-5486,2416,747,-1125,-1453
24937,-6878,1216,-2423,-661,966,321
24938,6560,-4706,-1303,469,1625,226
24939,6207,-3655,-7869,-428,-1560,-1896
24940,-5278,-7180,-4943,1004,727,-1196
24941,-1366,-1520,-1426,421,-106,-519
24942,-918,3829,-2787,-498,160,622
24943,7221,-3458,2709,-301,-461,1303
24944,3976,-4107,6636,-957,-661,1670
24945,3653,-6569,-6956,-1786,-1851,1712
24946,-37,4227,-2864,1287,-1657,-452
24947,5979,-4185,-5774,1888,468,-694
24948,3652,-5425,-7484,1311,-59,-923
24949,5865,3697,-2991,1388,398,971
24950,889,-182,1574,998,1214,-58
24951,-1637,7742,3901,263,1459,-843
24952,-410,7073,-7522,205,-40,-139
24953,3263,2648,1557,-416,-1603,1790
24954,-1446,-3198,5815,-958,1991,-1250
24955,3832,-6506,-307,-1183,-612,24
24956,-4912,-5656,-7049,-174,-209,1413
24957,-3947,-2891,2524,-691,-1263,-1953
24958,7002,-1036,-4832,-1096,-337,-1861
24959,-4152,-4905,4195,1889,-457,1812
24960,954,5102,7585,-1569,1341,-1788
24961,-5590,-2805,2926,-1623,1654,1348
24962,-6450,-418,-2183,-39,-750,870
24963,-7379,6916,-7352,-941,-1067,-1217
24964,3356,1078,-6697,-781,-1941,-1427
24965,-1543,-2575,5211,-1170,106,102
24966,2040,-7871,-4737,-1227,-468,-1701
24967,7273,-4909,-5648,85,-1765,-83
24968,4259,-2320,7080,-205,-167,1249
24969,-2500,-2974,-3237,418,-19,1395
24970,-342,474,6074,-578,-1135,-1897
24971,-950,4968,-6006,355,1600,-1111
24972,-2035,2107,-7137,-1806,1551,-1076
24973,-3399,-6293,-54,898,1571,-1725
24974,7634,2419,2940,-1800,1922,1188
24975,-3183,4411,5712,-1120,1714,1041
24976,1753,5603,-4131,948,-1176,1359
24977,725,-1239,-325,775,76,-1509
24978,53,6856,-2185,-269,-1470,-1280
24979,2156,-1645,2252,1101,-880,1809
24980,2800,4791,1678,1441,-1055,-1674
24981,7767,169,4617,-1601,1568,-1478
24982,5293,4534,-2860,1738,-745,-1082
24983,-5929,6777,1827,599,-1296,-159
24984,2676,1478,600,665,-1026,1922
24985,2800,4576,-1286,1511,1797,-570
24986,-6135,-7167,7026,1304,-807,991
24987,-7152,5962,-2854,-1942,-848,1978
24988,-6270,-4736,4118,1875,-1590,1684
24989,-6619,7720,3918,1081,515,-1919
24990,-3331,3444,3003,-32,314,290
24991,-2462,4577,4977,1924,771,1762
24992,2132,-6804,7649,934,1420,-1882
24993,2684,5782,-7163,-538,715,-1188
24994,-7350,3060,-3878,1417,-283,-68
24995,-7430,-3122,4106,1449,286,-394
24996,-2706,5920,-5405,56,767,-202
24997,-1096,-3975,-3715,1714,1167,1799
24998,-1743,3162,7678,-747,-350,-1086
24999,-6278,-942,-220,1000,199,748
25000,-4367,967,5861,-120,-1089,1519
25001,2840,429,1317,-644,-580,-76
25002,1811,1663,2699,-639,-887,1771
25003,1504,-5920,-5816,-1462,1378,1458
25004,377,-6909,1053,-167,1375,782
25005,-7833,160,553,1813,-1834,1689
25006,4061,-5278,-3990,1379,1486,-1258
25007,-7936,-2422,7730,434,1285,621
25008,5692,-6374,-5128,-1659,378,1375
25009,6670,4461,-3342,-345,-1956,1498
25010,-4443,7816,-6961,-1395,-1772,-1557
25011,4518,-4774,-6333,1602,1720,1212
25012,-4919,-4855,-5263,-155,656,-1502
25013,-1028,-5801,1659,-1272,-1480,-60
25014,758,512,-1901,-1730,-631,647
25015,3223,-3231,-5593,-270,-503,81
25016,-5069,7574,-2284,933,-617,1831
25017,2051,-7468,3000,-1804,1364,1032
25018,-6359,2278,6725,248,-1380,-1319
25019,-947,4470,302,-1991,1688,550
25020,7301,-178,5377,-1941,-997,-1308
25021,641,-4908,-4160,-1933,1888,501
25022,465,2881,4249,912,-131,-482
25023,-7594,5812,-5340,-1599,1702,-219
25024,-5371,-481,-5923,746,-961,-1623
25025,6327,-1855,-7580,-421,-476,-1826
25026,-1525,-1636,169,1922,-1535,-1512
25027,3592,818,4197,-1382,-966,1605
25028,4191,7231,3794,298,1122,-1934
25029,4318,-390,-5369,1447,614,1361
25030,-2322,-1964,-107,1946,-1133,459
25031,-6336,-92,2427,-871,1463,1893
25032,6004,-5973,1310,-1174,-569,-69
25033,5942,5639,2565,1441,1153,-1735
25034,1559,4736,4825,-1424,928,1057
25035,2936,5847,3365,1121,1110,-758
25036,-6242,791,-5355,1688,-1724,-743
25037,1767,2392,7550,1160,-685,1973
25038,-4141,3914,618,-859,382,1651
25039,-1902,-5696,-5857,1458,-1550,-1502
25040,7051,7276,-5406,1820,1138,-1075
25041,-1732,-824,1755,1989,-1262,-1823
25042,-2479,503,4911,545,-958,294
25043,-1492,5120,-6528,-380,-456,270
25044,6669,3074,7244,-1643,-1537,810
25045,2094,7694,2329,-160,-1562,-33
25046,3688,-7748,2114,1642,-1943,-1256
25047,5272,-1243,5894,-1566,1682,-523
25048,662,7283,6619,1882,-1752,-1885
25049,3207,7253,-3624,-1205,617,1732
25050,738,6165,-2085,752,-1232,-1613
25051,-3114,1599,150,-419,1116,927
25052,2451,7855,4398,1990,1005,-1088
25053,-2732,-2676,-6320,355,1288,1456
25054,-2279,-6054,-3196,-101,-537,-1755
25055,1613,5683,-7651,231,719,1794
25056,-4381,2046,-2847,-1513,1476,-1794
25057,5580,-3585,6631,-1026,1281,-505
25058,-5347,-4067,-5259,-1682,1280,-525
25059,-7997,-3385,-6579,-1744,-77,293
25060,-4659,7564,-5301,-708,1405,1538
25061,7956,-6679,1300,-1156,1665,-1464
25062,-5935,3474,5780,116,-227,-1562
25063,-5692,-5982,4924,-773,-144,1844
25064,4257,-5706,-6281,-1127,449,-1926
25065,-363,-6816,-4464,484,-838,347
25066,7318,-2707,-3302,1340,480,765
25067,6277,7155,-7816,1243,249,1247
25068,363,3317,1142,-792,-1118,1499
25069,3177,-2279,-2840,-1031,837,351
25070,-2823,4686,979,-1859,-237,865
25071,2007,3152,1102,1845,704,1041
25072,7150,6880,3007,-1194,-442,-162
25073,6714,3322,-2851,929,830,800
25074,5206,-1929,1989,-1390,-1047,802
25075,-2923,6833,-2701,-912,641,542
25076,-7427,478,-3096,-1270,-652,-1691
25077,-7044,-2250,-4923,-131,673,-709
25078,-7801,4415,7235,765,608,1550
25079,-5695,6043,-2552,1139,1123,-154
25080,1583,4869,1289,394,-1024,-1704
25081,4501,1224,-3523,1395,-1891,1929
25082,-7960,4296,-419,-1229,-103,157
25083,-2590,-3672,-646,-1031,-624,1252
25084,1518,3570,3071,-753,151,1326
25085,-5991,-3922,1750,-1926,621,-354
25086,1133,-2416,-1696,-1845,-1602,-1037
25087,-6717,-4253,4626,-205,1307,527
25088,3338,506,750,-1162,-368,781
25089,-6153,-7654,-5241,-1121,-1575,1189
25090,-117,3966,3809,-1538,-471,-1898
25091,-2438,6136,-7678,1721,1375,273
25092,5008,2633,2638,1982,-1541,98
25093,-5721,-4063,-2606,1210,-1234,-488
25094,-3961,-5288,4980,-482,1133,385
25095,4301,5089,7926,-1972,1929,-1417
25096,3768,-4222,6674,-308,40,315
25097,-1404,6803,-1226,-1746,-554,-934
25098,6080,1308,-3440,-536,1226,-1067
25099,970,-1735,423,-1417,634,-888
25100,-1192,5759,904,1614,-1467,459
25101,4526,-4403,-2736,-504,954,-954
25102,-7501,-4134,-6289,1547,-1474,29
25103,6348,7326,2216,1395,81,712
25104,6984,-6100,1360,-1208,405,1757
25105,-1192,-1172,-2253,-1500,242,566
25106,-1471,-4739,-7431,1290,-1862,1559
25107,3870,6778,7374,-1961,745,197
25108,3671,1569,4115,-1732,777,1276
25109,4099,1425,396,-1443,-1705,1735
25110,-3254,1931,-7640,-1626,1365,814
25111,6920,2480,-401,877,-1920,-1324
25112,-4646,5725,3644,1544,-1240,32
25113,5024,4030,4170,-1559,-391,-416
25114,-4859,-5472,-3932,-1713,-1021,-126
25115,119,4359,-4620,1452,-995,-1350
25116,-2190,5118,-3113,-1002,-1514,437
25117,-7637,-1345,-3478,-1634,-459,-1928
25118,3339,-7413,2996,126,-1501,-1261
25119,1865,2438,4440,-1993,1662,1109
25120,-2128,5999,992,119,260,627
25121,4649,-736,6245,-1921,-1870,-417
25122,2380,4419,-6226,-1495,1715,-1128
25123,-141,2063,-6133,617,-948,572
25124,2858,-418,4889,492,-1524,1687
25125,-329,-3641,-1274,820,1652,-1668
25126,795,-3022,-492,-1756,-651,-1936
25127,7134,1000,-7370,-1256,-1822,566
25128,-2534,-7324,-3419,-1771,-512,20
25129,-1069,-1350,-761,-1149,-1059,1435
25130,956,-4007,-1163,-1916,-728,-497
25131,5155,3352,-853,-866,969,1777
25132,5892,-2925,55,1111,943,-1734
25133,-990,7366,7657,656,-440,-1253
25134,6818,-4556,-7500,-1394,302,-387
25135,4091,-7791,-1523,1982,-1880,224
25136,-2512,591,5364,1994,1244,1065
25137,6915,4852,1054,1781,556,259
25138,-2035,4052,819,-1542,-1925,-468
25139,1746,5750,-1212,408,-641,-1541
25140,3973,1974,-6859,562,-73,1660
25141,-313,4281,-709,-923,-863,-288
25142,-3091,-2366,4215,127,-1291,-1873
25143,-7694,6611,4844,-1816,-791,-1689
25144,659,-1657,5508,1748,-699,-1097
25145,-1010,-6508,4091,-525,-636,-765
25146,-3735,3538,3458,-680,-1420,-1455
25147,-1647,7862,-4299,707,383,-1504
25148,5852,6370,-4159,-1539,333,-1747
25149,4151,-6157,-3974,-793,1477,-1789
25150,3311,-2779,385,-597,-1020,-1301
25151,-4774,-7896,5824,-2,-964,-237
25152,-4137,-2091,5555,882,750,-1932
25153,7215,5402,-7873,-1768,-660,-175
25154,-7012,3315,-4799,-1215,1674,1292
25155,7533,5521,1329,-1103,670,81
25156,-5655,-1939,4713,1807,1958,-1849
25157,-1630,5986,7237,-74,-601,740
25158,-4203,2807,4992,-1405,-292,1582
25159,4416,6629,-823,380,-49,1882
25160,6110,4387,3998,1472,1066,-990
25161,-4290,5656,-7079,109,-622,0
25162,-4236,4802,-2410,-314,-622,1667
25163,-6324,-5139,2901,1354,985,-1894
25164,-5894,-6735,5007,827,1794,-1476
25165,6316,-1690,1757,-1540,294,-1160
25166,-7615,6972,4028,-673,-1693,441
25167,-3637,-2811,-273,-103,-820,-821
25168,6341,-2361,-1959,-553,1816,-1386
25169,3041,2629,95,43,1835,1140
25170,-7494,6873,6615,679,1864,1749
25171,-1853,4046,7569,-300,-999,390
25172,-1024,-4919,-4106,-1329,1903,-1763
25173,-2543,4411,-1713,1054,1388,1454
25174,-7235,-2021,-7953,-967,1121,-714
25175,-337,-2298,4745,-1473,974,1184
25176,-4599,-9,1872,1920,538,339
25177,-5144,-3571,-6036,-1686,587,1447
25178,2496,-7928,7330,-352,1252,492
25179,6880,2832,-4359,1007,-97,472
25180,-3915,-4168,4414,1870,406,180
25181,-4969,-5576,1712,575,-32,-439
25182,-6909,-5176,-646,1020,1648,1030
25183,-2504,-3832,-6563,-1707,1965,-1998
25184,7288,-2722,-7646,-1044,1602,-1335
25185,-1222,-7012,-4928,-853,72,1742
25186,1430,5942,3203,1946,-1373,-154
25187,7690,-7738,6605,-1051,1292,-1808
25188,-7575,3353,-2042,966,-1176,435
25189,6489,4091,-2913,-1653,-612,510
25190,4491,4649,-3020,651,987,-720
25191,-3019,-7800,-6098,381,-143,-106
25192,-7339,-5049,1747,231,-1328,429
25193,1249,16,-4679,397,-1843,967
25194,-51,5393,7289,1835,1330,205
25195,5857,441,-6037,478,1260,984
25196,-4312,7317,1385,-1514,-1377,-927
25197,-6558,-2097,-4085,-1474,755,-1316
25198,1902,-1345,3338,-1048,-95,1130
25199,-616,-4935,-764,906,-1568,677
25200,-794,6834,-7561,-385,-1876,787
25201,5933,3695,2161,-1115,-1417,31
25202,-809,212,-979,-1736,-239,1447
25203,3668,-4654,-7519,-1031,402,1916
25204,436,-3105,7311,-871,-1611,-516
25205,4020,-2239,-5956,345,-499,-418
25206,3935,-5495,-7890,1540,-1835,-770
25207,969,4023,2801,-31,368,-618
25208,7446,-3682,3164,98,1022,-276
25209,-2985,1950,6496,1097,-199,1802
25210,7873,-4752,5145,-648,1303,1616
25211,-1885,-4705,5625,-1509,604,1620
25212,7069,-7712,-1140,-1160,610,-1334
25213,1472,-1484,707,1254,-1293,1281
25214,-5295,-3070,1118,1170,-1704,-1557
25215,7372,-6867,7603,1355,851,-692
25216,6986,4690,4746,-142,-182,-1155
25217,7464,6381,1484,1838,757,1242
25218,-4637,2114,2294,86,1814,-1152
25219,4176,-7107,-349,257,-728,-591
25220,3147,-1877,5031,569,1598,235
25221,-2942,3802,-2132,450,-1417,860
25222,1398,5758,-318,-1601,1035,1754
25223,1173,-844,-7321,-577,-442,741
25224,-5130,3588,-6008,985,566,341
25225,6231,163,5319,484,-1473,1710
25226,916,-5053,5235,1146,-1644,-1077
25227,5054,-2244,-2516,525,-1441,-1673
25228,6590,4968,-1129,-103,-1932,-1507
25229,-7163,6387,4605,1157,781,-1297
25230,7122,2236,7419,-166,-1684,1783
25231,-5369,-1965,-1325,1465,-837,-1013
25232,69,-7420,-3543,1819,1990,-1444
25233,117,-7878,7472,-389,-354,1841
25234,-6975,2801,394,-629,587,-1873
25235,-5166,-1622,3967,42,440,-494
25236,3872,1351,-5497,-1683,649,268
25237,4561,-7950,7005,-1077,1359,1273
25238,7,3055,-2372,-287,1015,905
25239,7577,-4047,-6060,705,-1530,-1565
25240,4648,4704,-5088,-1688,428,1022
25241,-6736,7459,-5477,-258,116,631
25242,7095,343,-3822,-1170,-943,1366
25243,4476,-2571,7335,123,-559,-1931
25244,7403,-4796,6992,334,974,-1376
25245,-1482,-6913,6004,9,1775,1392
25246,3518,-2109,-6010,306,-1536,1265
25247,975,240,945,-1703,977,1633
25248,-2075,-2070,7084,1332,-1293,-1789
25249,2761,2176,4595,-797,-330,-1201
25250,-593,6166,-733,605,1673,-1126
25251,-132,-5016,-6859,1487,258,-1814
25252,-3282,-2293,7360,-225,-427,1969
25253,3864,-4998,3761,1849,-1921,-1704
25254,-18,6896,-4247,1318,-938,-1345
25255,-7903,4221,-2944,1879,-441,-1804
25256,7411,-3881,-260,1875,441,686
25257,-4584,-5031,-5946,-1060,-1967,-1288
25258,4428,-4118,1120,110,-1508,-1279
25259,-1912,-4944,-3110,-589,177,928
25260,3997,5769,-266,-246,-1466,-1552
25261,4846,-96,1264,-313,-1735,1771
25262,-1393,6906,-2376,8,51,-805
25263,5001,-1768,5504,1796,-562,-1181
25264,-516,-753,-1864,-806,1225,-574
25265,-1985,5358,-6646,807,1428,40
25266,-4662,3129,-6766,-753,-689,293
25267,5980,-3758,-910,523,-1180,340
25268,-7984,-5877,769,-325,649,-644
25269,-4792,6287,5838,-532,474,-566
25270,-6761,6035,6739,309,-1343,-1865
25271,-6683,-4718,-3465,1559,-988,1225
25272,7177,-5279,5788,189,-1399,913
25273,-1862,-6789,-5747,1829,-1738,-1221
25274,4674,-3421,-6783,-346,-1126,-1300
25275,-6878,3802,6152,-22,1093,-575
25276,2708,5329,6476,-70,342,1690
25277,7438,3548,1091,-813,1299,-1066
25278,1476,-478,6462,-1371,1065,-1126
25279,1122,2700,-7530,-543,-1579,1801
25280,5796,1000,-4836,-114,216,1561
25281,-3141,-300,6809,1489,-444,-210
25282,-3093,-2069,4462,-1955,741,-699
25283,5606,-2736,-5032,336,-892,-175
25284,-2283,5707,-3866,1817,1081,-879
25285,-4342,5968,6026,950,636,1262
25286,3102,3658,7743,-1011,172,-462
25287,-1721,3500,-2349,-565,-1685,358
25288,1434,-6406,6818,-1276,569,-884
25289,-6995,1966,-563,-364,-587,1275
25290,2960,-2592,-7654,-1979,-1203,-784
25291,-1146,343,-6411,-1439,-732,-772
25292,4882,-201,677,-380,866,-697
25293,1136,5430,-7122,-6,700,-937
25294,-5469,-2655,-5741,23,1979,-1947
25295,945,6212,3873,1557,-1756,96
25296,1222,3271,5916,15,-955,-337
25297,5463,7212,-6204,309,-193,864
25298,-4287,1493,701,114,1012,-1784
25299,393,-1190,-5626,-770,27,-433
25300,1884,-1890,1781,-297,-129,-36
25301,7302,629,-1337,-626,-592,-1919
25302,-6398,-5456,2121,1050,-1156,1658
25303,5058,444,3674,1797,922,1571
25304,3805,1168,6083,-1165,647,-980
25305,4066,5733,-818,1358,-1547,1547
25306,6773,533,-1597,-651,-1184,-1310
25307,-6900,-4837,-3176,-1696,-325,1220
25308,-5700,-7665,4381,69,-1453,710
25309,-6176,1197,-6742,-479,296,-596
25310,6478,-4973,-4819,-1888,-955,1513
25311,3499,-5434,3852,1955,963,-659
25312,957,741,6870,-198,1126,-1588
25313,-4294,4251,7426,-1736,1919,522
25314,-1970,-4992,-4814,-1538,-211,1961
25315,-1574,6265,-2054,-1942,-533,-1820
25316,-6424,-3876,2994,403,-1061,-1646
25317,4616,821,-99,-1901,293,1021
25318,2115,1118,-2782,215,763,-698
25319,-5475,-607,-7869,-817,385,996
25320,1956,3417,340,316,112,-1612
25321,2991,-7129,-2186,-413,839,212
25322,7679,-6540,6425,-1393,432,-818
25323,-4112,-3275,391,-1211,-609,195
25324,4358,-822,-1813,-866,-1399,80
25325,-5409,7145,893,857,337,-155
25326,-798,2563,-5265,235,1570,50
25327,-3673,-4664,-3670,-253,-985,1597
25328,7363,-1307,2709,-1083,-183,-185
25329,6824,5361,3402,78,1629,-809
25330,7500,6034,-4548,-1082,-234,1395
25331,4842,7041,6921,326,138,1011
25332,7478,5566,-7175,-1209,1056,1585
25333,550,-963,7647,1322,-1488,-1746
25334,-6602,-4618,3732,-461,1088,1081
25335,3742,-5091,-940,1195,-773,1563
25336,1973,-1191,-4179,872,-1226,-721
25337,4937,1673,4572,1870,130,329
25338,-4538,4276,7790,-137,-1507,-1476
25339,-2543,-7196,-3523,-1024,-812,-208
25340,627,5098,-2217,-934,-1620,1812
25341,4682,5270,-1716,-1766,1091,-1273
25342,-7117,-3524,-4257,-1777,-761,151
25343,1216,3640,1548,-1580,785,-852
25344,3496,814,-3393,-1979,-1870,208
25345,-949,-6778,3724,782,1357,-209
25346,-762,-7128,6625,-1800,-421,-523
25347,2490,1851,-4653,1606,433,-131
25348,7962,2354,6471,1878,676,-1592
25349,-961,-3192,-6313,237,850,1928
25350,722,4032,1420,1234,264,1471
25351,-1193,-2390,-76,-545,-1111,-309
25352,-5237,-6773,-405,-1469,-1044,-475
25353,7081,-2045,-7795,1858,668,511
25354,5087,7742,5163,-1126,-1750,1575
25355,4058,-3731,-2233,337,1615,761
25356,-5531,-6688,-6377,146,1602,1037
25357,6167,-252,-5300,696,-834,1293
25358,431,4193,4035,141,-1195,327
25359,-1759,1234,-1468,-1565,972,1949
25360,1221,395,-41,-299,-185,138
25361,3106,6834,3982,-70,-966,-1163
25362,5365,-7037,710,-1468,-315,-899
25363,-2311,-4629,-4872,-975,1728,1182
25364,3652,-6975,7727,880,1278,572
25365,-2354,-6941,394,1036,-22,941
25366,-7047,-6342,-1242,382,-1354,1066
25367,5576,-6285,-4747,608,1819,826
25368,-6340,-2495,-4426,817,-416,945
25369,-6718,726,7112,-1283,-16,-766
25370,4452,-5492,4402,-800,-882,727
25371,-5202,6735,5971,792,470,-1619
25372,7105,3555,4491,1318,923,-1633
25373,3318,2844,-7612,-1735,-1072,1373
25374,-379,-3521,-4920,11,-356,587
25375,-4449,-3738,2515,633,1599,-582
25376,-914,-5369,1410,1909,1211,1453
25377,-3969,2292,6190,1230,510,-445
25378,1377,-5617,4772,1770,1905,582
25379,-6197,-4486,3931,-106,1564,43
25380,-6281,-5703,-2716,766,579,1634
25381,3185,1853,3738,134,939,-1181
25382,7934,-4661,-5475,-962,1087,-884
25383,6393,-7609,4202,-1547,-1622,-1434
25384,-6910,5380,5431,-537,1491,1220
25385,-7254,-2295,5243,952,486,1522
25386,-5972,5286,5342,-1075,1204,-216
25387,-5473,5631,-1571,1359,-1631,1796
25388,6448,7201,5759,1269,1065,1076
25389,-801,-2154,-1925,1264,1400,935
25390,2592,7911,-3719,360,-1949,1314
25391,-3228,-2006,-2664,-540,-67,-1166
25392,2440,-2901,6806,971,-848,-1292
25393,2158,-2263,177,-543,271,134
25394,7605,-5386,1937,-1094,-140,1212
25395,-1445,-7220,2738,-1603,-1214,1186
25396,737,6619,-4304,-534,-1766,735
25397,4564,4279,4613,-498,135,1444
25398,5716,6069,1082,1188,-634,-1891
25399,-2723,5019,3896,1582,-1647,1629
25400,5490,3882,2022,1722,1063,-1021
25401,-3787,2402,-3596,1124,-1960,-585
25402,6221,-2007,-5354,-1057,-228,-70
25403,-2796,-7469,5741,-219,455,914
25404,-3943,-6233,-4679,-1508,-512,400
25405,-3768,4407,-1873,669,701,1972
25406,7220,5037,-2653,594,-968,1608
25407,3030,-520,-1345,135,-342,-1553
25408,-4035,-7721,-2123,-1375,-1155,1603
25409,-2573,-4344,-5301,1844,-955,-171
25410,1823,6678,-4102,1684,1458,-880
25411,-2608,-4235,-6087,-811,-701,1846
25412,-1818,6020,1444,-1463,-845,1583
25413,5578,6165,-6256,189,1948,-31
25414,1096,7446,-3172,-261,-1671,-954
25415,6188,4571,772,-302,-1350,215
25416,-947,-6678,4474,527,662,-1543
25417,5489,4328,5051,1224,-799,-985
25418,5994,-409,-2030,-471,-1270,1546
25419,-2750,-2934,-3098,282,278,1376
25420,6234,1220,-3800,474,-1,1146
25421,-4287,5890,4287,-15,-555,1632
25422,-839,3490,-4748,-1523,-1482,491
25423,-6553,3085,-2148,1929,-519,892
25424,6837,-6227,3405,649,1654,1506
25425,4476,-432,-7019,-649,1966,-1564
25426,3171,-5682,5575,1823,84,776
25427,7381,3227,-208,-1161,-276,-1498
25428,1283,-1898,-1130,-1530,-871,1324
25429,702,253,-2426,1407,330,-438
25430,-5359,6524,3530,-1026,-289,153
25431,6812,6764,1340,-487,-1092,-1434
25432,6324,5772,7827,1770,-1093,-1293
25433,7791,-4542,1936,707,-1718,-192
25434,-6213,3792,-4279,-141,-841,-1079
25435,4680,-7653,3216,1713,-1519,-789
25436,-1189,651,6879,-640,199,1391
25437,-3651,2630,3002,550,1741,-448
25438,3802,-7280,-5679,261,1297,-1610
25439,-3790,1042,-2903,1814,597,1720
25440,6106,-5940,-2201,1198,-585,1260
25441,2359,3345,-3940,-1475,-966,1278
25442,4537,-7633,-557,-61,963,-338
25443,7168,7484,-7960,1331,1331,-1129
25444,-4619,-6346,7019,861,1814,134
25445,-62,4136,-4638,-1444,813,1653
25446,1930,675,6485,-1132,-832,-625
25447,4937,625,-1199,65,-1003,-674
25448,3263,669,-7400,1913,-812,-288
25449,3320,-3997,-312,413,1248,-402
25450,6239,-6100,-2935,1556,-1667,692
25451,7365,-2933,-1325,-1101,-1877,-1773
25452,631,918,-5843,-1958,-1543,-120
25453,-1136,-2987,7383,1679,862,-625
25454,-2265,2015,-716,-618,423,-564
25455,-5550,-595,-7928,1345,1875,-201
25456,-6649,-88,-3745,-37,1807,-397
25457,2462,-3467,-662,-1626,-1709,-1243
25458,6591,6410,2181,877,1948,858
25459,1295,-432,7809,-994,1064,1741
25460,6980,3349,939,1129,-1688,-33
25461,-947,4183,6204,-706,-743,-583
25462,3686,-7434,-4323,-379,-487,-951
25463,-3855,2635,6671,-75,-1639,1516
25464,-480,-6715,-1080,-910,-55,175
25465,-205,-2240,-3859,-287,96,-127
25466,-3596,6278,4063,1178,-206,-845
25467,-1300,-913,894,1940,-669,-572
25468,6581,-5319,3211,-1623,524,-256
25469,1097,-7438,-2050,1510,-1299,730
25470,-986,6312,-5160,254,-1679,904
25471,-2003,4328,5106,-881,-912,-1996
25472,-7199,-7461,544,-432,-1364,-1233
25473,3745,-2877,-5907,687,1331,-809
25474,444,-2863,-6440,579,-1819,51
25475,983,-6859,4559,-1716,-965,1548
25476,3115,2706,-1027,477,1524,-38
25477,-3790,-3421,-7758,-1197,917,-1529
25478,-6266,5393,1054,1633,1046,-3
25479,3382,6048,-7833,1423,-1339,234
25480,2983,905,4784,-1121,-1184,-618
25481,4661,4850,-4112,1512,-882,154
25482,-259,1395,4868,-595,-764,1470
25483,-7553,5938,-3181,-1574,-326,404
25484,7782,6793,6507,1328,-1106,526
25485,-1568,-6587,2388,-923,838,1670
25486,2169,-2686,-5521,290,-1930,120
25487,3578,-7559,-347,267,1496,481
25488,-2618,-5899,-3800,1904,-135,733
25489,4656,5245,5999,-1901,1324,177
25490,7348,6426,5159,1150,810,-543
25491,-7564,1961,1688,-699,-356,738
25492,1230,3399,-7480,1403,-1906,786
25493,1484,-4257,3662,-1525,-1715,-1159
25494,-1742,-4225,6812,-252,-646,-102
25495,6406,-5746,-260,-90,783,-1289
25496,4372,-1892,2615,-348,-356,31
25497,5821,-124,2653,291,210,795
25498,-5911,5204,2323,192,-172,283
25499,1451,-2430,-6622,-28,-734,-1720
25500,-1547,2268,4559,-1792,1604,1671
25501,5165,354,-5798,-842,763,1977
25502,4857,6736,1288,-527,1397,1556
25503,3879,745,197,-40,226,-1587
25504,-5848,-4237,1492,679,1951,-1259
25505,-536,5162,4148,1029,-49,329
25506,-5732,7455,-1377,316,-298,-1476
25507,-5299,-6176,813,630,-304,1115
25508,7059,6172,-2701,551,-917,-1871
25509,5747,2543,6998,8,1153,3
25510,501,5674,-3383,-354,-264,-1715
25511,-5957,-7946,-1774,-288,-1822,-942
25512,-3648,-7479,793,-1001,-1219,1544
25513,7415,7606,4606,1943,690,652
25514,-1051,1062,-3656,152,-1742,-920
25515,-5490,-4031,-653,-1508,-1089,-1180
25516,-5167,1111,4402,983,1042,737
25517,4000,2095,-2251,-1254,-1776,148
25518,-6284,2809,6595,-446,-1666,1072
25519,5277,821,831,1233,-1379,651
25520,7365,-3119,-7321,-1705,551,-641
25521,-2776,-6238,-277,-258,253,-1381
25522,-4035,-7443,1900,849,-1980,-1962
25523,1621,-6886,7621,-226,-1918,-1428
25524,-5293,6119,-7427,-1377,146,1912
25525,-5020,-772,4804,-1082,451,-1478
25526,6233,-7287,-7991,-1606,-582,-401
25527,-2185,-7408,-6245,278,734,-147
25528,2940,946,-3950,822,-105,474
25529,-4845,4814,-296,-405,-1189,-112
25530,-124,-7003,-3227,658,463,-974
25531,4892,541,3453,-1508,1242,1996
25532,6616,955,4309,-1037,649,552
25533,-1610,-4861,5794,-1159,1680,-313
25534,7161,-7724,-340,1672,815,-1490
25535,-730,-6377,-2955,-1053,-176,1214
25536,5180,4477,2601,1404,1469,758
25537,6007,-6116,1007,896,-1406,-298
25538,4798,554,-4282,-1917,-796,1229
25539,5794,3937,-5060,-1183,482,-774
25540,4535,3201,-5819,1446,-914,-1258
25541,-1924,4508,4861,-496,1100,728
25542,6985,473,3697,339,-535,263
25543,-6656,-5026,3393,1687,-552,-263
25544,-5165,-6884,6104,1748,-211,1907
25545,-3962,-7453,-2481,947,-1684,-1672
25546,-3376,4732,-4824,796,-1348,111
25547,-5414,6618,5106,1793,653,349
25548,-1683,6483,-7322,-999,-1363,-151
25549,571,-11,4906,228,484,-1402
25550,266,6,4962,-1894,-1321,848
25551,6788,7509,-4256,1335,-1909,1842
25552,-2853,-3201,-2555,439,1811,-1433
25553,1781,-4004,3903,1908,-298,484
25554,-7053,6438,4104,1853,-1779,-18
25555,-5093,-822,7293,1827,1766,-1802
25556,-1520,-1527,2577,947,1679,1978
25557,5225,-4846,-6712,700,1241,1752
25558,7217,-1681,-4783,-36,201,-1517
25559,5422,-6842,-1985,1491,1182,-686
25560,6100,7209,-3532,1011,321,1664
25561,3329,-976,5244,-1388,217,1971
25562,6492,6009,7689,-627,1617,574
25563,776,6797,6607,899,1097,1910
25564,7053,-4794,4214,759,-1952,920
25565,7179,5713,-7058,1727,-1466,-546
25566,6039,-7977,-6176,-509,-1178,-1832
25567,3418,-5070,-3123,215,-240,730
25568,2338,4291,4483,-1315,227,440
25569,-379,-2180,7741,1555,-59,-1205
25570,5551,-6749,3492,320,-1408,-1690
25571,-6636,5425,6209,-1984,-696,-365
25572,-7800,-242,3965,673,-1976,-899
25573,-7165,7444,6895,-1619,-1736,766
25574,-842,-4270,1,-1370,-582,-1079
25575,1235,-2404,5451,357,1371,-1884
25576,3348,-3813,3397,1747,1223,-1938
25577,7787,1129,-262,-1421,740,-1087
25578,-3758,-1010,7283,-450,72,1045
25579,1710,5832,-2462,-1974,244,120
25580,340,-4847,364,132,1384,543
25581,-5908,5100,6519,304,-405,-248
25582,253,-6984,-570,-307,1295,595
25583,-836,7425,-4636,-938,1218,775
25584,6196,-198,-7689,-105,-934,-1024
25585,82,-4788,-1590,-672,1131,141
25586,-1235,-1099,-3014,-630,1013,398
25587,4477,2912,1803,-1488,765,-1337
25588,-204,-597,-370,-790,-581,878
25589,-6092,842,532,-1724,218,-920
25590,7326,1350,-5219,246,202,462
25591,1657,2017,7430,83,499,1427
25592,3344,3585,-6631,-1522,1887,1863
25593,-7304,3812,1692,719,1394,23
25594,-5588,-6860,-2010,1866,-1546,-671
25595,3180,-3754,777,135,-621,-950
25596,-2586,66,7739,-1673,1521,-241
25597,-4028,1477,-3827,-1943,230,-561
25598,6131,-4906,-6459,428,801,-12
25599,2635,4999,3497,-390,-1174,724
25600,-4832,-5763,4369,-1901,799,458
25601,7827,3334,-6810,1437,-1344,-625
25602,-2835,3606,438,-549,1828,187
25603,-6169,-4230,3550,1307,271,1216
25604,1451,-5967,6034,-1273,1762,-461
25605,-1286,-45,-5679,-1161,414,1232
25606,-3110,5230,2779,-1695,-538,-811
25607,5086,-3384,5697,-1855,1002,683
25608,7729,7766,2022,1560,574,223
25609,859,-7891,6481,-77,-782,1630
25610,-2208,-304,5711,-1864,-517,772
25611,3866,-2750,1636,-616,1882,1990
25612,-3804,-1234,3843,-988,-1627,-884
25613,-2533,6052,7333,1063,-313,-718
25614,7620,-2961,-1802,1787,1237,-1806
25615,4463,-4938,6651,553,1392,-13
25616,-3432,-7315,2505,499,1662,1939
25617,-2254,280,-2177,1490,-1733,608
25618,5540,-5370,5878,714,-619,-4
25619,-3182,-6795,-6241,1668,-406,-986
25620,-7440,-6702,-2202,1807,-923,1754
25621,-6326,5540,6378,-1321,1153,120
25622,3562,-4407,-7240,-1309,-589,-595
25623,-588,-4021,2418,-113,-911,-1463
25624,-7488,2272,1505,781,-1784,-1417
25625,-7011,4334,3558,-489,1339,1197
25626,-307,-2934,-3353,1514,-437,1224
25627,6120,-1844,2613,1047,-1845,1673
25628,90,-5109,-2495,-1699,-524,-1574
25629,39,4491,-1736,1611,1527,45
25630,-4329,-1518,-5879,-1668,-361,593
25631,-4334,6789,965,1271,428,-728
25632,-548,-4826,-4713,1299,-499,-1355
25633,2821,1302,4642,-339,1352,249
25634,4666,-6951,-5561,-916,1777,-370
25635,-2396,7815,2846,1739,910,23
25636,5313,-4721,6742,-1899,313,-790
25637,-3386,-3646,1769,250,-1946,1557
25638,-6001,-2394,-2605,544,-1019,1349
25639,7142,3206,4830,-1255,980,-960
25640,-3990,6451,2372,1924,-401,-508
25641,-639,-2374,-4101,-1551,-203,-1381
25642,-2341,-7339,-1034,-1761,876,156
25643,1967,5250,-923,-659,-1181,-771
25644,-3495,-2346,4110,-603,1583,1192
25645,6075,-3826,1684,529,-80,1060
25646,6967,-6926,-661,1879,783,1492
25647,707,5630,877,-1181,-639,1085
25648,3385,-1808,3178,-643,-151,1121
25649,-4487,5616,1995,1630,-451,1253
25650,5766,4066,3634,1475,-342,1274
25651,1090,4687,365,1167,1863,-490
25652,7148,1716,5967,1255,-222,37
25653,-3687,-5773,7026,-1118,-1736,-968
25654,3855,3776,2791,-673,-502,-1458
25655,-5281,4222,-4979,961,-745,1727
25656,3904,-2092,2182,-194,-529,1069
25657,2843,6455,5082,-1635,1007,-854
25658,-7330,3846,3249,-387,1236,1209
25659,2983,5330,418,-49,79,-1346
25660,-5172,1593,3929,1507,1403,285
25661,6796,1438,-2685,-1776,-695,-345
25662,-2955,4789,5387,-987,1243,1931
25663,-714,7191,5336,-117,-209,701
25664,-365,-4710,-3765,1645,-1345,1611
25665,972,-2915,-2325,-985,55,-154
25666,-7251,1255,3418,1257,-321,-522
25667,4645,-362,-3747,-434,-1739,-1778
25668,5668,960,7452,1588,1372,-410
25669,-650,-1125,-5756,-1324,-347,-1278
25670,35,7731,-4719,1683,-993,-1648
25671,611,7929,6322,-291,1401,1265
25672,3472,4725,-2689,1159,341,-1475
25673,-4289,-2156,6039,-18,-644,-1844
25674,-7258,2948,-5209,-10,525,-403
25675,4241,3569,5931,-1939,1928,1770
25676,-2705,-73,2200,995,483,-1310
25677,-4993,-4814,-183,-998,-1588,1981
25678,2897,-429,1569,1872,214,1657
25679,307,266,-4510,-1513,1430,281
25680,6870,5687,5545,-1578,-454,-353
25681,-3422,6350,1698,1539,-115,1641
25682,-6516,118,4763,-171,-13,-1349
25683,397,961,3501,1124,782,1506
25684,857,4326,-918,-520,1561,1475
25685,-2422,4715,2832,-1637,1702,115
25686,-2236,579,-3444,-1798,1875,1489
25687,581,7432,-53,21,-588,-1015
25688,-4896,6843,-2525,-1941,-1188,-1274
25689,-7911,-194,1069,1769,-1051,-1847
25690,-3006,3831,4029,154,579,1468
25691,2323,-2445,-1231,101,-732,-20
25692,7260,-5364,-3051,-1789,-1720,342
25693,-1716,-5414,5535,1132,452,-1176
25694,-4288,4464,-1411,-1479,-1965,-1815
25695,419,-7478,-5257,-432,-825,-1128
25696,545,-1303,-2733,1890,114,1164
25697,-6533,5075,6129,19,1398,-153
25698,-7237,-5736,6919,-1324,1843,538
25699,-3250,1024,-1513,-219,-1506,1065
25700,1087,2571,-6159,-1512,-1920,833
25701,7217,-4148,6936,-1808,-726,1954
25702,6664,-4864,-6276,-715,1403,-508
25703,5692,-319,2455,1799,-861,-566
25704,6200,3296,-1569,79,-46,912
25705,2957,7386,-7176,-898,1391,1091
25706,-5537,-506,4398,855,1310,-1244
25707,3479,5222,-4140,-435,-1432,-1225
25708,-6936,6012,6741,-608,878,-805
25709,-776,-6933,5935,1292,-776,-1023
25710,5073,5012,6818,1479,1850,-1230
25711,1528,643,-7153,152,1118,325
25712,4039,-3619,4078,-320,-410,1610
25713,-2354,6520,7701,-1068,312,-52
25714,4848,6469,-1964,-194,-562,525
25715,-359,-1325,-3264,-947,-1037,616
25716,-7878,-1749,3341,-1066,821,-1829
25717,4229,5122,4171,1219,80,-724
25718,588,5760,5829,1582,-1004,-1084
25719,1551,-7682,-1570,-1928,24,-1556
25720,-5835,6280,-4359,123,-1243,-176
25721,-5736,-468,-858,694,1165,645
25722,3435,-7235,-4368,-1537,624,-711
25723,7161,-5574,266,101,568,-1480
25724,-6729,-1746,3133,916,1062,-306
25725,-216,4734,4962,-1176,-1739,1374
25726,-787,3980,-6713,-945,-1468,609
25727,-5221,5233,2402,1070,-1353,-1861
25728,5952,3004,-6734,1959,-492,-1983
25729,582,-7841,421,825,1139,-8
25730,3125,234,165,1353,743,1489
25731,3902,7459,7865,-1688,-1818,-1621
25732,1592,-5356,-2917,-276,-1013,538
25733,3383,1620,-1844,-530,-1423,-1631
25734,1063,1517,3063,376,250,1756
25735,-3141,-1896,1987,-1046,-1644,-1925
25736,-4731,3683,-1645,-1464,-122,560
25737,-4944,2743,828,-1773,-940,-1956
25738,-6570,-4229,-7510,-1603,-219,-226
25739,1789,-3760,-885,-1946,-1914,-831
25740,2319,5111,-1078,1008,687,879
25741,-4870,-3250,3252,-512,-1718,1068
25742,7706,-6813,-3306,808,267,-239
25743,4835,-6161,6459,502,-771,-833
25744,-3998,-3799,2694,-145,159,1163
25745,-6755,-6129,519,-411,684,913
25746,-1607,-4448,6311,-755,686,-1337
25747,-3746,4435,5371,1496,-1151,-890
25748,-4854,7787,7476,-1782,1869,995
25749,6114,-2636,6600,-513,-652,1978
25750,1324,3924,249,-1249,1622,-1561
25751,-2081,-6389,-34,1200,23,-93
25752,6788,4683,5413,1017,-116,-1266
25753,4,-6217,4942,-1632,-1794,-1547
25754,-4748,2065,-6674,1024,-1315,-1190
25755,732,5336,-5488,402,848,-892
25756,1395,78,1743,-215,723,1532
25757,-4300,276,5849,1596,1102,-408
25758,-7302,5014,-5623,761,267,-1460
25759,-6285,-7240,-6553,-60,-1127,-1813
25760,-7734,-2433,376,-1418,168,1717
25761,-2045,6727,-1602,-1256,180,-235
25762,335,4205,-6649,75,-953,1449
25763,-7207,1869,-1032,-444,-1803,-714
25764,4120,5647,3947,1247,774,438
25765,1023,5177,1630,-1311,383,-1433
25766,-5592,-1959,-7671,558,-501,125
25767,7197,-7777,-1797,-1100,1075,-81
25768,7683,-3281,-4376,486,1623,500
25769,5882,-896,-482,1097,1596,150
25770,5345,-4178,-3908,506,-820,706
25771,-5939,-952,6807,-57,1641,656
25772,-3039,3918,-3317,-971,789,1633
25773,2133,1140,-3818,1286,342,-1531
25774,6002,-7340,7564,1149,-1879,1900
25775,1079,-3254,2422,-1616,1970,-1316
25776,5151,5316,475,1090,484,161
25777,2818,4456,3045,683,802,-424
25778,-1213,1388,-402,351,-954,-1942
25779,-2309,-2013,-7464,-9,1366,1735
25780,-5472,-4369,-3630,814,-381,-393
25781,3426,-3046,-6810,170,-483,-766
25782,1249,-4476,-289,-989,-1950,1926
25783,-551,-1692,-7656,730,-1846,-1957
25784,5440,6141,-7680,-965,1572,1979
25785,3846,2638,3298,1761,578,-1410
25786,-72,2416,-4259,1385,56,-1995
25787,1634,-6011,5563,1507,1584,-881
25788,5977,5188,-2892,1276,-875,509
25789,4029,-1561,-4022,58,-779,423
25790,-1706,-3576,3603,-952,1319,-943
25791,2579,3127,-1202,169,-380,1286
25792,-2944,-396,495,-1598,-1639,320
25793,-1680,6479,4704,890,-1915,197
25794,-6875,6878,944,239,1382,814
25795,-4024,-5891,245,208,-1435,-1338
25796,2166,-6004,-6315,721,502,-954
25797,-213,-4826,-3809,153,1633,-1614
25798,7827,-7222,-3203,-1115,1262,-878
25799,2100,171,1059,996,317,-171
25800,1753,-7320,5594,474,268,-269
25801,1309,3223,5129,-407,171,-1051
25802,7569,2685,2804,-17,-143,7
25803,7917,809,6831,931,-600,-894
25804,-2227,4789,5164,-582,242,260
25805,3971,1873,6058,107,-1233,-663
25806,-3347,4291,2288,-818,184,-1991
25807,483,6309,-868,1087,1872,-1679
25808,7623,5086,4336,-1072,-1455,-770
25809,7082,-2123,665,-1327,328,389
25810,-2123,4112,-6796,-1406,62,677
25811,-654,3403,-5614,-1564,1079,441
25812,3181,-308,5133,1559,393,-1008
25813,6893,4689,-3901,111,1404,-1634
25814,5305,5342,-4391,1384,-1862,-1452
25815,-1652,-6745,-4693,1565,1776,1267
25816,392,5570,-4866,594,604,110
25817,-487,7535,420,-139,-800,510
25818,-1419,-1507,3161,-749,-721,1375
25819,-1008,-5414,-2138,-1477,-852,1503
25820,-3135,-2106,-1796,-1881,-1526,-1210
25821,6524,-1773,6166,-65,1054,1984
25822,-2817,927,-1132,671,-1502,206
25823,576,-4488,-7307,-1328,-1376,1008
25824,-4711,-7162,1485,404,203,408
25825,-3944,-196,-6410,1956,-1635,-371
25826,-7275,-5941,3067,1766,1436,-1168
25827,-7937,-1098,175,-765,1151,1412
25828,57,-3688,-7936,794,1776,-592
25829,4783,5817,5857,600,772,161
25830,5269,-1983,6256,-1777,-28,1249
25831,-4711,2572,-6426,-270,1415,1207
25832,-1547,6336,-4686,78,884,-1389
25833,-6089,7824,425,294,-773,6
25834,-1264,-428,-4738,-1624,338,-969
25835,4059,2087,-1902,1537,1671,-816
25836,7733,2475,-3895,-989,1117,-1325
25837,4611,5519,4007,-1079,-1015,377
25838,-1155,5528,-804,-262,1525,-259
25839,-4119,-4290,-5356,-1233,922,1695
25840,-6557,-5351,-5260,725,-1938,1419
25841,4998,4214,2466,-752,1843,1306
25842,-3650,5133,-4061,1163,1133,-1351
25843,3309,4295,2062,1192,1479,-316
25844,-5621,-1240,1718,765,-353,1079
25845,1759,-4012,1879,-1214,-832,1666
25846,860,-1842,72,259,1809,-1513
25847,1094,-6040,-6102,1489,-620,1857
25848,4087,-7890,-5772,1881,-432,658
25849,2945,-7034,7797,1948,441,-414
25850,-2983,-5172,1098,540,-1433,-1354
25851,-1898,6150,1478,67,562,-1402
25852,-6921,-6690,933,1922,1585,-763
25853,6578,-272,4493,1506,-387,1603
25854,5276,-72,-910,1785,1369,1647
25855,-4991,-4815,-2800,-21,-496,-1127
25856,-7901,7083,6297,-894,-1202,658
25857,7592,2105,1320,-884,-1596,975
25858,3673,-6687,-3509,1144,829,-176
25859,-6031,1360,-7603,563,-1519,-369
25860,-7834,-1723,-6827,-602,-981,-1636
25861,6175,-4632,662,-484,-1533,98
25862,-4551,-4612,396,-1734,16,-1905
25863,-3486,-1864,1461,739,1114,-1101
25864,1418,-3878,-645,-1697,-652,-1850
25865,6468,-5233,-4945,-1332,-856,-1789
25866,5355,-3462,-1634,-1880,177,399
25867,-1888,-4552,-4824,1520,290,1367
25868,6050,2539,-6484,-677,941,1341
25869,-5772,-7773,-5034,748,956,490
25870,7312,5608,-1626,-1592,969,1736
25871,-3915,3435,5390,-1308,1249,1877
25872,7501,3018,494,1520,1003,1396
25873,-1787,5809,7513,-407,681,1781
25874,5976,-7634,4041,-271,-86,814
25875,-480,-980,5931,1805,574,-1511
25876,-5778,3793,3894,1420,-116,413
25877,680,-2536,749,1716,-1051,1790
25878,6568,4710,3010,-1841,1592,508
25879,-3703,-6448,-1720,-336,-1003,973
25880,-3194,5808,1559,-700,-811,1757
25881,4090,2169,7735,-349,396,696
25882,3123,7446,-5138,1295,-229,992
25883,4517,-2042,-944,1221,-1318,802
25884,6060,-7224,-2197,-1557,-212,324
25885,415,755,5486,1151,-1275,-1562
25886,91,-971,-5142,-1357,1209,427
25887,-2017,-2170,1907,-618,989,345
25888,-6625,4809,6078,-1140,-1128,1620
25889,7015,-1054,7749,308,619,-999
25890,6061,6762,3578,449,260,-380
25891,6626,4304,-6100,-298,-1943,1523
25892,-1567,5979,-4076,-360,-1332,1955
25893,6491,-2820,-2188,-682,1700,782
25894,2842,3766,277,-52,430,1359
25895,1287,7971,-488,-843,1408,829
25896,-7217,2658,1237,-1073,-329,-838
25897,-7940,4121,3142,1951,170,-513
25898,-6682,-3377,-7588,974,1089,1461
25899,283,4354,-7128,530,-1298,1969
25900,-2233,6517,3908,-103,677,-1090
25901,-4861,-81,-2211,-1276,-372,-294
25902,7338,-4535,7977,-1424,-1732,-382
25903,-2641,-102,-5334,1688,-679,-134
25904,604,2300,-7476,1568,-1837,1983
25905,-5063,-7860,-5107,573,-390,1022
25906,2293,-1233,3355,10,-1857,1662
25907,6366,-325,3112,1551,-113,-639
25908,1667,-7515,-798,-564,125,-1019
25909,-2918,-6968,-5617,35,-1758,1154
25910,-1665,3497,2537,-830,-56,-1940
25911,1365,-1811,6238,325,1135,1572
25912,-2056,-4959,-4735,1886,1335,67
25913,-4987,517,-4654,-1952,-966,394
25914,2874,-4579,-6455,-1969,-702,-1874
25915,2766,-1370,7497,-744,-1795,472
25916,6669,-6525,3738,-572,-204,-1438
25917,4853,-4007,1129,-1991,-104,-1545
25918,2715,-7152,-4316,-366,-1452,-822
25919,-4623,-3188,-4918,1343,-1073,1205
25920,-4316,4897,3048,672,-434,-1138
25921,1856,6121,-7287,1478,-246,1908
25922,3204,-3795,-2683,-1386,-741,904
25923,5061,-3195,882,1811,-1438,-692
25924,4306,-1818,-1522,-337,1677,-1391
25925,3911,7070,-7112,-862,1910,1518
25926,-6265,7186,4539,279,541,1003
25927,-2452,2074,-1810,-1825,-239,-1916
25928,-3013,3255,2425,402,-1486,1778
25929,2881,-48,-6510,-45,-1235,-480
25930,-635,-4553,3434,1982,-1671,-809
25931,1272,-4828,-4099,1506,-990,-398
25932,-6824,2782,-3846,-1891,-427,1617
25933,-2597,395,7917,-502,-547,-949
25934,1751,1781,-4810,640,1514,-1509
25935,-3582,-6024,6665,-1489,-435,701
25936,-4284,1090,-5035,431,496,1408
25937,-3421,3420,7560,-6,1764,393
25938,7597,6027,-4251,62,-1746,-1156
25939,-7473,-3765,7009,1723,373,-81
25940,-566,7450,-2518,-565,-1671,-1609
25941,4999,7996,-4277,-493,-1146,-802
25942,-2060,2444,-7651,-1243,1682,490
25943,2507,1428,-7782,1976,-972,1032
25944,962,-5980,-7561,591,-711,1170
25945,-3623,-6149,558,454,392,551
25946,4112,-2779,3468,-650,-409,453
25947,7665,2924,-922,-1928,1873,-1503
25948,4916,661,2909,695,1389,-1104
25949,-5358,-4837,-43,-1708,1863,-845
25950,178,-2894,1942,-425,-1887,-1765
25951,5188,-5403,3248,593,436,-1709
25952,-3638,-7238,-3616,-46,-1025,612
25953,1509,3756,7770,-1555,73,1065
25954,4366,2503,-6888,295,516,-199
25955,2094,-4689,-2641,-1900,-895,-1123
25956,903,7234,-4596,707,-262,-536
25957,1229,-2291,-898,-357,-1698,1888
25958,4354,-3788,6690,502,196,1928
25959,3636,7256,848,699,-1605,-73
25960,-1348,439,-2771,684,-168,-1287
25961,836,-253,2931,544,1599,1754
25962,-7426,-930,3183,1436,-1147,-460
25963,6749,-2584,2496,609,-1996,-1448
25964,-4583,1872,-2190,-34,-52,-1756
25965,2312,-5431,-40,-1073,655,-1400
25966,-5666,2,-3351,1554,1147,-45
25967,-6553,-6408,2342,1042,-1222,1585
25968,2135,-714,7013,-67,610,1998
25969,4597,5673,-569,1002,-408,-1752
25970,-859,-7324,-4954,-595,1688,-1421
25971,-3413,-5211,7910,890,1118,-1784
25972,6359,-5533,5170,44,-1102,1169
25973,1818,-2439,1909,259,1852,-975
25974,-5823,-4783,-7661,498,75,1974
25975,3808,-7599,4508,-1405,-931,-587
25976,3906,7035,-3417,407,1120,1214
25977,5476,2274,5462,-1039,-175,-270
25978,-6386,-6632,4766,-1998,1678,-973
25979,656,-3533,-3205,1089,-1334,-1057
25980,-5264,-604,5279,1481,456,-1954
25981,6131,-3842,1094,645,528,-1456
25982,-867,-4203,3151,107,78,-133
25983,2886,-4056,3750,556,479,1411
25984,7747,-3131,3800,-648,-1330,-316
25985,2194,7507,-1812,434,-361,-1403
25986,-3538,-5265,-5359,-135,844,-1267
25987,-2508,-3350,3926,-1717,1922,-1742
25988,7244,-3357,-3028,-1472,1700,-670
25989,-1362,-5429,6810,-1314,1068,453
25990,-5523,-4154,316,644,-86,-651
25991,6908,6131,195,-1013,-692,437
25992,-4727,-3462,7220,-1418,788,1200
25993,3468,-3231,-1544,1018,-1038,893
25994,7667,-4518,7468,1201,-802,424
25995,-7961,3141,-6387,-149,-727,-455
25996,2605,7151,5006,-1984,1630,657
25997,-4160,-3654,-2955,911,1012,1302
25998,5909,-5210,1865,1552,-1952,1561
25999,1973,-5395,6888,1480,-513,463
26000,-2969,6539,4219,1953,-868,-506
26001,5471,1537,578,-702,1560,208
26002,-6068,-7577,2792,734,-787,-155
26003,1660,-217,4760,875,-1368,1728
26004,6676,3954,6543,1987,1986,68
26005,929,6594,-987,-1783,-1782,463
26006,4,1203,-1529,1366,-558,-1080
26007,-7712,6715,-2046,164,-883,1145
26008,6170,5197,-6193,784,1641,-1224
26009,-773,-6504,-5295,1846,-515,140
26010,2667,-7836,3407,-352,645,-1953
26011,-1103,5341,-6341,-1861,-1043,-7
26012,2720,-3512,3766,-1989,781,-486
26013,-6277,-2408,6604,1447,848,1050
26014,4249,-329,-4341,1237,330,1414
26015,3055,1424,3379,-876,-1535,1658
26016,-584,1303,-2045,1413,1234,1040
26017,-2278,649,-5092,-139,425,1834
26018,-5845,-3550,390,-344,-947,1311
26019,4318,-6078,-1896,348,-1988,637
26020,2206,4451,-5261,-1465,-1753,1532
26021,-4395,-6275,-1043,1776,-1180,1988
26022,7647,-3005,3503,485,-834,-228
26023,3061,418,-2718,-287,-1752,1723
26024,1529,-6047,-2999,-1157,-1431,1569
26025,-6981,-4970,1742,-630,1722,-200
26026,4415,1299,-1511,1963,1509,621
26027,111,1800,-2415,1988,-781,-1300
26028,-4378,5117,-3814,-1594,452,-2000
26029,7381,5694,-1091,183,1879,-1055
26030,-2630,-5069,411,543,-910,-1221
26031,-3166,1066,4376,286,-1411,1691
26032,-1844,-358,-7553,1519,749,-1817
26033,4628,6424,6212,1395,-92,1028
26034,6788,-2943,5858,-1301,875,221
26035,7398,7675,-4949,1871,582,1621
26036,5041,-4061,1194,663,99,-1110
26037,6275,3033,733,216,-41,-562
26038,3856,1709,-7607,-547,459,144
26039,-5368,-884,-4368,1664,1138,1180
26040,-2016,4204,3521,-960,665,-1397
26041,-1982,5067,-1673,-1891,1134,-1002
26042,-7358,-2318,-3827,-1639,1316,1784
26043,5534,3662,-4361,-175,229,488
26044,6531,2445,-4351,-504,1100,-1141
26045,-2245,5512,-4899,-1029,1269,-29
26046,7538,-5844,-3838,-717,1684,1458
26047,-2648,-3922,-7565,-1873,1038,1576
26048,-675,1241,5965,-316,1497,192
26049,-2445,-4338,7665,-237,-1036,564
26050,1321,6595,-7298,-618,-1471,-82
26051,5153,5704,-5636,1422,-821,-1065
26052,4152,-2390,790,-1932,-509,408
26053,7444,492,-3726,808,-572,-1419
26054,-7983,-5261,841,-99,-551,-413
26055,-5397,-1877,3848,-1266,1913,641
26056,1014,4922,-5820,-1844,1164,844
26057,-5834,-6780,5426,-520,-1813,192
26058,-2685,3817,362,-413,255,256
26059,965,-2896,7319,1261,1580,1628
26060,1248,4690,-1536,-50,1668,863
26061,703,3142,7789,-125,-1547,-108
26062,2625,180,-3167,-1855,1160,1175
26063,2772,-2240,1548,1111,191,-1408
26064,4246,-7178,7318,1533,1097,1033
26065,4868,-3920,-6276,-810,1611,1250
26066,-5097,-147,4669,1553,-1114,-1281
26067,-3755,5380,-6515,-1056,-490,-1028
26068,-7447,-1877,6704,1990,866,718
26069,-1884,7478,4810,-559,-1043,-1476
26070,1961,4664,7356,1924,-167,-1741
26071,-874,4477,4383,1943,1873,1118
26072,-3850,-1813,-6396,-594,-1444,1513
26073,1242,2242,3507,912,-436,457
26074,-974,-1816,-5506,-594,1588,-1614
26075,5402,373,4557,-1599,-1126,229
26076,-6906,4060,-7329,-1263,-210,801
26077,7108,-6139,5725,-597,-145,1523
26078,3933,-6932,7854,-1922,1364,-1388
26079,807,-1720,3798,-1835,-1256,838
26080,6964,242,-3758,-1914,-1821,1174
26081,-2627,-3192,5931,1946,-255,1662
26082,3132,229,-6582,-1217,434,243
26083,5791,5355,5699,-1855,204,1178
26084,7043,-7330,-1581,530,1059,1492
26085,-3655,6382,-3382,-1626,-1717,-954
26086,5928,-4219,-1273,-158,-641,1348
26087,4063,4971,1278,840,-1484,1333
26088,7111,4403,5422,-58,-997,969
26089,-5846,-2527,-2768,-1683,1104,1103
26090,-1088,-852,3094,-339,254,-1393
26091,-16,2397,4476,270,-1713,1589
26092,-3063,-967,-3894,-502,-93,-1055
26093,-6728,7140,187,1444,-607,-407
26094,1803,-907,-1792,-1715,-347,-463
26095,-2798,-2706,-1930,-1744,506,-522
26096,5096,-2148,-5450,-1789,1417,1665
26097,7412,6043,-4628,-1808,-352,1198
26098,1152,-1343,3704,872,-1210,-912
26099,3603,2832,-2245,1411,1271,719
26100,-3986,7149,5566,-792,-1435,340
26101,-5658,6150,-6406,-1456,-583,1123
26102,2744,-2260,-675,-912,1638,-1504
26103,-4611,-1363,3975,-1651,-1250,1818
26104,-876,-3203,6478,-1336,281,1615
26105,2491,4918,-5283,1759,-179,-1702
26106,-4696,-7496,-6224,1986,-223,-1909
26107,7117,402,-7392,515,195,13
26108,-3008,-5120,-5676,-1704,1978,-122
26109,-1435,6650,-6893,-1325,-1702,1734
26110,4044,-3817,2985,225,346,-1490
26111,-7491,1759,3014,1073,1873,-50
26112,-2330,-4530,-4212,-904,-1901,-1560
26113,-6583,7329,259,1311,1776,-529
26114,-4005,-4530,2069,625,443,263
26115,806,-1271,-6359,375,221,-1394
26116,7019,-1560,-4083,-148,1975,-1523
26117,5497,-3046,-2823,-585,1570,-364
26118,-1989,-7760,-2367,966,-721,1641
26119,4788,-7388,-6717,1959,-1093,-126
26120,-2713,4185,1781,1897,405,-908
26121,5516,6182,331,1063,1722,-1191
26122,-179,-2212,-5591,-456,89,748
26123,-1902,-5761,-3235,-1330,-161,504
26124,7280,7376,4794,176,-1918,-896
26125,-5580,-3442,4223,901,-764,-1268
26126,-517,-6827,5576,1688,1811,-985
26127,-780,-3717,7247,-1706,-259,-110
26128,-1777,1363,5931,-472,-38,-1745
26129,2990,-2209,7042,-1723,-1881,280
26130,-4933,5376,-5695,-874,-388,1401
26131,-92,-1537,4126,-602,-409,-671
26132,-863,7675,-3888,1893,789,-570
26133,-4117,-1,1184,1366,838,818
26134,811,905,2758,-1764,-1605,782
26135,6352,1332,-7502,289,1541,1548
26136,-6995,6048,-3932,196,-788,252
26137,-6714,-286,4369,1578,-125,1346
26138,4366,7325,406,-641,1224,664
26139,4053,657,-3457,-1156,-1747,1385
26140,5573,-1603,6816,246,1326,-1910
26141,-2463,1255,6179,-141,-1909,577
26142,4244,4430,-6800,687,675,-122
26143,4045,2482,-5662,-798,972,-212
26144,1976,-199,-5928,-1535,-1780,133
26145,-1598,-7586,-3530,1704,921,-1654
26146,-7000,-4903,4332,1453,179,-115
26147,-2558,7192,-207,-606,1067,1227
26148,-4090,-7040,-5521,-1877,1559,-971
26149,3521,-3417,7139,342,1439,1168
26150,1090,-2074,3828,-1477,1940,808
26151,-7645,-3081,4731,1805,-438,-207
26152,-3311,-4127,5390,-1471,-1717,-1020
26153,1523,-4582,2044,304,1232,940
26154,7674,-6878,2306,-1351,-287,404
26155,2952,-434,-3729,-651,1790,-20
26156,2416,-1866,-5937,923,637,208
26157,140,-1683,1700,-723,352,620
26158,-4163,-5223,383,-1817,-1356,1525
26159,2908,-2519,-937,1328,-518,-693
26160,1468,-2046,2199,-306,-167,-1946
26161,2011,-1894,-2752,-332,-127,-593
26162,5661,7969,-2279,-1057,1760,1045
26163,2337,3772,-1751,-286,-1550,888
26164,320,-4600,-7345,-1664,1182,1615
26165,-7754,7656,-3798,-364,1862,-1019
26166,-3980,578,7362,157,-1678,42
26167,-65,3732,1830,-866,-907,987
26168,-4336,-3567,4977,459,1631,-1865
26169,-6000,-3913,-7596,-200,-1251,-1707
26170,-542,-3326,-7530,-1458,1005,-493
26171,691,-1236,5422,-465,453,-406
26172,91,1320,66,1392,-1560,-131
26173,-7779,-562,6537,-1234,832,-1323
26174,-5252,2950,4745,-1321,-1391,-909
26175,-5605,2904,4728,-1676,1770,1395
26176,-3974,-7560,546,1095,1712,-1739
26177,-5503,6450,2893,1971,-143,610
26178,-6902,3563,7392,-337,1908,-1352
26179,-2485,6087,588,-582,999,71
26180,7457,1179,5182,-671,15,379
26181,1874,1894,6811,76,1310,1428
26182,6034,6004,-6489,-1895,-1021,664
26183,-6374,-6854,-4538,1398,-1716,-1096
26184,2255,-2638,-259,834,1115,1729
26185,-3535,-3344,-1198,1464,1617,-1359
26186,-4318,-2999,-7609,-59,-1768,-771
26187,-4276,-6607,3677,-1753,1818,887
26188,-1360,-3512,-2546,1445,1364,-1114
26189,-4348,-4234,-5028,-1163,1429,-656
26190,-3226,7779,-741,1677,-172,-1532
26191,-6195,6795,-1621,282,1074,1289
26192,-6645,1856,7098,496,-644,582
26193,5843,4003,-2383,1348,1621,-1915
26194,-4590,-7851,322,669,-288,310
26195,1112,2581,6382,-1415,-1730,-594
26196,3362,5076,2037,1538,1122,1935
26197,-7530,5101,2454,786,-1891,1537
26198,6278,-4005,-1139,1784,471,-879
26199,-1920,-170,-2604,1327,-1729,-920
26200,-553,1778,-676,849,1111,1454
26201,-4099,5959,4214,-1563,806,704
26202,3384,2199,-4,1617,545,115
26203,1142,7520,-1710,-599,-1505,-1253
26204,-3192,-6034,1465,-197,-577,310
26205,5666,-5613,-4150,148,-446,1165
26206,6485,-5613,3968,342,-1768,-1255
26207,-3669,6635,-2095,-418,1234,394
26208,-7928,-2175,6943,1637,-1078,-1881
26209,-4010,-3000,-6589,920,1449,-196
26210,2500,-7402,-1244,-907,-1610,1493
26211,-6124,-65,-2576,1714,1708,1489
26212,276,-2479,5196,1910,-646,593
26213,-182,4782,830,-1480,1607,-209
26214,-6329,-3576,-7664,715,515,-589
26215,-4078,6276,6591,480,0,488
26216,468,-2245,5761,-1335,-973,1302
26217,-1598,-554,-4207,-1055,-935,-1198
26218,-2973,-334,-1959,-1870,-1950,1002
26219,4939,-5866,-1635,-995,1573,-1366
26220,-1210,-1940,3725,-205,866,384
26221,7847,7382,206,860,98,321
26222,-2719,-325,1474,1034,319,1982
26223,7622,1580,-3575,1283,1857,-1608
26224,5684,5867,1661,-714,1537,-1435
26225,5237,3245,-220,1588,1952,661
26226,-3091,5825,-2279,679,-540,-438
26227,-4216,-6856,-3583,-1275,196,-540
26228,-5301,-212,6297,-325,386,-1170
26229,2686,-548,4370,-1794,1160,668
26230,-7498,-845,626,-1206,-636,-1023
26231,-7452,-6559,-2750,-50,94,105
26232,36,-1155,-3595,1647,489,-1294
26233,-4690,-340,5773,555,-83,-1718
26234,6664,3706,6314,-846,1007,-1254
26235,-4637,5641,-863,-802,-1593,-776
26236,4945,-774,694,-332,1863,311
26237,818,5955,928,1839,284,-215
26238,5088,7075,3396,-787,1493,1
26239,-7761,-6015,2868,-936,-1072,-1256
26240,-6687,-2188,-3101,-1704,-1479,-994
26241,7039,-6042,2849,-578,793,527
26242,374,-7064,-953,1677,1781,-1256
26243,-1069,-4042,-3710,-269,-1855,-35
26244,7321,5559,4086,551,-924,-1313
26245,-6267,-1721,-2271,-1054,-888,-841
26246,-5613,7603,5585,-382,393,-647
26247,4315,-3644,-4968,-87,-1542,195
26248,-1112,-4471,-3930,-1800,-763,412
26249,-1105,-2578,-175,816,-579,-403
26250,919,-6643,373,849,1633,-33
26251,-7658,-4852,-3848,-284,1027,123
26252,-2638,-1591,-981,822,1353,-1197
26253,-6056,384,2125,303,1650,-1727
26254,6474,-3435,-6433,-21,-1015,-811
26255,3559,-846,-1629,-1964,951,114
26256,968,-7827,1644,-526,-911,-1376
26257,5546,-4166,-7209,-1690,-1681,-1597
26258,7746,-6138,177,718,1290,1585
26259,7012,153,4154,82,1011,365
26260,-5275,2039,5719,-133,-1720,-1020
26261,-1877,3312,-2896,881,-508,-576
26262,5476,-6038,-6029,-499,559,192
26263,-100,3026,1623,-1763,1211,411
26264,-3653,147,-5156,755,-1958,-778
26265,-3149,6859,-7940,-1396,-1148,1821
26266,-181,5580,-7149,1913,-83,530
26267,-4981,-1987,-3167,995,-1598,1769
26268,2470,-959,2333,742,867,-5
26269,2763,-1916,7553,1425,1542,1725
26270,4096,-2677,-1726,-848,-815,-1282
26271,228,-3793,1542,-1916,-1071,1853
26272,7192,-5639,5259,69,-1631,472
26273,1810,-5961,-4765,-198,1847,-1171
26274,3933,97,-3895,-1990,-1832,-1996
26275,-7747,-3136,5517,961,-402,777
26276,824,-6119,-6511,1420,168,1861
26277,1289,325,6063,-1974,130,41
26278,6985,-6984,-5068,428,1004,-1676
26279,2660,-7104,3417,-675,-901,-1621
26280,7562,-7068,199,-1968,618,-1599
26281,5,1038,239,-1885,1359,1844
26282,2641,-3089,2236,1445,1127,1949
26283,2854,-7175,-5672,-265,1285,-585
26284,2258,-143,1484,334,654,-1563
26285,3495,-5716,-3123,-44,1149,323
26286,-4871,5146,-5232,106,589,1505
26287,-644,3800,3484,-241,-1310,1906
26288,174,7535,-7347,-1050,-793,-1922
26289,-1225,-7870,3743,360,641,1541
26290,-7996,7081,1136,1410,-1352,-1304
26291,5455,5495,7982,1880,-757,-1975
26292,338,-2131,-7598,-1618,780,1945
26293,7462,-6710,1138,-1317,550,295
26294,7681,7397,2025,1370,335,1628
26295,-6804,5912,695,-327,109,-907
26296,529,-3787,-3278,-176,1563,591
26297,-2986,-2407,7181,-248,-758,-1709
26298,-2126,-1736,-5781,401,-1570,1101
26299,4442,-6576,7634,-616,727,118
26300,1402,-7924,-1707,1014,1725,-1043
26301,6709,-5612,-2875,978,1125,19
26302,1109,2338,2378,-464,149,228
26303,4705,7518,-4996,1633,1160,-1095
26304,5493,1204,-2633,468,465,-1899
26305,-308,-3309,-6465,-1161,-975,-1634
26306,-2154,4321,5100,-1265,-1984,-1021
26307,-29,2708,-4859,-1695,-994,1692
26308,-6994,-4256,-1638,1416,335,-458
26309,2446,-3554,-3568,-1495,-332,-1412
26310,-2136,-597,1282,-1672,-1263,-547
26311,-1065,5991,-5851,-1258,-842,-1371
26312,-4187,1091,6373,1610,1793,164
26313,-1786,-2991,-6581,312,897,654
26314,-4010,2001,-7286,-400,833,533
26315,3286,5222,-3662,908,1414,-1653
26316,-7721,-433,-6640,1116,-1071,-26
26317,-3275,6617,7188,1472,-1869,-1533
26318,5971,-279,28,-409,-370,-631
26319,5854,2345,-4699,-1974,997,1797
26320,-1366,7944,6635,779,1459,163
26321,-1835,5275,-6562,135,-1730,203
26322,6672,2153,5248,-1488,-835,-1477
26323,4129,409,6248,-1323,1508,1353
26324,-5691,7203,-6631,-107,792,-120
26325,-7345,645,-7023,1325,-559,981
26326,6338,7067,870,1380,-1899,1806
26327,4760,2836,3447,1626,-206,-1972
26328,7915,4607,4258,1950,1829,1911
26329,-3444,-4772,4840,-1908,-508,902
26330,-422,6367,-6689,-736,1951,-83
26331,4752,5077,5401,-159,-564,-921
26332,-2784,1730,-7511,-1865,-1182,-521
26333,6088,3751,7547,306,-377,-1088
26334,-2311,-689,704,-1777,-482,-199
26335,5684,-6619,-2273,944,-1811,-1861
26336,7938,4386,-7766,287,1832,1297
26337,2161,347,-1339,-1417,288,625
26338,336,-5596,1773,1466,-1535,393
26339,6161,2460,-5091,-1370,1565,-1047
26340,3949,-7676,4788,-397,-880,410
26341,2407,-5158,2019,419,-981,1858
26342,-2159,-4452,-5718,-239,-1862,685
26343,6084,-721,-6502,1599,-1577,-1557
26344,-676,7539,7729,-395,838,1929
26345,6650,6086,-3842,1677,1546,727
26346,-1486,-2947,7019,-1404,282,-1369
26347,-6873,147,1572,161,1709,212
26348,-5557,-5195,2342,-1023,-328,-1128
26349,-7658,-3771,6419,422,-322,-782
26350,5753,-5011,2082,-1915,-1408,481
26351,7043,-5318,-3322,-1376,-1446,-1412
26352,-6024,4554,-712,-927,-1533,-871
26353,5792,-5697,1396,1892,-1068,1546
26354,3209,1536,5519,-1440,-142,-469
26355,-1914,-4271,-2185,28,-1270,-1955
26356,3598,6948,4368,-1438,1196,1045
26357,5574,-2895,3200,-1513,-123,615
26358,-5536,-666,2679,479,308,279
26359,-5856,-5836,-2439,-1548,1909,-646
26360,6174,-4726,-4237,-1263,-1906,686
26361,1514,-1989,522,836,662,1032
26362,4674,-1769,1444,-1537,-1148,-802
26363,-2765,5260,-1437,-1405,1538,1207
26364,-5143,6842,-5683,1163,-1632,-1356
26365,7558,-7131,-2250,-378,-1117,1347
26366,4719,4736,4519,-836,1326,1678
26367,4175,359,-5465,-1336,1709,-1654
26368,-1719,-3445,1357,-1384,-1087,1516
26369,944,1551,-1921,142,-591,1439
26370,-2761,-7206,6222,-937,743,-492
26371,4630,4282,-3901,201,-923,-272
26372,3919,3427,-527,1359,1095,-1613
26373,7300,4578,6180,508,1242,545
26374,191,7358,-5820,368,107,-1226
26375,-675,3140,-1165,-445,-1723,-949
26376,7246,-311,3728,-518,-1436,1519
26377,7316,-7143,3927,1027,222,-1731
26378,-7929,-5255,129,-784,997,1440
26379,-3510,6708,-4447,-96,-479,-1156
26380,322,4915,-7181,-891,-1070,-781
26381,3501,2610,5042,-1727,1135,-493
26382,6807,7329,-963,-1605,1468,500
26383,-243,-6675,203,629,666,-1302
26384,-2369,-3908,-168,496,-627,1
26385,-6151,-7382,6883,986,-1710,692
26386,-1693,6508,3883,-525,-71,1741
26387,6156,-7633,-6644,8,799,-739
26388,-4271,-2539,-565,59,-392,-239
26389,-3450,3062,4883,320,-778,864
26390,-1455,-6004,2689,-1482,301,-519
26391,2674,-1536,-1250,1908,1619,1930
26392,-1642,-2227,-4935,-50,1288,665
26393,6472,4003,5548,-1189,-43,1733
26394,5671,4893,4822,-1377,86,-1898
26395,4291,6540,6988,-506,1625,-1889
26396,6262,-5573,5368,1014,-1640,-1915
26397,3072,7798,-5564,1575,18,171
26398,-3847,-5841,421,928,1868,768
26399,-164,-1814,-7118,-555,-80,-70
26400,7883,3184,-3681,1465,-1067,-1979
26401,5888,980,-4820,-1437,-1448,1786
26402,-1421,-4611,849,615,-444,-629
26403,283,3762,-6159,164,497,78
26404,-3241,6088,5174,1980,-815,-409
26405,1358,5738,3140,-233,-533,693
26406,-2856,6963,3029,1586,904,227
26407,-4858,1799,-5335,-759,936,5
26408,-3217,-1666,3551,-1774,-1895,-1708
26409,-1686,7172,2494,612,443,1305
26410,-3953,2260,-3105,-1193,1851,-1689
26411,1866,5084,-7500,-420,-467,-1663
26412,6520,3333,3225,43,41,-83
26413,5271,3941,6121,583,-915,1068
26414,11,1353,-3202,-1837,191,754
26415,-568,1899,-4744,500,52,210
26416,373,-2120,-5243,-1968,-1518,-79
26417,7092,-5061,-2332,421,1941,1297
26418,-3909,3701,-6378,-1126,291,-594
26419,-2890,7478,7192,-343,700,1833
26420,-4976,7038,4911,1159,-835,524
26421,-7726,7739,-1074,-481,28,-1509
26422,-2487,6875,1126,-1724,858,827
26423,7193,5583,1452,-53,796,834
26424,-1497,-5994,4913,-617,-241,-1018
26425,-7858,2094,-984,-1287,559,-1139
26426,-4156,2118,-5958,1991,1625,505
26427,-1284,-656,5027,-767,-748,932
26428,-1945,3922,-5489,1345,845,1097
26429,-6825,-1463,2655,993,-1553,-1685
26430,786,5382,-1090,-1120,-337,-322
26431,6203,-5166,-7882,1265,1896,1295
26432,3653,-5284,5283,-1003,-1039,885
26433,4772,499,5742,-1753,1591,-595
26434,5440,-2186,-7175,-315,1615,-612
26435,221,1868,2566,193,113,1140
26436,6819,-1881,-1535,-1077,-1889,-418
26437,4446,-4463,2102,-415,316,1200
26438,-3749,5437,7734,648,-868,-629
26439,-7939,3122,-1272,265,1044,-802
26440,1711,3066,617,-775,1064,-1379
26441,-766,-5335,-5046,1334,330,-1876
26442,5152,-7165,6254,757,-1820,-1788
26443,-2724,4552,2573,689,-1691,-1103
26444,3123,3476,4864,942,1843,-535
26445,6653,-1367,-4555,415,-1737,121
26446,3577,-1497,-6554,-32,1623,-293
26447,6357,7058,-1774,-602,-391,-44
26448,-7769,6670,4728,1863,1616,-232
26449,-7495,1647,2747,-913,-572,-359
26450,-983,7439,3694,-1305,1768,1152
26451,2092,-4338,-1296,-1637,876,-1662
26452,-2803,1103,-2272,-589,-1933,-1691
26453,-3468,6983,6051,-998,-1588,-51
26454,-3432,4084,-7348,-189,456,1180
26455,4361,4840,2490,937,1421,254
26456,3020,89,2503,1898,-1929,1753
26457,3734,6353,-3304,1495,-1473,1183
26458,7313,-2399,5391,1887,-316,-1128
26459,4471,7860,4365,460,383,-1784
26460,3352,1287,6588,768,115,-1816
26461,2332,-5423,-5014,-1782,-1613,570
26462,1238,696,7738,1784,1523,-937
26463,2409,2111,1500,1280,1687,-55
26464,-5787,1474,4680,1234,-1158,1683
26465,5387,3922,6523,-1756,-1791,-77
26466,-5504,-3126,7975,832,-313,-1648
26467,-763,730,-5445,590,-1966,1319
26468,-6131,-5514,3178,1966,-760,-1729
26469,-7984,2244,7078,127,342,94
26470,-6642,6807,-864,710,-488,1496
26471,5532,4840,-4993,269,222,-1433
26472,-7729,-495,-4999,-1412,-965,-699
26473,692,7528,3969,-1613,-257,-361
26474,-4925,-6368,1665,-709,-1359,1983
26475,2452,6190,4900,-1800,876,-1158
26476,-1521,-7925,-968,1363,1386,322
26477,6699,-6932,-2143,-1358,-927,-598
26478,7551,7909,756,468,959,-1991
26479,4962,2470,771,-1546,314,1731
26480,-1022,-1315,-4261,-1046,-322,-1255
26481,-7546,-396,458,1261,1475,-1495
26482,-2453,3470,-7172,472,-80,1763
26483,7661,-6401,1977,799,-831,213
26484,-6629,3218,194,1099,-782,-167
26485,-7472,1094,-3728,366,1476,-1405
26486,-5662,3333,325,-1354,241,247
26487,-3743,-7608,-5185,1369,161,-499
26488,7208,-3774,1799,1739,1184,-609
26489,-4843,6437,6713,177,718,-539
26490,4878,-6601,-3664,1240,-574,306
26491,-4813,1178,3621,-1667,429,-1621
26492,7669,-5423,-3093,488,-99,-1649
26493,-3994,2588,4471,-50,1878,-1135
26494,-227,7104,2881,-291,-1562,-17
26495,7151,3382,-3270,-258,1264,744
26496,-1279,4103,6817,815,-927,470
26497,-6049,-2279,-3534,-1941,-1817,-840
26498,6931,-7677,-2332,-1504,361,1039
26499,-6651,-3797,-5495,32,-1369,133
26500,3840,-3934,3863,-1920,-1574,-1964
26501,3686,-7658,6422,-411,484,-381
26502,2636,6481,7787,1665,-1767,-1050
26503,3535,-7687,3254,-703,-1538,-1468
26504,5116,-3631,-5566,1052,-127,1861
26505,-2928,3884,-5973,133,-1670,398
26506,6789,-969,-4136,1995,1808,-1252
26507,-7928,6664,7486,-949,-730,-1201
26508,5456,-3137,-6171,-139,1236,-290
26509,4875,-6000,-5081,1661,1749,-191
26510,4792,3765,-4486,1349,1644,-1657
26511,4423,-1148,-1567,-612,1464,426
26512,-5713,-4727,4409,1316,1007,1137
26513,-3778,-6119,-7616,1763,-1131,814
26514,2394,3276,7630,-1180,-1551,-962
26515,-1442,-1105,-4307,800,-926,-176
26516,2962,-6720,1779,-1889,-852,354
26517,5210,5295,1083,-2000,-652,1346
26518,-1414,7524,5750,1341,1255,970
26519,5790,-4937,-7852,-1480,1771,-93
26520,6020,4804,4898,355,-549,-1647
26521,-2414,-7543,-4795,-1264,-1486,-1486
26522,-4051,-1542,4027,749,-1840,-549
26523,-7035,2388,-6250,-1501,-85,-497
26524,299,-243,2969,1609,-449,1217
26525,-4449,1198,6030,1431,-573,805
26526,3609,-7006,1919,-672,-1451,-174
26527,-2731,-7476,-736,383,898,-735
26528,-1786,2494,-5752,240,533,913
26529,445,4200,6148,1885,-324,-242
26530,-2239,1985,3265,1550,-602,-316
26531,5861,2970,-6766,-1335,1763,-1088
26532,7972,-165,7236,1433,-1648,920
26533,7433,-2776,1915,1196,1205,-1664
26534,-148,2427,-2747,-1811,1748,-1919
26535,4309,1574,-6921,-1610,-730,1833
26536,6934,-6900,-2104,-1391,-783,1531
26537,-3007,-6645,-5282,-771,1189,-749
26538,2998,-7541,-3056,-670,-675,-1265
26539,-3613,-2288,-4141,-479,1914,1305
26540,7436,-842,2988,28,1523,591
26541,3699,7908,-5264,-1604,575,-1428
26542,-7447,-3824,1425,734,-964,682
26543,2468,-7272,1812,-966,919,-1183
26544,-93,-885,4469,-1670,1168,-1857
26545,5550,2461,5041,768,-1084,-871
26546,2464,11,-1954,-974,-1034,-566
26547,-7348,2992,5181,-736,-1023,945
26548,-582,4882,1525,-1576,592,999
26549,4767,-3403,1792,-820,1278,-561
26550,-5719,-6506,3995,1428,1330,-1287
26551,4633,7327,3431,-996,517,-1113
26552,-3269,5783,3865,243,1032,1934
26553,7827,1670,-4261,-655,-40,1180
26554,4257,-6250,6090,-413,1753,1633
26555,-4654,-1580,-1259,1713,1958,874
26556,-222,5323,-2503,-123,880,949
26557,-5435,-6173,-1510,580,1979,-1807
26558,4015,-2635,-1029,-1709,272,194
26559,154,-1931,-5865,759,-1615,-1776
26560,4807,2741,-4137,-1640,1159,1325
26561,-5917,5739,5793,-158,624,-1215
26562,6483,-4772,5196,-185,-1703,1745
26563,-5741,-7817,-4814,-1377,-980,-998
26564,-2922,6529,3392,-15,1054,-1305
26565,-3244,-6445,4712,1505,-561,-396
26566,-344,603,3584,896,809,-1150
26567,-5657,4953,3638,1650,-300,180
26568,4685,-5269,6534,47,881,-1255
26569,-2691,-2596,-2444,-276,1081,-1206
26570,-1241,7387,4497,-1986,787,-153
26571,7195,5923,-3469,-318,1279,76
26572,-5861,-571,5891,-1869,-1681,787
26573,-3676,4562,7863,-1968,-1211,-170
26574,5642,-1700,-2656,-143,1937,-136
26575,290,1071,1764,-1936,1056,-678
26576,-928,5596,3860,1976,-783,1505
26577,4933,2142,-5468,1783,-756,1008
26578,1104,-331,-3990,-1860,461,-673
26579,-2101,-6893,-1465,1054,-834,404
26580,3965,-4569,7841,-926,-1092,1757
26581,7664,1890,505,1278,1247,1786
26582,-1606,2656,-1066,354,-680,1899
26583,2823,-2450,6959,-1741,-971,-1988
26584,-6930,1375,-7584,1586,-1772,-1133
26585,667,-6926,-338,819,141,-982
26586,6973,5635,-6630,348,1118,-1756
26587,-1102,4783,-45,-698,-1387,-1159
26588,3421,-7218,-1578,842,-1207,-141
26589,6942,4130,-6772,-1138,-252,1924
26590,-2094,4498,-6156,-529,1663,1923
26591,-7689,-2608,-5407,202,-412,1865
26592,-4592,5218,87,-1650,420,1898
26593,3396,3496,-5280,1523,-753,974
26594,-3617,-5703,5145,-929,1708,-493
26595,4943,-6803,77,1268,-1051,-904
26596,-7833,-5840,-7523,-511,-755,687
26597,7431,-3707,2358,639,297,1274
26598,-2259,7881,6279,39,386,-1267
26599,6296,2594,7882,-1558,1665,-274
26600,3951,1162,-4952,1432,-1847,-1895
26601,-4362,-4337,5344,-516,256,1274
26602,5193,-4420,7611,-1514,-1514,1339
26603,-2062,7875,3841,-1065,1184,32
26604,-6964,-5052,-2656,-472,-703,-375
26605,2231,-3003,-2680,660,-56,254
26606,-1724,-888,-7043,-1229,-717,-1397
26607,-2989,-246,2339,1895,-79,1755
26608,-331,6461,-1639,583,1078,813
26609,-6687,436,4659,1880,455,389
26610,3984,5915,971,-270,277,-1477
26611,4946,-6578,657,-41,1510,45
26612,3967,5000,-2867,-1556,-973,774
26613,1455,1799,-1545,-1261,-1600,-797
26614,3553,3619,-4937,-797,1652,-1002
26615,4097,-4859,-6413,-400,-1077,-633
26616,5776,7247,3999,-1610,-571,292
26617,1838,-2600,7508,1720,1516,-226
26618,-2214,1568,2605,335,-882,-1531
26619,2732,-5169,-114,-888,-10,823
26620,3840,7427,-7619,-44,-1781,-7
26621,2268,7584,-2857,-1185,737,-889
26622,-1238,-6746,4936,555,-1892,1770
26623,6779,-5567,6976,-764,782,-1103
26624,-279,-1197,6917,630,-1064,-6
26625,984,-3183,-7869,-243,-1353,-1414
26626,2545,-4136,2856,1374,1921,-1169
26627,1886,4702,-5371,-1249,-646,-196
26628,-7110,6062,-4397,-199,-411,950
26629,1108,-1427,-4970,-1893,-1424,-1788
26630,-1540,2534,-7449,50,-1234,1448
26631,5019,2193,3866,-1544,520,-983
26632,-2519,-1919,-3704,139,-26,-843
26633,-1400,1485,865,1995,1407,1581
26634,-1917,2955,-3386,-528,321,-1444
26635,-6179,-2238,-3894,-327,748,-1443
26636,-7666,2970,-2616,1777,-249,1282
26637,5073,-578,-5052,679,-49,-813
26638,-6841,-394,4857,-521,-1027,-553
26639,-1169,-1202,-2749,1154,1381,1785
26640,-7028,-1573,-5742,1726,-1857,1243
26641,-4032,-6386,7408,-1319,-1472,-1641
26642,6459,4846,-2901,474,-85,-4
26643,-5106,355,-5135,-1497,1136,1548
26644,7887,-2964,-6222,-456,87,351
26645,-768,172,6301,353,1068,1963
26646,786,-2542,4035,-375,-1713,316
26647,-1386,6155,-3460,-1658,-1994,1076
26648,-6036,76,-6,1580,1434,58
26649,-4381,3856,6856,-648,1258,-1088
26650,-6619,-5401,4002,-674,-1706,1485
26651,-4999,2939,6136,1629,-771,242
26652,-364,-6824,-3701,1529,-467,-1070
26653,-3766,-6993,5590,-762,-1615,1469
26654,-1625,2692,582,117,1665,-569
26655,-3263,-2335,3852,-493,1554,564
26656,-2911,3504,5647,-1667,1829,749
26657,5860,-5060,6851,1094,-1869,92
26658,-7376,6198,3,745,-698,1058
26659,429,-5153,-6914,-755,-1184,-1912
26660,-2899,-5753,-4536,-480,-1254,-1550
26661,-5324,-2747,2264,-245,-106,-114
26662,4912,3796,3914,-1954,-1038,-415
26663,-602,-3183,-6986,94,1998,-1211
26664,2191,1960,-4488,-410,796,1766
26665,-3831,-5107,3714,1101,1454,653
26666,-5609,5784,-2830,264,-1043,-836
26667,3801,3761,-6833,1888,-1117,-865
26668,-6171,-1267,-2443,-1792,-1361,-1727
26669,-866,-7100,-6457,-13,1339,-372
26670,5604,-2173,-379,473,1229,-382
26671,-5197,-2222,1324,797,-329,102
26672,7344,6807,897,-1743,-940,1829
26673,-5236,1582,6627,815,-978,-1834
26674,2849,-3911,-405,-1905,1751,911
26675,401,5450,-7659,-1117,-1477,-1241
26676,4608,5673,-6559,1045,1593,-523
26677,602,2542,-5385,-73,679,1990
26678,-7869,-1994,-3124,-1343,1117,-1859
26679,6842,6378,7863,762,384,-690
26680,2747,6216,4289,-150,-1884,1019
26681,-6601,-3882,-5277,430,1706,-1788
26682,5048,3086,3159,-560,-494,1526
26683,3447,2211,227,136,-1812,1558
26684,3011,2183,7678,-790,-1834,-113
26685,3846,1853,-6314,-1520,1106,1024
26686,6688,1102,-6419,1746,1182,-642
26687,-3049,1651,-1624,1050,1942,-817
26688,-2505,-4110,3215,61,-1043,535
26689,-4237,-5268,3895,-1903,1316,-311
26690,-1823,-667,430,-1341,460,543
26691,-1658,-44,-3560,1958,-894,-1006
26692,-743,1472,-1734,-529,1515,-1537
26693,6812,5376,-1441,739,-302,563
26694,-1936,575,3421,-1070,1949,513
26695,3685,5230,6940,227,551,-1285
26696,7837,138,7619,-1216,1110,-837
26697,-220,-4598,6492,797,-1660,-1183
26698,3991,-3705,7576,-452,483,1377
26699,6940,6585,2463,-55,1856,-164
26700,3389,-7938,-1416,-1761,1309,247
26701,-7548,-4230,-4591,398,-687,-802
26702,4043,-1551,7610,-696,-1730,1769
26703,7669,1711,-3061,921,-919,-1636
26704,-7979,-3003,-1820,-1078,820,-114
26705,6099,2587,-3448,96,-1371,1239
26706,-1607,6012,7669,1470,987,1465
26707,-3523,-6184,-1369,-168,443,907
26708,1594,2559,7113,-1057,-1077,-1694
26709,5061,-1817,6911,1129,358,371
26710,-4429,-1635,-157,599,-875,-689
26711,-5248,-3761,-6535,-135,-571,374
26712,-225,1439,-243,-871,1255,-241
26713,3613,976,1632,-1197,1857,742
26714,-4502,75,911,-143,-1352,-1766
26715,2794,-3439,-3081,-1823,-241,859
26716,-1298,-6643,-1070,-253,-192,-1397
26717,-4352,6853,-5771,-1188,259,1712
26718,247,6108,-4725,1298,1279,1432
26719,-5974,4883,2689,705,1556,-790
26720,7049,1134,5598,-145,-1488,547
26721,-3666,-2093,-7912,-991,-1635,-1228
26722,-590,-2206,3471,-362,384,1055
26723,-3708,7120,2911,1133,-1623,1382
26724,4017,740,2282,-14,-1057,-708
26725,-7271,-4225,3271,-1018,-264,554
26726,-3936,-7809,199,1606,-1799,-416
26727,-3795,5514,2066,1207,980,-1382
26728,3955,-2064,7216,-923,529,1841
26729,-810,3152,177,1930,362,-172
26730,4679,6766,7734,203,-345,-254
26731,1694,-3113,-2137,1674,-1393,-449
26732,-3075,3407,5468,-32,-337,1757
26733,7988,-2977,828,1098,1032,-1178
26734,6938,6352,-5214,1232,1511,1252
26735,-1657,5505,-7394,-451,-324,-563
26736,-6407,36,-2015,174,-1382,264
26737,964,1632,-4288,-1820,635,-503
26738,7209,6900,-2226,-947,-526,765
26739,5613,-4786,-2058,-1419,-1101,1759
26740,4752,-584,-2038,667,-723,-382
26741,-1220,-4231,-490,-293,-1400,1147
26742,4763,-5583,-7852,1616,-717,-579
26743,-3144,3794,6747,68,979,-1924
26744,-5643,-6988,-4960,-969,-732,-1705
26745,-6595,2232,438,925,1287,680
26746,6960,-6594,3923,-1993,17,8
26747,1844,-5283,5748,1637,1220,424
26748,-3221,5095,2717,274,584,806
26749,2071,2580,7417,-1924,1526,-1751
26750,-2220,-2409,-6349,252,-739,1443
26751,-1781,6002,2307,-1980,-37,-1086
26752,-4075,4751,-4705,-1959,289,763
26753,1248,7385,-77,1134,999,-989
26754,-1385,-7563,-6513,176,605,-315
26755,-4390,4641,5236,655,810,1054
26756,-5601,-3211,6459,1873,383,-1539
26757,-5404,230,-595,-825,1755,-1432
26758,-4251,828,-1367,-660,-1334,-1788
26759,-4843,1159,5397,-619,576,-890
26760,-3542,6352,-1298,-1836,-1438,79
26761,-3080,-2038,-2360,785,1073,1905
26762,-1400,-5986,1138,436,1199,1496
26763,-2615,6328,-3114,-1775,-840,-855
26764,-3767,2388,-3729,125,-1337,-1439
26765,-314,4590,3183,-1093,1393,1472
26766,1694,-6759,-6732,-575,853,737
26767,5281,-366,2378,-514,1339,-1761
26768,-4157,942,-1599,4,-1646,325
26769,4792,7107,-1797,-1841,-1474,1013
26770,-7977,-5656,-324,1753,-1678,569
26771,5501,2437,-6932,1232,1808,-1884
26772,3197,6129,-1533,915,1251,-1414
26773,-4387,-2322,-2713,-1769,1616,-489
26774,1541,556,32,1146,1272,1398
26775,2961,-263,3562,-675,1239,-1004
26776,696,-6452,-5555,1370,683,-42
26777,967,-5487,140,1470,853,-1656
26778,-1431,-1584,-1250,-349,981,-790
26779,-626,2232,-2385,-730,242,-394
26780,-7878,6002,-854,-1223,449,-172
26781,5345,-5730,1204,1953,-1798,-1319
26782,5705,-258,7072,-178,-1044,704
26783,-4310,2520,-3224,690,1665,1122
26784,-3336,4909,2793,1022,1570,-1909
26785,-3540,-7376,2610,20,-732,-933
26786,6449,-2806,-2155,418,74,1802
26787,-5638,-1057,3067,1672,-867,972
26788,4901,-7458,1966,-440,1538,669
26789,3485,-6351,2379,421,-1506,1741
26790,-3287,5090,7090,41,800,922
26791,-1333,224,7514,-964,275,1024
26792,-7587,472,4257,1271,1890,-1140
26793,5245,-1942,-6328,359,33,-1545
26794,-1601,-6942,-4264,1426,748,-1077
26795,2528,5722,3269,465,30,-1580
26796,-3214,3182,-6383,-1213,72,625
26797,4550,4807,131,1402,-1509,1297
26798,-1915,-578,692,-1955,411,363
26799,4519,1710,7757,-155,1212,-641
26800,-4103,3129,7525,63,1923,368
26801,838,5372,2847,885,-209,1343
26802,-1776,-4673,1506,1934,-1905,724
26803,6955,5861,-628,-440,72,-45
26804,-1916,-4175,1491,-1165,-1397,-745
26805,-1412,3073,-6208,91,-85,-88
26806,6788,3859,-299,-1670,61,-1400
26807,-2311,-4349,-7461,870,1949,-681
26808,-5398,568,-5633,1666,-1388,-710
26809,7040,-4609,-3306,-1308,-625,1785
26810,7007,-7822,6028,-1535,1702,-1991
26811,-4205,-3794,-2573,985,-1597,-1316
26812,2417,-2821,5389,952,-1767,-1877
26813,3308,5395,230,-1091,-802,-715
26814,-2279,-7815,-1572,-1480,-903,-1954
26815,-6083,-5951,1506,52,-1124,457
26816,295,-5433,3900,1875,992,1480
26817,5404,-6378,-5359,1492,-1585,-520
26818,-1244,7192,-3407,1335,632,-770
26819,5190,6240,2232,1933,-1702,-928
26820,-2067,-653,-3739,-384,-1005,1376
26821,1138,5402,1306,-797,1076,-1574
26822,-899,-2701,4875,1729,1969,-1234
26823,-5617,-3875,4916,5,1786,334
26824,-5019,-1356,-2176,-834,1545,1256
26825,1109,7512,1222,390,-75,1797
26826,81,-3578,3090,-1999,-1943,707
26827,-7091,1180,-7871,-927,-1467,-353
26828,5049,-3080,-444,-123,-296,1404
26829,426,5908,-6888,-382,-1834,-88
26830,-3453,-2450,-6565,1050,1519,1598
26831,-5343,5187,5481,-47,-819,186
26832,4121,7745,6215,-446,-280,-525
26833,3594,-1447,-6263,315,677,-1578
26834,-1113,-6990,-1106,826,312,71
26835,-92,2233,-5793,-1736,1877,-477
26836,-788,484,-3942,446,46,745
26837,25,916,-467,867,-956,-1805
26838,7938,-2388,6168,-215,548,-600
26839,3789,6027,-7665,1528,-1401,1120
26840,6515,7159,5729,-1340,-1579,1302
26841,-2792,-1569,1953,1023,1251,1213
26842,4933,-605,-4707,-501,125,1223
26843,-4321,7850,-5064,1508,-335,1440
26844,3373,6739,7008,-330,-1685,-1117
26845,-5521,-1832,-1196,553,-1912,-1000
26846,7086,-1419,6419,1489,839,1727
26847,-2317,-1493,-3292,910,-1175,1896
26848,5923,-4348,-2084,-1243,1348,-451
26849,-7165,6243,1434,346,982,-1482
26850,-5640,7440,7308,-1274,1115,368
26851,-6646,343,908,-1741,-1213,-735
26852,-3325,7583,7396,198,-1722,-1247
26853,498,-4843,-6051,-978,-829,34
26854,-4801,7223,2593,1101,-1221,1697
26855,7830,5681,145,876,-1171,1297
26856,-5723,1019,-1860,1527,-1291,-1526
26857,-4454,2631,540,501,1061,108
26858,1109,-2002,-1341,-1560,1589,1360
26859,-2212,3116,1562,-1882,-1062,1115
26860,335,6323,4067,-1382,-1350,1249
26861,2019,-4178,-6374,-823,-512,-1683
26862,-1855,156,-632,-1080,-1166,1129
26863,-4616,4725,4251,822,-1587,-828
26864,-6807,6963,6999,1146,-42,1404
26865,-1586,4765,7622,-1782,1453,903
26866,-7741,4788,-4771,-454,-1799,-1426
26867,-5063,-469,1837,1831,1694,1191
26868,3632,-5954,4386,1231,-1780,-1939
26869,4575,-2477,7377,530,-995,-1144
26870,-4371,-5865,2653,59,798,237
26871,420,3222,853,975,-1773,1478
26872,-7602,1716,1220,438,-1462,-648
26873,4723,4071,-6710,-1830,-1455,1164
26874,-3133,-7275,-5573,-551,-1809,506
26875,6826,891,-3829,-1431,193,-23
26876,908,7363,-591,-1826,-1697,1041
26877,363,5491,4502,-32,-308,-1738
26878,-199,-5785,5735,-250,124,1764
26879,-5347,-7436,-1330,-1924,-1715,-1698
26880,4510,-7804,4303,1428,-1576,1388
26881,7216,-3228,2048,1514,-1687,-923
26882,-6439,-5008,2599,-357,-1927,391
26883,2346,4930,4659,-948,-1529,-1434
26884,5200,-5255,-865,1841,719,-688
26885,1854,4852,1077,1369,-768,657
26886,1211,5368,252,612,519,236
26887,1499,-5576,879,-1488,2,174
26888,559,-1262,-2187,1577,1448,502
26889,-2754,6092,-6709,-551,674,1394
26890,-1123,7348,6546,-559,1388,1014
26891,-2925,2880,-6717,559,326,1197
26892,7795,-4572,5686,1846,946,-1150
26893,-3760,4248,1479,-730,-1883,-620
26894,-6656,2353,3858,939,795,716
26895,-7441,-2770,-384,606,716,-843
26896,-7776,-1479,-6022,214,98,1479
26897,-6227,4174,-1176,-387,-242,1124
26898,-6776,2689,-3610,-1518,697,-466
26899,-5271,-4330,4831,-1038,1845,-1659
26900,685,6496,-6365,1513,-1214,-1026
26901,1079,5905,2455,-1103,1420,-1531
26902,-5302,-1994,-2816,1119,-433,824
26903,-2247,-1381,-890,-387,1030,-1430
26904,2716,597,-1536,368,1618,1004
26905,-3101,2127,-4625,-157,1091,1763
26906,5627,5833,-3172,1678,444,-1651
26907,-3101,-5154,-5049,-637,1568,1035
26908,1262,7072,-7997,330,1589,1994
26909,5150,3980,5472,1726,-1758,-293
26910,3512,1614,3558,460,1771,1217
26911,3929,6729,3895,1869,670,658
26912,-555,3353,-4111,639,-8,1289
26913,2474,2528,-6533,858,833,1868
26914,-3386,7931,-771,284,-394,1305
26915,3286,6930,5481,-1898,1381,-1708
26916,2679,-7186,3761,1172,68,1396
26917,4798,2940,2975,-1374,71,117
26918,1856,-2842,-3447,1675,1235,144
26919,-3309,5640,-6335,-1618,-1443,-940
26920,-3427,-7674,943,1897,-1276,-901
26921,1962,-6662,1900,1061,1450,1063
26922,602,6490,-1019,-557,-478,-584
26923,1312,-7257,-334,659,775,-1802
26924,4372,2531,7520,-916,636,-1932
26925,-4066,-6370,-6959,-660,-542,-1056
26926,284,-577,2488,1093,-903,-142
26927,-4684,-5380,7447,259,391,1508
26928,7106,5663,-1325,-169,-750,-1432
26929,-2242,6798,3182,-838,-316,-1277
26930,352,3628,7557,23,1220,-104
26931,782,-6016,6093,-334,274,-1665
26932,7807,-545,4465,464,-1228,413
26933,3718,5931,-1190,-668,-636,140
26934,5611,7915,175,460,648,-612
26935,1009,-1161,-5062,1250,-1591,1858
26936,7374,-7613,-4788,920,90,744
26937,6172,1134,-7653,1787,391,231
26938,-513,2933,3764,-190,-591,1000
26939,2832,-3969,1797,-763,969,-1791
26940,6378,-6195,7083,869,-1686,-42
26941,1241,-236,-6138,-987,1510,-1210
26942,-734,-4365,6756,-1314,541,220
26943,-4193,-5887,2966,-1004,-837,-142
26944,1743,-2367,6900,-988,-880,1163
26945,-960,118,2364,-675,886,-853
26946,6293,-5770,2956,-833,297,-1543
26947,-5644,-5943,2593,395,-593,-412
26948,2693,-3115,-787,-49,1905,-943
26949,4462,3591,3679,745,-1306,239
26950,-2046,-3456,4570,983,-1159,-327
26951,736,-4981,-4223,-1435,-872,1232
26952,-7525,-4526,-6536,-1635,-35,1517
26953,4444,-2522,-4276,-1256,1032,987
26954,3958,-5546,3977,-986,-865,-90
26955,3166,-4148,129,1570,1910,1951
26956,-2334,6613,4728,-838,-1313,-85
26957,-6617,-4095,-1913,-843,1547,-1389
26958,6812,3015,-2235,295,-94,-1988
26959,6313,2630,3085,-1690,-605,1276
26960,5819,5215,-2262,1115,-1513,262
26961,-2843,3388,4507,1885,1971,1621
26962,-3119,-3572,-7859,776,117,-394
26963,-4797,3830,7307,585,1115,274
26964,3805,-3370,1401,-829,-304,-256
26965,-4450,-4376,-478,1258,-1364,-1850
26966,7237,-4558,3499,1387,-1507,1200
26967,-3297,3375,1933,1679,1538,349
26968,-4752,-2679,2651,-684,-884,1270
26969,6389,2183,-3803,-967,-1268,1996
26970,1004,-7365,-6439,170,728,1415
26971,1382,-4913,4990,995,88,-788
26972,2610,-1570,7787,105,1380,-775
26973,-965,-4989,243,-1324,330,722
26974,-5397,3559,-686,-717,-1798,-361
26975,-4433,397,-6790,1155,-1431,1775
26976,620,-2103,5111,873,-1311,1065
26977,7318,-573,-6788,-972,1029,1460
26978,6878,3565,2452,-1759,-799,-1404
26979,-6017,7992,-2699,1059,-95,1335
26980,-7309,-257,-1859,1045,-894,-1728
26981,6372,-4419,6678,812,1756,1013
26982,6499,-1758,5760,295,46,-446
26983,-5905,3262,2216,-1833,1678,-769
26984,766,5235,3709,195,-1463,-101
26985,-2736,-6189,-7591,-1586,520,-236
26986,539,-1753,2608,358,1996,-1946
26987,-1626,7912,1113,475,349,342
26988,5730,-6772,-599,428,-1320,1862
26989,5961,7925,1314,423,72,-192
26990,819,-1896,-2456,1966,-190,200
26991,542,-348,-3231,52,-1126,-1551
26992,2343,3373,3247,824,1284,373
26993,4721,-7121,2260,1537,-283,-580
26994,-2276,2232,3535,-18,247,1318
26995,5233,7916,6768,1035,-1225,-1690
26996,4920,-4390,-7125,1669,-1709,-878
26997,3627,6707,1689,-904,-1171,1609
26998,4031,1369,-528,-1615,-460,887
26999,191,7086,-6698,-1061,603,1443
27000,697,-3780,-1507,-1431,-1312,1935
27001,-7773,6674,4845,53,-1433,791
27002,1117,463,2894,-1959,1045,-400
27003,-2384,-624,-7254,1101,1742,962
27004,5420,7238,757,-1508,-1024,1368
27005,-6018,-1354,7991,-372,-1588,1807
27006,87,-2350,2729,225,1859,489
27007,-4952,-4780,401,754,-1456,-1767
27008,3024,-5237,2892,-69,968,850
27009,6082,-1870,4265,1224,1966,-1146
27010,-342,5766,5788,836,-502,-1760
27011,2580,6782,1036,80,-815,544
27012,3350,-3767,-764,-1210,-774,-218
27013,574,-1846,835,1861,5,-284
27014,4872,4263,-3103,1194,289,1812
27015,-990,3527,-1709,-571,203,-313
27016,-4328,1055,5331,-598,1689,-1240
27017,345,3878,773,455,-1979,549
27018,-1634,-3067,-6024,-1831,988,176
27019,4444,-4015,-1151,858,-1569,1525
27020,1813,1702,4486,-561,-1466,1219
27021,6789,-4997,-5223,-688,1204,-1771
27022,-7660,-3601,-1243,1316,-1156,214
27023,-619,7873,-3347,610,-1562,-570
27024,-2298,-2486,4148,1701,-163,1694
27025,-7576,7369,-906,-838,-828,1984
27026,-4682,-2578,3376,-1248,1242,941
27027,-2918,1740,-2231,925,-1846,1932
27028,-1411,3662,6393,79,-948,-68
27029,-2737,2739,7117,-1825,1481,812
27030,1324,-2399,964,1112,1452,-603
27031,-5066,-5644,1110,-678,-968,-44
27032,-425,6413,-2074,-1003,-522,772
27033,-7806,1962,2403,1934,-959,-314
27034,-3451,3669,2558,-854,1493,-1495
27035,402,-2374,-594,-777,70,436
27036,-6067,-5610,-14,-1837,-1593,-1509
27037,6491,3904,2104,1054,781,1510
27038,-4695,-3649,-3959,-1274,-1328,-1732
27039,-7376,-1467,1218,-1566,-1522,81
27040,-3768,-4448,-1404,-43,1908,-1741
27041,-3809,3628,-6983,-1714,1869,1605
27042,-33,1742,-5343,452,-1807,517
27043,-3159,1739,7800,264,-1257,-78
27044,-4007,7676,-1272,-1327,-58,1214
27045,-1933,-7365,-1026,463,1416,-247
27046,-3769,1260,-2658,-1319,-1463,-1961
27047,4206,-3439,-350,1673,1911,1671
27048,-7213,4957,-5964,-1428,-92,531
27049,-7238,7518,-5097,1066,-812,817
27050,2619,774,6557,383,466,-886
27051,867,1590,1467,-1140,1416,273
27052,-1233,5572,-7306,-460,-1397,1073
27053,7671,-4864,5173,-1265,-913,-818
27054,-5113,7024,3103,-649,254,-720
27055,4022,-3525,4125,-650,1059,-479
27056,7380,604,1907,384,1472,1980
27057,2140,-7185,-1282,-902,94,-626
27058,4396,-1028,3995,1115,-1545,202
27059,6542,-1715,-2807,-515,-878,1001
27060,-3983,3905,-803,-695,-1574,170
27061,6777,2576,7496,1545,1266,-959
27062,-2306,-4954,4122,-516,-242,-1633
27063,-5698,-2469,-1145,-1369,-690,-1651
27064,2164,-6302,7191,-814,69,-1523
27065,4114,-1974,614,1052,-1419,-717
27066,-2476,-323,-4382,1930,-1751,1695
27067,-2319,1810,3393,-1932,-817,-1365
27068,-7004,7868,-2159,-1145,761,-953
27069,-7606,-409,-3235,-1349,1726,440
27070,852,-2621,5185,745,203,-1187
27071,-893,-2791,-7137,-1536,1366,-358
27072,-2313,7501,296,76,-1234,-381
27073,7735,3557,-5704,1460,-529,-254
27074,-7043,-4843,-73,-1627,571,505
27075,1953,6991,4302,-770,630,-1918
27076,-2581,-3718,-1692,-518,1570,-1620
27077,-3643,2480,5784,-1481,-1510,377
27078,-4295,885,-4255,839,854,503
27079,5533,-2160,-5749,671,-1199,-1434
27080,7299,-846,-6214,-1109,-516,-1115
27081,5668,-215,-4852,-881,1317,1807
27082,3407,5085,-3978,535,-965,-1299
27083,-6237,4800,-3209,216,-44,-143
27084,-2832,-5847,-1446,1081,16,1989
27085,4204,3997,-570,-1165,-1666,774
27086,-5353,-644,5139,25,-494,1207
27087,3380,-304,-3831,1376,313,-391
27088,4149,2256,5355,-1784,655,-1260
27089,6271,6484,6473,-424,-1815,-978
27090,-5456,4092,256,-1662,914,-380
27091,7472,3928,5426,1919,1644,-1405
27092,-3467,-477,-1196,-1535,47,-312
27093,-1247,92,-7579,973,-1251,-687
27094,3989,-4409,-6361,-1510,1151,136
27095,2875,57,1765,-1758,1265,1929
27096,-2151,-3611,-6497,747,955,-1444
27097,3206,-3311,-7463,345,-1356,1002
27098,-5742,2219,6482,9,-661,111
27099,680,5081,-6849,333,-1357,1625
27100,-1185,5307,757,1466,-809,1691
27101,-7127,2789,-3913,-788,1996,1251
27102,-4231,-2764,-5904,1609,-1092,-1008
27103,-2462,225,-2126,-835,-1170,-1670
27104,-5744,-4219,174,276,788,-1321
27105,2293,-5335,308,-1739,-1780,-1358
27106,3609,-1594,-1017,861,108,-1028
27107,610,-7514,-573,1564,1412,-864
27108,-7687,-6515,-5530,561,-398,524
27109,5802,7073,-882,1979,1093,-128
27110,1578,-5882,2470,514,-604,1065
27111,2505,345,-4472,-477,126,-167
27112,7063,-1472,-5095,620,-113,472
27113,-2325,-4823,-2078,-1335,1477,1286
27114,-5611,1298,-7623,1649,-1140,309
27115,-5786,3849,-96,593,-769,170
27116,-7937,-1533,-3932,-650,770,602
27117,-5035,7102,-3521,-854,1914,376
27118,-3776,3668,-739,-299,-306,1214
27119,-1865,-7535,1857,-408,-1702,-918
27120,1327,1639,-1725,1166,-967,1651
27121,-5654,955,-2060,-76,1073,584
27122,-6258,7703,4456,-1464,-1556,-279
27123,-3142,6613,-1503,-812,1748,-698
27124,3474,-6952,-3899,-151,1270,485
27125,2406,-5974,3929,-1089,1183,1072
27126,-7891,5732,2093,-1837,567,-1763
27127,5088,5964,-3147,1012,852,-1675
27128,-5561,4397,6236,1459,730,1384
27129,4307,-7030,-6511,-101,1286,1098
27130,-2195,833,-4800,134,-1425,-134
27131,5256,-939,4019,-322,1282,296
27132,-998,-7156,2588,1090,1534,-763
27133,-2303,-6721,-7020,-833,-1225,732
27134,-648,-6212,-5447,-443,-547,-569
27135,-5227,-5370,7272,-1658,94,1696
27136,5670,-7035,1106,798,-1188,1111
27137,4502,-326,6061,-1363,923,-1885
27138,-6633,3014,6528,839,1136,-95
27139,1671,1379,1550,-441,1416,-1907
27140,3053,2757,3683,-318,-1444,-1645
27141,-1921,-1702,-3191,1799,83,-704
27142,-1850,3990,-5066,1855,1831,456
27143,-7167,3654,-3637,-88,-750,-771
27144,-1570,1018,-5148,321,-78,-1985
27145,5567,6389,-4373,747,-1351,1646
27146,-7375,-2992,3814,1073,-1947,-666
27147,-2754,4999,7707,-87,1769,464
27148,-2193,-5117,-5534,607,-526,-1968
27149,-5175,4168,2382,-1474,9,247
27150,4534,-4098,4070,-397,-353,1938
27151,-80,307,-2281,-336,-788,-1933
27152,7144,7842,190,-1704,-1339,-795
27153,2916,-1098,-7481,436,1971,279
27154,7623,-2471,2207,1325,956,472
27155,758,81,6887,-1098,-780,488
27156,5700,-2031,-4493,513,-959,-336
27157,1389,-1394,6341,1636,1558,1590
27158,-7220,745,-5558,1872,-1213,-742
27159,-3572,797,7544,-166,1898,66
27160,-6524,3293,-6391,1520,1747,1131
27161,7732,-7247,5648,-462,-708,-139
27162,1830,6496,-4060,1654,500,678
27163,-5221,1813,-774,-506,-1407,1236
27164,-3760,-1501,4215,1249,1522,-385
27165,4770,2847,468,-48,500,-177
27166,-801,7620,3370,134,463,66
27167,-4254,-7959,5017,67,165,-1852
27168,6878,-4679,-5967,534,1261,253
27169,3606,-1815,-6015,-961,-1882,-1419
27170,1442,6811,-7964,-1502,1477,1065
27171,-4873,-2794,4878,1908,1677,1006
27172,6844,-2967,-1222,823,806,-441
27173,-4455,7980,-2634,-1824,129,656
27174,-6028,3552,3024,-1100,1639,1929
27175,-1215,-3940,1627,-1968,1761,-1350
27176,-7228,-1224,1812,-962,-390,1060
27177,-2345,-7358,-3245,249,125,-75
27178,2924,-5841,-2963,1122,-1479,109
27179,354,-7762,3071,-522,540,-975
27180,-1355,2064,5984,-1781,-1536,-371
27181,7782,-2149,1146,520,-1448,1013
27182,7262,3410,-1823,-23,603,-1390
27183,-1646,2041,7860,1311,-70,1796
27184,3757,-4987,2996,-1696,-1853,1836
27185,-6728,-2368,-1186,-565,225,-147
27186,-19,-4778,4564,679,-658,853
27187,2609,7109,2303,-1574,751,-1488
27188,2682,-383,-667,830,675,901
27189,1782,680,-7935,385,-940,1088
27190,5738,4750,-5182,-1499,-1490,416
27191,-4013,1875,-5784,1694,-694,-416
27192,-5169,1182,-5661,-1294,-272,-1057
27193,-3978,-73,7721,-1559,1193,-488
27194,5317,3718,-6714,-582,1519,361
27195,7034,-3871,-2771,-1482,54,-375
27196,-2515,-7361,5052,1857,486,-1772
27197,-700,-2434,867,310,-378,-344
27198,-1289,-4948,-4731,524,967,-1455
27199,6839,-3045,2547,719,-1271,1291
27200,-7530,-7191,-3888,-1490,-1909,573
27201,-3529,-2088,-4735,1990,832,-174
27202,6106,1967,-1322,582,-1513,1017
27203,1320,4164,6628,-1386,-781,1794
27204,-3395,4912,1275,-1735,-451,190
27205,-5197,712,1814,977,-748,-1379
27206,-2858,-57,5192,1796,-1208,1169
27207,-5591,-6369,-2913,1737,1933,1292
27208,5619,4806,-4201,1112,1830,-390
27209,-1209,2859,6019,-1633,1535,-200
27210,2957,-7084,-1097,-1766,-1815,-1457
27211,-6609,-3715,7789,-1635,-787,653
27212,-2331,4532,5087,-1406,1432,611
27213,-6506,1070,-651,766,-1574,-1673
27214,7708,-1212,487,608,605,-508
27215,5246,-1747,-7892,-671,-803,863
27216,-6671,-1704,-4177,-706,439,-1242
27217,1843,-2970,-4863,84,-1633,-46
27218,-3006,2111,-2336,979,1786,389
27219,2576,4718,7935,-1101,-1877,-1219
27220,-4550,-3234,1644,1497,1293,694
27221,-4709,3999,-2910,1815,-1090,1985
27222,-6123,-5246,-7146,-1917,-687,-27
27223,-1656,-2994,6594,892,-1624,782
27224,-988,2910,-4695,-1687,-133,-459
27225,-7035,-6771,-7567,474,-1771,-1042
27226,3612,6054,-1391,-1182,-1760,-466
27227,-6422,-6998,-735,1887,-685,-1483
27228,6911,6387,-3443,-1996,-574,-243
27229,-7102,2979,184,-847,-505,1388
27230,-3916,-4478,7045,-494,-844,-1097
27231,-2558,-5362,-7028,487,1461,-1837
27232,199,3431,2947,-184,1870,-300
27233,-2040,6380,-5845,280,-938,-1122
27234,4536,6500,-4150,-1358,-1492,-1005
27235,-5253,-7376,739,-625,231,-228
27236,-7760,5536,-6909,72,-1508,-973
27237,-7514,-6464,576,538,-229,-1977
27238,6695,584,3856,-974,832,1038
27239,-7443,4058,4392,493,1919,-1323
27240,-3760,-4983,-7051,-830,1542,-975
27241,-4958,4791,7229,553,1027,-660
27242,2333,-3828,-6096,-1375,-1097,-1146
27243,-2556,-5463,-154,-207,-1104,-633
27244,1555,5422,-4464,-776,-1120,1458
27245,-1557,7845,-7492,1876,-1327,-1357
27246,-4990,-1393,-3548,1397,1402,-631
27247,2963,-132,3031,-1046,1982,-1944
27248,4082,2961,-3500,131,1856,116
27249,459,6943,5992,-1418,1084,-1224
27250,2349,2247,2307,947,1309,884
27251,7368,-3412,-7214,1395,679,574
27252,1358,6958,2025,562,1151,1754
27253,748,1684,7881,-1887,1900,-1173
27254,-1919,-3372,-7159,-293,-559,815
27255,5408,-1952,-1494,1354,74,1113
27256,-6714,763,-219,639,1309,79
27257,696,4588,7084,1699,-1605,1444
27258,-5539,-6037,-636,824,-1488,-525
27259,-2689,1371,7955,196,9,1291
27260,-6530,-4850,-373,-860,1698,1667
27261,3053,-1737,-5676,-1704,1299,796
27262,-4125,4901,3008,-1107,1974,-474
27263,5042,620,5299,-304,-885,-48
27264,1405,5134,4196,-1956,-1867,-431
27265,7656,4661,-1886,1784,476,-1910
27266,5510,-25,-651,1136,109,-1468
27267,2052,-5465,-6203,1754,1566,1894
27268,-7533,5031,4281,-1009,-1471,1714
27269,5362,-5524,-2303,-1544,-1827,-199
27270,2579,233,6883,1302,142,-356
27271,2725,-4434,-1817,585,-1354,1745
27272,6380,-4426,-4682,462,-445,-1823
27273,-6002,-5109,-6039,-1631,-1788,590
27274,-1961,5686,4295,906,881,-1352
27275,-6587,-7983,-1910,-621,382,1258
27276,6917,-4489,7938,-1995,-1515,-331
27277,-5221,3799,-5363,1804,-233,1069
27278,-4075,-3036,-4230,-162,-1608,-329
27279,-5263,2397,7005,-1486,103,171
27280,-630,-566,-1609,1910,-441,1908
27281,5026,-7706,6439,1022,-1505,-614
27282,-343,-3046,4664,357,-286,290
27283,5114,-2003,-5184,1937,747,594
27284,841,-5853,-2228,352,-1802,161
27285,-5378,-3976,5056,566,-451,1698
27286,6131,-7414,879,543,-1603,-99
27287,-1487,-941,-7989,-1432,-801,-898
27288,4714,-6298,4842,1408,1073,-1633
27289,6455,7349,7769,881,545,1594
27290,-2002,-1466,1347,1255,251,1988
27291,5234,-1175,-3049,-1030,-1495,-1360
27292,-464,7053,3691,-1511,-1236,666
27293,-2850,4524,5189,-1336,-848,1523
27294,-5707,-7084,4335,-813,-1639,1149
27295,-7511,3308,-1397,531,922,262
27296,-3482,-5326,6641,-1738,-536,404
27297,7526,-6318,-5927,-1547,-928,811
27298,-2558,-1891,-1496,157,-1412,-212
27299,3383,-3172,-7066,-1732,-1406,847
27300,-1094,2124,1185,1279,1875,1964
27301,3875,7275,-515,-680,1679,1869
27302,-7530,-3272,1760,-458,-1068,-1555
27303,-5813,7609,-815,-1116,525,1715
27304,1174,6954,4884,-1807,1096,-1809
27305,-4011,-6124,-5133,1137,-1115,-1687
27306,-1342,6287,-2807,1758,824,-1279
27307,7244,3100,2787,1964,1916,804
27308,5348,1776,-5383,-1359,-1556,-1683
27309,-1610,-6639,3178,1029,-1702,222
27310,-4810,-4541,-7230,-1407,-779,-144
27311,7637,-2944,-3822,1010,265,290
27312,923,-7722,-6454,889,-182,-1935
27313,2285,-5504,1358,-172,813,-1325
27314,888,7957,-6222,-1503,1270,436
27315,1430,7062,-7066,-1426,576,824
27316,-3122,1144,7011,-1753,-93,384
27317,6610,760,-3383,-298,968,-1202
27318,-4835,3202,-2213,-1814,-482,204
27319,-2110,-2465,5790,1108,-1288,-1255
27320,-7890,-7351,5117,230,933,1513
27321,3783,3264,-524,270,1194,246
27322,-3374,6855,-4107,1596,-970,1644
27323,5604,890,-4056,1220,782,-9
27324,82,-769,1001,-650,1571,962
27325,291,-3857,3256,835,-969,1073
27326,6540,4939,6167,136,869,-1323
27327,2119,-4060,-311,706,-1553,1458
27328,-1464,4702,-5314,-38,-219,-262
27329,7486,-5745,-3228,-1465,1578,1193
27330,871,-772,7785,-1608,1454,-86
27331,4160,-1989,-6144,1959,1673,-499
27332,-4811,7483,-3929,-1992,363,-416
27333,-4976,-5387,-6406,-65,684,1869
27334,-4528,1037,6921,-1005,210,403
27335,3465,5883,-3591,-1355,354,1404
27336,-5958,-1371,263,-626,1446,1412
27337,-3137,7651,-5557,-1706,-1736,-863
27338,2724,735,2834,458,-735,-1699
27339,-7742,-487,4492,1095,1679,1450
27340,5562,3110,2398,142,985,1560
27341,7564,-2571,-417,500,376,-423
27342,3368,-1168,-4072,635,666,-640
27343,-5644,1045,-7604,624,1213,-1718
27344,6517,-6102,3142,1354,-1233,-1865
27345,3086,-4801,6902,-411,-640,247
27346,-3397,-826,7249,-1500,-1668,-8
27347,2962,6412,-5884,-4,1148,832
27348,-2874,7195,-3780,-138,1371,-472
27349,6526,3512,1473,-1886,1144,-404
27350,-7440,-6875,-4731,1496,1141,-1140
27351,4122,6496,5638,-1614,-1049,505
27352,-2841,6712,-5345,1801,1480,-741
27353,-2266,7054,422,-1621,444,1377
27354,1878,-6938,-4063,1848,989,1583
27355,-3325,-7262,-133,-621,843,-70
27356,-2504,7294,-1015,-1308,1608,420
27357,3336,6875,4860,-1534,1590,339
27358,2654,1613,7540,-1840,-1454,596
27359,2350,-6624,-6773,396,970,267
27360,-7172,-4833,6277,-787,1315,1424
27361,-7797,156,-3287,446,1212,999
27362,5468,-69,-3387,482,1481,-250
27363,-1855,-212,895,-1721,-600,-12
27364,3759,-723,-7462,-1242,-98,-980
27365,-7097,-4503,-1346,1974,-61,221
27366,-1120,-5611,6294,1517,-1111,1888
27367,5194,3059,-3541,-625,-1635,-1400
27368,3786,5552,5271,-215,-736,1640
27369,-2729,3611,7917,1170,-1395,-659
27370,99,-5001,7781,-1191,908,-1302
27371,-1366,1856,-7951,1676,779,-10
27372,2255,-2265,67,-1218,884,292
27373,-821,1016,4794,-1918,366,-345
27374,984,-4662,5198,1387,533,265
27375,-3865,518,-3105,2,1709,976
27376,-5527,-6472,5798,627,-1836,1784
27377,5088,1561,-3972,397,-230,-1668
27378,6063,-3620,-3230,1833,-1160,417
27379,-3999,-7538,3244,429,1215,-851
27380,1046,6546,-6737,-657,542,1711
27381,3329,-3892,7864,-277,197,-1342
27382,-748,4669,-1568,1435,791,1494
27383,-5304,-2558,3245,-1776,1789,-1866
27384,6478,-2969,-1360,765,1201,-1875
27385,2143,5749,-1491,1965,-442,-807
27386,438,1385,4334,-1114,-1203,-244
27387,3320,-5163,2016,-1696,986,1179
27388,-2875,2577,2251,306,1022,1361
27389,2346,4666,-576,349,1064,1948
27390,894,-698,-3680,-1612,227,338
27391,2223,5928,-842,-131,279,-1754
27392,-3240,-756,4930,-1523,56,871
27393,-7553,6013,3449,1966,943,1149
27394,5024,-3314,521,1684,-1650,-978
27395,7024,5710,173,-690,-1517,-73
27396,6121,-2329,-7264,1604,-403,-437
27397,6634,-7804,7581,1448,-1527,-1608
27398,-6417,3662,7554,-803,-1213,1909
27399,737,-5138,-799,-1582,1191,-96
27400,4931,6613,-4515,913,-617,-304
27401,-4534,4309,1317,1315,458,-525
27402,6889,-2805,6760,-1019,855,1136
27403,-5831,1940,-7338,1778,-1326,-280
27404,-7121,-120,4195,-1193,1409,13
27405,4165,4467,-7938,1244,-1897,-1725
27406,6570,6710,-1330,1952,1410,-1814
27407,3772,1811,-2900,786,-1255,-279
27408,3902,-7371,-4300,6,1040,-890
27409,-5762,2001,6764,-1368,-1211,1795
27410,-2692,6849,6864,-462,-1667,-976
27411,1127,2300,899,-948,1613,349
27412,2074,4743,5476,-1451,-1530,1330
27413,3491,7821,472,1549,1968,610
27414,5821,7895,-5795,737,-899,-591
27415,-6685,1959,4962,-785,-1977,-535
27416,-1211,-4446,-7,-1619,-1413,-90
27417,908,-902,-5316,1523,596,-885
27418,-6233,-7920,3670,-1746,-40,-434
27419,-4149,-2556,-3591,1651,-1437,1450
27420,2773,5117,6483,-1286,-1076,-1462
27421,-4026,4703,1037,1357,1252,313
27422,7699,7751,3396,1018,1800,-317
27423,2142,-1387,4358,-841,919,-325
27424,-1927,6279,-3867,-1895,87,1539
27425,-2954,7825,1209,1031,1834,-1877
27426,3851,-6717,-3733,-1900,-1475,-287
27427,-3117,4488,-7806,-264,-943,717
27428,7595,2038,3036,116,-482,-1574
27429,911,-4730,716,1889,-1864,-281
27430,-5411,-7914,331,-1714,92,-1864
27431,-5621,-3445,-4468,1395,1454,-480
27432,7883,3827,-4977,741,1881,1245
27433,-1433,220,-270,601,-1004,896
27434,-7603,-2498,2528,1296,1495,1556
27435,-3233,-4531,-1590,-148,51,232
27436,-684,-4894,7605,-988,1022,325
27437,-3559,4245,-7273,287,-462,989
27438,-2695,4905,-7439,750,1616,1645
27439,-6464,-544,2393,-159,-1309,1933
27440,-5259,-7501,2956,1899,1505,782
27441,2851,-1867,6079,197,1536,-793
27442,235,1222,7047,1925,-1683,-47
27443,1207,-706,5562,1002,-590,1160
27444,-5875,-2567,-830,-1447,416,-1427
27445,5,-1508,7691,-1049,1839,1916
27446,3165,-6706,2089,319,1536,-1967
27447,4854,-1544,-339,-121,-1498,378
27448,109,-5473,-5817,-1288,-129,1035
27449,2562,6573,5302,-1760,-896,-1273
27450,1820,7795,5570,-559,-347,-1501
27451,2830,-5980,4840,-897,-987,-1223
27452,4224,-3542,-6400,-271,-372,-1320
27453,5023,-1564,-6405,-889,-669,-1520
27454,4673,-2037,7911,988,1403,965
27455,1118,5160,2957,-1875,1821,-655
27456,5758,6856,7217,1348,771,-1308
27457,-5903,7869,3538,-282,-642,-1801
27458,-7115,-2321,5787,-1729,1105,1862
27459,3074,3849,-695,-1344,1061,-1531
27460,1262,-4468,-483,210,1757,1375
27461,-388,2718,-3631,-1709,210,-939
27462,3181,-2685,-4530,-1974,1144,1372
27463,-4242,5263,-5879,-1336,-649,1886
27464,-923,2344,-3673,621,-1519,1775
27465,-4359,-6091,-4647,937,836,-1967
27466,5683,-3449,-3761,-1619,141,1542
27467,-3133,-3032,7826,1303,98,1511
27468,1013,4144,-5381,1125,1686,1908
27469,-446,-6083,3315,1211,-1574,-1022
27470,-400,-5204,3966,-1952,805,396
27471,-5792,-6766,-1363,-1542,903,-1670
27472,-6816,3621,6435,-772,-1283,1441
27473,-7437,1507,1321,-1162,-919,853
27474,4930,2890,527,-92,1057,-203
27475,-7595,2428,-1114,299,1189,949
27476,4803,4586,-3158,989,193,-1805
27477,-3917,5749,-3990,264,-872,1730
27478,-6321,-4104,734,-1083,324,-855
27479,-846,2466,-2008,-1861,-394,1312
27480,-1000,-2850,-4348,1551,1893,-558
27481,-5783,-6334,-2560,108,-1372,-1347
27482,4697,3899,94,1128,-434,1309
27483,4080,6824,-7922,-36,-1662,165
27484,-1456,-5357,4844,-383,-127,-1378
27485,-2299,985,413,1798,1500,555
27486,-2111,3995,-2789,-1680,-234,-588
27487,6883,4014,-7258,864,-1844,66
27488,1173,6015,-1306,-346,1016,1174
27489,4372,-5260,2207,1324,-171,-1097
27490,6763,-2834,-1573,1396,857,-1882
27491,-7037,-4694,4370,-1681,-1343,1448
27492,685,5549,7584,-1527,1146,605
27493,5937,-2241,-2788,-518,1993,-469
27494,-4269,1196,-6923,-1303,617,-503
27495,1875,-5142,-6224,979,-854,-92
27496,-818,-5078,-1938,-1350,329,-1151
27497,-5290,-4730,-7189,-1421,-1517,-1042
27498,3283,103,7982,-521,1504,-702
27499,3079,2505,-6007,1027,-985,57
27500,5109,-2756,5962,-1925,652,-1426
27501,-870,5923,4027,-563,182,-586
27502,3970,4728,7280,-824,-1411,-1826
27503,-2693,1212,6309,1738,319,1863
27504,-4500,3626,-537,-1841,1306,-968
27505,471,322,-2104,709,-1721,1112
27506,1694,6181,4688,-1523,1388,1550
27507,-6863,3243,-7949,-1319,-110,-423
27508,-4278,1686,3194,1340,1927,-985
27509,745,1568,-391,-1534,-104,1080
27510,4338,-959,5098,148,433,1337
27511,730,6344,-2109,1224,-1424,-1968
27512,-6769,6352,6014,930,-702,-257
27513,-99,4127,7205,-1171,-1200,1729
27514,2060,4973,-5631,-1454,1107,1906
27515,6002,3946,-339,-763,-1529,849
27516,-5558,6921,-6094,1569,-459,-1733
27517,4699,-7524,5659,-1292,-896,289
27518,-1480,-7717,7625,1262,-1687,1752
27519,1935,5397,-4327,1647,-1542,1835
27520,-4523,-3784,-5031,-1697,1168,1256
27521,5706,-3393,-6274,-1174,-1861,-563
27522,5243,1692,-243,-797,1823,904
27523,-5758,2239,-3052,-69,-602,1723
27524,5968,7440,-4883,516,772,-1224
27525,-5644,4703,-1737,116,-1764,1558
27526,-1877,5804,-4915,144,-890,1415
27527,-4034,7692,1682,-1088,101,1544
27528,5102,-2423,-6543,-1591,-475,976
27529,-4213,-6575,3877,1822,-630,-576
27530,3677,6291,-7260,7,1790,1664
27531,1925,-2263,-6849,-213,280,1133
27532,-893,4468,-7322,-764,70,1451
27533,4691,-4668,-6200,1524,-1350,1768
27534,-5419,-2004,4937,-1000,1814,1546
27535,435,4979,-3318,-1364,-1083,-456
27536,-5989,5361,-1803,7,1433,-702
27537,1120,-5367,6133,1166,-297,768
27538,-2521,-5678,3006,-786,-1479,1859
27539,1744,-3685,-5260,-619,-497,103
27540,203,3473,7642,447,-35,-1113
27541,-5738,-7576,-6856,1707,-1995,1700
27542,-2701,4674,418,1755,-126,1621
27543,6454,495,-184,89,-998,-561
27544,-7160,-3595,-2177,1982,73,638
27545,-5068,1979,-2660,-1314,-1876,-340
27546,-7187,-5092,1739,1512,1958,482
27547,-4758,6102,2682,-516,-96,-1890
27548,-5962,-1214,-4228,743,-1673,-153
27549,7380,-694,-6481,-3,457,-577
27550,2707,2625,7530,-1555,-1650,1438
27551,4723,3537,3300,-866,575,544
27552,-6960,2897,-4131,154,1361,-475
27553,-134,7875,-6457,818,-1261,372
27554,-7972,4796,-5846,41,1403,1754
27555,3045,6423,-1090,-512,-195,-1135
27556,3464,-6272,3656,1089,1347,1084
27557,-3367,-6411,-3353,-1516,-1134,1979
27558,4413,6035,3982,-1999,-1020,-1939
27559,3376,-3980,-4673,1524,-1391,-274
27560,1077,858,7444,196,-567,1316
27561,4647,434,7055,575,189,1889
27562,-1284,6944,-7069,-1650,-1250,1191
27563,6391,-2895,2456,-962,-117,758
27564,-3527,3984,-7501,-659,-1765,720
27565,4169,-3946,6627,1912,767,1453
27566,4637,6527,3893,1765,-696,1815
27567,477,-3758,-4519,677,-1959,1272
27568,2103,3154,-5341,-858,-1408,-1485
27569,6808,-6705,2762,-1919,-223,867
27570,3898,1622,6694,487,-22,-572
27571,-6693,211,-6590,-1600,-140,-1565
27572,-1499,-4133,5608,881,1466,732
27573,7654,2617,-5144,1423,408,1722
27574,-1993,3821,-5980,-1113,1737,-124
27575,-3492,-2661,-5060,-1832,1406,12
27576,970,-2050,7207,-1378,-605,681
27577,1272,1226,-5441,-1521,1039,-792
27578,588,3382,6694,-1288,1182,-1997
27579,6489,-5977,6563,-623,1698,707
27580,-4670,-3325,6750,-657,110,298
27581,1355,-7073,3634,-1852,837,-355
27582,3782,-5067,7347,-1803,-1000,1462
27583,7093,6004,-984,-202,-873,-326
27584,1938,-7798,2088,-184,761,1149
27585,-2244,2338,4729,885,211,758
27586,6693,5241,-3545,-1546,1352,-1343
27587,7185,1198,6181,-179,871,-1198
27588,339,-4175,506,-32,1776,-417
27589,-1947,-3800,-6026,287,-258,-1610
27590,7118,1241,4419,-1418,-1929,-1109
27591,4385,-1651,5216,-149,-1733,1469
27592,-1175,-981,4608,-103,-1543,1774
27593,-4264,-1186,-5005,518,1885,779
27594,6314,-7403,3361,-1849,85,-609
27595,-7791,-5857,-3595,593,713,1949
27596,7551,4556,1370,456,417,9
27597,1937,4534,-4338,-1682,-150,638
27598,4968,7969,-5991,355,481,215
27599,2370,4314,1481,1452,1944,1958
27600,-3099,4929,5029,-1236,-1771,-1912
27601,1393,328,-3572,1373,669,-154
27602,-4017,218,7086,-313,1397,1799
27603,7527,1697,-941,-449,942,1493
27604,-6964,1003,-498,-450,1250,781
27605,2850,-5115,-5130,1568,-1451,-435
27606,-1579,713,-3241,1585,1270,-63
27607,6177,-3202,-4951,-428,-1784,-1430
27608,-3166,3627,4235,-818,-1883,-162
27609,-3766,-3413,1153,-242,555,1934
27610,6534,5592,-1215,-697,-1127,691
27611,4647,-1193,-7110,-919,-1170,1194
27612,6029,-4581,4479,140,1836,-295
27613,6921,3069,-1896,-888,715,1170
27614,1657,2751,-2813,-1356,-1135,323
27615,5231,-3776,5720,671,766,43
27616,-5828,-1719,-4620,253,1527,553
27617,6040,3162,-6292,989,709,420
27618,5825,-4248,-1613,-1176,654,922
27619,-5400,-3038,722,-774,1259,1099
27620,1318,6056,-5799,63,416,-33
27621,-3706,-5954,-7445,-724,417,-1516
27622,7014,-3270,1807,-963,1865,1490
27623,-1116,7579,-7368,490,-1074,-1230
27624,6948,-7801,-5211,-1396,688,-223
27625,6696,7865,-3460,-1207,-1366,-1386
27626,-2858,2500,5662,1941,-1312,1690
27627,3141,5388,-3657,-1742,-248,1713
27628,6430,5876,-302,-1275,1751,711
27629,4611,-2859,5613,-1032,935,-1367
27630,-6381,-6041,2988,1550,613,-1865
27631,-2441,5839,-6001,-203,-246,789
27632,2713,3317,2411,445,-1187,-1540
27633,-2474,4377,1320,1504,-368,340
27634,5117,-5704,5247,1203,207,1255
27635,4448,-112,959,-1366,1177,764
27636,-2743,3389,2298,-725,-966,-230
27637,-2249,-6497,6252,-300,-1770,825
27638,7855,7801,-1500,-1939,-410,244
27639,392,-4413,-3191,1898,-1167,685
27640,-1840,2485,1611,788,-1343,1238
27641,-7062,899,3932,-1056,-1409,432
27642,-3861,1728,-2395,-1491,-727,692
27643,-7581,2847,1821,-712,275,-848
27644,3213,382,-3424,4,647,-23
27645,-7063,2009,3949,-18,1142,-280
27646,-456,-6815,-3736,-1616,-279,-1513
27647,3760,7090,-3436,737,1722,-1576
27648,-7122,7589,2419,768,-240,-414
27649,961,1871,-433,-402,569,-1955
27650,965,-2935,7345,-1364,-1185,-1466
27651,6689,-802,-6091,1650,-1372,-1843
27652,1051,-7313,-343,1884,1216,-185
27653,-2173,-4383,5119,-1668,-945,1626
27654,-4460,1206,7594,-298,-340,872
27655,-2514,481,823,62,-11,1262
27656,-2501,-657,-1855,1419,486,-1810
27657,-6729,3011,4422,332,481,516
27658,-7659,2823,6795,339,1487,-753
27659,-2752,-1355,4706,-1732,435,191
27660,6618,-3580,-7840,511,1122,-327
27661,6772,1539,-2801,282,1000,-1065
27662,2797,-1673,17,-854,1838,1100
27663,3364,-6634,6965,-1775,513,1331
27664,1928,-2875,5842,658,-308,-77
27665,6582,-1863,-4560,883,333,-1135
27666,5381,-5161,-131,-1119,1507,1637
27667,-7641,-1966,-5434,473,74,-601
27668,-1993,-3224,4409,-27,845,1278
27669,-5414,-5875,-5922,-1631,-23,-458
27670,3331,-5443,5252,-401,-1539,1666
27671,7022,1449,2052,-651,1983,1062
27672,-114,-2352,1873,1619,1639,1603
27673,4396,6376,-1081,-1359,-468,-1764
27674,-1879,-7199,4192,-109,1105,1371
27675,-4362,-760,4008,-1224,-1363,-433
27676,6660,6561,-1219,1118,1103,-403
27677,-6528,3399,7769,1049,342,74
27678,-491,2802,7543,16,302,-1787
27679,6817,-6669,-2881,930,797,-926
27680,131,5970,4412,-1841,186,-1661
27681,-1612,4620,5184,-1068,-433,256
27682,-607,-5446,-4212,618,-49,-1463
27683,441,5656,-4124,456,-1844,388
27684,1500,-6954,-2416,-707,1142,1491
27685,3986,-863,-6356,174,-1677,1215
27686,-3645,-4133,-12,1858,1938,-768
27687,7424,-609,-5128,117,1516,568
27688,-1178,7919,-3128,1223,1527,-133
27689,-5085,-3042,-4681,-1066,-1703,-71
27690,2975,-5211,478,221,826,-419
27691,7045,6013,4618,-372,-947,-1900
27692,-4303,-6703,3652,-1408,1743,1209
27693,-4231,3060,-3502,-1491,-1775,-532
27694,-1436,-7035,7042,1539,1265,747
27695,-6854,6778,6603,634,529,-1433
27696,4911,6376,2345,-692,-588,-38
27697,-6433,-4523,-7448,-1954,-575,-85
27698,2069,-7228,5091,-1588,281,-1265
27699,-1305,4659,-7206,-324,-85,385
27700,-4774,1824,224,1716,-476,787
27701,7159,-2825,7576,1621,-30,1827
27702,-1025,-90,-6016,-350,102,600
27703,5726,-2186,-5662,-1108,-1619,744
27704,538,-125,-2533,-1030,-630,-1893
27705,7293,-996,1190,111,242,-1374
27706,5131,5851,7961,-851,-1923,607
27707,-2324,2157,7361,-1463,1431,577
27708,-2486,1521,-2763,-410,-1394,1241
27709,3914,-5579,-5828,-427,-241,-328
27710,6111,5021,-5275,654,965,910
27711,6171,-627,-7916,1269,-1554,-999
27712,3390,-2448,4989,-341,1726,-263
27713,-7864,-2723,-1823,1188,32,-614
27714,-6684,6300,4711,-695,-1611,-1408
27715,-3981,6566,-6002,1706,1290,-1394
27716,7009,814,3151,-1728,1761,-384
27717,-5146,-2540,-7944,484,1006,-1316
27718,4121,7873,2175,-761,1529,160
27719,-7202,-527,-6283,-856,-1645,-499
27720,1716,-1228,4605,-434,-1420,-1112
27721,-7958,-4253,-5542,379,-729,204
27722,786,6160,-7543,1667,1025,-585
27723,252,2428,4865,735,548,351
27724,324,-672,7081,1706,-1615,-1187
27725,-2403,3929,665,-1938,1411,8
27726,-6586,-1203,-3759,1520,889,-1767
27727,-1417,-980,4370,523,1027,1783
27728,-6527,2017,-457,1795,409,-1954
27729,455,-3690,928,-1891,1309,360
27730,5356,-6727,982,1525,-237,1030
27731,-3791,-5788,3132,231,1029,-1163
27732,-6355,6086,1002,-32,216,-311
27733,3286,1986,5534,-88,1876,1222
27734,-3713,542,-2164,562,-642,1707
27735,-6296,6785,-185,-1180,77,-25
27736,-7623,-4382,-3376,-1094,-415,-447
27737,-6264,-7076,-7837,1428,1215,1880
27738,-6299,7333,4854,1503,-374,460
27739,6610,532,6651,448,-579,-381
27740,-3519,6137,1345,-1771,-1590,1651
27741,5868,-3358,4925,1344,-972,-1854
27742,-7578,3864,-5014,1011,1963,-782
27743,-92,-6159,1694,-515,-1535,1264
27744,974,5811,483,822,-43,-1069
27745,354,-6924,-1277,-1495,730,608
27746,5604,4360,-5929,-528,656,1026
27747,7061,-6160,2353,1044,-107,-1162
27748,684,-5566,-2247,-595,-144,174
27749,-163,625,2313,1886,1748,-1090
27750,5653,3651,2876,998,-859,-1098
27751,3161,-5377,6313,194,-986,-678
27752,3123,6837,-486,-193,917,-1492
27753,1318,5880,-5104,183,985,106
27754,-6987,1098,3749,-391,1799,953
27755,1481,7401,6677,-399,826,-1929
27756,-2738,-493,-5066,1971,-1111,-1665
27757,7418,-2246,7117,539,-234,1001
27758,3893,3080,-3279,73,1110,1995
27759,7348,3414,-2807,1421,-516,-1823
27760,-7227,5790,-4611,-787,935,441
27761,-7232,4543,-5762,-1634,-1499,313
27762,-6121,-6997,-1535,1487,1753,684
27763,4171,-7696,2250,1188,-277,1831
27764,4041,-4067,-7858,1435,22,675
27765,5376,4342,7371,-740,-161,1683
27766,-1291,-2443,756,1421,867,-1599
27767,-7048,-6652,6089,-424,1703,-1479
27768,-3528,-2552,766,-324,1575,-659
27769,-5312,5719,2714,751,1045,567
27770,-2160,4217,-4536,876,-1193,201
27771,-5342,-7835,-3765,334,-1248,-888
27772,7324,1428,-2742,798,780,1114
27773,5854,4420,-344,1791,1678,1602
27774,1261,-2539,7598,1252,-1582,-675
27775,-4772,-3661,-550,-1815,1577,-1013
27776,-1775,-2309,-6675,1083,948,-141
27777,7647,68,3720,-532,1256,330
27778,6160,3712,-1484,790,-454,694
27779,-556,4545,-3209,-1094,-635,-1731
27780,-7854,2182,3617,1601,-1009,600
27781,4133,-888,3270,507,190,-116
27782,421,941,-2166,1580,-1449,-270
27783,4553,4348,5795,986,1610,-708
27784,4821,-3610,-7194,1560,-1622,95
27785,-4904,4955,-6388,242,-100,1738
27786,251,1379,-1194,-653,631,-1538
27787,5119,4983,6461,-690,-1997,-476
27788,3750,956,-4554,1521,-1260,-317
27789,-3154,4601,-5952,1796,-455,353
27790,3300,-6072,-3844,1907,747,1675
27791,-3173,621,-4052,-1949,-1733,1245
27792,-6401,6643,-4267,-1661,838,-1934
27793,-185,-7954,2679,926,734,-1321
27794,6700,-3194,-3997,-1337,-1177,1635
27795,-155,978,-2076,-917,963,-786
27796,5876,-7195,944,1894,-746,1545
27797,6749,2962,2969,-944,-1161,852
27798,1753,7125,-2561,-914,1309,161
27799,1891,-1518,6440,719,-667,-482
27800,198,6315,1193,450,665,56
27801,429,-5097,3175,-1519,-889,242
27802,2724,-3530,-3635,982,-612,1067
27803,4856,-4309,2426,275,-1263,-1901
27804,3436,-3104,-6549,1094,1215,756
27805,5544,3696,-7063,628,767,-1628
27806,6838,4472,-527,892,-715,-1585
27807,4672,2044,6542,-931,-1201,259
27808,-1763,-3521,6395,1189,-756,-97
27809,594,-869,-6261,1670,1065,1454
27810,-2534,-674,-7759,-1799,-915,949
27811,1654,-4941,7934,-1557,1116,411
27812,1112,3459,867,-614,1861,651
27813,-233,-4577,-3270,1356,229,2
27814,-4200,-4059,-3618,-579,-1552,-454
27815,-2374,1195,-1783,330,-554,-1736
27816,3082,3682,-2114,-952,1804,1269
27817,-5097,1103,1584,271,-1665,1415
27818,5522,-5372,5718,-1387,529,116
27819,5848,72,-321,-395,465,515
27820,5115,-2535,-7643,-373,-1857,1948
27821,-6343,-1202,-1517,-1690,-853,1717
27822,346,6409,-4507,-846,594,-621
27823,518,-4540,4011,1517,1502,-423
27824,1083,-6544,-3917,1281,-1891,1871
27825,-3031,2682,-4567,1117,-436,592
27826,2962,-2769,-7605,1763,158,-1013
27827,-6982,2229,-5389,832,479,-980
27828,7828,4789,2676,858,85,-1343
27829,2868,-3905,1655,-995,-1166,1424
27830,2273,-6758,1763,1041,-1202,-788
27831,-6234,-6081,-3137,-3,-702,-1059
27832,2277,1980,-83,-1206,-580,1049
27833,4603,-4964,6938,-754,205,-1835
27834,4951,3788,3792,-464,527,1968
27835,-5132,-5657,-6316,-456,-1785,408
27836,-674,7036,4407,-1063,-1516,1011
27837,-3568,7020,-4221,239,-529,1269
27838,467,-188,-24,-1607,1709,790
27839,1098,7043,-2851,1758,1685,-524
27840,-3105,-158,-7836,193,-1112,-1112
27841,3415,-4938,3044,-636,1595,1119
27842,-7711,-3350,6667,999,-1917,1720
27843,-5685,-7644,-731,-1402,144,513
27844,6817,-5631,1980,-1367,1359,1902
27845,7766,-4864,-1286,1088,-1502,916
27846,2305,3912,-906,1587,1583,-1817
27847,-200,126,4127,840,1242,817
27848,6331,4422,-524,953,918,-847
27849,-6331,3007,5773,1394,1527,-794
27850,7712,-298,2057,927,-1769,1736
27851,5724,-3641,2685,-903,51,-1910
27852,-7991,6305,-5637,316,-505,-757
27853,4455,-6070,-5130,-985,-921,-1635
27854,7450,-3393,2876,1495,829,-1820
27855,-3581,6998,7018,-1043,999,1584
27856,-7969,7978,4438,-1739,-1422,-102
27857,-7245,-4344,-3237,-689,780,1929
27858,7973,5796,-3466,209,1446,-4
27859,-6891,-5053,5196,773,1777,596
27860,6048,4288,7793,1864,824,-1504
27861,-7500,-1986,7179,-626,253,-471
27862,-4599,-1436,-557,1112,1702,-175
27863,5003,-2572,-1735,-1492,-1864,-1703
27864,-3165,3741,-3194,1915,-1696,1403
27865,2409,1662,-3345,561,233,-288
27866,4465,-6028,-2607,1206,515,-158
27867,-247,578,3957,-1848,528,832
27868,-6234,4038,959,1610,-935,-921
27869,1310,3526,-6408,261,-456,-1144
27870,-4477,4288,4725,-853,1023,539
27871,4714,-5772,-6454,1131,-874,1797
27872,-6183,-3679,1422,1602,-1766,-373
27873,6833,-2894,3072,-1541,-1017,-708
27874,7916,5127,-3972,1353,-139,577
27875,5167,-2954,7935,753,1843,846
27876,7837,-7602,5232,-402,-1533,1410
27877,7095,6628,1035,340,514,916
27878,-7582,-34,-6292,1703,1630,-499
27879,-2871,-4993,3935,-501,-1530,-543
27880,-7992,1426,2903,-506,-535,-1075
27881,1167,2474,1367,-101,-930,-683
27882,1339,4857,-2341,112,704,1214
27883,5796,-5823,5943,912,-297,206
27884,-2204,4019,-6357,-159,1851,528
27885,872,-48,-4920,-1466,656,-1971
27886,-7909,504,-331,-111,-16,-1409
27887,-5749,-4340,4182,831,-1565,1892
27888,5250,-5429,4599,-608,-1108,1375
27889,-3044,7730,-5009,728,-763,-722
27890,-1269,-7741,4773,-1050,1064,860
27891,-677,-2866,-308,-377,-728,1242
27892,7286,-7060,4972,-533,-484,-159
27893,-3478,-7550,-2411,-1036,-1643,-1717
27894,1623,-7568,6171,-898,576,848
27895,4347,4436,-246,1084,-655,1779
27896,-896,-2319,-3590,116,1677,1748
27897,4733,1017,2553,-1249,-271,1641
27898,-5443,3504,-2123,-861,-686,-159
27899,371,-6879,1696,515,-772,-1670
27900,-262,4705,-511,582,1486,-401
27901,5912,-5394,6049,760,303,1270
27902,3953,1791,-776,1704,-370,1369
27903,-6625,-2027,3612,1662,1073,-229
27904,-7019,-3960,7747,522,1650,1619
27905,1250,494,2550,1313,-13,660
27906,5664,-2335,-1903,1494,-1635,1268
27907,4889,3954,-3598,326,1797,1597
27908,-1086,-6530,-2154,1665,-573,-59
27909,420,-2981,-7873,-1462,508,-1530
27910,-2714,-2851,949,-663,-253,-944
27911,-4305,4250,-833,790,-1380,565
27912,717,2508,1962,1543,906,1369
27913,4649,5427,-7311,988,1338,361
27914,-6424,-5622,-3293,43,846,1434
27915,4936,6458,-7723,108,-438,1298
27916,3126,-2179,7404,1511,-515,-1014
27917,-7964,-3379,7379,1256,-145,1033
27918,-1264,-1715,-71,-1519,-42,1118
27919,-4609,-4106,-6106,-442,1023,-1513
27920,-2801,3228,2400,-1039,292,809
27921,3790,-4917,3944,1556,-1389,1267
27922,3376,-5750,5423,-465,-1996,-809
27923,2981,6873,1152,-1950,-1895,1454
27924,3154,-1506,-2139,-1781,-62,-1841
27925,658,-7706,-152,-1839,411,1234
27926,2831,5770,7835,1128,1776,-41
27927,-3811,6447,5623,-774,-113,1873
27928,-6374,4626,3007,-508,200,271
27929,-7065,3164,-2030,-1498,-87,-622
27930,6530,5680,-633,-74,-1763,563
27931,-5346,2690,-1257,-93,1868,-1135
27932,-7228,-2113,-6529,-1805,-757,113
27933,-2694,-1330,4091,-1413,-30,1123
27934,-2295,4692,-1909,-1622,-952,-1818
27935,3186,5106,-2241,-762,557,1187
27936,6287,-6407,2747,1840,844,323
27937,3561,-992,5762,-570,-1731,1391
27938,4372,2190,6435,666,1891,414
27939,-401,1297,-273,-1698,-574,1537
27940,-2256,-1141,-5097,186,-1845,1504
27941,2242,4608,-2288,-1280,515,8
27942,-3794,3648,3443,1357,1489,784
27943,-6759,6433,-4444,-351,-577,-1501
27944,-702,1800,7609,1224,1702,-1091
27945,7348,635,-1093,846,1990,911
27946,3039,-6943,6770,941,246,873
27947,-5217,-2026,-1817,-1037,1857,-1310
27948,2679,-5473,6929,1128,1663,1917
27949,-7555,-4602,3615,-910,337,-215
27950,-3170,5015,6260,-14,1830,-595
27951,-2230,-1523,-1253,-983,1752,-1545
27952,-5355,-4047,-4412,1688,96,-1573
27953,4487,-5771,-2111,-19,-1273,1637
27954,-4546,-3647,3925,1689,-265,-1723
27955,4153,-722,-4499,-70,227,1542
27956,-929,-2936,291,1657,-708,931
27957,6553,5306,7261,-1145,1843,-1500
27958,4104,950,414,-797,-1623,-26
27959,-2950,-7429,-4466,-1790,1460,207
27960,1847,263,-6769,431,102,-865
27961,2050,-1965,3979,-824,-333,1968
27962,-2526,-5509,2614,1259,-1229,-1110
27963,-1719,-5182,-2343,1714,1012,-969
27964,-6100,4261,-979,-277,351,77
27965,-5817,6664,-4002,1081,-1760,779
27966,-5891,3958,3056,201,-1397,1372
27967,-369,-5269,757,141,-1738,1983
27968,-1116,2059,-2649,1928,860,-1549
27969,-6330,5135,593,1975,171,1252
27970,2368,-7084,-6387,180,1087,-317
27971,-3304,1820,5455,-387,-545,1760
27972,-3835,1098,-5814,-1351,1584,1247
27973,-1040,4819,-1733,-402,-1218,-1757
27974,-1190,-5569,-6298,172,-754,-1138
27975,-4833,-1668,-4832,-1713,1574,1570
27976,7113,-315,307,1610,1438,-1827
27977,-5125,6886,7675,-963,-1155,307
27978,-6865,-6610,5393,-80,1313,1832
27979,-737,4415,-6157,-1899,1043,-35
27980,-4274,6860,-6981,-1995,530,475
27981,5760,1307,5803,1435,-179,961
27982,1774,1506,6802,1503,-198,1916
27983,2308,964,-1560,-239,187,1364
27984,2187,-6733,7893,-1830,-1387,522
27985,5940,-3474,-7988,1812,-1306,1035
27986,-5715,308,-5386,26,867,277
27987,-2201,5615,2241,576,640,-1085
27988,2640,-6435,-2037,1787,559,-1906
27989,-5172,-577,-2434,-1295,1640,-261
27990,4535,3721,6223,1848,-1785,-1988
27991,1976,-5317,5531,-1080,-359,-1147
27992,7697,137,3444,-58,-4,-1132
27993,1321,1722,7420,-1531,1886,298
27994,-4114,3894,-6243,-1319,-728,-1007
27995,-1542,1513,-3953,-1812,324,-1772
27996,-6360,-329,-3101,-1277,1400,-1597
27997,-830,-2089,4915,648,-1995,1535
27998,-3844,-4629,6956,1604,-1302,1839
27999,5617,-1268,5200,-1768,-461,-930
28000,-4152,-2947,6136,451,1116,1936
28001,5425,3179,6129,33,848,1316
28002,4086,-4084,-3673,767,-327,-356
28003,-3550,4412,334,1450,-1023,159
28004,-2144,5360,-4500,774,760,811
28005,3450,-4365,1525,871,-438,116
28006,-2575,-493,5905,20,1709,1615
28007,-2341,1182,4929,273,1846,-885
28008,-3153,-795,2744,-542,-1279,-1480
28009,939,-2272,5825,-1986,-909,-823
28010,-2504,5577,-2078,-1428,-1005,464
28011,1806,4395,1682,1577,158,-186
28012,-1412,-7974,-4823,-135,-913,119
28013,-5238,-1897,7257,52,1029,-921
28014,6864,4639,-4982,-699,981,-66
28015,-6846,5945,888,45,1423,1859
28016,4236,5280,5024,1595,1382,1167
28017,6936,-7909,-1888,1682,-1259,-1409
28018,-1099,5680,637,220,1063,-1273
28019,4351,-3997,2798,-493,-1446,377
28020,5531,-137,7735,565,957,1599
28021,-6047,-7864,408,-77,1487,1263
28022,-4412,-1340,3936,1178,-168,-155
28023,2642,-3788,-5000,536,-1817,-1595
28024,7269,3839,1388,-697,-1246,96
28025,-1015,-2246,-1798,872,645,854
28026,3711,-7002,5433,1295,-61,-435
28027,4665,-5050,110,1283,1103,382
28028,-3598,-421,-5164,-617,956,-1473
28029,5373,-7393,-7371,-1089,-1529,1545
28030,-2674,7277,325,1435,1127,-1616
28031,6232,-5699,1894,-1582,240,-894
28032,4178,4693,7550,1492,-597,1308
28033,-5034,4426,-1484,1018,554,1363
28034,-7645,-852,2839,1765,-1266,-1632
28035,-6364,6369,-3330,-1566,-1368,-61
28036,-6931,-7079,6025,1278,1976,966
28037,-6462,-6361,4890,-1811,-955,599
28038,5552,6106,1869,1089,1973,-1357
28039,6395,-794,-1985,1637,1521,1766
28040,1619,-2179,5237,-512,258,936
28041,-6987,4881,-3282,273,-793,-1617
28042,127,-105,1765,1741,-1738,-1677
28043,6025,-5543,-2193,-1194,183,429
28044,-5427,-7437,583,480,-152,-1551
28045,-7933,5983,-3597,-819,839,839
28046,-1288,1380,-360,849,-413,1527
28047,1505,1985,3058,-1406,395,-175
28048,2128,-727,2209,1069,-501,-425
28049,-5530,4217,432,-1921,-1000,-297
28050,-948,2022,2658,1392,603,-855
28051,5011,-6298,-4161,332,1177,1717
28052,-4136,7591,-7693,1056,733,-1447
28053,5434,-834,2117,-1142,-1807,1609
28054,7787,4171,-2179,1396,967,550
28055,6008,-5716,-171,-84,-331,-861
28056,2768,-61,-6579,1659,-1522,-449
28057,-2535,-1112,2785,-981,-400,1766
28058,4395,1400,509,650,-1753,-985
28059,6396,6884,-3508,534,144,679
28060,-2021,-5924,1424,-531,1067,127
28061,2976,-5513,2359,-213,1691,-1825
28062,1842,2311,-1449,-760,-1908,-1557
28063,-4292,3841,516,98,-218,652
28064,4795,850,-4210,506,-78,1563
28065,-5482,7826,-4642,-422,-341,-1410
28066,4598,-1218,-5472,-1842,1423,136
28067,4524,-4356,-4,-1208,190,332
28068,-1019,-6071,2139,360,1315,1360
28069,-530,6740,6315,1477,-1818,650
28070,-6896,-4980,-7904,-1142,-515,7
28071,-3785,7795,1646,-141,233,32
28072,-3772,-1953,-3454,1907,-836,-476
28073,-5333,2514,-6867,-745,1410,-843
28074,-4480,2448,-1520,1058,-89,-1526
28075,-2930,3668,7715,-786,1952,1470
28076,7403,-1040,2698,1880,-1666,1611
28077,-2300,-4826,-4367,1004,-1703,-1177
28078,1419,-2187,-5352,841,-1918,-320
28079,-4082,5356,-818,1352,1574,-1453
28080,5871,-5362,6947,-1996,-84,-1030
28081,53,-6831,-3818,-1935,-1739,-1718
28082,6707,344,4794,-1392,759,1792
28083,-4852,154,-5315,-1614,-1283,1627
28084,2105,1399,-709,-1648,681,-249
28085,-702,1730,6178,1901,927,-906
28086,5337,3555,-2220,1568,322,23
28087,-89,-4920,4066,-887,-774,207
28088,-2018,760,3079,-974,-1140,-143
28089,-4477,654,4757,432,-1645,400
28090,-3481,3610,-7167,-1260,1815,-573
28091,1689,-604,7314,-1270,-1679,-240
28092,-3769,-520,-6988,-1097,958,551
28093,1096,463,2209,-1455,-863,955
28094,2453,-1078,-6113,-1118,1301,1604
28095,5967,4762,-3804,-1411,-1769,370
28096,7225,-2254,1178,-1921,-1962,1265
28097,6188,228,3370,557,-231,826
28098,3283,-2699,-2977,1500,279,-171
28099,1672,-5085,-1657,-1279,898,-1473
28100,570,-2508,1245,-522,-156,1440
28101,7362,1313,-2857,-1483,386,862
28102,6648,-1815,-7793,1890,144,1881
28103,481,4093,7686,457,252,1641
28104,1621,-5987,3526,-633,384,-980
28105,-6813,-4693,1509,1285,587,-98
28106,-5560,7331,7288,-1007,1162,-348
28107,-2112,-1898,5396,-1568,-318,-1748
28108,-3821,2142,1333,945,-1470,136
28109,-3646,-3307,-3779,-1772,-1896,47
28110,-479,1695,-6417,1002,-482,-603
28111,-1296,-6571,2315,1852,954,1597
28112,6970,-2515,-3912,989,-1076,-326
28113,-6269,4600,-5668,207,469,-60
28114,-7622,7514,3931,-374,1613,96
28115,-1237,536,-4114,-1666,-1488,1097
28116,-7018,-1533,5679,-1927,-1772,1542
28117,159,6646,-4114,1696,-747,1212
28118,-5831,2431,-2892,-1043,-587,-838
28119,5085,964,2763,335,725,1530
28120,-1446,14,6099,1565,1576,48
28121,3390,-3564,-7253,1884,-404,476
28122,-6231,6346,-494,-1146,-1560,1789
28123,-402,5908,7662,-506,549,-1587
28124,-5145,-551,2407,-826,-1247,304
28125,-5755,209,6484,-1469,-379,694
28126,4559,3406,-243,-1074,849,1661
28127,7126,-7528,7515,1408,1095,-221
28128,3615,2278,4324,1003,-148,385
28129,-5361,2649,-4608,326,1718,-1596
28130,5093,6381,908,-1239,1287,1598
28131,-738,-583,6128,-1603,-960,-1083
28132,2499,-2694,1656,-1921,1284,1506
28133,7462,5387,8,-321,-474,1294
28134,-5551,7611,-1915,1447,-1631,350
28135,957,4178,-5737,-1257,-1091,1019
28136,1582,-6248,-3321,1046,-1430,-677
28137,-2203,-4457,-6750,-88,-1317,1775
28138,-5202,-5751,-624,-691,770,362
28139,-2684,7633,7431,6,-1711,1774
28140,3051,-2789,3623,-1565,866,264
28141,-6911,2969,-1927,-198,-1291,1573
28142,1177,-4122,-6047,23,-1945,1049
28143,-533,6619,-7205,1064,-984,-1296
28144,7681,-7240,-7053,1212,1500,1119
28145,682,1073,-512,-1190,-1123,1939
28146,-1018,7517,3460,-230,974,-1912
28147,7202,4239,755,1055,-1117,-713
28148,5972,-3390,3667,1258,-1325,1191
28149,-4187,2871,-2941,132,1207,-47
28150,6423,-3629,-298,-984,-905,-808
28151,7053,1184,-204,1568,1627,438
28152,4943,7977,508,-968,-512,1724
28153,1571,-1479,2535,467,151,97
28154,-1253,-5593,2083,-555,1986,-794
28155,3222,-4351,-5443,1159,1523,-921
28156,7090,-6627,3888,-761,1893,-657
28157,-3904,-5836,-3814,817,-1799,792
28158,-7132,1383,-4826,-506,-1234,420
28159,-2918,2735,68,507,1061,-48
28160,-3908,-6329,5102,-1735,-1911,768
28161,6432,1124,7641,-1591,1229,-1901
28162,-3801,6664,6320,-494,-1194,1129
28163,-7505,1424,6121,-101,270,295
28164,-480,2664,1721,-355,1471,-1801
28165,5602,-1240,5416,-576,-563,-1067
28166,-4273,329,4094,89,658,-522
28167,-595,1387,-4060,1107,-1045,1054
28168,3990,1591,-3664,-496,-1103,-924
28169,-3868,6226,3882,-1005,507,1586
28170,-2256,4739,-1516,-705,-664,-1707
28171,-5113,-3654,4833,1535,90,-1835
28172,-4186,-6188,-3931,991,-1025,-1678
28173,7602,-1837,-3862,489,1401,527
28174,797,-1138,-2785,-1180,1118,-1690
28175,-4241,-2579,-2394,-801,1489,453
28176,-6013,-5375,3859,1611,-1550,1272
28177,1392,-3429,-6377,148,745,679
28178,-1249,-7191,4598,1813,-620,1740
28179,-2747,-664,6195,-21,530,1325
28180,4739,3007,-3125,-1277,571,-513
28181,6652,7931,6320,-923,377,-1919
28182,-1093,6175,-5954,-817,-810,-1968
28183,-2671,7588,-7575,1303,-1370,-1172
28184,6193,-4279,-4342,-1440,1195,-40
28185,-4500,-2318,6392,-254,-1846,1841
28186,7219,734,1959,-857,-414,1215
28187,1461,-7756,-5596,274,-240,-1067
28188,5985,700,-3469,-1569,1055,-901
28189,-94,-2522,-1569,1466,1436,-354
28190,-1505,1577,-2861,323,764,-1337
28191,-821,-1575,2525,-829,698,-1880
28192,-3493,-7564,2874,1361,-546,84
28193,-609,-6818,3841,-549,-1542,-577
28194,-1494,-5776,450,1442,-1390,-331
28195,-3852,-1364,-5334,-1583,-1341,-917
28196,6393,-7093,4842,787,1650,949
28197,-581,-5534,-2729,1872,-1414,1353
28198,5931,5826,1239,634,1314,-659
28199,6470,5354,-5037,572,-1530,-767
28200,692,-7053,-5596,1493,-427,-1991
28201,-5544,870,2822,1223,-1379,1913
28202,-707,-5461,2388,577,1981,1066
28203,4369,3975,572,182,146,-1357
28204,7551,205,-5119,-390,46,1157
28205,6046,2265,-2737,633,1184,1996
28206,-5607,-6290,6345,74,-407,-978
28207,-4548,4628,7316,1520,-1088,831
28208,1641,358,3469,366,1338,1450
28209,630,-3021,2386,734,-579,-1755
28210,-937,5800,7793,1633,1454,1112
28211,2217,-5718,-6507,-106,-285,-1293
28212,3708,4974,-1120,-981,-685,3
28213,2794,4995,7252,1179,-1242,-955
28214,-7289,153,-5341,-1337,-1848,-416
28215,-7278,-5474,2440,753,1394,1546
28216,-28,2250,3484,720,14,-1634
28217,4815,-3307,2409,780,-529,1634
28218,-4817,-2203,6374,-271,-348,-1797
28219,7502,-3229,-1938,-1392,1055,-1782
28220,-6030,-1814,6731,163,189,-1393
28221,-3895,-2476,5059,392,151,-1905
28222,2352,3568,-2433,-502,-1185,-499
28223,7628,5741,7084,571,-1345,-912
28224,837,6337,-6259,-981,-201,1424
28225,-2019,-3575,-2974,-1319,1952,1949
28226,-7422,3440,5,1388,541,1044
28227,-6230,4309,-3650,-1121,824,288
28228,5913,425,-4762,-231,1514,1053
28229,-4051,-7447,-186,-1694,1714,1567
28230,-1365,-7211,4054,1651,-1470,969
28231,-3109,-2046,-5023,1796,-1022,-1303
28232,2791,-2541,7494,677,-882,-932
28233,4359,3984,-4981,76,1213,666
28234,-7742,7331,-734,1164,-1608,-679
28235,6170,6077,-1069,793,36,1227
28236,-7978,-1060,1604,-1024,946,-662
28237,-3701,-7143,5637,501,-1186,1365
28238,7258,-7154,-6211,-1182,1697,796
28239,-1319,-7774,-3301,-210,-103,-324
28240,-4703,-7332,6958,-148,-462,-1138
28241,-7018,-6671,-1232,1270,-1465,-1410
28242,-5389,-4535,-5192,-888,-28,-664
28243,-5737,3401,1508,-1042,1761,1951
28244,-2844,-380,-1664,1755,-1908,1879
28245,-7004,2631,4701,-1776,-1717,988
28246,-6646,-1418,5107,1965,225,-12
28247,-13,-6297,5430,-652,-1508,1587
28248,50,3014,2733,-1234,-966,1942
28249,-456,3473,1083,491,-1774,1128
28250,-2268,5001,1282,1201,-1199,1049
28251,7678,5433,4685,628,-1553,48
28252,7109,4465,6779,-1517,144,-14
28253,-2190,-6494,-4648,239,-361,-427
28254,-4918,-3385,7833,-217,-1840,-622
28255,4570,-5696,-1023,1211,-1548,1546
28256,4025,-4699,-2654,1956,-1808,-1582
28257,6177,-7125,-6601,1886,-1235,985
28258,325,-6151,4503,642,-518,1717
28259,-2602,-4694,2367,1259,-433,-1432
28260,-5423,5163,7002,717,988,-28
28261,5932,5874,-6912,634,1809,1560
28262,-1949,1154,-3889,61,356,-847
28263,-5702,7082,4334,-1923,-1193,-1455
28264,-286,-5,4986,-568,1001,-742
28265,-3183,-1706,-5993,-1811,251,-67
28266,3082,-4795,-2302,-919,-682,-979
28267,-6741,5729,5713,1231,-287,353
28268,2930,-1091,-5129,-684,824,-367
28269,-1826,5900,-3640,-1701,-88,797
28270,4410,7458,6902,1768,-376,-621
28271,569,193,2670,1896,1720,-514
28272,-3955,-455,4781,-1382,-941,1403
28273,6035,-753,3215,936,1997,1202
28274,-6338,3233,712,-862,1639,-878
28275,-444,-2002,-5455,1974,-1849,251
28276,-1556,-943,-5504,109,-426,1023
28277,-4081,-7629,1391,130,750,1306
28278,-2328,7593,-444,-155,1674,-1555
28279,1647,6027,716,-1649,8,1683
28280,893,-7023,-7090,-996,-1083,-718
28281,-2203,6289,2424,265,-603,1628
28282,7619,60,1013,-1276,-1896,-1894
28283,1717,-6799,-1919,-741,667,532
28284,2685,-1669,-4019,1155,-1405,-1951
28285,7610,-1932,-3840,-1365,-894,981
28286,-2097,2717,-7210,-1129,1603,1398
28287,-3533,6730,7004,997,1295,292
28288,-7656,-2414,176,-260,1802,1875
28289,4692,5256,4552,987,1899,-1320
28290,5666,-7519,4284,-1262,-184,684
28291,-7987,826,7796,-229,1634,124
28292,5502,7528,4537,628,-1709,-445
28293,1771,4512,-6658,-1858,453,-1996
28294,-3881,-4300,-6016,827,214,-1697
28295,-5354,-2265,-6046,1427,-212,-1863
28296,-424,-4088,531,-1120,1093,862
28297,4519,6640,5999,-1418,-829,588
28298,-5191,5907,7568,-1772,-1320,342
28299,-3891,4842,7107,1597,-1741,681
28300,3079,674,6500,-1528,1545,-459
28301,3661,5545,4659,1631,1547,-1511
28302,1142,-947,-1210,1598,1751,-1258
28303,7921,5637,-4361,1962,1043,-1473
28304,3769,4610,5156,-1265,-1720,-1513
28305,-7752,-7953,6758,644,-774,-506
28306,-4003,2624,7305,950,-1195,119
28307,-3108,-6613,-2398,-1065,331,933
28308,-2732,3272,-6957,-1219,-163,-1791
28309,-1677,-2244,4632,-714,326,167
28310,-3790,-3855,-327,-1316,-411,-363
28311,7089,7020,3917,1320,-474,1313
28312,-708,-7183,-7385,1632,-1273,-146
28313,5173,-5196,-1718,-1307,-870,1734
28314,-3345,7961,1619,-1584,593,-132
28315,-7816,-482,2794,-1122,-1246,-1044
28316,-1899,-5760,6054,727,-702,-1042
28317,-2286,-1414,4961,723,-1054,-789
28318,1005,3632,-5638,-1904,-1143,-91
28319,-3393,6131,3713,-1643,-1985,1489
28320,1822,-2725,1920,633,630,747
28321,-2861,25,-2442,-1520,532,-850
28322,5360,4695,4799,-440,1099,1040
28323,-4726,-6410,-4834,252,-872,1422
28324,4264,-5182,423,283,-1872,-1868
28325,-3493,1902,2570,538,1027,356
28326,5688,-2911,-2989,1164,-1259,1249
28327,-5631,-4261,-7277,1441,-120,-34
28328,6909,-5588,2929,1072,455,-3
28329,14,-1477,-1205,1538,910,-1056
28330,-661,588,-1858,-926,-1862,-610
28331,6754,6410,858,-758,1696,-1471
28332,2999,-6070,3753,-1283,-463,1585
28333,5945,-371,7632,546,-1113,-1228
28334,-2817,5177,7452,535,-1366,-1482
28335,4223,-3068,7692,-413,48,-1007
28336,7854,-5270,-6037,639,1577,-1267
28337,-5404,-6858,-6561,1988,-241,234
28338,-1065,3478,-1954,-1850,513,-591
28339,4923,-7802,-7610,548,162,538
28340,7369,2542,2176,1545,-1112,43
28341,-1141,-2839,-6833,-829,-1147,350
28342,5834,2753,-3457,-121,656,1300
28343,-7848,2764,2865,649,-871,-1515
28344,-2074,1856,6657,20,1772,-1346
28345,739,2364,1404,174,559,-485
28346,1794,384,-725,-1657,671,-1407
28347,-232,-1082,7619,918,1307,-1534
28348,3721,7618,7188,1647,-33,-1378
28349,-4457,-3188,6682,-1759,-1804,-320
28350,-950,3622,5018,1460,-1092,-1029
28351,2200,7610,-4289,-1162,-1738,465
28352,-5400,5639,-6005,1587,1595,115
28353,4889,3893,7011,489,870,-1527
28354,4988,5816,4416,1496,-1440,1781
28355,-3654,-996,3981,1171,630,1906
28356,22,-709,-4313,-1958,445,-534
28357,2120,3702,3769,-1536,241,-1870
28358,571,-1184,4922,-267,1516,1274
28359,7821,593,-2807,-1283,-1880,-603
28360,4389,-7647,-3227,-1583,1751,-279
28361,-2582,4653,4642,969,-1289,-1216
28362,5727,-589,-4920,-1765,-1419,1337
28363,1554,53,7663,496,-1456,-1868
28364,-3762,5851,7824,-1056,-188,122
28365,-4296,-3390,-6286,-947,-1899,335
28366,832,6552,2773,429,1698,-1967
28367,4772,-1528,-5077,1894,917,-1483
28368,3721,-3853,2891,-265,-1932,-919
28369,4102,-4657,-1167,-269,-1717,-1018
28370,-971,390,56,929,1451,1610
28371,-89,3160,-7022,-379,-643,-755
28372,4032,-3965,-7920,1876,1245,-1614
28373,-2949,-1324,-4054,1487,1138,-276
28374,7038,-3960,-6696,1228,983,-1827
28375,6297,-6196,7541,1744,449,-594
28376,-4461,-7327,-7349,53,905,1047
28377,918,1168,6984,-882,911,-1668
28378,282,-2592,-2234,1861,617,743
28379,2902,4138,6548,-195,-25,1984
28380,2252,-7686,6678,1920,210,1812
28381,-4057,-5404,-4166,96,992,-1675
28382,2523,4837,-4948,-72,1558,-1177
28383,-7756,-2909,6757,-1069,-1032,-1527
28384,-3099,4321,-2686,1835,758,-1187
28385,7613,-1032,-6978,-1120,1258,-765
28386,4009,-6714,7213,-335,-964,118
28387,-2460,4350,-6398,1150,-465,250
28388,4045,2520,1624,-1561,-974,1085
28389,-2958,6950,1766,-416,302,36
28390,53,-697,-6741,-992,-612,1687
28391,385,-4617,7929,-1938,-1860,491
28392,-1580,-6288,-4064,1393,283,766
28393,-7111,6307,-3366,137,149,-1485
28394,-5399,4137,4014,1512,-826,1185
28395,2992,-48,-7191,-1124,-993,-1370
28396,6853,-4738,4696,1072,1220,1439
28397,5488,-1553,7039,1001,-267,-71
28398,-620,253,-904,-1027,-326,676
28399,7959,-835,5168,932,664,1988
28400,2697,7204,4990,1434,-748,566
28401,7745,7569,4028,-1072,1940,-811
28402,194,-6751,1015,319,-596,-250
28403,-5859,1263,-5767,916,217,-1087
28404,-7415,-3153,7212,-1640,-441,1446
28405,1574,-1478,5738,1389,590,1093
28406,5934,2337,-3270,1999,1198,1845
28407,2227,233,7058,-597,941,205
28408,340,-4710,-6149,-410,-1534,-1553
28409,6022,3060,28,842,-1488,-421
28410,3041,4313,7052,-806,59,-1231
28411,-4328,6933,-7740,1662,-1123,1712
28412,6199,2738,-3910,-183,-360,-1557
28413,-7525,-3129,4418,146,1803,1611
28414,-7739,7919,315,-1456,-1032,214
28415,6141,2342,6151,-935,1959,807
28416,-6486,4358,-6881,-189,-1769,825
28417,7645,949,6399,-1691,-1761,1338
28418,618,-6005,3582,301,-411,-1571
28419,3090,-6642,-5873,-62,138,-1417
28420,-2256,-4411,7755,326,-1020,1280
28421,2700,1042,1682,-1598,1963,-412
28422,5363,5727,3108,-633,255,1888
28423,3361,-885,-1594,1060,-827,394
28424,-3090,-3544,-6590,882,1039,-559
28425,2653,5127,-3120,1018,630,-1830
28426,3984,-5998,5974,-230,-1197,1538
28427,-5042,739,4354,1514,184,1106
28428,4456,6729,1751,1351,-1788,1826
28429,-5807,2568,821,-819,-172,-1815
28430,-7835,-2775,713,-164,-384,1830
28431,6737,5868,233,679,1013,1261
28432,-4019,6126,-1970,-1007,931,-981
28433,1385,-6420,630,920,1183,-1214
28434,4769,3400,5829,1289,832,1746
28435,-1591,4296,5569,-1978,-615,-256
28436,-836,7399,4506,-1522,-941,1511
28437,7336,-1413,-7916,1958,-1970,936
28438,5137,-1000,-6307,1310,86,836
28439,-2499,-7431,7323,925,-1381,1713
28440,-6975,-1081,6029,-1805,1230,753
28441,3827,-3263,3421,-512,-1482,-1695
28442,-4395,576,3547,-520,-1795,-972
28443,-1428,-3141,-2579,-417,-31,-844
28444,-5344,1891,-7421,333,1873,-185
28445,6878,-1859,6123,1595,-88,-1085
28446,-2216,-2406,-311,-1298,-1992,1054
28447,-3058,1307,-2806,298,740,1427
28448,3600,-7684,-7591,-1446,956,-566
28449,-5140,6472,6222,429,-1984,-107
28450,7412,-2928,517,-767,-524,1233
28451,1035,-5152,4641,-1755,474,-467
28452,7897,2513,-6342,-883,-1355,-906
28453,7464,4545,-5355,1337,1821,-452
28454,-5947,-7979,720,1391,-811,1982
28455,6906,1900,5805,1621,357,1136
28456,7194,6639,4852,-1123,1173,-1211
28457,368,-2647,4892,1621,553,942
28458,-322,351,-454,396,-1177,1250
28459,-6458,-4092,-6842,1712,382,-717
28460,-3231,-4917,3695,1189,-553,-257
28461,-4664,-1395,587,1215,474,179
28462,3596,206,3205,-1565,1337,-254
28463,-7023,1945,-6387,1412,912,1894
28464,7918,2744,5320,-829,-1097,1664
28465,-7794,289,98,-708,1123,-1453
28466,3593,7951,-379,-1279,-520,1120
28467,-1376,4408,-896,242,-210,-748
28468,2064,-5461,7942,-1397,-1477,794
28469,-1754,-5120,-1936,-699,59,678
28470,6794,-5244,1107,-35,1860,-659
28471,-1006,-7995,1034,320,196,-1218
28472,-2422,-2948,3527,713,1369,-1114
28473,6688,-4504,3361,-47,483,-284
28474,-5225,6657,-1650,-1422,1635,-278
28475,-2801,5802,-3234,-353,1954,1878
28476,4245,6310,-4286,-839,817,-1666
28477,-2458,-1447,2461,1306,-1944,-1395
28478,-3614,-1793,-1672,-81,-604,-528
28479,2435,-7014,-5270,-316,1351,-1393
28480,-3702,5046,-2464,-1665,1603,1442
28481,-2104,-792,-7669,-1805,176,-1635
28482,1344,-7398,3483,-1323,-620,-666
28483,-7039,-6111,3698,63,-787,369
28484,-4345,-7672,-378,-1316,1432,-747
28485,-5437,-6650,-6635,-1804,-856,477
28486,2615,936,-1897,-698,-227,-1380
28487,-4529,-1655,6389,1576,1590,-1468
28488,6529,-5183,-3593,175,1277,1178
28489,-4531,2851,5867,1296,-1845,-1488
28490,-5911,-3746,-7816,-401,-1449,-87
28491,-5653,6461,-1204,-1110,-893,1039
28492,-6780,5368,-6041,-1171,878,532
28493,3868,2061,1171,1275,-1398,-337
28494,1611,-4914,5933,-1020,489,1661
28495,1231,5428,6229,-787,-1196,348
28496,-6221,-4351,3322,1276,-1842,1212
28497,-4202,-5778,-1334,677,-375,-585
28498,4347,-1176,-4066,757,333,-1809
28499,4915,-7232,1652,741,1875,-543
28500,6164,-2257,-2262,-212,-643,1285
28501,-5376,-854,-5130,1018,-426,-70
28502,-790,5635,6359,-1376,-726,8
28503,-5390,32,-5395,1094,760,478
28504,5966,-3349,5754,1826,1560,1842
28505,3222,4824,-833,-435,79,-1155
28506,6329,5484,1009,-603,-1301,1040
28507,4234,-6211,1146,1654,523,-1892
28508,-7217,829,-6451,-815,1398,1949
28509,-7125,1483,3463,-1257,-1685,-465
28510,-4551,-1144,-5128,1705,-198,310
28511,5268,7580,-6379,97,123,942
28512,-120,6337,-730,-497,-1932,387
28513,-7466,-3668,-7651,-42,357,1149
28514,-1980,2966,4178,414,623,1353
28515,-2349,-7449,4300,1453,1166,-716
28516,1887,714,6316,1057,1760,265
28517,398,-6783,6787,196,1083,-1004
28518,3208,1700,4941,1402,-912,-823
28519,4696,6176,-6396,1347,5,867
28520,2327,3643,-614,-628,783,-1156
28521,-214,1262,7115,237,1286,1223
28522,1156,2774,-3651,-1566,188,496
28523,-5938,4113,78,-985,1606,-509
28524,6876,-955,5030,109,443,-1243
28525,-2570,3592,5350,682,-292,-1552
28526,6584,-341,5182,1950,-720,-1237
28527,-6458,-4156,-2269,-1456,1637,-58
28528,-464,183,-891,-760,996,63
28529,-7355,6367,3693,-503,-1201,-207
28530,-5472,-7550,-1693,-1008,199,-777
28531,-5807,-307,-5922,-894,-786,1357
28532,5674,7733,4215,-1943,1460,1856
28533,-1932,-6795,5032,1464,-693,500
28534,4102,-1901,6432,1805,-2000,-1779
28535,7635,-1409,-5210,914,1830,1409
28536,-7086,-889,7741,-770,-884,883
28537,-4130,-3134,-4347,457,337,686
28538,-1884,6347,-6270,-488,1483,-768
28539,1678,-5357,-3360,-1420,-359,-327
28540,-6355,-467,-6540,1398,515,-1269
28541,-6653,6200,6646,141,-1260,787
28542,5818,-5326,1392,796,108,474
28543,2301,102,1315,-1533,384,588
28544,-4769,4940,5903,-474,799,1871
28545,-2429,7069,3096,617,1042,1247
28546,7917,-3859,-7893,-22,938,679
28547,4791,3675,3895,-245,1439,-1322
28548,4153,-1414,-5126,-1315,195,-810
28549,953,-5605,-2091,-703,1710,-1440
28550,3181,-2267,906,-1948,-727,1482
28551,6602,6328,-1525,-1122,1128,877
28552,-5313,-2913,7084,-724,-324,-1162
28553,-1548,1029,1054,-1666,-352,1747
28554,-5954,5466,-3562,-1353,1010,-794
28555,6543,-6249,-2141,-1093,60,463
28556,2948,6575,-3440,1815,697,-1546
28557,1429,-5005,1432,-1867,918,450
28558,2927,-1301,7484,1661,-160,-338
28559,-3401,6593,-423,-1243,-1049,277
28560,3242,7124,5494,961,-413,-1774
28561,-2475,-6452,-1137,1087,-87,-1647
28562,-4464,1112,6388,-235,442,-847
28563,-1241,5249,613,-388,1055,-327
28564,1860,1600,2886,-82,1215,-200
28565,3535,-7674,-2085,-519,1238,592
28566,-1728,-6771,4565,-760,-299,671
28567,6891,-2460,-7821,1322,1701,1126
28568,-2465,-2935,-1449,478,1312,-1221
28569,-7421,-6457,-5617,-1465,-1747,1905
28570,-3902,3528,-1463,-1160,-314,1770
28571,-5302,2448,-4836,-646,1179,281
28572,-5248,7251,2573,1016,-786,-1790
28573,6161,-5014,487,-1414,742,-24
28574,1295,3975,1277,-1293,1527,1446
28575,-106,7945,7126,80,208,-1181
28576,2247,1635,7722,376,-1064,-1478
28577,-6441,6135,2401,1961,-601,400
28578,-5415,3245,4172,1459,59,1838
28579,-4157,-1992,2703,1541,-1157,-726
28580,-2331,5076,-690,-278,1559,112
28581,-803,1159,-2109,-1219,-473,1945
28582,-4140,6143,-5057,-742,1356,-1220
28583,-2036,5817,5375,-824,-1663,898
28584,-2274,-7944,7358,737,-1979,-1774
28585,-4283,-6066,5849,-750,-1617,1491
28586,-5401,-2889,-7511,-22,-1370,1458
28587,-1950,5620,4824,1048,-1951,-1132
28588,-6048,6446,-1774,-1758,-1889,100
28589,-3746,6547,-582,-1044,-705,-1546
28590,6749,-4086,-7994,1518,158,-429
28591,7703,-6136,2055,1219,-1435,-154
28592,-3261,7503,6039,-50,849,-259
28593,-879,-758,-5335,798,701,-62
28594,4083,-6063,5932,-1821,925,143
28595,-6332,-3880,-6088,-1866,-1035,-1729
28596,-2477,-6186,5157,-578,-1823,866
28597,-5528,-1732,1959,206,1892,-1341
28598,1722,1132,4529,-1469,1768,1126
28599,1237,-7565,7850,-479,-1654,592
28600,-6512,-649,4721,1812,-622,-941
28601,3090,-901,7777,428,694,-449
28602,7789,7730,-6283,1896,-1032,1573
28603,-4307,-7915,2928,-1232,1001,1035
28604,7948,2141,5206,-1259,-936,-119
28605,-4685,341,-2446,1055,1401,-82
28606,-3626,-3486,2178,1914,1998,1036
28607,-1441,3583,2625,-743,206,213
28608,7869,-2966,2761,1391,-1150,-1629
28609,-2287,-507,-2800,1276,619,817
28610,-7662,1951,-1110,1294,743,1019
28611,3764,-4699,7639,-1766,1417,-461
28612,3897,4333,2106,-766,-1116,-1040
28613,5753,6260,-6550,1398,-1405,96
28614,-2704,-6409,-1596,456,1136,-1587
28615,-60,7447,3366,947,-809,265
28616,6934,-6403,-2471,-98,-631,-1365
28617,-6525,2969,2351,340,-1002,-1475
28618,6055,-2075,4866,-1789,1805,1256
28619,-2406,-2432,-5848,-396,-835,-1297
28620,2873,4916,3754,423,-1509,-1950
28621,397,-7406,4058,-719,-1354,-1240
28622,-4582,4326,445,-556,1890,1458
28623,-6166,6969,-3002,-243,-1564,-1103
28624,7246,-6770,3168,1514,-1387,1781
28625,-704,-4144,-1885,112,385,1995
28626,3898,-373,-2993,713,82,1201
28627,-3212,-4760,-5590,-344,1198,1061
28628,-7151,-3100,-6124,928,1183,876
28629,7292,-5995,-2381,713,422,-82
28630,-6612,7973,1294,1653,-539,1277
28631,2874,4824,-7045,1730,1867,-1457
28632,7492,1048,7887,-855,-970,-740
28633,-777,-2945,-4240,321,-1604,-469
28634,3811,-2451,5024,1615,-728,-1472
28635,5999,5053,5860,-867,-757,-1666
28636,7449,-4447,-7711,1906,-573,-195
28637,3732,-765,4909,-215,442,766
28638,-5502,2470,7431,876,-1646,-1511
28639,-191,3954,6522,1089,-1138,-1295
28640,-7525,-721,1315,-1004,917,1458
28641,6788,-6896,-3940,1398,1847,871
28642,2647,1437,4979,-1218,-1843,-804
28643,7272,6359,-3841,-1138,-857,507
28644,5935,-1111,1780,-354,-1107,63
28645,1020,1959,1199,1589,-59,1162
28646,3206,1577,7134,-1666,135,-760
28647,-7593,716,-4864,1082,17,23
28648,-3661,-4909,690,-717,1318,517
28649,-4676,991,4468,1316,683,-791
28650,1464,1166,3816,-292,-828,-1450
28651,-3509,-3326,1015,360,1029,265
28652,-2726,-7997,-2545,-171,1350,-1979
28653,-4782,-1666,7019,558,825,768
28654,6697,-7925,-4458,-317,-1836,-979
28655,-7845,5261,-1198,-487,-1007,429
28656,1836,3630,1132,1635,-1228,-1424
28657,3902,-396,5866,-1463,1752,-912
28658,73,5263,2403,938,983,-1844
28659,6821,1138,1409,150,-151,-1213
28660,-2685,-6860,6269,-1407,-1488,907
28661,-6793,5003,-2600,1763,-1263,436
28662,-2241,-6576,-7803,-479,879,165
28663,-3954,7111,-1191,1358,-1526,-81
28664,-3189,-5348,6474,1860,-312,685
28665,4797,-2250,5451,-439,-526,-696
28666,4192,987,5948,1396,-1925,1164
28667,-2171,2630,4420,-1852,1439,-345
28668,-5006,1637,6950,1173,-767,365
28669,-501,-7436,4920,327,-317,172
28670,474,-3697,4612,-140,1315,-339
28671,-7800,5453,-6637,-698,-1288,-770
28672,-7672,1297,4201,1274,1862,-666
28673,6777,-3741,-7538,1430,-1526,-1507
28674,1972,-6260,-926,-1084,1664,-79
28675,-3228,1873,-6773,-1876,1523,898
28676,2943,-2628,-6084,359,685,-1307
28677,2653,-6491,1080,-1531,1934,-848
28678,4836,5770,-5997,-297,-408,-1074
28679,2552,-3436,1973,-195,-912,-576
28680,-6351,-705,-162,-997,1545,-1376
28681,3971,3715,4062,945,780,394
28682,3279,1979,-4609,129,1222,-355
28683,430,1343,-2692,-1151,-1642,-554
28684,2826,-5162,-2620,-1929,519,1228
28685,-2052,-2674,-6574,869,1059,1889
28686,1794,-2456,-6103,-1103,779,1498
28687,-6420,-1950,-3203,1897,1604,1050
28688,5897,-93,5110,-1987,-1650,720
28689,3807,-4523,-6014,-1415,1915,6
28690,2910,-2351,-396,503,-1336,120
28691,1871,6475,7302,-789,738,66
28692,-3473,-5102,2391,-1344,242,-382
28693,-116,7594,-5609,-282,1422,163
28694,-6769,2106,971,989,-60,-1249
28695,-6791,7346,-5371,794,-1065,-1213
28696,2936,-7939,4456,-704,1733,347
28697,191,5880,-2833,-1745,-1490,867
28698,3309,-353,-831,-1129,-511,1665
28699,-5739,-3357,1758,993,1742,1713
28700,5099,579,6153,-161,-1263,90
28701,-6757,-6774,3250,1417,-559,931
28702,-5426,4612,2298,-736,-1888,-1780
28703,1499,2751,-7968,-1997,239,-629
28704,-7520,1062,3096,1552,-1822,-1381
28705,3337,-6554,-4531,-1492,-1812,97
28706,559,-2164,-7624,1064,1915,-1522
28707,7412,2234,-7051,-1563,-39,1212
28708,-439,-4471,6780,1534,-613,1782
28709,2113,4503,-4701,-1499,-1563,119
28710,-1101,-7312,1947,-677,1545,26
28711,5149,-4570,-1738,-33,2,1874
28712,-4436,4870,368,-253,-1125,103
28713,6357,-4527,-6330,561,208,472
28714,-4887,4963,7542,1199,-1133,1796
28715,1511,228,6445,1924,1150,-766
28716,1554,6418,-1154,-297,-1787,353
28717,-7710,3452,-4147,24,-1770,462
28718,-6314,5198,1651,-926,-678,-1797
28719,-2823,2425,-3517,971,-144,1820
28720,-2979,-6103,5491,830,-1628,269
28721,-6935,7975,-1973,-54,1178,1525
28722,-2888,-1807,-7437,-1434,1583,-173
28723,-7447,3642,1115,-1375,1740,-1989
28724,7849,2077,6401,1748,-674,-1423
28725,4122,3446,7644,-1795,1761,-1699
28726,319,4237,-1259,-789,-400,-13
28727,5370,-3055,4878,-1146,1703,273
28728,6716,5588,262,1527,-1140,847
28729,2801,5314,7563,-810,548,-1123
28730,2648,-7885,5718,-438,0,1154
28731,-3829,-3576,1065,249,1369,-1156
28732,4526,-2147,2657,606,-1691,251
28733,-975,-326,-2695,1960,894,-1662
28734,1428,-3576,3642,518,1894,-316
28735,4357,-6100,-1744,868,1132,-499
28736,-6552,1333,7969,407,-861,-1967
28737,-6866,-2063,-1974,908,1753,295
28738,3827,-6518,-7449,972,-1468,-1283
28739,2226,-5351,-5244,1128,1961,-510
28740,-4777,6425,603,-1566,-909,1899
28741,-7836,26,-2179,-1294,1149,1100
28742,-561,5088,306,-1232,1431,-85
28743,-6006,-5299,3548,-1939,1350,-869
28744,6118,6589,3309,-1868,-1777,-276
28745,-5551,3781,-7876,-1158,1762,1533
28746,6863,3541,1548,-1947,1713,-63
28747,7315,4896,-4571,-1684,489,1740
28748,6131,-1964,-7185,-1415,-1623,718
28749,-7112,5572,-4886,624,1320,-1959
28750,3182,-6680,-3302,-1654,-1107,676
28751,3465,3718,-7574,-606,-1850,-1024
28752,-2115,3304,-670,1894,843,-1282
28753,846,-3476,1906,774,-126,-702
28754,-7122,-6772,-3479,-542,-1236,-1416
28755,-4096,-6087,1355,-133,1101,235
28756,-662,261,-3597,-798,1849,961
28757,684,7484,4529,1963,-356,1433
28758,-954,-1197,5701,1132,-930,-877
28759,2039,-2707,6748,1237,-398,-638
28760,-3734,-5451,-4531,900,-1539,-625
28761,-1590,3573,-3132,-547,1407,1309
28762,-1079,-6602,-6588,743,-1464,-1259
28763,-7445,7952,-898,98,-1526,-667
28764,4104,-509,3811,-875,883,-901
28765,-4694,2640,-3719,-1793,-43,1046
28766,-1216,-5954,-4199,-623,1967,950
28767,5631,5632,-295,1453,-1147,-130
28768,-655,-1881,-927,-569,-1130,-1579
28769,-5674,5497,5268,370,-1406,1454
28770,3229,6278,7675,-1890,508,-1959
28771,-3321,-7962,-248,6,-496,449
28772,3542,3878,-1831,846,676,741
28773,-5286,4874,3306,-985,959,1845
28774,-6886,2562,6656,746,-967,-1619
28775,6790,4837,-410,275,-390,-1009
28776,7084,-1142,6067,-1391,1286,-1730
28777,-3455,4957,4870,-1379,791,-1917
28778,2147,4249,-3554,457,-1187,-370
28779,4170,6535,-3736,1416,913,339
28780,-3824,-1737,151,-148,1859,1168
28781,-5529,2160,-2545,673,-350,-1241
28782,5926,761,-4678,-1696,822,1522
28783,-5148,-3558,6686,-1230,-1439,1619
28784,1521,-686,-5287,-339,-1657,147
28785,-3597,-6403,6157,-571,1845,230
28786,3833,7520,-6717,-1093,-68,-1608
28787,-5612,-1818,-2493,1492,1925,-309
28788,2865,2204,-6532,498,-1013,689
28789,-7041,-7632,-4031,-1622,1227,-1712
28790,-3148,5098,-7265,678,-1606,-815
28791,-4752,-1831,6163,-1306,1311,553
28792,1706,-2645,1343,-341,-1515,1263
28793,-2111,-43,-4879,1598,-194,-1073
28794,-6162,6101,6458,-972,-272,1231
28795,922,5130,-4776,1475,-289,11
28796,1673,642,-5901,1951,966,232
28797,4801,4062,1917,111,269,-766
28798,3411,-4854,-7213,89,662,207
28799,4018,-7343,-6265,1895,-1083,1349
28800,4081,6518,-5548,1712,-1381,371
28801,-7642,-7988,-2308,-42,1803,1951
28802,2845,4199,97,642,1953,-1722
28803,5780,7411,6497,474,1643,660
28804,2471,-6467,-3986,1820,111,-1620
28805,3669,-2968,-7922,1483,9,1978
28806,-2935,-746,1444,-1314,-184,-1113
28807,3556,1749,-6011,1070,-1183,-933
28808,-131,-1835,3793,-169,1074,-667
28809,-3746,-3293,-5749,-1106,-980,-1298
28810,-6500,4005,556,667,-147,269
28811,-1719,-6940,7213,1335,-345,1564
28812,-3213,-2183,426,818,-418,-660
28813,-1041,5876,-727,-238,1789,291
28814,4396,588,1392,725,617,-52
28815,-5648,3466,2121,-1142,-573,409
28816,6428,7142,333,-1411,-88,583
28817,-7333,5830,5022,108,304,-316
28818,1135,7938,3717,403,771,1272
28819,-4437,2588,3742,-1043,1294,-1236
28820,106,39,3542,-510,-974,-62
28821,-2881,-3938,-7563,1013,-167,1295
28822,-4129,-2883,7037,-444,-290,-1897
28823,7558,-1911,3034,1826,-1653,1038
28824,-2435,2078,6536,-1653,414,-937
28825,-4895,3090,102,1728,-246,-724
28826,5427,-6948,-1508,1472,-281,-1138
28827,7429,1214,-3054,-122,879,349
28828,-6350,-1788,1579,-889,-1487,-293
28829,2164,-396,4348,1513,-1183,-1764
28830,5495,-975,4719,-144,1178,845
28831,1786,-6297,5058,-1487,-978,1036
28832,5529,-5220,-3166,-1295,-1352,-567
28833,-4591,-5100,-2012,271,421,1223
28834,7051,-1666,-3070,1865,-914,-816
28835,1757,434,-7493,818,-1960,-1518
28836,2478,4802,-1787,-101,1481,101
28837,4776,-4803,319,-74,-976,1234
28838,-4894,-7176,-3057,-1218,-1501,-388
28839,-3435,-7340,304,1571,1936,340
28840,-526,-7254,-1283,1951,584,1018
28841,2128,-4501,7042,-1989,-1873,954
28842,6461,-3502,2185,-431,-574,-244
28843,-1623,3814,-2724,1126,628,-662
28844,6344,-4609,-3810,-1103,-1604,1588
28845,-6827,3388,5212,1654,187,1529
28846,-3386,-5231,141,-1355,468,1352
28847,3811,1216,-6357,766,1012,547
28848,5495,-2293,2950,-357,580,1201
28849,-1595,5814,7053,-1749,249,-9
28850,-1771,1251,-4666,-173,1460,688
28851,-1850,-3451,-4618,-720,-1253,-342
28852,-7948,7150,6075,-938,1289,1180
28853,-6400,2027,-764,-300,-954,-1491
28854,3273,4430,5915,213,1931,-443
28855,-3067,-3004,5633,-1904,1804,665
28856,842,-4279,4791,-133,1365,-547
28857,-5538,-6976,-904,988,-1457,982
28858,-1124,-7978,-6657,-907,1351,1837
28859,-2703,2284,3051,1601,-1337,-1784
28860,1928,3367,1620,629,1833,-202
28861,-6192,3412,2012,259,1060,1997
28862,-2995,-6152,1362,45,-722,848
28863,-4529,6368,6947,774,1364,1346
28864,662,2851,-6539,-48,772,-1396
28865,4622,6249,1172,-507,-1999,732
28866,7788,2258,-2115,1146,1000,1375
28867,4006,-1738,-2521,-907,-147,1206
28868,4843,-3928,868,-150,945,107
28869,-1783,-4993,7229,1014,519,-203
28870,4016,829,-3407,184,387,-1180
28871,7112,7351,3490,-1738,-1369,1076
28872,437,-5671,3876,89,1933,-1029
28873,5795,-3758,-4783,1370,432,167
28874,-2129,-620,4373,-1907,-682,395
28875,3363,2844,1937,1642,1576,777
28876,7690,-643,-1515,1101,-105,1030
28877,-267,4034,1304,-1032,-1144,1908
28878,-759,-4144,2513,1443,-12,140
28879,5657,1318,4610,-1659,-1340,-1397
28880,-5855,1149,-5466,-901,179,135
28881,-833,-1272,-4579,1009,1686,-1875
28882,7111,7508,7814,300,312,-431
28883,5308,6363,-2280,-1658,811,-1936
28884,1829,71,1336,-530,828,1765
28885,-5516,5026,-1438,-16,-857,70
28886,3,-2986,2111,485,1540,477
28887,693,1493,7616,-1293,-341,124
28888,2408,6782,-4758,-698,673,-595
28889,-3355,3930,-6840,929,721,-1872
28890,585,-5393,-769,1051,651,-929
28891,-4304,6540,7090,567,-717,1900
28892,912,1071,-821,871,-1763,1048
28893,-2674,-1016,1745,1346,-1767,1321
28894,238,27,-5714,-1051,-88,-1427
28895,-6851,4862,854,-1881,-1527,-1130
28896,-5316,1552,-5204,-773,-1237,280
28897,1488,7993,5216,-305,-614,-867
28898,45,-1245,3388,595,735,273
28899,4878,-1108,-3707,-111,1038,1373
28900,3250,1758,-4297,1107,-140,731
28901,7122,4024,-6732,1967,-1114,-1808
28902,707,-1450,-3092,1560,1920,-445
28903,3560,2762,338,265,990,796
28904,463,-4185,-2081,-1782,-1624,1844
28905,7606,768,-4231,711,-1737,314
28906,1350,-7039,2791,1810,-1019,-1189
28907,-2585,778,5481,-112,66,-1040
28908,1154,-5153,7607,-1256,-552,446
28909,-1572,-1806,-1420,-1538,992,466
28910,-510,2107,5778,1296,1704,557
28911,-2189,887,4021,-865,1279,732
28912,-1935,1841,6569,1762,1691,1563
28913,-4223,-1124,5560,-1832,102,977
28914,6187,-1815,943,-1239,1763,-1065
28915,-1845,644,-1148,1501,972,-1940
28916,2606,-2924,-1633,-482,674,-1878
28917,-3342,6867,-2070,1199,535,-1316
28918,3497,-5748,-238,-1268,219,1905
28919,-7119,4817,-2464,716,874,1449
28920,7866,4198,-4066,1619,-868,1243
28921,2348,2027,-3769,-81,-1639,1163
28922,-19,4698,6569,1543,-1198,-959
28923,-7191,-5350,4284,-1380,-681,-1770
28924,-1616,3513,7162,1662,-1721,-1863
28925,-5013,-1206,-3356,-1180,712,1091
28926,1831,3607,4097,-478,-47,1972
28927,-784,-5367,-4134,-1191,28,924
28928,-1874,7382,-2855,1699,859,-1705
28929,-108,7848,5592,1246,822,-907
28930,-4994,-7091,-4683,-1885,-1520,-312
28931,-5233,-2944,-3887,520,1287,1183
28932,6154,-6814,-7630,-843,-1806,1076
28933,-833,1130,1408,1766,-821,1117
28934,3480,-3843,-5549,-906,-445,-176
28935,-5802,6817,-3329,-841,-553,-1679
28936,4690,-308,200,-218,1802,28
28937,-6403,-7729,7792,605,-192,-1944
28938,1381,3192,-5125,665,346,-596
28939,7307,-4535,4909,464,662,1818
28940,1893,6292,-7962,-537,1750,601
28941,5318,4644,-5305,-1789,925,-403
28942,6916,1400,-4600,-1775,992,-977
28943,-337,2026,-3651,-146,-5,-1191
28944,-1202,-3504,4399,-1526,156,1442
28945,1433,-4017,-3913,113,-1210,-678
28946,5317,3212,-6204,-1487,1523,-1730
28947,-148,-5259,6385,-307,235,1093
28948,7050,-7068,-2804,-1112,-598,-1297
28949,-6906,4670,1752,-1906,-533,-865
28950,-5428,-5063,-4648,-1781,-893,1333
28951,-4867,7535,7937,834,534,1650
28952,6672,-6675,-4123,-1823,357,1461
28953,-1462,4816,-1544,-865,706,-1506
28954,-3639,-6862,-1390,1452,-421,1232
28955,-2269,7851,-7472,-766,1258,353
28956,3047,-3198,5398,-757,-1270,-61
28957,1139,5244,5269,1168,444,1540
28958,591,7609,-7744,-714,-1568,1665
28959,2102,-4217,3596,-1844,1874,-626
28960,5564,5308,598,-1295,-1143,-1480
28961,-6951,6436,-2958,254,-1049,1502
28962,7907,-5257,-2988,600,1979,-602
28963,3567,6621,7426,-202,636,-23
28964,-4054,4537,-287,-1823,-1423,295
28965,3890,3676,1447,-276,-763,1277
28966,2555,3377,-2048,-1031,-273,-1510
28967,-234,926,-7590,-1515,85,1142
28968,-2152,883,-1764,1385,950,1197
28969,3540,-5566,4469,1502,-79,1692
28970,7125,-7477,-6680,1677,-1396,-757
28971,6501,-4579,2781,-1562,1560,-1639
28972,-4636,7513,1984,319,-197,563
28973,6936,-3742,7473,-520,745,-915
28974,6281,-7872,-4076,148,-1929,306
28975,-7458,6813,-1300,434,1847,116
28976,-3498,-4979,-3933,520,1845,1586
28977,3740,-5786,-7578,-1203,332,1627
28978,7850,-6402,3669,-135,448,1094
28979,-67,-2796,-2369,-295,-1124,-253
28980,114,-896,6517,-572,-109,410
28981,133,6430,-5690,407,-558,-1656
28982,6790,6407,-2376,669,-1471,315
28983,-3922,-7079,2841,-1197,-1279,-448
28984,3951,-2879,711,233,-977,340
28985,-1449,2818,-6390,65,850,-606
28986,2364,671,1047,1137,-1369,1731
28987,-7176,7815,-3922,-41,302,-933
28988,-7517,3268,89,1764,-307,-1508
28989,-4774,-4018,-5383,283,-1252,203
28990,2374,-6689,5829,-315,-1374,-1102
28991,7928,-7121,5772,-1868,-797,1037
28992,1457,-3653,-2826,-23,-20,202
28993,-503,1475,4402,1057,-1686,-1956
28994,5479,-72,7908,-434,-83,-520
28995,-858,901,-7557,-500,-1586,1977
28996,-1811,-3995,-6465,-479,1466,-781
28997,-5174,-7106,80,-652,-1872,-1999
28998,-3417,2205,-2700,598,-554,-1329
28999,7084,6723,5315,1248,-629,-1248
29000,-3188,5723,-3541,894,-1428,1883
29001,4415,4269,7699,1988,432,-847
29002,-3641,7621,5992,231,992,-1743
29003,-5284,2088,1379,-1851,-922,-1302
29004,7064,-7218,3320,-742,-1139,-1725
29005,-3350,2389,904,-1783,1522,1528
29006,-4960,-3343,-277,375,-85,-1463
29007,3845,23,7021,-132,374,-916
29008,6438,-2474,3890,568,-585,-646
29009,3163,-5383,-5539,782,239,1491
29010,-6228,7431,6193,-1727,589,-982
29011,-2835,-4546,2863,919,987,1012
29012,6910,-7857,2542,1715,143,783
29013,-641,5703,-426,1547,-1478,-1722
29014,4979,2209,-6736,-1786,1314,-760
29015,-2758,7859,-1503,806,1238,-208
29016,5033,-489,-5918,817,-1849,412
29017,-1802,-4654,1862,1293,1516,1729
29018,7231,7773,3660,-970,887,-1135
29019,2352,-4765,-599,-201,402,223
29020,-7283,6131,6384,-1166,-292,-1626
29021,-7309,1446,2885,870,-804,505
29022,6431,-1633,3178,-1035,1664,325
29023,-5573,-4632,4371,1769,-130,35
29024,-874,-5159,-6187,1552,-1451,-990
29025,-1554,-3263,-4993,1609,725,1664
29026,4805,-129,305,-1416,-906,-1281
29027,-4354,4161,5815,1931,443,-1883
29028,1372,3326,-2277,1205,882,-1759
29029,7686,3157,4934,1831,-1917,-288
29030,-1482,4138,1373,-653,-450,-1350
29031,-3186,-5059,7496,-249,-1996,-863
29032,6989,2641,5425,-1786,-1568,779
29033,-5979,3922,-5635,-1811,326,-616
29034,-5266,-918,-3538,-955,691,-913
29035,-379,-4858,-2959,-11,255,-473
29036,7291,-6989,-7139,1402,-1244,1856
29037,-7371,-614,-2148,-417,1657,503
29038,1071,2267,7117,-540,-537,-990
29039,1889,2463,-5720,1030,-1078,-1305
29040,-6666,-7769,-178,-1518,-1367,1324
29041,-4454,-4126,-3891,-1930,1494,-1561
29042,-7397,-644,6675,-1117,-1606,-72
29043,4844,6707,4580,-570,-1774,1789
29044,287,2246,-687,-1502,249,-446
29045,-2497,2213,4576,1722,1947,142
29046,2799,7426,6968,-1338,-1468,149
29047,493,-3056,3993,-8,581,1919
29048,-6637,-2506,-5651,-1257,1543,-1241
29049,6353,7148,246,-1051,1079,-1429
29050,3169,-3194,-362,-231,1352,101
29051,-3206,4994,-3325,-39,-1819,-1375
29052,-6203,-4518,-753,-1399,-1182,1661
29053,2968,7948,4816,1355,-48,1550
29054,-3126,-4051,412,-533,159,1704
29055,-3351,1502,-5415,1046,1525,827
29056,2522,5023,0,-795,191,-387
29057,4267,5237,-5942,1613,1805,634
29058,-817,-4806,-1628,-510,168,-635
29059,6242,5916,3742,1816,-589,-244
29060,852,-4033,6702,-1315,1793,326
29061,-7103,-6579,4473,-971,-1563,1549
29062,2608,1393,1341,-1269,1482,695
29063,-7697,-3524,4487,-375,-730,-616
29064,-294,6302,-7815,1037,-1779,-353
29065,3987,-1025,-5128,-1977,1531,1141
29066,5705,863,-7936,-1554,-634,139
29067,4010,26,7618,-235,-210,-1320
29068,2560,-1267,-863,-83,611,1602
29069,3186,-2518,6486,1184,1462,-1466
29070,-3563,1879,4157,-128,-1132,-166
29071,4926,979,-6138,-774,-488,725
29072,6289,-2880,6026,-512,-571,867
29073,525,1469,-65,759,-1946,-1501
29074,-3610,5759,2328,757,-962,450
29075,3821,-7525,-5384,-458,-1689,-134
29076,7813,5003,4675,-830,-986,850
29077,3024,4010,2423,-468,-1555,557
29078,-4383,6111,4635,236,-960,1409
29079,-2586,-6760,-6639,-1463,909,317
29080,566,-5783,-5028,-1804,-420,102
29081,-3796,-2626,4657,-1604,572,-1967
29082,-3071,-2462,-2034,-964,1862,1601
29083,1456,7874,-3031,-901,679,1789
29084,-248,4184,-576,862,-167,1036
29085,5187,1265,-5463,-145,-842,-13
29086,7129,6447,-5364,572,1549,-801
29087,-5625,-2015,-1798,-1150,604,249
29088,-3928,1547,-5627,-1754,-1603,149
29089,2287,-2920,-497,1198,396,1288
29090,-3233,-1913,2479,1667,-1154,609
29091,2596,4095,-4395,-1742,758,-861
29092,4304,573,3666,-960,1646,-1390
29093,3669,6616,4587,-1950,-865,248
29094,659,2976,-6775,1477,-97,983
29095,-2820,2124,1267,937,-1080,-1119
29096,-2178,-308,-4219,-840,1122,-250
29097,-1205,7272,-6178,-313,-1009,1991
29098,5162,-5149,6734,1934,-675,-622
29099,-1750,-2938,-5511,1226,520,-1322
29100,5751,-4126,-7761,-559,715,203
29101,3645,-5171,2077,-1067,-1513,955
29102,1756,-7102,5025,1509,-422,1508
29103,7348,-4345,-3531,-1698,-338,-1660
29104,1533,-7862,4172,-1002,-1432,-1490
29105,-7971,-7936,7000,166,-1440,-1299
29106,-6492,-7684,1615,1336,-1925,-339
29107,-3657,-2999,-6942,-520,-1363,-1411
29108,-2786,690,1240,1971,-1513,-681
29109,-1029,5373,-4570,1613,484,-1736
29110,-3107,5737,-4449,1864,1603,1139
29111,7005,-1621,-177,173,-1007,149
29112,-7468,4275,2394,792,312,1816
29113,726,7730,5620,-1274,167,924
29114,2784,3981,1785,-101,-422,-827
29115,-6486,946,-473,-795,1178,-1806
29116,6859,-2264,6819,-1301,-1529,-1600
29117,5438,6191,-3111,-1962,-1502,706
29118,-2538,858,-1741,-82,-124,-1286
29119,-3266,-7103,-3028,-1661,-1115,824
29120,-1641,2722,5308,-565,1143,-569
29121,-7690,2119,3947,-404,325,582
29122,5763,7720,-2241,923,1441,119
29123,3786,6784,7695,727,1288,1331
29124,759,-7819,-4835,-1154,-1283,-1529
29125,1419,-5985,6111,1018,-249,1018
29126,3167,-3856,-6487,1399,-1071,-1997
29127,-2130,794,-7086,1451,-609,113
29128,-402,5596,-5251,820,-1600,1597
29129,-4773,6908,4552,1666,85,1386
29130,6673,-3432,-716,829,667,-1614
29131,-5522,6029,-7993,1862,811,-1094
29132,-5684,-508,3293,857,-1331,605
29133,1507,5767,7947,-1340,-581,1566
29134,5748,2026,-3487,1000,-1588,-1276
29135,-203,-7043,722,571,1806,-66
29136,-2008,545,4811,537,-1207,-1333
29137,656,-2212,-2008,-1435,159,180
29138,2392,-5485,-6618,-1146,869,-46
29139,-805,4036,5118,204,-1557,1888
29140,-6648,4376,-235,1812,1812,1123
29141,-7655,2051,-2032,1590,1169,556
29142,7312,7345,5271,-1318,-642,-355
29143,-6074,4932,-3436,1816,1027,-1313
29144,-6561,7057,6317,375,-1064,1095
29145,7646,980,-7578,915,467,1353
29146,-6401,6476,7456,-131,752,1140
29147,109,-4619,6228,-1999,1093,-685
29148,-1857,-4374,-2968,1567,1931,1209
29149,-7072,2075,1492,-216,-327,-1082
29150,526,-7977,5520,-1330,237,1953
29151,-1479,-7184,1131,209,333,1865
29152,4567,-6103,-5943,1556,387,-1792
29153,-121,-172,-7086,-216,1266,-1215
29154,7197,-3110,-7360,-1714,-187,541
29155,4310,-5215,6409,-379,-1038,1898
29156,-6446,-6774,7069,-720,292,-1764
29157,-969,-2145,3780,1114,1921,-460
29158,4087,-4508,6420,-285,-884,-701
29159,-2784,-1293,1245,-620,-1393,1326
29160,-1293,6840,-4074,-1198,-1467,724
29161,-3037,1929,-4112,-1974,736,-1398
29162,-6900,1747,-2843,-1558,1598,1631
29163,112,1347,6861,90,971,916
29164,704,-4043,391,288,-520,-960
29165,-5709,6727,-5423,1862,-1220,-1350
29166,-5196,-2814,-5643,-1382,853,-106
29167,-4984,-375,-2067,-1417,-1462,-216
29168,-3778,6569,-4685,-1621,-593,1516
29169,-6210,-2023,-341,-1076,-1733,1015
29170,-5722,-6882,-2528,-1773,-671,198
29171,1270,-3582,-6923,-360,373,727
29172,-1060,6207,-2188,1721,-80,-1366
29173,4587,-939,7347,91,-165,326
29174,-7295,715,6530,-1562,-1128,1768
29175,-5722,280,-181,-938,1481,-192
29176,6605,-5658,-3823,-57,1643,-1082
29177,-2898,5178,-324,990,-831,-1476
29178,-1704,-6241,6144,-443,1407,1823
29179,1212,5325,-3413,848,-969,38
29180,-1411,-3700,-1362,-716,1318,521
29181,-6816,7898,5712,-365,834,738
29182,4712,7541,393,-1588,-299,-1368
29183,2565,-7196,1056,1192,-1175,-674
29184,-1159,-2757,7873,82,-1370,493
29185,-6299,1750,-2007,-1330,-979,-74
29186,6662,-294,-2693,-1439,-1379,1888
29187,3217,-5174,4143,1292,-738,560
29188,390,3960,-5128,-1302,65,-1487
29189,-1632,5673,4802,-1492,995,-338
29190,-7415,-6677,-3056,876,-693,-702
29191,3908,-7971,-606,942,-1453,-1192
29192,160,-2170,-4230,1929,-521,1012
29193,-1370,5830,-5292,-226,-921,-1372
29194,883,5430,6385,-908,1628,108
29195,7487,4963,-5023,-1638,983,-633
29196,-7779,2544,-1712,-1389,-94,1362
29197,-344,5010,7372,1520,1624,-1900
29198,-3547,-4335,5714,-1680,290,1791
29199,-3030,6377,-4209,-1417,-1477,-1086
29200,-4324,4831,327,-655,445,-1376
29201,4831,-4412,4613,31,-1079,59
29202,-6004,1378,7469,-327,126,275
29203,-2956,2935,-1696,727,-421,513
29204,6224,-1844,1050,541,1749,-324
29205,7191,6271,954,-280,-946,-1800
29206,3121,-3450,-3994,-1026,246,509
29207,1122,-5534,3532,-1109,-1655,-69
29208,-5947,-2447,-893,-1097,261,779
29209,-5393,2095,-6914,1096,-179,-1028
29210,-1062,-4047,3887,1477,412,127
29211,7269,-4100,-1830,-1549,-1941,-1816
29212,7959,-6241,2351,-1234,1507,919
29213,-1682,2853,-4497,-758,29,-1322
29214,6272,4637,2478,1619,331,885
29215,4974,6059,5926,46,662,179
29216,3146,-5227,971,-955,-342,603
29217,-4539,-1422,7666,-1098,-34,1500
29218,-142,4972,2656,-1919,-575,-662
29219,1983,551,409,-349,815,1305
29220,2749,-5136,-2406,1642,-1356,185
29221,3186,-3703,5027,-790,707,1123
29222,6401,-7238,3115,693,-827,-1586
29223,5362,6930,1522,-487,270,85
29224,6148,-1071,-5385,-372,1083,724
29225,-5330,385,-3995,-1206,-1920,-94
29226,-1614,6125,6741,1544,-671,1508
29227,531,7384,-1361,1951,305,676
29228,-2246,5467,1019,1015,1695,1165
29229,-2324,7057,-2525,-1715,93,-570
29230,-4826,-4639,2827,1835,460,938
29231,281,413,1342,1116,344,1920
29232,2136,6138,7047,-1801,923,-1338
29233,-6606,5837,-5538,1955,1377,-1455
29234,7155,-4337,7066,1587,-1629,-145
29235,-4984,-2099,-705,-825,-632,-699
29236,-5899,514,4545,42,136,-1784
29237,170,814,-3045,-1555,1045,-373
29238,-2701,3210,737,-312,-876,138
29239,918,-3653,5776,243,1066,1354
29240,-6767,-3851,-7312,8,-1656,342
29241,-7096,3789,2691,694,-1731,-317
29242,1686,-4419,3538,1981,1290,-1913
29243,-3457,7132,7715,708,923,-379
29244,4226,-5089,6358,1925,1449,-1602
29245,5872,-1793,2262,641,-1248,1436
29246,-5968,930,-1824,-645,-352,1185
29247,-3107,1460,-3248,853,1230,-1160
29248,-4374,1212,6203,1129,-18,-249
29249,-7649,6400,7007,520,916,728
29250,1740,6218,83,-1342,-1023,-800
29251,-5924,2662,1414,1407,-934,1141
29252,-6351,-1701,2925,-798,1724,967
29253,7694,6048,2175,-1037,-1952,1994
29254,-4969,142,1186,503,245,-220
29255,-3258,-7089,-3682,320,439,255
29256,3589,-4810,-331,-1223,1863,-570
29257,-5196,1845,1783,-1329,-246,-1826
29258,-1812,-5092,-6925,-342,252,-95
29259,5210,-1416,-2848,1083,-290,382
29260,-5266,518,4107,769,-277,-289
29261,7744,6118,-7990,-995,-1814,-891
29262,3671,7417,-2720,462,1881,1572
29263,2991,5838,7775,-1160,-1166,-589
29264,-7823,4013,-7695,-659,-1865,-520
29265,502,-2828,-3780,-1855,28,596
29266,1397,2490,1174,-228,-1679,1719
29267,7965,-7372,2347,-1879,84,-1732
29268,5924,-5307,5906,-217,-1685,1271
29269,-5179,-559,-6389,-741,-1280,-175
29270,-191,3290,5887,-557,1736,979
29271,5226,6833,-3884,-552,598,-1041
29272,3976,-6774,2794,-1340,150,-180
29273,-2456,2812,-7120,-1307,1941,1145
29274,2693,1640,3172,-808,1814,195
29275,6974,-4027,-5045,1047,270,-343
29276,-3793,-2426,-4133,1159,-812,1021
29277,2097,-6230,-7860,-296,-1605,1518
29278,-7453,-548,-5321,-1079,750,1108
29279,-5506,-2468,-1673,1749,-447,824
29280,-359,-3698,5287,-193,-297,-1443
29281,3961,-3464,-7985,1068,-485,95
29282,-7794,-5854,-5032,-186,-676,1587
29283,4694,7645,691,1941,631,-376
29284,-4212,-2256,-663,319,1277,1819
29285,-4126,7151,4803,-765,-740,1776
29286,-3453,-3785,5471,-247,-81,1959
29287,4281,-3812,7729,943,498,-867
29288,2254,3559,5022,1402,666,-1070
29289,-530,-7725,-3948,-1768,545,235
29290,-3453,-7293,4843,-320,1611,522
29291,3807,-7983,-645,-35,-77,-328
29292,-3719,-420,-2093,589,727,-497
29293,-1116,-4544,2643,-212,1059,-909
29294,-1580,2132,3129,-1375,-923,12
29295,6915,-6830,-6486,-1632,-254,1702
29296,-3591,-1220,4732,1436,-83,433
29297,-2985,3702,-891,1163,-109,857
29298,1019,2678,4821,884,232,-1003
29299,-2580,-5676,2006,-577,29,617
29300,-3755,401,-2571,-619,1584,-615
29301,-991,-1608,-454,-766,178,-1371
29302,-4805,4855,2145,745,172,-821
29303,-446,-2543,-2651,-659,-1019,-345
29304,-7733,-4760,3572,1146,-872,1835
29305,1535,3210,-3437,972,-1252,364
29306,-6095,1319,-3890,1590,-133,-1024
29307,-602,-7559,6472,-1576,760,434
29308,-6492,-2048,-5350,-478,1263,6
29309,2142,-1037,-7179,1693,1285,1224
29310,244,536,6721,1853,-1349,-1727
29311,7895,6939,3303,1157,1011,-802
29312,-5035,-686,4630,1194,-1746,-1496
29313,-33,6326,-990,-886,-1126,-199
29314,5632,7767,6245,990,361,1078
29315,-937,-7002,654,-182,-81,-1595
29316,-4035,3373,7666,1321,1039,1097
29317,5469,2352,-3411,856,-673,1257
29318,-1718,5837,-30,-1563,-796,1725
29319,-2633,-787,521,955,1008,-827
29320,-3159,-5074,2564,-1853,1084,-317
29321,4240,2607,-5002,1499,1001,505
29322,-2353,2674,-3234,115,-1380,1902
29323,5102,-3253,-6107,122,121,-663
29324,-4924,-3319,311,-1092,-828,462
29325,-1487,4824,-5982,-1711,-1222,1162
29326,-1393,417,-4175,1219,-909,349
29327,2790,-2961,-7836,1427,-1169,-677
29328,2715,-1043,-885,72,-583,-1114
29329,5878,-641,-3691,1416,-627,1284
29330,-3055,-4086,3740,1822,-225,1309
29331,7473,4084,4771,-1789,-140,1589
29332,-1681,4367,-3811,1782,-450,140
29333,-304,6517,-5642,1600,-874,45
29334,-2517,-1911,-1845,-1176,-389,1611
29335,6684,-6787,-7213,-1453,574,1201
29336,-416,4661,5420,1272,193,-1144
29337,-437,-5897,3167,303,1351,-120
29338,6543,3125,-7370,1844,-468,-1076
29339,-7912,-6618,-806,138,-608,-1332
29340,4142,4824,-3871,-535,1769,-1046
29341,2976,6757,-2128,1764,-372,877
29342,-4809,-2228,-2371,-1479,-1216,-1176
29343,4906,2693,-2947,967,1366,78
29344,4820,3551,1202,-1881,-952,402
29345,262,6437,-7058,-252,1634,1262
29346,3924,-6561,4644,1002,-150,222
29347,-6095,-4981,-5538,-1813,1103,790
29348,-1931,-7959,-1786,1487,1410,-877
29349,-3985,3487,565,296,623,1726
29350,345,3008,2021,1785,-1841,434
29351,-960,53,-1173,1167,-371,1557
29352,959,-5377,5817,1826,-1264,168
29353,2233,5572,-4274,1080,-327,-1301
29354,7327,-3582,6183,-740,-1497,-1467
29355,-7274,-5325,5877,1919,245,-323
29356,1011,6816,-1280,947,-237,1820
29357,-6843,3468,-7166,-1301,-771,242
29358,-4022,7649,-7808,1213,1034,-30
29359,2575,6180,7217,519,-172,-1345
29360,5394,1558,-3480,724,1901,-349
29361,-1167,4379,122,-1439,1361,-1071
29362,174,6464,6596,-1577,819,-1020
29363,-3327,-1801,319,138,-1141,1322
29364,-6606,2430,5233,-129,296,72
29365,3516,3310,-1113,1761,1896,890
29366,-7916,6940,-413,-1111,1483,-534
29367,-2781,-1160,-4832,-1121,521,1456
29368,-1984,-6208,7104,-1085,-1710,-524
29369,-5656,-6199,-2607,691,1421,1506
29370,3210,-2944,-3313,-1465,-526,1944
29371,7095,6294,-1176,-1231,-1071,733
29372,-2009,6475,6529,-1345,-357,-625
29373,-6942,-6954,1671,-545,1447,-215
29374,3412,4181,3138,1975,334,-1375
29375,-2976,-7749,-4652,1487,-1763,-1041
29376,996,-3233,-1340,502,-1051,581
29377,5292,6742,-1533,-713,1341,223
29378,7858,-7184,-5672,1923,310,568
29379,-6158,-1382,7106,-450,-1059,-428
29380,-432,-5833,7219,-1881,959,345
29381,-3349,-3718,-1944,-848,-1860,-1809
29382,7973,5733,4375,-883,-1464,112
29383,-2449,-871,7305,1487,1058,-1727
29384,5402,-2475,4562,-845,997,-320
29385,2685,5465,5842,-1009,-397,1146
29386,-3319,1981,7416,408,1642,-1875
29387,-4329,4746,1771,-916,1575,-997
29388,-7086,-7024,-1414,741,-1454,907
29389,-7717,-5970,1561,-1124,1943,-584
29390,-6042,2323,-587,-1700,-209,-1167
29391,-5756,-5132,5897,-1684,-1222,-1116
29392,-810,2652,6423,-1637,-414,-190
29393,3344,5408,-6562,380,141,-1909
29394,-7237,-2620,5513,366,-1027,-563
29395,1304,4311,-7535,-1534,-1149,-34
29396,-5534,-4173,1503,814,647,-1530
29397,-4723,-281,7733,1745,776,-1938
29398,-472,2667,5646,1313,1863,-850
29399,-6584,-4869,-3896,1219,-1868,1299
29400,5560,-957,-5979,31,-1609,-1993
29401,-2981,-821,4286,516,1867,816
29402,2412,4534,-3334,-1726,897,1816
29403,5636,-7230,630,-33,-1602,868
29404,-3441,6923,1039,-1704,-947,1028
29405,-6939,3783,-6532,1511,-614,-1190
29406,-6470,7540,2512,-1161,-629,64
29407,7308,9,-2790,-637,1866,1197
29408,-7652,2030,-3587,-1692,1050,-1190
29409,5461,-5900,-3380,235,1310,1456
29410,6851,5562,-5500,1870,-585,1067
29411,6543,6560,-4686,-826,1149,214
29412,-4606,-4774,4001,-1462,-692,-511
29413,6183,-1776,2661,-1230,649,-156
29414,-5109,-424,2068,144,-1767,1548
29415,-388,-964,4090,-261,-54,1182
29416,2260,-1719,3943,-1760,-893,-305
29417,7746,-4874,-4832,-1703,-82,1330
29418,165,3058,-1769,163,-114,553
29419,540,4841,3817,160,787,845
29420,4764,-2499,3328,-1256,-1223,712
29421,-5101,-6150,5795,-395,-864,385
29422,-4022,7581,-4727,1256,-69,532
29423,-1513,-890,-3087,-1020,-1462,1937
29424,-2304,-2474,1693,502,-450,1697
29425,-3594,6861,1021,-1796,1903,958
29426,-2331,-514,370,115,-1500,-72
29427,-673,-795,-7649,518,68,-1927
29428,3449,6467,6231,-300,-1852,-1037
29429,3716,1018,-7388,45,1382,-1878
29430,6618,4415,-1589,213,1036,1282
29431,6852,6301,4432,469,550,-1511
29432,-1330,4426,5717,922,1392,562
29433,5311,-7213,-6286,92,1211,555
29434,-3915,-2777,-6244,1715,-693,947
29435,1544,3512,-7784,-72,-1760,-597
29436,6672,-3231,1040,-1563,-1945,-1926
29437,6757,7507,2146,-1547,265,1970
29438,-1098,-6549,2216,-916,-1097,1675
29439,-7578,-4858,-5807,1605,1681,-1622
29440,3284,5321,-4949,863,-1332,1032
29441,-4379,-1084,-3658,1451,359,525
29442,4156,-7221,3134,1503,96,-1883
29443,3687,2973,-4518,-445,-550,-434
29444,7424,1960,-3630,-1207,-660,302
29445,-440,2468,-6216,848,-1661,1328
29446,-6373,6701,-300,568,-752,1729
29447,2532,7288,1931,838,127,466
29448,-1154,5340,5985,1445,-962,-1291
29449,4599,-5951,-6210,-526,-329,204
29450,-6714,-6105,-5818,1074,251,330
29451,6014,4465,-2697,-485,-217,842
29452,3013,6776,467,-1208,977,-1960
29453,4061,829,2367,1458,-720,-1359
29454,300,-3748,7996,1706,-1277,117
29455,2695,-1628,736,287,1065,1901
29456,-2966,994,6099,-1454,338,-1305
29457,-152,2523,-6171,138,-416,895
29458,-4393,26,-2562,1985,550,-1830
29459,-7958,1107,2310,726,-1276,1890
29460,-7001,-1038,646,-108,1474,-43
29461,-198,-6959,-275,263,-1384,-680
29462,6564,-2329,-4852,1360,1190,1171
29463,-6142,6654,4863,152,-1289,-1213
29464,7430,1196,848,681,1865,688
29465,-1693,4713,-2453,-461,-1663,-1873
29466,2660,7781,-2192,-814,1089,1144
29467,6390,6369,-1077,1262,-1170,1978
29468,234,1007,4410,-1875,1565,1962
29469,5318,3431,-5229,971,564,770
29470,-7863,4084,6830,-692,996,331
29471,-3004,5442,2889,-678,1403,-1667
29472,-6051,6504,5029,1464,308,724
29473,602,7298,4798,1649,705,-1426
29474,-5631,7289,-285,-24,134,-417
29475,-6399,-7325,-6019,-823,697,-1316
29476,6848,-5008,-2826,1603,-1745,703
29477,116,-1659,6111,-544,684,1884
29478,-6129,5095,859,-472,-619,739
29479,3404,3023,-3668,-870,-517,859
29480,-2154,687,-5091,-960,-669,1976
29481,-4842,4773,2628,-678,672,612
29482,-4560,-1500,-3910,-311,1341,-1144
29483,-1602,-5338,-3576,-1369,-498,369
29484,-7796,4693,-5965,-491,-1155,-838
29485,-5462,815,-7151,-921,685,-693
29486,-7661,1982,5446,-424,372,-28
29487,5586,6742,3480,202,1757,-418
29488,3971,-3118,-2333,-444,1322,639
29489,-2541,5977,5797,1777,504,869
29490,-4783,1365,7549,505,325,622
29491,4403,-2149,4362,-87,-1257,1114
29492,-1230,7835,5612,1397,-568,-1215
29493,5260,-4006,2543,1167,640,1177
29494,6578,-7149,-1889,-454,1997,1348
29495,6860,3887,1641,1360,872,-100
29496,7547,7428,-2999,1341,-549,711
29497,7975,6643,-2998,1026,-740,-1633
29498,-5845,7966,-7487,1718,-1231,804
29499,1660,6662,-1694,-49,-1469,-511
29500,-5767,6178,1531,595,1786,208
29501,-5348,-7181,-7083,139,1275,-1623
29502,3284,-444,1293,943,-1728,-747
29503,6717,3753,-1053,-1171,1314,1920
29504,1340,5318,-4005,942,201,-743
29505,-6933,1508,7636,529,-1044,-1823
29506,990,7311,-3652,-1700,1992,-1583
29507,3399,4122,1694,526,430,-926
29508,5987,4309,-4109,1009,-910,-1090
29509,7318,-2253,6425,-271,1164,1788
29510,6499,4223,6335,-1424,1780,537
29511,4736,4316,-1762,-482,-1314,785
29512,-4674,-702,-2427,-1120,-1344,-1581
29513,-2445,-4733,3861,1008,1936,1116
29514,1401,-6765,5740,-1501,-1179,-1248
29515,1473,5510,3785,1798,795,1826
29516,2344,-4854,-2848,-813,-487,1503
29517,1165,4329,-4497,188,1659,-1048
29518,-1606,-6224,-3220,888,-35,594
29519,3743,4725,272,-713,1550,1259
29520,-1313,881,283,-269,-385,-755
29521,4423,1048,-5890,858,1179,-493
29522,-140,265,2449,1034,-1013,1642
29523,-2562,-636,4564,-1994,1091,1966
29524,5536,6686,2376,-1787,1754,910
29525,6664,4528,5626,241,-1857,-1091
29526,-2549,-5438,7958,724,-1548,-61
29527,7433,4509,7456,-14,221,-636
29528,-3206,-5192,6441,-1116,-509,-1553
29529,5355,-5111,-5481,1022,-1856,706
29530,4993,-4051,-2151,-953,-741,1756
29531,-5803,-3029,-573,-608,-1643,-680
29532,6898,2147,787,-1179,1832,-657
29533,-3454,-7546,-6957,506,545,-1982
29534,1899,-5121,2411,-1046,-1882,1327
29535,-3880,-6723,2344,580,713,154
29536,-651,-7528,7126,1333,-1419,687
29537,-2021,835,-7201,-1096,-124,-1712
29538,-4176,6075,4334,-1677,144,-1433
29539,7609,-651,-13,-1094,947,1230
29540,-176,5071,-7372,-1828,1771,1771
29541,5830,437,6693,-707,-916,-374
29542,4574,-2108,5535,-202,-1691,-1511
29543,2377,-4785,7125,-1602,1416,-1371
29544,-6585,-2278,2819,1193,1707,1936
29545,7260,-674,1881,-431,1469,-452
29546,-7072,1255,-4694,-751,-375,-459
29547,-162,484,-3400,120,-661,-1291
29548,-3491,7496,4947,-780,-1305,92
29549,4489,3730,65,-514,-1172,-1589
29550,603,-992,6885,1379,-1544,-903
29551,-3357,-6833,-4028,1355,-855,1985
29552,4110,5592,7287,-696,1545,-1871
29553,5383,2090,6587,1811,397,-1904
29554,-6160,-6018,538,1945,-216,490
29555,-7550,-3719,-6953,930,617,1500
29556,6969,5758,6677,96,882,-1475
29557,-4131,-6712,4506,-689,1689,1355
29558,-7339,6328,1877,-916,-361,442
29559,1732,7536,-2579,-245,-57,645
29560,4139,-2121,4734,-146,-1954,1944
29561,4222,429,6105,1676,-1592,-1871
29562,-6231,4801,-6153,656,198,-852
29563,1727,4084,5540,467,-1286,913
29564,5765,4625,1789,1447,365,-891
29565,2784,-7947,-5641,120,327,-393
29566,7843,1652,-391,-1450,-1360,1789
29567,2889,3436,5706,982,355,1157
29568,-445,-4715,4224,1165,-112,635
29569,-4175,245,-5561,-642,-241,463
29570,7917,-5676,2559,-1114,1414,-829
29571,-3666,-526,-4611,807,-776,162
29572,-91,1482,-822,-319,-1328,-1755
29573,-2525,-7086,4682,1422,1356,1057
29574,2912,380,-314,283,26,390
29575,-3563,7452,-7862,636,1181,-1623
29576,-5469,-6321,7934,-1075,685,955
29577,6765,1695,5668,917,723,1913
29578,-2228,4501,-298,-1541,-1639,263
29579,7769,960,-7801,-1148,667,1951
29580,-4680,6051,-4262,1600,-1257,976
29581,-3653,-5769,-2333,-877,1433,449
29582,-7899,-4437,2968,1258,-753,-1416
29583,-2791,-5387,-4772,-832,-268,563
29584,-2642,-7780,-4722,1354,-1310,1276
29585,-4206,-3804,-4368,-244,-684,-53
29586,-5080,3876,1718,5,309,-297
29587,-7218,2704,2094,-1295,1070,428
29588,-1727,-3776,6933,925,-1598,1590
29589,-5465,-4391,3530,1013,-1227,-164
29590,-1297,-1231,899,1621,-1749,1297
29591,5513,7780,-497,-696,-718,622
29592,-6077,7925,-4000,1295,-629,1631
29593,5392,441,508,1295,-1367,731
29594,-5120,-5064,6490,-238,495,-1918
29595,3665,7124,-5074,228,853,-148
29596,3191,527,7637,451,737,-1543
29597,-7807,-2765,615,-148,522,1415
29598,-2169,-959,2206,228,-1850,-1270
29599,1155,4370,-4887,-1360,1008,1119
29600,2292,-6865,1204,670,1528,914
29601,2953,2152,-5502,-1804,1093,505
29602,2946,2748,-7437,-717,-708,-1973
29603,-7851,7639,7216,-153,937,212
29604,-7435,6074,4912,-694,570,417
29605,7926,-5363,-5877,-474,-947,1417
29606,7267,37,2396,467,968,89
29607,-6031,5471,-681,1032,-1745,1388
29608,5689,115,4821,-28,-688,-1718
29609,7327,-5963,-3438,-194,1747,-1840
29610,-6458,-6738,5895,434,503,-520
29611,-946,-5451,3955,-67,-1513,-1235
29612,1809,7950,6457,334,-70,-1114
29613,-1180,-83,-4876,-1823,-209,1491
29614,-6841,-5277,-1124,-1190,-1005,1524
29615,4794,-3371,-5427,944,1884,1022
29616,-5652,2263,-6823,4,1967,-1082
29617,3279,-2092,-2052,577,-1241,-1879
29618,4504,4584,7097,1061,1125,-1717
29619,-5486,6261,-7214,763,470,-957
29620,7598,-3648,-7841,1478,792,-860
29621,-527,-7298,-1596,-1796,-148,-550
29622,7898,-1078,-6594,1824,-68,518
29623,-3374,5371,2903,-200,879,-1443
29624,-6917,-1735,-1933,-587,-374,1567
29625,4149,-3287,1568,-1647,132,-1367
29626,5462,5871,-2572,-955,1785,1379
29627,459,2543,-1473,869,1598,-1203
29628,317,6484,1523,850,-859,-1564
29629,7085,6259,7800,1622,-1478,1147
29630,-1378,-2778,6138,4,-492,1817
29631,666,-3203,-5576,832,155,98
29632,-5482,-6464,-6389,-1249,1262,-1389
29633,-2695,3694,5911,1096,-1851,-207
29634,-198,-3796,6698,1910,1570,179
29635,-7655,-164,-7866,886,-681,1806
29636,2882,-121,-4707,1729,-1466,1899
29637,4445,259,7477,-419,-1571,-875
29638,-7451,755,480,-1587,-374,-1321
29639,1990,7745,3530,-1350,-1062,-68
29640,-4281,5709,2190,-574,-1466,1608
29641,219,-4504,5572,-665,1180,960
29642,7713,-5249,-1613,-783,1410,583
29643,-5825,-1539,4572,203,-1558,-1584
29644,-462,-5496,7847,1843,-1124,-229
29645,2274,5311,-6192,468,-789,1475
29646,-1661,-2476,7909,1603,1478,-900
29647,-979,-811,-6600,1387,958,125
29648,-361,7427,6697,186,1015,-717
29649,-6086,-5570,-832,401,-1749,1141
29650,1065,1737,2913,-1956,1744,361
29651,-3959,5088,-2063,1446,-1773,1904
29652,-4153,6640,4133,1929,1438,684
29653,-7406,-7755,4082,491,-1336,485
29654,-2995,-5273,-6056,1180,200,-1412
29655,7334,4126,7564,1348,1736,-322
29656,912,-7737,2038,559,1638,1786
29657,-1487,-1119,3373,-729,529,1642
29658,6347,-2366,7491,-1336,982,-1223
29659,-4887,-5381,-110,175,-755,632
29660,4908,-4034,-3132,-529,-118,-978
29661,-5706,-1092,-6877,-1914,-1418,-136
29662,4109,-505,7239,-1120,1036,823
29663,5657,2481,-1669,1313,-1538,1817
29664,5722,-3091,5690,-1011,882,-1987
29665,294,-7413,-5877,1428,-1909,32
29666,3052,3683,7423,953,1147,1346
29667,7038,-4751,3541,-109,-530,917
29668,-7555,-3117,2526,-831,481,-888
29669,-1417,1961,-5887,1303,-1325,-1948
29670,-4404,4794,3226,1273,-1875,-1612
29671,1098,-6554,-3002,-945,-115,-82
29672,5539,4754,4983,-1696,452,1666
29673,5725,-3315,3220,1039,-1768,-1817
29674,-3674,5758,-1642,1025,-270,-1585
29675,5422,-7801,6296,971,-620,-1598
29676,-1758,663,-330,-955,-980,1724
29677,-6091,-1641,3500,-1189,-882,-237
29678,2802,691,893,1694,128,-1427
29679,4882,-3394,-3571,1954,25,-618
29680,7038,-4479,2118,1421,702,-453
29681,-1688,4452,-758,-700,-1417,-1986
29682,960,241,5947,-1433,1530,1492
29683,-7144,-3837,-3669,-199,530,36
29684,148,7488,3614,1637,-1561,-1452
29685,-3922,-612,-4359,-889,914,-855
29686,-5714,-3016,3610,-684,1608,1155
29687,1182,-928,7162,-1335,-367,-758
29688,7279,1566,-6661,1043,678,1790
29689,-434,4442,2942,-649,-1946,1898
29690,2930,-6931,-2544,-1072,-602,910
29691,-945,5213,-4815,1209,594,639
29692,-2306,-7082,6113,-1755,-213,-1162
29693,-357,3559,4498,-1625,1492,1592
29694,3100,4645,-1781,509,735,327
29695,5948,-5708,-1773,799,1332,-1417
29696,-97,-7106,7921,-1664,-797,1377
29697,3820,-3238,3398,-1738,973,715
29698,-344,-1172,-4810,397,-655,1942
29699,5015,-5185,-2413,1926,1747,-1970
29700,-1465,7303,3260,804,-375,573
29701,-7110,6968,-3165,-1578,-1550,534
29702,5564,-1625,-5279,727,1696,1286
29703,-886,2448,7908,-1002,-980,89
29704,6904,6361,-3905,-1066,-1580,1790
29705,-1803,6460,4612,-1329,-337,173
29706,5670,-5220,943,-712,1978,-525
29707,-2339,-5980,-928,117,1436,-141
29708,1926,-6632,2836,-1784,-536,-547
29709,-1658,-1707,2974,85,-812,-736
29710,-6656,7136,-5215,-204,-439,-1451
29711,-4779,6205,1256,1589,-452,1516
29712,-371,6252,2572,962,-1645,-1515
29713,2917,-5383,-4798,-428,-843,-441
29714,4285,4342,965,1490,-147,73
29715,1584,-7040,-1831,-988,-1427,1680
29716,2643,1044,-7208,-96,-827,1408
29717,6031,-7042,-5331,-1424,-105,757
29718,-3843,2951,4532,-735,713,1725
29719,-2086,4694,-2768,-241,-401,906
29720,1457,2550,-2115,585,1976,-283
29721,5508,-7532,2452,140,-1046,907
29722,-6183,4661,-4781,1758,908,-579
29723,5152,1194,-168,-580,-369,1842
29724,-6831,-7830,2587,268,-985,1105
29725,1997,-5962,-2150,634,-118,-1858
29726,-6498,-4918,6477,-1865,746,-620
29727,-536,-3078,4226,351,313,1526
29728,7590,4050,1419,-731,1729,-1284
29729,2739,5182,-5095,-1910,-186,441
29730,3419,2222,6811,600,-1555,-751
29731,2808,-5153,-2102,-384,1474,-128
29732,5413,650,-4523,496,773,1943
29733,-2878,-7644,-2945,-1226,-1164,768
29734,7402,-6394,6028,977,-927,-1081
29735,-6712,-7083,-4408,-1261,1208,847
29736,-3409,6861,6201,-1240,253,-11
29737,266,-4904,2032,-137,-1487,-40
29738,1014,3483,4603,-1930,-63,-1027
29739,5238,-7639,2567,956,1256,547
29740,6575,-2201,3168,637,-1323,-244
29741,-29,5677,4453,-954,-980,-1796
29742,-482,5970,-3213,-1292,-678,1848
29743,-2820,5321,-5250,1536,-291,-1764
29744,-7718,6203,-260,1205,-1683,1887
29745,-1136,4200,-4627,-1218,-856,545
29746,-1897,4336,7803,1043,-774,-1838
29747,4476,431,-7573,1416,1407,-1136
29748,1607,-2526,-1868,1951,1243,-1055
29749,-6546,-6789,2562,1913,-1886,-1871
29750,4980,-4679,-5890,668,1826,-650
29751,-1481,6091,6407,-177,691,-451
29752,190,7906,1957,-1278,1793,1656
29753,-1112,-1744,6261,501,496,116
29754,-5865,4827,-6828,56,-498,629
29755,-3177,-2499,-6607,-1286,605,494
29756,2210,-2295,7948,-238,225,1867
29757,7660,-5378,-6830,1438,1748,-1300
29758,923,-90,-3915,-899,1028,-1953
29759,-1559,-606,-4444,1680,-870,1245
29760,-1701,-4640,7507,92,-1556,1359
29761,-5977,6848,4498,1466,-1533,824
29762,-882,-341,-4538,875,947,1107
29763,566,7534,1148,-1992,-1674,346
29764,-2948,-6426,-6493,-1836,-1541,375
29765,-788,-3543,1325,1615,1360,1071
29766,5690,2172,-773,-438,-741,1388
29767,-7676,-5039,-1949,719,1660,-1916
29768,5856,5515,7524,268,899,-356
29769,-7422,6571,888,-588,1207,1128
29770,-1455,-2236,-6429,-735,-674,580
29771,7778,5517,-2511,-1036,-824,-1524
29772,-452,4001,-1738,783,-1431,1620
29773,-346,-6808,-223,-1259,-1076,-514
29774,-3821,3991,-4149,1148,667,903
29775,6005,-5034,-6226,545,1915,-1653
29776,3877,4155,993,1825,1845,1994
29777,-3244,1820,-4340,-833,1456,1811
29778,4346,6322,2200,-1212,-1746,-387
29779,-6989,-3544,6124,-1165,884,-1248
29780,-7258,-952,-4752,1226,1801,1634
29781,-2791,-5590,5763,1812,1085,695
29782,6384,2935,4430,1606,1409,605
29783,2173,4148,-1745,-1805,-1274,1809
29784,1309,1819,4798,-361,1547,-155
29785,-346,-4880,-7758,-647,-113,-1445
29786,-4999,-7570,2624,-1750,-1079,-1625
29787,-4875,-2872,2817,-1243,1597,-1498
29788,5696,2735,-447,-112,18,-285
29789,-7255,-6794,5273,1250,1592,-1151
29790,1229,-7622,493,-928,1574,863
29791,4523,2720,-3754,748,-473,1742
29792,5399,-1589,3472,-989,-1223,1743
29793,-7812,-3553,-1088,-1825,393,454
29794,-1580,-339,3780,-260,1733,480
29795,-7190,-1629,2379,-894,-506,-1202
29796,910,-91,-784,91,-1670,-1555
29797,-3434,2496,-3209,48,1541,1361
29798,659,1726,-7892,660,998,969
29799,-4873,4150,707,-435,-465,1967
29800,3539,7176,3503,633,-1772,-1106
29801,5864,-2170,-498,517,1708,666
29802,150,6753,-203,1163,-665,-1758
29803,-5124,3545,-3899,-228,802,1995
29804,-1939,6861,6657,1156,-245,-1081
29805,7176,447,-5994,-1774,996,1233
29806,1187,6522,-2884,-414,-1388,-1912
29807,2346,-327,-973,-209,1921,1482
29808,-6393,5630,6166,1664,-591,1071
29809,1163,6310,1900,1319,1884,-771
29810,1583,-7551,5562,-1809,65,-1829
29811,-3430,-301,1391,-750,832,714
29812,3330,4197,-7321,-499,624,697
29813,4138,-6760,-4225,867,-275,396
29814,-5614,-4542,7119,-1754,-698,1373
29815,-415,7129,-6792,-434,-1417,1900
29816,1121,2633,3687,-883,617,-1911
29817,6997,944,3040,-257,-1968,-1852
29818,-2537,-922,-2889,1739,817,162
29819,6528,4105,4403,-816,-1530,204
29820,-1543,-7815,-6747,460,-1408,912
29821,6484,5053,-2491,1971,283,-341
29822,98,-4783,5411,1273,-34,663
29823,2080,174,-4598,-1696,-1497,-744
29824,-5315,-1818,-3621,-1328,249,1636
29825,-6742,-7269,4825,-580,1731,-804
29826,1691,3578,-1694,-1913,-1586,834
29827,4381,2505,-2394,-1785,-1490,-1621
29828,-19,-345,6699,-1298,-537,-1154
29829,6572,-3501,-1945,-1898,1832,1504
29830,4456,7517,-4720,516,-255,1507
29831,641,-1523,6375,-538,-1428,469
29832,-1981,484,3988,543,-1964,187
29833,-7854,-2752,3905,1929,-1281,1349
29834,-5338,-445,-7100,193,-1938,701
29835,7403,3771,-6461,-1537,-207,-608
29836,-3708,7583,5435,587,305,658
29837,6849,-4844,-3268,-317,-47,-1681
29838,-1655,676,4151,1604,558,-12
29839,-6448,5897,-665,-1639,875,159
29840,-1809,-2058,3509,1628,1632,-1
29841,-787,4699,-7427,-1166,427,-1112
29842,-1615,5206,3215,-1274,-885,-1015
29843,4325,-7396,-191,1630,-1355,-1178
29844,-1377,4624,-2460,1584,-1257,246
29845,3255,139,-7524,775,-141,285
29846,-500,2683,1161,-21,-1080,1723
29847,7088,5740,-4657,-765,575,-94
29848,4806,5704,-5936,-1801,-825,-576
29849,6468,5102,-5758,956,-944,1430
29850,-4968,-2155,-2181,258,184,-581
29851,883,732,1670,-5,1818,1557
29852,-3664,1274,3701,1682,-859,934
29853,1214,-2506,-3385,-1440,1640,-798
29854,3213,6220,-1487,152,718,-1492
29855,-3932,502,541,1829,1134,1478
29856,4080,-712,-386,1912,1996,-1073
29857,5980,-2627,-6869,1423,-1335,1459
29858,-6894,2222,7239,-1857,-397,1031
29859,1878,-7556,-3553,-1773,-585,1679
29860,2834,5949,-2717,408,-470,136
29861,164,-7231,1399,-939,1830,1160
29862,-6559,3376,-7153,-149,538,1881
29863,-4739,-7517,-585,-365,-1788,93
29864,7497,-5466,-2343,-909,298,1530
29865,5319,-3265,-5079,-1920,-377,-156
29866,-436,2186,-5056,482,-1943,-1217
29867,-5719,-3032,7253,-1268,1000,-110
29868,3749,-1179,870,-817,986,850
29869,140,746,2849,-1047,-1815,-1324
29870,7563,-1332,6192,783,-919,831
29871,3769,4650,-4834,-1293,-628,954
29872,-2495,-6216,-832,444,1083,-738
29873,-558,-2718,-5712,-524,-860,-864
29874,2839,-4835,-3420,861,-1775,-326
29875,1775,-3001,1504,243,-1551,-202
29876,2470,-5290,7591,1667,-89,279
29877,-6091,7783,7326,-1075,-1380,-352
29878,-618,409,3623,-478,-1322,1979
29879,2216,4244,5669,1853,-279,-911
29880,7249,5758,-202,548,176,-390
29881,-3026,545,-1265,1242,-89,-1891
29882,-416,-7487,7631,-18,-461,-388
29883,772,5807,3294,960,-441,-847
29884,5000,6036,-3630,-1739,-594,1731
29885,4901,-5815,-5494,567,521,-1250
29886,-4875,-2272,2621,-157,-825,-2
29887,1853,-7628,6909,876,-709,-1858
29888,-1259,-5382,699,-1757,1141,-1436
29889,-2368,3968,-2972,-1100,-1860,1864
29890,2085,-3969,-3165,1830,515,777
29891,-2476,7414,-6954,-507,-648,1109
29892,7615,-6293,4385,-1828,886,-1535
29893,-7291,2304,1513,1331,-182,1407
29894,4355,-2158,7154,741,245,1919
29895,-3374,-4152,3952,1155,-996,-614
29896,5484,438,-1520,346,617,1820
29897,7956,-5993,-3,123,-118,1470
29898,7224,1041,4979,-1022,1190,481
29899,7718,4314,2727,391,990,-1178
29900,2024,-5655,7441,623,1915,-999
29901,-7694,-6987,-1513,1727,1864,1175
29902,5209,7664,6960,692,-1051,1822
29903,4287,212,4397,-290,1280,-665
29904,6983,-5239,-2718,-1924,-1406,-1863
29905,6437,4260,-3441,1628,785,733
29906,-5806,-6676,-4370,187,-1626,-1282
29907,3762,785,1766,475,1497,-785
29908,-3741,-4105,5529,587,608,1029
29909,-4629,7250,-1505,994,204,578
29910,1310,-605,7783,-888,-79,-1751
29911,-6869,-7075,-7347,583,-1662,1525
29912,204,7894,-271,1930,687,-1604
29913,-5439,817,-836,-929,166,-1817
29914,3714,5796,-956,1856,-1264,1903
29915,-3303,-5969,2942,-1986,-1293,-948
29916,7846,-1695,4437,2,1764,-176
29917,-1478,4178,5023,-923,1390,334
29918,7425,-7807,2895,598,-1488,533
29919,1087,-3052,2199,-1183,1482,1813
29920,-457,5402,-2959,1170,-727,427
29921,-2634,3984,4032,1136,-1052,570
29922,-2007,-683,7260,1612,-356,432
29923,1119,3981,4084,1304,1476,-1884
29924,-2820,-3041,4192,-1863,-1478,-129
29925,4542,343,-5089,959,287,-608
29926,2597,7648,6455,-1345,-124,1652
29927,-186,-7362,-3053,-970,1061,1283
29928,6455,2617,3555,1311,-1130,-563
29929,5936,6201,-3990,-882,507,-254
29930,-1618,-73,702,-233,1537,1445
29931,508,6070,4440,902,1762,-17
29932,5785,5148,5503,-814,-25,-1131
29933,-1750,3726,2262,1391,-935,-713
29934,7803,-4742,7141,1902,1676,491
29935,-5938,5752,-1142,-1218,-1015,86
29936,5919,3134,-3590,65,831,-501
29937,-6755,6695,-24,1583,913,1981
29938,4050,2664,-1812,283,-523,1832
29939,-6885,-5352,7449,101,-1981,-1333
29940,7133,1913,1819,1205,-1179,559
29941,3719,-3591,-1824,-879,490,1584
29942,3870,602,894,-659,-517,619
29943,5774,7831,4065,249,1189,914
29944,-1605,4930,1866,1859,-353,-179
29945,1124,2046,4222,1603,-1348,807
29946,-4114,5049,-3870,1829,759,-985
29947,4556,3467,7718,273,-57,-641
29948,6589,-5340,3029,-889,745,638
29949,752,-3929,3754,-213,-1826,-1273
29950,-2551,-679,2537,-525,20,658
29951,-2679,3615,1451,260,608,-1184
29952,5881,-1910,3515,-1284,493,-201
29953,-1774,7736,4504,-1597,624,35
29954,952,540,6376,-1836,172,1040
29955,1715,-6884,83,-1632,-222,835
29956,352,-6720,-4392,-1024,-173,538
29957,169,-586,4503,312,-1152,1287
29958,3115,5849,4225,1780,881,223
29959,1646,-3232,-3955,-1090,-1798,1217
29960,3748,4419,3638,-1911,-129,-727
29961,-1063,-3699,-1846,-1849,1198,1975
29962,1615,6098,7135,122,-103,1329
29963,4776,4886,-2382,1319,-1523,1740
29964,3728,-3411,-7806,875,-914,-641
29965,-3962,-2409,-2342,1080,-351,-133
29966,-5709,3022,-4295,329,1407,-954
29967,-1929,247,2271,8,-766,1390
29968,-6328,2624,-7126,-1837,1137,-1300
29969,-6929,69,-4139,1862,-1405,1999
29970,684,3447,-1207,-1666,1213,-1085
29971,-3407,1827,-4258,-1286,-668,-1060
29972,-3343,-307,7203,474,-682,523
29973,-6000,1852,6209,1506,595,936
29974,-7958,7328,7975,-1752,-1870,1205
29975,6624,-7359,-5249,-1570,-1310,-1935
29976,2052,-1629,7541,1554,215,-546
29977,1051,-5789,444,-1767,-1529,-372
29978,5536,-6396,3102,801,-982,1061
29979,-4071,-3516,-6507,538,-758,1489
29980,719,7589,-710,-1711,-1392,-973
29981,216,-6129,-2779,46,1572,-1585
29982,4810,-234,-2206,1893,-185,354
29983,6541,1541,-1558,-1256,-914,-1625
29984,6067,2920,-1449,67,1656,-1798
29985,-2869,5094,1492,1150,-1398,1760
29986,3815,-7994,6704,-239,1912,-262
29987,-3794,6092,-6826,1002,490,257
29988,277,7724,-4956,-1551,350,-776
29989,-6421,2732,-627,961,-240,194
29990,7058,4569,3034,-30,1031,1460
29991,-7836,-6436,-1473,548,-276,-1480
29992,-5166,3673,6385,295,1694,-1919
29993,3191,-7623,4711,1971,-1464,-960
29994,-2005,-1421,6431,1605,621,756
29995,-822,2306,7679,1454,-1915,451
29996,-7238,-359,-1358,-393,1983,-766
29997,-6467,4636,5550,-1040,-164,-1271
29998,3843,7468,1756,1993,-1400,-374
29999,3237,7715,-6319,-1432,-1701,-1171
30000,-1052,3110,1454,-502,-344,126
30001,-3925,-4129,-5236,1390,1803,642
30002,-7313,1008,-6201,-1698,-1797,-1414
30003,-6595,-1409,5841,61,-258,-952
30004,-3283,7929,61,315,310,1945
30005,6350,-1449,1592,-69,1615,622
30006,2243,-642,433,-981,-1615,6
30007,-5919,-3619,1106,416,-357,-1762
30008,-2453,-1862,-5015,-951,-570,-984
30009,-5467,-7773,-7873,1952,301,1571
30010,-4636,3915,-3260,-1426,-1558,-1655
30011,431,-3315,-77,-1253,1046,1959
30012,-5821,-6784,1039,-1797,736,507
30013,-2843,-5526,-6954,-671,-1100,931
30014,1505,-4392,6203,-1188,-525,-1093
30015,814,1334,-2533,395,-1067,26
30016,1306,2920,-3655,1548,1348,-1025
30017,-6517,-1301,-3044,-1040,-1356,1141
30018,-7985,-7690,-196,709,-1063,-143
30019,680,5933,813,805,1159,1923
30020,7140,-2209,-2516,597,-1513,373
30021,6828,-5591,5694,1061,-1319,-148
30022,479,-2687,-2936,343,-1310,1311
30023,-506,-7788,-339,1209,-1508,-722
30024,1510,-3335,-5167,-434,1147,790
30025,-447,628,-6585,680,1135,-1457
30026,-6149,-1966,3940,390,-897,-737
30027,-5906,3378,5421,459,863,-1977
30028,-4975,1389,6277,1151,-1269,285
30029,-3399,7726,5110,338,1635,-1591
30030,6686,-4783,-2613,-262,-1892,1963
30031,161,-2817,5047,32,-1022,-1339
30032,-5234,1027,5148,-307,355,-1068
30033,2973,3013,1898,910,937,525
30034,7012,-2904,-7748,605,82,-621
30035,-7075,6543,7242,1276,1555,-645
30036,3508,-5434,-6427,1020,-851,1968
30037,2642,-7865,7200,-1352,82,-1809
30038,-7920,1122,3247,-38,532,-1476
30039,1104,-3652,-2054,-121,-712,-156
30040,-6714,2428,2432,-1651,1374,-52
30041,6672,5762,7777,-12,1865,735
30042,-1730,-546,-4887,-1240,1688,1102
30043,-1626,-504,4945,701,-217,-1870
30044,716,3197,2843,-854,-1435,-1501
30045,4594,2355,2608,-764,1742,1619
30046,-6979,-7991,-5703,-206,1378,1288
30047,-609,-5576,-7164,1585,-596,-1486
30048,828,7347,771,520,-1183,-1170
30049,7503,2303,4559,-992,1636,-1155
30050,338,-1230,3103,1326,1650,1187
30051,-3948,6672,-4299,849,1882,-607
30052,2576,-5099,-4098,-1763,1174,304
30053,4211,6713,-5488,12,-950,-1480
30054,4873,3139,985,-1522,117,-240
30055,-466,2451,-7814,1639,-1190,10
30056,6653,-5723,5654,387,-1949,1002
30057,-7054,412,1551,648,1301,201
30058,7883,-5781,-4897,1406,-766,1799
30059,-6146,3993,-5060,-1361,1724,341
30060,5576,5972,3350,-1981,-1469,-399
30061,-2724,-5314,5379,-1800,-1976,1316
30062,-4330,6463,-4352,738,1036,82
30063,-5339,6516,2263,-1350,-693,33
30064,7477,7123,-4893,-759,404,1707
30065,-4758,-1458,439,-1236,946,1359
30066,-1703,-3386,-971,107,1617,-1856
30067,6045,-1350,-3329,-620,-500,1036
30068,-2048,908,-4390,-1352,49,359
30069,3942,762,-446,-1619,262,-1150
30070,1220,3631,-7251,22,1215,-84
30071,2553,7982,1999,-320,-1328,1825
30072,-483,4719,5243,910,1847,1560
30073,-3647,-6943,-2909,1391,1004,376
30074,598,3012,-3092,1836,-1265,1247
30075,2760,-5687,1348,-334,113,1807
30076,-6007,7967,-6777,734,1014,397
30077,-2932,-1028,1429,1936,1816,-258
30078,-6711,1003,-7748,-765,-1624,172
30079,-5850,-4998,4887,-896,-1350,414
30080,-7882,7328,943,-1430,-1689,-1263
30081,7743,-1363,-984,-1558,11,-1251
30082,-4291,6775,-3805,-1505,-931,-409
30083,-7488,5495,-3164,-1281,957,719
30084,3197,-6882,-3336,-87,207,1842
30085,-6169,-1648,-1427,-1077,-1247,116
30086,125,-7965,-3363,1787,-489,1558
30087,-7349,1246,7618,1931,-564,1144
30088,-1329,5333,-4040,-1452,119,102
30089,-303,-409,7246,-1189,-681,948
30090,-3402,7484,-132,1556,1871,175
30091,-5002,-3584,6889,-1214,1183,-165
30092,-3921,5647,-5496,1393,-883,-605
30093,-2854,966,-772,1736,-811,-620
30094,40,-2591,-2648,898,-111,-1717
30095,-3830,-820,3039,-401,1153,-1576
30096,-5537,-2193,-3756,258,-963,910
30097,7924,-2679,-1997,150,385,1419
30098,3302,-2879,4885,1988,-115,268
30099,-5324,-4213,176,1076,1000,1166
30100,3083,-564,-6772,1992,-595,-204
30101,5506,4117,5654,-955,-790,-1803
30102,-3466,-7574,-896,-425,500,-974
30103,1142,4208,-3717,-607,625,-1645
30104,-7740,3400,54,-223,-780,-1705
30105,2656,2748,-1378,-1879,265,1538
30106,-2312,-108,2247,-1329,-1378,-1276
30107,-4956,-5993,4878,-893,1568,182
30108,7073,1550,4252,997,1890,444
30109,-7285,4609,6766,1476,-1263,668
30110,1630,-1147,5674,-1536,-253,1207
30111,3267,-2173,-596,-1481,-1176,1618
30112,3278,163,-5633,-1503,1434,-1288
30113,3700,4700,-2241,921,-451,-1065
30114,-3957,-6615,-3116,-1811,648,586
30115,1095,1147,5321,-1945,-210,-1041
30116,-91,-6637,-4459,1044,-680,210
30117,5751,4053,1858,-675,220,-584
30118,4251,6475,105,407,1667,-1105
30119,2678,6323,-5594,-631,-1165,-873
30120,2535,-1534,673,-1364,190,1576
30121,-7686,2756,-5026,1174,-242,-1054
30122,-6003,3673,4166,872,-951,1844
30123,-4595,-2820,-3224,240,1127,1723
30124,-2398,-4907,-800,-1619,698,-1524
30125,-2797,-3856,-1585,507,1665,-617
30126,-1878,-2630,-4307,-1443,978,611
30127,-7450,6672,-1549,-1775,920,-371
30128,7356,-4907,-2803,-366,-1913,-521
30129,2592,2587,4323,1338,-1285,-1731
30130,5889,4519,2125,70,-811,1743
30131,-7683,-7272,-7901,1152,231,-508
30132,7162,-4227,-3036,123,1393,818
30133,-3995,-3841,-566,1138,1623,1341
30134,5707,-995,5419,1116,-651,361
30135,-6993,6117,-6057,-694,106,-1592
30136,-1424,-2675,2351,-98,1039,-450
30137,7553,57,1531,-1197,783,-1912
30138,-6357,-7658,-555,1642,697,-1331
30139,-5319,2120,-5290,-785,695,1244
30140,4619,3834,629,1087,1653,1343
30141,-5571,-5890,197,-1134,1045,440
30142,4504,5938,-219,-1107,-1500,-1489
30143,-4991,4642,-2476,1309,-1445,1060
30144,-6360,-5845,489,1431,1966,118
30145,4664,5518,7636,-1257,357,-427
30146,5012,-3553,343,-754,1335,-1221
30147,45,1551,7494,791,757,-257
30148,2036,2024,6577,-403,1453,-1122
30149,-4687,7447,710,-1098,1258,-1131
30150,5703,2849,4384,-730,-1611,579
30151,-7884,-4573,-585,-806,336,-98
30152,4546,2220,-4867,-1249,1607,1177
30153,6780,-89,7427,66,276,1118
30154,-3416,4312,6465,-168,-1764,52
30155,693,6227,-4232,337,-1224,1052
30156,-322,6146,-7898,1694,-1705,1997
30157,-2341,-3020,-752,1177,-358,-259
30158,-7952,3966,5527,43,1117,-1358
30159,6459,489,7140,-1421,1100,-744
30160,3415,2454,-6209,-146,-1559,-448
30161,5426,-4970,2465,1378,-1177,-18
30162,6605,6920,512,-1305,-1429,-1559
30163,-7920,346,7271,1344,-1114,394
30164,1479,6650,1154,-1641,-1636,-1682
30165,4426,6932,7192,-52,-1704,108
30166,3062,5570,-3328,-1667,20,-1839
30167,-2387,-7569,-4735,-1822,226,1817
30168,5392,5821,-5899,-1221,-237,-635
30169,523,5704,1391,1966,34,-1242
30170,2188,-5658,2527,582,-114,-629
30171,-39,5952,-3027,406,1858,1124
30172,148,5797,-142,1095,93,-1568
30173,6550,5699,3263,1980,-1982,1640
30174,-6012,7974,7034,681,1488,-1541
30175,-7184,-341,-5012,-327,558,537
30176,-4732,-5751,5783,489,-559,404
30177,-6857,-6688,1109,-547,-1487,-320
30178,-4418,1882,-4845,-1811,-1601,-382
30179,6448,6969,-6793,-1422,-413,-810
30180,7202,5359,-7509,99,-951,326
30181,-3824,-4600,1495,-363,225,-1304
30182,7756,-253,6330,1666,313,-1440
30183,-6721,-1566,7020,612,1334,104
30184,6666,2984,856,1977,-752,98
30185,4086,1447,3081,605,1756,-925
30186,-4814,6296,5130,-1076,-879,303
30187,6431,4056,7007,-1201,-498,-377
30188,-7540,-94,7924,-827,409,748
30189,-118,4594,-542,1524,266,-795
30190,-2405,5163,-2493,-1610,-829,181
30191,4212,5044,6980,440,759,-1339
30192,5815,4418,3298,-358,1864,-1889
30193,4965,-7168,-3031,316,917,-873
30194,7803,4699,-2746,-1974,1830,-1001
30195,6550,7146,1336,-1743,383,-1044
30196,4017,5909,-787,582,-1062,1811
30197,5034,4794,7518,614,-896,556
30198,3186,-1092,-1004,1392,-1725,1673
30199,4039,1730,-1107,736,1381,73
30200,7166,-6547,-4105,-980,-661,34
30201,3929,-357,-4030,889,1868,1982
30202,-1134,4140,-2625,-365,-1110,1173
30203,-6586,-7427,1303,-339,-826,-1814
30204,-6370,-3883,4574,-818,-848,-1337
30205,6146,-2807,972,-58,921,1475
30206,-3166,4094,-4010,-1807,1718,1241
30207,-1981,-7810,2636,-1915,1305,-1393
30208,90,7729,-3161,-1728,-1578,-1349
30209,-4021,-7570,-221,-1528,870,-1667
30210,4014,3029,2474,-1217,-1205,-1154
30211,3856,-5048,5444,-758,-452,1358
30212,-6528,4315,-6639,688,256,-1637
30213,-6744,5699,7912,398,1211,1329
30214,3928,-4090,7301,-258,-48,-686
30215,2882,6419,6962,1013,1049,774
30216,-7765,2570,7556,1277,1562,1048
30217,3174,1009,7605,-11,526,-1482
30218,-6182,-4301,7132,1331,-1957,-224
30219,5096,3733,-6733,-1973,754,-1662
30220,1946,-2962,-505,347,-448,-1932
30221,-3682,-4605,-1658,-511,-1223,814
30222,-3847,-3423,-5867,469,-354,-1647
30223,-414,-7054,2954,1079,-239,-494
30224,185,1255,4426,640,1675,1406
30225,6512,-2106,4859,706,-1375,-460
30226,1500,7336,-1455,74,-1461,-1146
30227,-5652,6890,-1113,681,-919,-781
30228,-6756,-5883,3907,-1023,672,567
30229,6913,-2022,2996,1316,1591,628
30230,3578,-2295,-7233,-1980,-530,447
30231,-7827,1989,2982,-87,1934,-1733
30232,-6657,-4242,4941,-425,599,1281
30233,6961,4332,-3231,-1632,1458,-1069
30234,2785,-7069,-4536,-42,-924,471
30235,-7545,851,3847,460,1114,-1153
30236,-1079,-3617,436,1909,864,-1967
30237,5498,6852,-3434,-573,-1543,250
30238,3196,4045,2831,-825,-11,1117
30239,-6055,-7941,7953,-1482,-365,-643
30240,-224,2945,-5424,1095,814,1711
30241,-226,5974,-1883,232,-40,-1673
30242,7267,1978,791,-404,247,-787
30243,7138,-7562,5925,1529,1150,797
30244,4838,-6170,-7206,123,1498,-1060
30245,-6933,-4401,4507,1569,1047,-696
30246,4753,4009,1107,911,1628,-396
30247,-7313,-51,152,-513,777,-1893
30248,3700,-3223,-5190,-1397,-604,823
30249,324,-755,6645,1186,-434,661
30250,-570,-2057,-3743,-1537,420,-572
30251,-4407,-1004,-4998,541,1441,778
30252,-1597,3914,6527,-249,-429,-1377
30253,-953,6622,-1273,-1833,1239,248
30254,7325,7636,533,1499,-103,-1798
30255,-6547,6095,-6694,1499,1229,-666
30256,4061,3430,1114,-1417,-1303,35
30257,295,5838,-4382,82,-1555,-815
30258,-5164,-371,-6903,338,679,1627
30259,829,5607,2915,-1445,479,-359
30260,5083,4271,1199,1313,-1314,136
30261,-4122,2962,6017,684,414,505
30262,-2123,-4354,-2163,481,-1009,-238
30263,5457,-7285,1016,232,-1549,-613
30264,-2157,6359,-7034,1382,507,-372
30265,4118,-4511,2036,566,395,774
30266,-1658,-5107,6608,-1341,1443,102
30267,4259,-4810,-7001,-1879,671,-1114
30268,-2259,-5477,3472,-78,1397,1321
30269,6024,385,7477,-105,-1901,-1075
30270,-4337,-20,-5441,784,226,939
30271,-6035,-4495,7267,689,-1628,1321
30272,-6044,-108,-5437,307,-1807,1392
30273,6990,5877,-2100,1839,1375,-1118
30274,-4276,4969,5524,-154,593,-821
30275,-4325,3148,2766,1362,-1804,514
30276,-7938,6047,-556,1715,-1372,323
30277,-2302,765,2819,-1188,-965,1593
30278,-2751,1870,-6322,1554,-909,-865
30279,-3718,-7456,2419,1131,1064,1638
30280,-4164,5520,5762,-551,-1977,-1125
30281,7727,2648,2175,642,-434,756
30282,3022,-3112,-6470,-1314,-455,987
30283,-1873,92,1560,1883,-278,-228
30284,1235,1553,-33,-1057,-1762,1848
30285,3358,-3227,7612,-376,695,-1570
30286,903,1654,3027,192,-177,809
30287,-5183,-7935,1893,-1071,172,-888
30288,-7385,-5481,-1790,-12,-384,-615
30289,6856,4751,-566,-273,1279,1365
30290,6152,-6795,3901,-863,-1345,1618
30291,7665,6978,2465,-1439,-1604,-1406
30292,7420,4734,2244,-977,1970,-1989
30293,3855,3288,-1931,-1993,524,-299
30294,5265,7427,-5857,24,1050,1245
30295,1002,-6386,-5992,274,-1307,1334
30296,-6435,-4288,-4579,1529,674,1519
30297,1972,-1496,-26,-1019,-1036,1194
30298,-6611,-5879,-6895,1845,1651,-1046
30299,-6378,-1748,-6864,517,-716,-1846
30300,3211,-2045,-3814,-1436,-1315,568
30301,5095,-4448,-4224,-1262,-217,1329
30302,7938,-3180,4829,-1920,-708,844
30303,1462,-312,6732,874,1073,1213
30304,-7128,7165,58,1238,-716,1557
30305,6998,3199,-7049,-660,63,1315
30306,801,-3032,4526,-1369,-229,738
30307,5154,-4720,-3941,-1965,-406,199
30308,-4972,6667,3293,1793,-862,-685
30309,1684,-5033,-7666,-734,-1301,-367
30310,1056,-6885,-7971,1792,905,1466
30311,-1129,-2499,4811,-273,1880,1687
30312,3012,3241,4874,-1075,160,-1074
30313,4610,6915,-2740,-221,-678,-1926
30314,6672,559,4990,-1300,1156,1423
30315,685,-1049,-273,60,-1574,-194
30316,-7356,6810,2129,1249,1238,1208
30317,-7526,-1026,4372,1248,326,-979
30318,-2267,2070,4147,1146,996,-705
30319,4995,-6465,-4741,-23,176,-1883
30320,-5275,-7552,-640,1954,-1730,1048
30321,-1035,3691,3916,311,-1815,-188
30322,5649,-348,-7126,1783,-845,-366
30323,7393,-3304,-2843,-760,-294,1353
30324,-6054,5521,2581,-1464,308,480
30325,358,5481,-3816,-1306,-1099,169
30326,5177,4961,6682,661,-958,619
30327,5542,-2602,-4842,933,-198,-1321
30328,-7409,3489,-6071,760,-1460,512
30329,-7155,-1727,-7500,-908,1739,-1227
30330,1026,-7184,-3434,-844,931,91
30331,-1747,2829,-7696,1575,-1756,-1628
30332,-5676,6321,1710,-1544,-277,1089
30333,2473,5965,7216,659,1966,766
30334,-5030,5431,1242,881,-694,-610
30335,-626,6901,4376,-1546,-1341,1328
30336,-6862,1499,-2774,-351,-1014,-1308
30337,-5402,-7717,4045,-145,-362,-1821
30338,-1577,5430,3900,960,-27,-273
30339,7268,-2460,5805,-1022,-491,-1190
30340,-4042,2780,-3403,1162,-1825,-1213
30341,-6868,-2912,5787,1603,-816,1210
30342,-4510,7917,-6722,95,461,1068
30343,2781,214,343,-1987,-636,703
30344,-5075,6223,455,1614,-1695,-69
30345,5704,-697,-2319,59,-1563,-425
30346,-1289,-1424,5331,1304,-160,-331
30347,-7578,-4432,-5922,-1918,525,-1344
30348,7216,3337,4671,-1207,-1934,-1664
30349,7869,2648,-742,1500,1432,1160
30350,-7855,5081,-7828,-127,522,-1668
30351,-2381,1938,-6930,-1178,-419,1933
30352,5838,848,825,170,-755,-1689
30353,7070,-5504,-1969,806,1810,-360
30354,-1106,-4260,-5813,707,-355,938
30355,-1258,472,-5384,-1172,399,-684
30356,7965,-4660,7298,1389,1869,-1057
30357,1825,481,-7237,-491,-1850,1597
30358,3666,-7621,2960,-1342,1525,695
30359,-3408,2913,-5869,-1515,-580,1690
30360,-2150,4798,-164,-1223,0,628
30361,-4334,673,1486,489,1812,1273
30362,-5040,1524,3096,305,426,299
30363,-4010,-3003,-5911,-1201,-991,-125
30364,913,6268,-5113,-5,-702,-423
30365,-5218,-279,-7455,-1418,1499,277
30366,-2820,2996,3285,1290,-463,-38
30367,-2430,5819,6004,54,-44,1232
30368,6699,-3763,-2268,-1791,-575,1888
30369,7430,-1920,-5430,-675,824,-1041
30370,-4001,6105,-7663,1467,1830,-1432
30371,-3170,5208,-3425,1266,-724,446
30372,-1471,-6315,-6126,-1934,762,-1095
30373,5789,-3857,-965,-1811,1365,-1086
30374,-397,6392,-153,-1650,125,-417
30375,532,-5685,1405,66,282,8
30376,4882,3459,5601,1451,1863,-1787
30377,4508,-7674,5008,1245,-1152,-1615
30378,-3668,7758,-5837,-1782,833,238
30379,-6855,1306,3464,-1090,-1079,1422
30380,-2850,3615,-1916,-1234,584,379
30381,5114,-4538,3188,-1822,-1705,-1925
30382,4532,5993,-4031,-425,-741,-1236
30383,1505,2801,-7795,1688,1028,-1771
30384,3898,-7861,3809,1204,-1011,186
30385,-4979,7947,4477,-72,1344,-631
30386,-1852,6760,2163,235,1443,1819
30387,-76,6199,6008,-424,781,-473
30388,-835,-3484,-1318,-775,-553,-218
30389,4351,-2711,-1137,1423,407,382
30390,-2701,1097,-12,273,-1140,-1480
30391,-7392,3733,-3682,1782,84,-822
30392,-2757,-6709,-362,-904,1047,-877
30393,6947,-5919,-2861,794,388,565
30394,3659,-987,2947,-1526,-408,-1069
30395,7648,2078,2210,-340,214,-1411
30396,-5536,2162,-1317,538,561,1034
30397,-5447,2772,-4884,-1285,452,-1074
30398,6485,-1872,-572,785,-1188,1922
30399,-1705,-7734,-2066,-358,-849,-1612
30400,3302,-6320,4756,-512,1443,-92
30401,-5887,-5239,4650,-1744,-1697,-1762
30402,-5599,2519,-4692,380,-525,928
30403,3422,-617,5017,-1235,7,1326
30404,304,-4523,-764,128,-1579,151
30405,-4568,-6383,5758,478,-1541,1772
30406,-7038,-126,3304,520,1808,-1694
30407,15,6115,-1751,527,561,325
30408,-6352,-3580,-6376,-810,304,-1626
30409,-3175,1348,4378,162,1407,-578
30410,6230,-5536,-6713,-1293,1494,-1278
30411,-7120,7003,5658,1692,1853,239
30412,4447,7757,-222,995,860,-1949
30413,7981,2559,-6381,-758,-190,1522
30414,6034,-2754,930,289,-1955,88
30415,2061,-2642,-3067,589,-347,523
30416,-281,-1601,-3416,-1216,-705,1514
30417,6819,-1065,-3567,-832,148,-1983
30418,2646,3784,2650,1803,1574,-192
30419,5736,-4458,-4192,-1585,-566,-226
30420,-5794,-782,-3609,216,1158,901
30421,-852,-7142,-2942,-1877,1259,-840
30422,2886,5663,-4,-148,-368,98
30423,-7459,-5692,-7007,-181,-1195,-171
30424,-1342,3066,-5762,1584,-1136,1062
30425,-1336,-6306,-2132,-1899,-1777,1337
30426,-4678,2783,-408,977,978,-1024
30427,711,-5417,2729,-1620,-1200,-1165
30428,-465,-582,-5782,1730,1646,-1856
30429,1211,-3797,-1794,-1466,-338,824
30430,4115,3010,-7744,193,1315,-647
30431,-1987,46,-1344,-1411,818,-1275
30432,874,6675,6827,-738,1930,-1601
30433,1568,4233,1623,468,-1416,530
30434,-3683,4438,6567,323,-354,-1800
30435,7179,2895,-2121,1437,563,-1042
30436,-488,405,4541,1346,-926,-1362
30437,-1616,-3854,2990,-810,-1530,-1594
30438,4005,-2897,-2571,-570,1032,-1450
30439,2512,-5818,-2486,-1508,1846,-1456
30440,2189,-117,-7110,1150,328,1191
30441,6767,6412,-2716,954,529,717
30442,-693,-3650,-6103,-86,1340,-1856
30443,3767,2993,-5671,-630,1726,388
30444,1477,-566,-4344,351,-389,1558
30445,435,-5742,-6794,-1066,-647,1308
30446,-6078,-139,2318,-175,-383,-1468
30447,7110,-7767,-5920,433,-73,-370
30448,2002,6879,-1364,489,1545,1393
30449,-5483,-2239,3140,1375,-1615,1202
30450,-656,-3003,-382,446,-1861,814
30451,6117,-4140,-2421,-160,-1429,-1509
30452,-6630,6538,2829,-113,-529,-821
30453,4425,2237,-6918,-1696,-147,1396
30454,4262,-885,6802,677,-870,511
30455,3502,-3136,2908,-1778,1077,550
30456,-3320,-3096,3528,1507,1034,561
30457,-6883,-1368,4615,-451,-1547,591
30458,-1086,5084,4368,309,-1078,575
30459,7057,636,-5932,-75,-1021,-921
30460,-6241,3939,-4730,-1028,-89,284
30461,-4726,6645,256,-936,-1887,-1596
30462,3271,-5693,3208,1782,1448,1038
30463,-3907,2912,-256,-1328,144,-1580
30464,6966,-7602,-5136,-875,-715,-478
30465,335,3864,3581,-1221,-592,-1968
30466,1016,-5046,4720,1106,-1050,-485
30467,-2447,4245,-5327,1826,5,604
30468,329,-5962,1368,-1787,1362,1599
30469,-5670,-6740,4614,433,1716,1280
30470,3406,1867,7927,150,162,-1960
30471,-4801,-4301,-3074,-1308,-1455,1008
30472,6213,-1619,5280,-554,1345,1843
30473,2087,-991,7058,1388,1143,-1906
30474,-5955,-6690,4353,1421,1242,941
30475,2558,283,-5063,-967,1605,-167
30476,-2843,3729,2369,-1759,448,-170
30477,-3729,2028,4553,-1159,1085,1147
30478,988,-4368,1478,-1504,-898,-1986
30479,1258,-2127,2867,633,-410,-164
30480,-3786,-5673,-2912,1421,-1628,792
30481,-7012,234,-6500,313,263,1584
30482,5226,3848,2027,1092,-1508,-1079
30483,5283,374,-4114,40,-1963,-1337
30484,-1711,4750,-7941,-1668,-129,-736
30485,-6515,-6500,-7517,-1531,1681,-1274
30486,-3176,-2598,7840,-728,1012,-420
30487,2650,4102,-1126,1393,186,-1480
30488,-7742,-2543,7428,-457,-1998,-1368
30489,2089,3896,3978,840,-1098,1899
30490,7567,-3529,-4517,1219,160,-255
30491,-5155,6781,6378,-766,-1190,-731
30492,7625,-1405,1102,-208,-379,-1212
30493,5014,6053,-5765,-134,773,-1140
30494,2161,-7574,5090,-1228,1926,1367
30495,-2828,-5415,5838,-218,-1997,-223
30496,4181,-27,-7245,194,-1332,704
30497,-3067,5904,2977,1464,-9,592
30498,-2409,-4375,-2519,-1314,-996,1574
30499,6384,3358,4028,1824,1915,1866
30500,4774,6907,6301,-846,1531,-645
30501,5703,-1998,3078,576,194,568
30502,-1458,1976,1104,1676,-1100,-982
30503,-6066,1768,-472,146,-1309,-1551
30504,5984,5896,-885,1948,503,114
30505,2247,2400,6464,-1422,1796,644
30506,-3329,-5104,-1027,1866,56,1504
30507,3562,7877,-2020,1519,1357,-189
30508,3299,7086,6226,522,-1060,-774
30509,7236,-3189,3450,-121,-1346,1888
30510,-6778,-5564,-4612,1249,1293,-1612
30511,3258,-2652,3212,-1639,-1624,1233
30512,772,-2876,2967,1150,-1244,-199
30513,1207,2476,3987,-976,-1086,742
30514,5354,-3923,6519,-1226,-1027,-912
30515,5394,1827,1755,1344,1836,-308
30516,-4385,4259,3631,-1230,777,-1592
30517,-7355,3406,7094,-1982,1948,807
30518,-3906,4994,7381,-220,-1201,-421
30519,782,-3330,2924,746,1823,-1517
30520,7221,-3026,7496,881,-1466,-473
30521,-7337,-3119,2362,323,676,1378
30522,-6458,1114,-421,1384,-1014,-1705
30523,7070,6179,6547,-1042,-1170,-536
30524,-3861,1188,-240,-959,-1899,-1081
30525,3759,29,-560,-1749,1375,-867
30526,-203,2077,-5770,-777,1542,-934
30527,-834,-5239,6010,463,272,1538
30528,7602,1598,7620,1202,1384,580
30529,4379,3288,6022,-317,877,923
30530,1155,-6325,-2557,1570,-95,-1597
30531,2578,-4159,6087,465,107,-135
30532,3765,-3026,3438,1141,1868,-478
30533,2185,-5536,-3397,-1586,1341,-1960
30534,7238,-584,-6574,650,1615,560
30535,-7612,6238,6010,1473,-712,-221
30536,-3014,2229,-1544,1505,1599,1619
30537,-3449,4866,5613,1288,987,202
30538,-5250,6085,2605,-704,1899,581
30539,5863,3621,1352,1694,1145,-689
30540,376,-3367,2333,33,-1685,-135
30541,4112,-7798,6180,1845,811,774
30542,2009,-5934,5488,641,165,857
30543,4380,-5883,7113,1701,1500,-1781
30544,-2460,-6661,6945,1666,-284,1843
30545,1561,3969,-2158,559,1087,541
30546,-1075,-5555,-1552,1511,327,-400
30547,5472,7686,7625,1107,158,421
30548,5454,2197,6446,50,283,-1351
30549,4655,5299,-6602,-1103,1663,-1413
30550,6709,-726,-2453,-104,1178,-1219
30551,-1577,-919,6358,1407,-1116,-1825
30552,-4107,1716,5283,1477,-1119,697
30553,3017,7903,-5336,756,128,-313
30554,221,-5352,-5520,1834,549,399
30555,-4081,2517,-2253,1176,-218,-1725
30556,5886,-3686,-2729,-559,-996,1221
30557,1280,4078,718,-1286,211,-263
30558,-761,1192,-3842,-1520,-1950,1690
30559,-5660,-3173,585,1445,630,149
30560,5976,-1926,-4051,917,-483,1068
30561,5865,-6368,3989,1240,1121,1477
30562,4445,-7686,5320,-387,-606,-1710
30563,2165,3189,6698,339,1430,206
30564,-4854,3670,-1768,-25,-2000,-61
30565,-889,-2653,-3544,-1608,1281,-312
30566,6240,-2845,-6035,-1472,-259,109
30567,-4473,4921,-4556,-883,90,795
30568,-2170,3008,-358,-487,1598,-288
30569,-6686,641,-5348,1158,1920,614
30570,-4343,-2957,6207,426,270,1631
30571,-7348,3753,7182,-1252,-907,-1536
30572,5250,-569,128,-1997,-1288,1212
30573,6963,-7279,5140,-745,1577,-355
30574,-2169,739,-1529,-110,-413,582
30575,-147,-4456,-1390,-138,1139,102
30576,1721,-5547,4181,-191,791,152
30577,-4209,-3197,-1591,1572,-1244,-4
30578,-3761,-4278,-4117,1015,-634,-1909
30579,-1219,-2794,-859,15,-359,-1899
30580,-3363,-3884,-653,860,-1143,-362
30581,-1990,5909,4344,1264,-705,555
30582,4763,2979,-5634,46,-1805,-1999
30583,6300,3278,-2436,1727,-291,494
30584,2662,-6441,6392,-181,-1040,1159
30585,6901,6841,5576,1144,1179,259
30586,-6950,7307,-667,344,-83,-1128
30587,1924,7948,-7174,1399,1969,771
30588,-1015,-7948,3718,674,-274,1110
30589,-6032,1001,-2825,1205,781,410
30590,1987,5022,-6270,1396,-268,1030
30591,-4567,-2915,3818,-695,-1767,1866
30592,-6126,4249,-2542,-717,912,-1305
30593,4618,-1597,1329,687,839,-670
30594,-5692,-2143,6857,-1592,283,-684
30595,-6202,2980,-3288,-670,-710,1122
30596,2107,-3994,-5087,640,541,-1602
30597,-5948,5710,5604,-1114,-856,-225
30598,2239,7845,4084,-1870,187,770
30599,6059,2524,-5847,1882,-1649,403
30600,-8000,-3762,-331,-978,1031,-1361
30601,2582,-6214,7259,-138,-1823,-803
30602,579,-3093,2040,1167,-1535,112
30603,1214,-5284,-7490,1598,-1574,1868
30604,-194,7561,7409,1445,-588,984
30605,-98,1188,6629,1760,-1984,-1408
30606,-4813,-2169,-1767,905,1252,1697
30607,3135,-6858,7644,1620,-1208,-1462
30608,-6303,4200,-3602,781,324,-1952
30609,5997,-3017,-2176,1948,-350,-986
30610,-4261,1368,-3622,332,657,-256
30611,4749,963,7529,1244,1441,-100
30612,7517,1864,-5775,59,778,126
30613,-268,6528,2665,-1691,-1058,1685
30614,-4374,-220,1297,-1838,682,906
30615,7264,1457,-6154,-1084,144,660
30616,5208,4608,-7069,403,1289,1274
30617,-3756,-2530,-5228,1443,421,-1133
30618,2851,-2840,-4729,-1548,-1410,150
30619,-2422,6811,3143,1633,-1661,336
30620,17,1623,-6162,-569,1796,-172
30621,-6365,2639,-550,-266,-1299,-653
30622,-1836,3003,1573,-1323,-965,332
30623,564,3026,-1476,-983,-1468,1626
30624,1528,-1192,4930,1566,-964,-180
30625,7170,-6037,56,-1203,-228,1792
30626,-7067,-4213,6217,1390,1715,1695
30627,-292,7808,1352,1026,398,1512
30628,7940,-3980,-7473,-746,1292,-484
30629,214,-4513,4990,-1358,700,-1338
30630,-2847,-5070,1529,1886,-1732,942
30631,-4090,-5621,-5995,356,-1075,-1525
30632,-4172,-3468,-4806,-292,-1841,377
30633,-7756,871,-6408,-1708,155,-727
30634,-329,2557,-7057,1574,-415,-1157
30635,-7015,-1475,838,-126,539,-1182
30636,-4010,-5233,-6891,-368,865,-659
30637,6991,-2713,5817,-808,-1626,-1056
30638,2974,-1810,996,-675,-385,52
30639,-3427,-7044,5837,1016,495,-326
30640,3173,6240,841,809,884,-1088
30641,112,6947,-4146,-75,1810,1690
30642,-7205,5865,-3151,1654,306,312
30643,-12,-6290,3316,72,-1261,-255
30644,-2502,-5681,1859,-1024,-668,1548
30645,-3458,5400,-7699,1023,398,-1108
30646,-6970,3956,2998,1187,1595,1622
30647,760,547,-3335,649,1436,-150
30648,3854,-2640,-4174,607,-1672,406
30649,6221,-510,-4117,-301,173,-1695
30650,-6465,5031,6630,1267,276,1647
30651,-4622,5989,-7195,713,392,903
30652,1348,3635,2862,-1406,-1911,-1466
30653,5201,3149,-5512,927,213,-801
30654,-4949,2151,3650,555,-1694,1843
30655,-3198,1329,-3214,-710,-1051,-1731
30656,-879,5440,-5014,667,1094,-1674
30657,-5051,416,-7274,-837,-1691,89
30658,-3010,2722,5463,515,237,-801
30659,-5602,799,4441,-744,1774,1406
30660,320,-437,6906,-366,-1568,-382
30661,-4995,2260,5936,-824,-546,-98
30662,3352,7209,1058,1259,1549,-888
30663,3448,-7970,5350,1864,-39,242
30664,5385,3790,7213,216,130,467
30665,-3962,4286,792,701,1856,-528
30666,-1673,5891,-49,-869,849,1319
30667,-278,-7653,663,-1289,237,1615
30668,4618,-433,5625,771,233,324
30669,-5911,338,3757,840,-1241,136
30670,6368,-1832,3885,1785,-1112,1144
30671,703,3839,1739,-779,838,-1637
30672,7968,-71,3297,662,-1803,1614
30673,4363,-3874,3218,-695,-300,1664
30674,-801,2925,4830,1266,-1134,283
30675,2199,-2129,7555,-1607,1188,1147
30676,-7820,2919,7669,1202,-35,-725
30677,2543,-3789,7607,148,-683,-353
30678,-5033,4846,7374,-32,1171,1414
30679,1844,4460,7422,-1756,-843,828
30680,-401,3723,2396,-323,1397,1263
30681,-3396,3529,-7047,-988,-1780,1828
30682,-3519,980,5556,1534,1550,1522
30683,3926,-3593,1059,126,-1054,1396
30684,-4340,7252,-6019,-1812,-1223,1200
30685,3679,-5855,3563,266,1165,986
30686,-5141,7163,7239,-1769,-1035,1315
30687,-940,6273,6414,638,1324,-1803
30688,7112,-6523,-7200,-678,-1417,374
30689,1889,350,6263,-630,331,853
30690,-6468,-3436,-6494,-956,969,1377
30691,5238,-3630,5156,336,1358,-821
30692,-2355,-7636,6580,740,-1885,-1996
30693,1726,6290,6263,1842,1794,622
30694,-4008,-3092,6913,1303,-1435,-1821
30695,4824,-72,-2716,599,1237,1067
30696,-750,554,3101,702,182,-1976
30697,2998,5832,2607,-663,-280,1496
30698,5427,3128,4684,-1970,398,1756
30699,4695,6200,1194,1682,132,1815
30700,-3043,3496,1188,617,-1130,-486
30701,-3148,3594,2815,1195,-633,-1808
30702,-7225,-3496,-2348,-1495,-1879,-340
30703,-5605,466,-6995,-1389,365,-1277
30704,816,-5257,-3222,-963,1059,-926
30705,6543,-3509,7724,-1273,1677,-709
30706,1558,6738,2653,-1315,-879,-1178
30707,5772,1350,-2942,-520,388,-1880
30708,7606,5966,-3478,652,-1522,1644
30709,7731,-1679,-7376,706,-1287,-1216
30710,-632,277,-7268,-1688,-1410,-1250
30711,-5620,5901,-3120,368,-164,-538
30712,1126,-4061,-3568,-1110,-178,-463
30713,-1751,1125,0,722,1722,-1480
30714,-5445,1816,-2604,280,1271,792
30715,3699,-4663,-6453,48,-1165,1821
30716,1372,4161,-2114,-562,1901,1868
30717,-7904,-4027,1276,-145,-1800,276
30718,2858,7409,-2505,520,1114,-48
30719,3617,1593,-3599,-1917,1766,1015
30720,7534,7305,3523,-972,1200,1430
30721,3370,-6763,3983,-712,1598,1781
30722,-4609,3870,6801,-407,-1518,1743
30723,-2182,1972,-6509,1094,-190,1091
30724,7774,-4438,3360,-1178,1412,173
30725,4685,-475,6459,1934,1818,-1966
30726,-5693,1072,-2710,1920,1531,-42
30727,-5373,-4234,-5358,974,829,-444
30728,4696,3172,29,-1414,-1009,149
30729,7445,-6144,6377,-911,698,1091
30730,-3071,-5780,-2506,-221,1971,-704
30731,-5209,983,5182,1028,-1558,-771
30732,7615,-5223,-930,-713,1243,1108
30733,1004,-852,-5471,833,645,1397
30734,-1249,-3856,577,-1148,-543,443
30735,4536,4851,6641,-1861,-440,1758
30736,-1938,3141,6433,1811,1843,-1990
30737,706,1395,7801,1827,-1703,-1281
30738,-7836,6433,-7130,158,1376,667
30739,-2757,-3677,7312,-521,1093,-187
30740,-6097,-4335,5934,-1901,-1857,-417
30741,1809,-2610,-2908,-1251,1158,540
30742,5105,6947,1192,1264,-1330,-771
30743,-4480,-4402,6401,-1475,497,967
30744,-988,5386,3064,491,1565,1567
30745,-5501,480,3807,-1533,872,-1187
30746,-1232,-5101,5701,-1223,-500,-585
30747,-1817,6157,6440,-1357,-1602,-1683
30748,3534,-4128,7992,1348,-1526,-1169
30749,5686,-3528,2184,1453,-531,128
30750,5829,-5564,-7585,910,-988,-750
30751,6199,1092,770,-969,567,-1576
30752,6444,-932,-4494,1768,534,-1293
30753,1579,-1213,6217,248,-1597,-1984
30754,6352,6215,-7368,884,-740,1052
30755,-2867,7741,7084,141,-1154,-394
30756,4944,-4122,3466,-1481,-1096,-381
30757,219,-1454,7017,547,1292,403
30758,3911,6657,-3698,-516,1688,-1481
30759,4078,4420,-1531,1652,440,-1622
30760,-693,7805,6822,-136,1468,829
30761,-5020,3288,-3638,-138,997,564
30762,7621,-2715,485,-178,1257,-1954
30763,6377,7323,-7242,-39,824,-1868
30764,-1473,-4912,6907,1189,-1109,-1294
30765,-3795,5496,-4701,-1256,1465,248
30766,-6789,888,-7462,942,412,-5
30767,-7966,6963,1218,-1581,649,1632
30768,-7637,7509,1719,-1804,301,-1050
30769,-367,5324,5377,276,-1401,806
30770,5390,6540,-376,1425,-1868,-1094
30771,-1906,-2904,7680,1985,1466,-495
30772,531,-6006,92,-1163,-1418,1294
30773,-334,-3169,2591,1900,-1604,993
30774,4987,-7873,1866,-140,764,1698
30775,-6690,-759,5300,1552,1615,1787
30776,-590,6417,2533,567,-217,-434
30777,-2225,-7805,4912,474,-1092,-954
30778,-7142,-1571,-5490,-1992,932,605
30779,-6126,3429,608,254,1214,867
30780,3172,2245,-525,-1469,114,105
30781,3578,2710,7878,-324,-751,135
30782,3387,-73,6881,1414,-521,98
30783,-4173,6944,3624,-1660,401,1072
30784,-4351,-7987,1982,1820,-761,-1263
30785,-6986,4841,4464,-517,-1847,311
30786,-4526,2546,-625,78,615,456
30787,3018,-7062,-532,1720,-414,-281
30788,-5395,-2189,-7557,-715,-1016,-834
30789,-6353,-2278,-3986,-600,-741,-785
30790,513,-6794,-3291,-487,-1001,-1732
30791,7766,7653,3438,1687,-1727,-685
30792,-3302,3017,-5853,-1977,958,-988
30793,1426,-7283,2748,1012,-1518,-1697
30794,722,-742,-4703,729,-732,1325
30795,2782,2432,-2716,-693,-1496,-400
30796,4701,-6265,3999,1595,-1870,1628
30797,6090,-1586,5449,-318,340,1055
30798,-3417,132,6056,241,-1425,193
30799,-739,2408,6676,-645,1650,-45
30800,-6311,-4866,1498,-1166,-1126,1723
30801,-5609,329,7054,810,-845,-1188
30802,-3206,-6277,4990,134,-928,-265
30803,-487,-1148,-687,-513,-1638,1178
30804,1589,-373,3041,1586,-207,836
30805,-955,-3239,492,1777,-979,1317
30806,6054,-4724,995,-1965,1328,1795
30807,-7215,2697,-7722,-728,1143,30
30808,6462,-50,-2080,-1494,-612,-1909
30809,7907,-2669,-157,-302,25,396
30810,4306,1229,-3814,627,-1270,-1351
30811,92,-7895,-354,571,-1466,-189
30812,-6056,4051,-312,1018,-1407,1905
30813,4567,-5425,-3023,-401,380,463
30814,-2617,7810,-2761,-1473,1598,-1782
30815,1230,1050,-1072,-595,-402,669
30816,1408,5980,-4512,1521,-1754,1141
30817,-639,5144,-1743,1808,1407,1290
30818,-1068,7896,-4428,1021,785,1571
30819,-201,3185,-7163,-756,1114,-1383
30820,5292,-4345,-6615,-1631,734,1214
30821,1690,-7981,-5184,1603,519,586
30822,1335,6101,-2252,-1341,-1135,868
30823,7216,-3864,-872,-535,-1936,1800
30824,-4427,-3977,6883,-1433,-776,335
30825,-5605,-74,3982,325,-1731,907
30826,-515,-704,2884,1612,887,1625
30827,6316,-5317,1185,1049,-1646,135
30828,5094,5878,7111,-1331,-1307,1137
30829,3704,-529,1733,-1090,-655,1933
30830,-3060,1325,-5764,-1275,-1989,-1876
30831,1183,3410,-2028,-1424,-1101,-148
30832,-3494,-3314,-4345,-499,77,1770
30833,-5822,2746,3773,-54,1991,-112
30834,1104,481,66,-596,-1827,55
30835,-7121,-5465,6715,-267,-1217,-523
30836,1112,1907,6117,-21,-1689,1958
30837,2054,5515,3324,-167,1943,-1232
30838,-2788,-531,1610,1901,-654,687
30839,-1457,4646,-4224,-577,-1887,-518
30840,3822,-5178,-3613,-10,-412,1896
30841,4111,1216,-2227,-1625,1799,-1983
30842,-7778,4018,3609,-1709,-1569,-1487
30843,-2924,-1662,5557,529,-1402,1836
30844,752,6052,-4645,1777,926,-200
30845,750,3146,-6156,-1298,-232,1504
30846,3088,5545,-6165,725,269,1440
30847,-4955,-5481,284,-379,339,1362
30848,4938,-5356,2333,1473,549,-49
30849,-7093,-4778,-3005,1558,1813,-688
30850,-5364,-3135,1916,715,250,1286
30851,530,-4596,2939,-906,1389,-732
30852,7954,549,1324,-335,-1154,701
30853,-3738,-5115,5433,-914,-47,1783
30854,7521,2130,1562,1589,-1074,-213
30855,55,6112,6263,947,-89,1374
30856,4600,-7184,3647,-492,-895,-1815
30857,-6520,4513,-2783,116,-1769,713
30858,4367,-4058,-1608,-589,1568,1951
30859,1043,4586,918,-781,1568,836
30860,-4825,2346,3507,-589,-21,-1670
30861,7529,665,-7123,-1607,-751,640
30862,-5238,3182,-133,1237,-1198,409
30863,-5965,-5053,-4646,-1356,1314,112
30864,3727,-1235,-658,-1368,139,1705
30865,-7523,-2390,3422,121,-4,483
30866,-3276,-1909,7782,560,-1338,-1332
30867,1824,2679,6395,-1959,-453,-1890
30868,2368,-6537,-1490,1957,957,525
30869,6415,5676,2927,509,-659,-1907
30870,-4611,-7449,-3318,-721,462,46
30871,7909,-1896,3853,-704,1984,729
30872,-1634,1644,-4153,-1855,536,-1368
30873,-388,-6492,-523,-1550,-781,-214
30874,6522,-4327,1611,1116,-1681,1213
30875,7912,4755,5042,-235,-519,-466
30876,7912,-881,1508,1796,1246,-1949
30877,1708,1032,-3197,544,1968,1346
30878,-4516,-717,-1220,74,-1085,18
30879,1033,867,-1418,1740,-1567,216
30880,4205,2582,6666,1406,1317,-1421
30881,5753,5604,-6716,1959,-457,-169
30882,4345,-4136,-723,-1416,-416,394
30883,-374,-1804,3551,-1711,922,-1629
30884,2597,5270,6250,-1511,1115,-1540
30885,-6886,5557,77,413,1341,-514
30886,-3016,6647,-5178,1987,1328,-618
30887,-1934,-754,-861,-636,-1338,1970
30888,4184,-2236,-2052,564,310,485
30889,5997,643,-6290,572,-1384,1308
30890,-5157,4830,-5957,1826,-307,490
30891,1816,4152,-6618,-247,-83,1891
30892,401,4700,1011,684,1808,296
30893,1269,-2887,-2862,-429,-887,-702
30894,-1882,-344,-645,201,-50,-745
30895,5066,3676,1703,1373,1510,-209
30896,-672,2683,381,-454,1747,-683
30897,3889,-1251,2745,-313,-1156,-22
30898,6776,-2458,3382,-906,-278,827
30899,-6605,-6476,6367,-1845,-676,120
30900,3316,-2412,7898,1952,1761,1742
30901,-1925,6270,982,834,-1265,-1980
30902,-5246,2536,-4256,98,-958,505
30903,-4678,867,-7815,-1412,-905,-230
30904,-7704,4825,-4018,-1429,1209,-176
30905,2520,3533,2048,407,1192,921
30906,2145,1188,3345,271,304,1411
30907,3341,7975,-46,1479,1993,-1529
30908,36,-2231,-5600,-686,48,-106
30909,-3588,5042,-4651,-1616,554,-564
30910,3878,-824,-5973,-408,167,1441
30911,2429,1384,-1684,-407,168,-1787
30912,6204,-7793,4499,851,-1867,1818
30913,-318,916,-4631,1527,1339,-1549
30914,-991,3515,140,269,580,-1577
30915,6453,46,7920,1502,845,-1156
30916,84,4347,3820,-644,-1653,685
30917,2128,7746,3601,1224,-671,-1516
30918,-6607,-1313,4034,-1584,-177,1961
30919,-1957,-7495,4615,1089,1925,-1018
30920,-5863,6719,-3948,-850,-667,1797
30921,491,-7889,1931,-1776,-1217,716
30922,4547,-6369,-7926,-213,1624,1287
30923,-2017,-5544,5086,-272,1606,796
30924,-2310,3140,-1479,758,-839,1800
30925,-7580,-5449,5755,905,411,239
30926,426,2540,1870,-975,-490,-445
30927,2879,3761,-3531,1822,1718,-979
30928,-3977,7117,-6340,1400,375,-220
30929,-4375,-2940,-5246,-629,-578,1388
30930,-3340,2418,-2424,1,1058,-1566
30931,-5811,-1106,444,-148,-1306,-1909
30932,4523,4641,-921,1289,1942,-1455
30933,5455,5497,-4113,-1119,-1379,567
30934,5602,6055,-6919,933,970,-984
30935,-4355,324,3800,1296,265,298
30936,4456,918,-994,-697,-820,1550
30937,322,-736,7985,1543,1770,265
30938,5263,7033,3175,208,1803,949
30939,4669,958,-2774,310,-64,408
30940,-5382,-5587,-6252,-146,969,650
30941,-1381,-1159,-1703,1287,-63,664
30942,4001,-1705,-6515,-1145,958,-1503
30943,498,5241,-3945,962,-1571,848
30944,-2669,7966,-6980,1312,642,1110
30945,7035,-6103,-1668,-1491,-856,707
30946,800,-860,-3483,-301,3,1933
30947,123,-4184,-7311,969,1889,-1010
30948,4483,3149,-5246,-702,-930,219
30949,-4202,-298,-6769,1000,-1616,-964
30950,4861,6801,-2244,1763,-1151,1940
30951,7756,3416,-809,1591,-975,732
30952,-6938,1267,2175,1531,-1120,1293
30953,-7661,-3571,4344,-234,-711,450
30954,-6287,7199,5183,914,638,-720
30955,-5207,-1257,-316,-406,-1326,1568
30956,-4203,-1017,3199,1060,-510,1701
30957,-2132,979,-4635,-96,734,1848
30958,7004,3601,838,-1794,-42,272
30959,-5514,1188,-2126,1295,-394,914
30960,-7037,-5698,-1832,-1450,956,-1863
30961,-2529,-2939,5297,-103,-232,-1275
30962,-899,-3958,-4897,-1917,-1119,-1396
30963,4292,6346,4796,-681,-1078,193
30964,491,-586,4887,-617,1268,-184
30965,-1952,-4043,4482,-1752,-905,916
30966,1614,621,-101,-1148,1374,1459
30967,4345,-280,-6869,1904,981,261
30968,-1935,6572,-2272,-377,819,-839
30969,-5773,7010,-1444,1211,-61,210
30970,-7812,-1169,-6490,-1674,1765,414
30971,145,247,-2350,-961,-1288,-1672
30972,3972,-2355,-5302,1327,986,817
30973,-3958,3794,-7848,1145,-179,-463
30974,632,-7248,5161,1977,-595,1993
30975,2269,4602,-6966,931,-101,-137
30976,-2289,4089,1986,882,1740,241
30977,6992,-2571,-2136,-1788,-112,-252
30978,5298,4257,4350,124,1123,1448
30979,-3918,-6884,-1772,214,-627,444
30980,-1117,1094,4470,1725,329,1268
30981,2173,-6784,1381,-1703,1189,-851
30982,-5378,3087,-778,1599,-423,-1621
30983,6421,3222,5585,-758,1648,-319
30984,-599,576,-2841,1181,1089,-642
30985,-1857,-3705,1008,-1850,-477,-1497
30986,6098,-1619,3005,950,1527,-527
30987,3602,3832,-7326,988,-96,-1966
30988,-3588,938,3297,-1478,460,1279
30989,1885,949,4160,1571,562,-1372
30990,3675,-3184,7130,661,792,432
30991,6220,360,5255,-990,1755,-1470
30992,432,-4836,-6066,1703,312,-1
30993,2061,6525,3874,1625,-581,488
30994,-2613,4884,-7074,-1612,-1418,-140
30995,-2839,986,-4440,1145,1626,-1206
30996,2014,-5961,5796,724,484,1869
30997,6428,5765,-6611,237,791,-1220
30998,-6535,-5086,-6715,-1589,1287,-1731
30999,-4203,713,-4280,-374,1777,-1502
31000,-3513,-7170,2453,1718,-249,-1631
31001,661,-5387,-6294,1752,-991,-1542
31002,6624,1868,-4182,-364,103,-1271
31003,-4451,-3027,5563,-1478,1731,-1819
31004,-6850,-2242,7161,118,866,1870
31005,-3610,6249,-1375,-86,-1105,-1129
31006,341,-5032,-5061,1622,1772,1547
31007,-4847,-4540,3775,-1645,1550,691
31008,1879,2174,-1174,1946,-595,516
31009,-2717,7879,-6340,-199,874,-1945
31010,3478,-3448,7205,1709,-1794,-356
31011,-2806,-2514,-6558,-1274,1240,603
31012,-3128,4803,2253,1274,101,-259
31013,7102,1814,-6533,1063,1396,-239
31014,7266,5874,-1846,-1604,192,-248
31015,7370,4429,-2742,1796,-1214,812
31016,-4858,-1579,2650,68,-1507,-1439
31017,6509,-6764,-6438,1954,817,1314
31018,4282,178,3882,-326,-1160,-497
31019,25,-2128,7805,-1791,1733,-1925
31020,7940,6323,-3810,-420,27,485
31021,-7720,-1919,3226,281,529,321
31022,-5252,4452,-3673,-375,-920,229
31023,4577,6610,4186,-715,-344,-689
31024,-4130,1013,-4900,-1315,994,-1449
31025,-1177,1001,2280,672,-1927,-567
31026,4504,-6689,7332,1480,-756,214
31027,6141,-678,-2445,-375,1886,-1954
31028,1890,-6507,5993,-1823,1129,-1430
31029,6145,-3884,-7625,-1840,-1402,-23
31030,269,-4200,-4440,156,-1563,-1142
31031,3733,-4411,5287,1165,-195,1010
31032,3172,5927,-4480,617,-843,1341
31033,2655,7879,-7527,1884,1824,-188
31034,743,-3590,-5209,-83,220,-1599
31035,4495,-6755,2187,740,1794,-1707
31036,4399,2814,-5342,498,-1893,1969
31037,1283,7757,4925,-934,1060,-1416
31038,-2242,-1733,718,-1123,-1383,-1466
31039,-3551,-6611,-7134,-299,-451,-1932
31040,-3235,810,7304,-1160,167,1677
31041,-58,-3201,5663,-440,-1766,-1963
31042,2492,-4452,-774,-174,1414,1527
31043,5276,6089,-2222,345,-1176,1306
31044,-7590,1249,-319,-1359,653,-1615
31045,-3533,3253,-3215,-162,162,-1934
31046,3819,3356,3472,-955,-1786,476
31047,6238,-6659,-5808,822,-795,-716
31048,5388,7338,4837,1749,-986,-1581
31049,5670,6410,2482,-728,-1990,-1451
31050,-1496,-6499,-2407,-966,-291,305
31051,5246,-4084,-5188,1383,-1307,3
31052,-5183,-7310,4347,-1201,-229,24
31053,-4925,2100,777,-962,1062,-734
31054,1005,-6615,2777,-798,1022,953
31055,-6145,-6895,4472,-620,-409,1220
31056,1705,6821,2638,-822,-838,-781
31057,3548,7632,7561,-1495,-1761,690
31058,4587,1406,-4614,-268,878,-733
31059,3732,6698,-2044,-1102,-1258,1104
31060,7078,7007,3700,477,-504,1861
31061,842,1924,-1907,30,-510,680
31062,4660,-6620,-1544,-879,472,-15
31063,-6305,1098,2511,-1110,1649,-759
31064,-446,1193,-1131,1906,1034,-1633
31065,1098,4325,1440,861,-1314,-1101
31066,6379,1104,5707,362,-135,-221
31067,-721,-5575,7966,1126,-564,-1947
31068,-7411,-4918,4566,199,368,1198
31069,1474,556,-6215,-1691,1732,454
31070,-6468,2466,-7245,19,958,1066
31071,3771,6854,1279,914,-1862,1153
31072,-1952,6935,6217,-21,1383,-1713
31073,-3873,-6667,81,-582,736,1630
31074,-7078,5771,4768,708,896,1202
31075,-2703,-2828,-2059,220,1203,-1158
31076,2260,3619,-1770,1800,1689,363
31077,4650,4089,990,-750,52,-337
31078,-6427,-4815,4291,1753,835,-1040
31079,-6156,3873,792,418,1484,-880
31080,7875,5079,-3486,51,1787,-1310
31081,6698,3777,6306,1980,-183,624
31082,5667,-4960,-4224,1847,-1552,232
31083,-6057,-3336,-1654,246,-1472,1211
31084,6614,-1899,-1430,-1443,-578,-233
31085,-880,-6912,-397,-948,1560,777
31086,-3500,5462,5937,-270,-638,102
31087,-7759,-893,-5634,-1221,-1059,1280
31088,6700,-841,-1905,1524,1528,1738
31089,5404,-7307,2678,1343,-1530,439
31090,-6648,2835,2015,-733,1399,1746
31091,-6540,-1754,4441,-477,-1158,1523
31092,3438,2616,-1766,1799,-488,843
31093,-4291,-6106,7511,1144,-1231,1083
31094,-1003,-1913,-6363,1802,14,1474
31095,-2211,623,-3857,897,-1375,-701
31096,4774,7526,7458,-1083,-1724,606
31097,1540,-1089,-5546,-1755,-1133,-1329
31098,-5507,1894,5775,-1484,1140,-383
31099,2534,-1229,-6643,-1539,-1891,1556
31100,3923,-3043,-2185,-1082,1563,1124
31101,7249,-635,-7929,1942,-1689,-1494
31102,2462,4526,-6908,-220,-492,-1535
31103,-7962,-7157,6969,795,201,-1659
31104,-6755,1069,6913,-1382,-476,-1179
31105,5689,-2864,-2818,186,-1630,-1887
31106,7470,1044,-260,-783,-1913,712
31107,4722,2508,4302,490,740,-1471
31108,-5298,6097,1590,1210,-1779,1824
31109,5279,2744,-6126,1324,1534,279
31110,6629,3103,6221,1863,-1900,-1867
31111,4212,-976,-7361,724,-1679,36
31112,-6828,-553,-6633,359,-282,-695
31113,-4928,7388,5401,-507,556,-1958
31114,-5578,6952,-4758,1578,-285,-375
31115,-169,-1187,-1500,-1560,590,1485
31116,-7568,641,3659,234,-1031,-20
31117,-2958,-2774,-2475,-527,-848,1458
31118,-5520,5216,-4452,-1608,-1955,-309
31119,5063,3922,55,-309,1688,1287
31120,-4510,-4139,2478,54,1459,-199
31121,-5549,3293,-5974,1209,-626,-639
31122,-6887,5559,3226,1061,140,1846
31123,-4491,-5596,-4262,-645,1360,-1245
31124,4443,7315,-4372,-1887,635,-1420
31125,4167,4612,-5986,-1960,1656,1174
31126,1865,-5313,-7010,-1428,1291,1785
31127,356,4830,-4635,611,-1479,-1814
31128,4715,-1590,-4377,236,-1302,1490
31129,-5284,1746,673,-755,1089,-1494
31130,-750,-7264,-1927,-305,1622,-1588
31131,3371,4925,2353,-1196,-1485,1625
31132,6365,3902,-3932,1300,-884,-193
31133,7943,1941,-4942,887,-23,1026
31134,4736,4589,5616,-1691,839,1675
31135,-2147,2745,-2081,1236,1029,-1899
31136,7648,-6955,448,1120,-929,-1383
31137,-6276,-4962,-810,1289,-1935,151
31138,7559,-3755,-1970,-629,-1525,-1149
31139,-2374,1312,-3435,-719,376,1665
31140,-1809,-4881,-1626,-693,1858,-187
31141,-1460,-2908,3347,-1280,916,1824
31142,-7842,7005,4190,650,-837,1876
31143,-6334,-7372,-1923,1406,63,1281
31144,-922,1198,4442,644,646,-1312
31145,-7083,3010,-5661,923,-647,1677
31146,4730,-5463,-7447,800,1059,-1668
31147,5910,-2081,-7682,-1289,-275,-690
31148,-2542,-2557,-976,-434,-954,-1026
31149,6235,-6514,-2076,1819,-1769,1386
31150,-7743,7826,-1417,-1157,-1326,790
31151,-4215,-5161,-5691,-1560,-1632,-977
31152,-1755,-7788,-3585,11,-1533,-110
31153,590,-1488,615,-1177,-1997,-1384
31154,-7859,-2504,4089,380,1610,331
31155,-1338,-5183,-5055,1746,317,209
31156,-3477,-3936,-5361,-1856,1799,921
31157,6620,-6253,7677,1581,1665,-1956
31158,-7503,-5004,3043,-756,-1608,254
31159,-1083,-1923,5582,-1033,1426,714
31160,-5887,7884,1417,-1957,-94,286
31161,3200,-1936,-4891,1454,1762,-1264
31162,-7816,-6012,-184,-208,-1227,1953
31163,1996,-5775,7624,-494,-1896,-1628
31164,-1363,5353,-3282,-745,-242,1262
31165,5717,-7319,-2765,581,1473,1235
31166,7183,-6389,-6841,-256,34,-1473
31167,4252,-4346,-977,86,-854,1115
31168,-4069,-4286,3074,-346,21,-492
31169,-5574,5307,-1695,371,342,668
31170,909,5599,1790,348,1368,-1334
31171,1355,7220,-2167,1482,1694,1942
31172,-2458,-7309,-7522,1846,-1776,1545
31173,1508,-5872,5759,-1037,-881,-1261
31174,4340,3142,3137,-348,-1048,958
31175,4290,5324,2851,1678,-228,-706
31176,-5165,7385,244,-785,1511,-1538
31177,148,2006,-3676,-469,-488,-446
31178,-3142,5322,-3053,1585,-1205,-872
31179,-1553,-3816,-20,-554,891,-191
31180,-1090,4810,7510,925,-701,1160
31181,-6999,3390,4053,1250,1162,1165
31182,2295,4145,7109,-1086,319,-901
31183,2344,-166,-6530,529,-1770,675
31184,353,7086,-4106,276,-59,-1219
31185,5647,-2925,73,850,969,-53
31186,753,-4028,3772,-1931,-1040,-1489
31187,-996,5086,-6794,-1993,-928,1610
31188,-2263,-42,6278,-1179,-872,-1994
31189,-4956,3589,7685,-1488,1473,1476
31190,2471,-2459,6944,-1230,-746,-466
31191,1447,-163,-6122,618,1026,15
31192,3332,-3846,-4851,1755,1718,988
31193,-5,7755,131,1649,-1583,1765
31194,5102,6104,-4667,-434,955,-441
31195,-7964,-6059,-2729,-1623,1494,-809
31196,3830,7481,610,-1927,-1676,1428
31197,-1868,7230,-602,1246,-1787,-1341
31198,-1617,-2605,-6450,-1164,-316,1018
31199,-729,-6238,-2804,1006,108,1097
31200,6535,-5980,-3574,367,-1860,-432
31201,-2501,-5118,-7102,-1250,1428,667
31202,7952,-3651,987,-1075,-720,1297
31203,4423,-7502,6810,-979,1384,-1962
31204,-7790,5610,-4281,596,-1311,-689
31205,-4364,-1222,-2146,647,696,-158
31206,-2286,-5186,3284,1233,-283,-357
31207,5035,-6581,483,624,-1267,-5
31208,-1534,5058,-6165,-1592,397,844
31209,2712,2826,-6538,-692,-999,1704
31210,6177,3671,5201,-926,841,-123
31211,1178,-4863,4187,-215,-779,299
31212,5211,4639,-5401,459,694,-394
31213,-6256,6760,-1728,1352,639,-254
31214,-1050,-5075,4022,1082,1162,1437
31215,-5983,-5130,-2049,-1068,1760,-1409
31216,-2178,3986,-6654,-1446,1350,589
31217,3847,-7715,-5135,-1701,1637,-1175
31218,3880,-4791,-5711,377,726,-170
31219,7987,-4167,5366,1217,1177,19
31220,4846,-4255,-7534,1324,-951,-623
31221,3560,-4407,-5389,417,1372,-598
31222,-4801,5852,4192,-828,-1245,1071
31223,-4652,2190,5,-796,666,1657
31224,5425,4057,1570,1095,-1704,-15
31225,6055,6791,5327,1145,-1872,1942
31226,-157,4330,-172,-1939,1123,70
31227,2644,-5333,870,1811,1362,247
31228,-4911,3710,7737,-399,-1141,-1575
31229,5760,-4300,4635,-718,-612,-1821
31230,-1317,3312,-3653,-1945,-907,-819
31231,-588,-193,491,1592,-1111,387
31232,-7022,3882,-352,651,1225,-486
31233,-3232,-2914,-1830,738,-1566,1964
31234,2396,7802,-2045,-1176,5,191
31235,-1298,3807,3640,449,-176,-1164
31236,4406,5266,-6768,1212,-1498,-861
31237,-3536,6895,-1582,-459,-367,-797
31238,1091,6451,-2154,1722,-1982,538
31239,7761,4364,7194,1882,544,531
31240,3769,-1691,-5677,-369,705,836
31241,3080,7817,2076,449,-1028,1833
31242,1681,-6425,1930,-1113,-1548,815
31243,-6472,6079,-2699,939,-1289,-1167
31244,1841,4211,500,1825,582,-409
31245,-7099,-3360,6516,-1682,147,-1098
31246,7234,-2114,-3373,-1103,-1871,-799
31247,-2629,-2939,364,1998,-1437,-1155
31248,1050,-968,1133,1093,1342,1516
31249,-964,6709,-712,1353,95,-886
31250,-7507,-5864,-5718,-1434,-878,1698
31251,-924,2937,-7916,1024,763,1160
31252,4908,612,-5106,-1085,369,-700
31253,2684,-181,-771,388,401,1838
31254,-868,-4972,984,1656,-1082,-1508
31255,-3666,-2826,4943,-1767,835,1942
31256,-4538,2995,-3671,1255,-2,-1161
31257,-2260,7059,-7823,-828,-1047,254
31258,2253,4426,-547,480,-1479,476
31259,115,-733,-1306,1629,-1998,1792
31260,-5520,-1870,-1828,-348,1755,686
31261,2116,-1059,-4070,1573,-1208,-345
31262,3241,-2789,-2758,-179,1384,98
31263,6797,-407,4647,722,-1278,949
31264,-4352,6620,-785,-582,1095,1738
31265,-5085,5739,-197,-1168,597,400
31266,-4233,2069,-127,-1440,1866,-466
31267,316,7903,7955,-59,-676,1942
31268,5468,13,7886,-1875,-24,912
31269,6618,7685,4304,1266,-780,210
31270,-6797,-544,-5578,-1581,322,-1930
31271,-4416,-1328,-3739,1688,-854,1919
31272,2706,-3433,-2580,-1453,-1673,-772
31273,7690,-30,4546,1826,1573,-648
31274,4263,-6629,1776,-376,-893,707
31275,-6323,-1500,-5223,1465,-81,-855
31276,-7883,967,-7283,1095,1553,1558
31277,7534,3088,2146,-1314,-523,787
31278,1246,6255,7204,1129,-1674,611
31279,7507,-2440,-2245,815,-1587,-1541
31280,-7448,-5938,6058,1965,-1557,1565
31281,5097,-2296,5847,600,-1586,19
31282,229,-1101,4857,1756,-859,-704
31283,5127,2353,-775,-223,1274,-152
31284,-5745,-212,7678,-1989,1617,1501
31285,-6665,-7493,1807,-525,60,-1257
31286,-1375,-4860,4306,-46,-129,-985
31287,4855,7611,-5646,846,-1575,694
31288,-6641,-2029,4726,63,937,1427
31289,-150,-3034,-7325,1457,-299,440
31290,1307,4567,-6338,-713,-588,-1477
31291,3948,1229,-4164,-1937,-1901,1403
31292,6985,-7368,-5851,-1034,-396,211
31293,-4723,100,2622,1990,-1467,263
31294,-1459,1542,-3798,1130,215,1914
31295,-2629,-6363,6979,-1509,1740,1138
31296,-4784,-5260,193,298,519,1257
31297,3062,-2931,5166,-430,-923,1096
31298,7942,2420,-7154,1473,-1639,236
31299,2290,-1956,1738,82,1230,1272
31300,5426,-4758,-6248,-1183,-1819,-1173
31301,1602,6863,349,-436,1044,-1160
31302,1073,-1199,-2190,1754,-61,-1621
31303,2601,3559,2456,76,304,930
31304,-6013,-3118,-5255,-578,1459,1590
31305,1517,-1187,-3166,-573,1997,12
31306,1629,-4539,-1156,1566,-684,1388
31307,-4930,-1856,-136,148,-1105,1185
31308,-2871,-3977,-995,994,1938,387
31309,7266,376,-2228,-1489,-938,-792
31310,-7986,1701,5560,-1073,338,-1926
31311,-3723,3770,3344,-1486,1838,1559
31312,-425,-3619,-1538,-1634,1580,1857
31313,-6685,-5228,3980,-29,1435,1042
31314,-331,1357,5026,-872,-581,-1053
31315,4394,-103,7925,-1186,1425,-1789
31316,1521,2601,5996,375,-976,1076
31317,-2281,4463,-1361,-1969,936,1431
31318,-7639,-7113,1041,156,-1945,-639
31319,-1221,6158,1201,477,1845,-1002
31320,-3013,-1479,-3194,434,-846,-1095
31321,1642,1830,27,-281,1298,-1424
31322,-673,-7145,-5264,-1222,-707,92
31323,-196,-1910,2857,702,-411,1425
31324,-5491,6290,7149,284,492,1875
31325,2159,-6692,7985,1179,748,-1642
31326,6797,5510,6568,208,1875,-204
31327,633,1811,3472,1921,-1307,1624
31328,-1153,1300,4091,1254,1570,1040
31329,7184,507,4544,-1821,-855,781
31330,-797,531,-4716,-780,-253,-352
31331,-7786,5381,761,1497,199,-1385
31332,-7502,2754,5811,1458,-330,717
31333,-3075,-6778,-2404,852,1529,632
31334,-159,-2487,-7943,848,245,-292
31335,891,6440,7850,-1492,1287,1020
31336,-1898,1794,4517,1197,-1895,1060
31337,-5584,5715,-28,-315,-410,891
31338,2668,3508,180,-1459,261,1640
31339,-1402,185,-2459,-340,-1977,393
31340,4460,-7324,7255,-813,468,-1522
31341,6909,5596,2347,-1407,-1159,-338
31342,-3296,6291,-773,468,949,1531
31343,363,692,7120,1373,1670,-1639
31344,6793,-4962,-1388,-1406,-1729,1924
31345,-4644,-137,-1318,-1464,1466,-1434
31346,3726,6253,-4146,-124,-1334,-509
31347,-4101,433,450,-1804,1109,1105
31348,-357,4682,4778,-1165,492,1810
31349,268,1844,4318,1867,656,307
31350,-1439,-4671,1027,68,1179,302
31351,-493,1726,252,512,-292,-1513
31352,2306,-995,1959,-318,938,-816
31353,-3954,5367,-4847,-1411,-907,-1360
31354,-419,5173,-2297,-255,-435,-65
31355,-2618,983,4957,-96,-1168,-1814
31356,-3096,5246,-2699,-1883,-124,1419
31357,2384,18,-525,-669,580,1858
31358,-5734,385,7993,13,1469,170
31359,-707,-2283,-4321,-389,1937,-31
31360,-2624,6241,-3705,855,383,-715
31361,-116,7679,-7047,-1193,-1752,-321
31362,-294,4659,2482,-1395,1068,-177
31363,3081,-6235,-2808,120,-30,-458
31364,-6256,4408,-7974,1175,-1251,-219
31365,-6346,-3195,-5607,866,1477,529
31366,3783,5121,5295,1326,1892,-670
31367,-6673,-4476,7701,1864,1080,86
31368,-6439,3818,-3571,1047,-165,938
31369,2171,-1916,-1590,1195,1738,1202
31370,3863,1409,-2183,-1633,686,-1639
31371,147,-3399,2779,575,1218,159
31372,-7692,-2298,6109,1609,-1552,764
31373,7650,4210,-3847,-1144,1148,1204
31374,-5829,2475,7381,-265,-160,-1388
31375,-5243,-1993,7315,1592,-1469,1660
31376,-4813,6067,-1642,-541,816,1937
31377,-7052,-6235,-996,647,409,1322
31378,7275,1791,7471,1614,-1162,1691
31379,-3201,6121,7571,-1438,1300,864
31380,-4272,-7169,2557,-428,287,-1699
31381,3161,1953,3126,1387,1875,634
31382,-965,3542,7303,-367,895,-1453
31383,-3816,-6133,-1098,-1934,20,-1220
31384,-5317,-7135,3418,-1693,1073,-203
31385,-917,7913,-7021,-497,1414,-192
31386,-1118,-6130,5893,-883,-58,-1701
31387,3951,3834,-2195,1625,1484,-1797
31388,6497,-2564,5588,802,1519,677
31389,-1718,2101,-1722,-724,398,-960
31390,1770,-3110,-2819,-535,-1209,1179
31391,5693,-3931,-1735,80,-958,-445
31392,-3506,7229,4358,237,-1605,849
31393,5920,-4667,-1413,861,-1849,190
31394,5876,4064,3025,-628,-1558,-967
31395,-2417,4986,317,-21,1281,-1479
31396,-7865,6351,2089,-1437,-619,1353
31397,7599,4851,-2145,-1865,174,1170
31398,1733,7040,-6829,619,1267,-557
31399,-1440,-3570,4011,-613,-442,372
31400,5011,-1762,1313,352,-971,635
31401,-2218,-3221,3534,-1731,532,254
31402,-6382,3770,-969,1586,1937,-1509
31403,-166,-335,-5525,-1588,1400,1212
31404,-4646,-352,-203,-1361,-74,-277
31405,-1718,7563,-7944,-1595,761,1610
31406,-5699,1471,4925,-718,-455,-1328
31407,7195,1515,361,-302,137,1045
31408,-339,-5458,4097,1718,-1717,-129
31409,-951,-4473,4959,1426,-1447,-1567
31410,1348,2880,6669,1035,-1254,-1351
31411,3468,1723,6274,-265,91,1063
31412,1663,1648,-5032,15,1411,-1791
31413,6850,-7714,-420,-1834,1039,1648
31414,4276,-898,-4357,1955,1162,1093
31415,-7073,-1734,-6363,-1118,269,1865
31416,5859,1119,4154,-1039,323,-1326
31417,7668,-7319,7263,375,-533,-438
31418,7553,-85,-5240,351,-1320,-1616
31419,5534,3527,1679,1179,-416,-704
31420,-7499,7256,826,399,665,-933
31421,-3027,4163,-980,-1757,-158,-695
31422,6847,-639,-77,1250,-289,1290
31423,6891,-3833,-6372,141,-835,1210
31424,-5643,-5502,4278,-1332,1903,193
31425,722,-5718,1773,-1124,1934,1710
31426,-6165,1520,-2524,487,1944,1254
31427,7540,-6428,-4220,-799,3,-1131
31428,7007,-719,-7219,-1714,-1650,1788
31429,-2040,5715,571,-1467,-1064,-986
31430,7546,5903,7443,-1200,1481,1040
31431,-1155,3445,6716,1526,-452,-44
31432,-4710,5753,2605,-1959,1093,1814
31433,-3351,2092,-2327,-1033,-1497,62
31434,6160,-5443,-6029,-1756,1406,-459
31435,3479,1047,-5874,552,-637,-328
31436,-2335,6516,-6532,515,1134,-316
31437,-3573,-4057,2045,737,-577,1221
31438,2802,-3249,5778,-1967,1055,333
31439,-4894,-2098,-1202,-1383,-1604,-1986
31440,2271,-7692,2869,-1472,-1931,1500
31441,5733,-3745,962,1569,1188,-657
31442,3121,5286,5030,-539,1673,353
31443,6127,-4581,6564,292,-581,1236
31444,-3820,3139,3775,-93,-1835,-1071
31445,5685,1007,-1854,552,-1448,-474
31446,-5539,3567,-2980,-1146,573,-208
31447,5182,2005,1753,-1397,-475,-1248
31448,-6357,2997,-5374,425,1596,-1444
31449,2839,-1611,3802,253,-449,200
31450,-990,-6487,-1547,-1650,-111,-1886
31451,-2423,-986,-7085,-1548,-453,-549
31452,-5921,5899,-6727,-1459,1484,485
31453,2363,872,-6573,-1542,1114,-1659
31454,6633,-2001,-6460,1984,847,-410
31455,7820,3284,-2918,1985,-816,-654
31456,-6182,228,3275,1974,-397,1974
31457,-7460,4150,1693,424,1210,-130
31458,-5739,1598,-3503,-203,990,446
31459,471,-289,2132,-867,-1160,-616
31460,-5840,3142,-3325,1001,-521,1072
31461,-133,-6149,4928,-1181,783,-1338
31462,-58,-3197,-6817,1956,-776,-1363
31463,6631,-749,5260,749,-1452,1969
31464,5287,-3416,-5957,-325,-731,1739
31465,-3580,-3172,-7381,-1971,1825,-902
31466,-164,7706,1320,-1195,-595,985
31467,511,-2323,3385,-450,736,1918
31468,5008,-2773,-4833,232,-1524,541
31469,-2921,4181,-2450,-108,-99,706
31470,-1932,7325,-326,1157,1285,-532
31471,5263,-644,1150,995,277,-1463
31472,4874,-667,-4497,612,-290,-373
31473,-6417,7753,4417,630,-528,-543
31474,7498,-3188,-4321,1616,-208,1334
31475,1816,-531,2504,560,1297,-58
31476,7033,-2789,1091,159,405,987
31477,2719,-5661,-3097,-527,265,-1047
31478,-7557,1665,4571,670,90,-1096
31479,-5005,-35,-4025,985,-1925,619
31480,7836,4422,-1648,836,890,807
31481,-6303,-7823,-1677,-1248,686,1599
31482,-1825,-4539,3817,1010,-1250,592
31483,7883,1550,510,-758,130,826
31484,1156,-5734,100,-795,1367,1385
31485,2441,743,-5184,-1523,301,-661
31486,-2540,6581,4373,1399,726,978
31487,-1235,554,-6129,614,530,-1078
31488,7368,-7799,3688,1167,-481,-1042
31489,-5670,6000,-7010,489,-1347,-1490
31490,-6780,7343,3543,1326,-1436,-775
31491,4517,3914,-1467,-334,542,1611
31492,-7230,1546,-3586,-745,-1280,1056
31493,3863,3157,-4122,719,334,1703
31494,-6354,-2821,-4913,-1727,-910,-1566
31495,1839,226,1374,1277,-1120,303
31496,-4103,-7284,-117,-819,-730,-483
31497,513,-6166,-2378,779,-1346,1311
31498,-4225,-3516,1587,-1528,462,-1163
31499,-815,2471,6987,1810,1702,-1036
31500,-4664,-7866,-2723,-626,-322,-725
31501,-7816,6457,-962,169,-437,-209
31502,5118,2651,-4169,-423,765,-326
31503,3279,-3430,-6203,933,-145,162
31504,2205,-2868,-5459,1855,-205,-1850
31505,-4210,-614,-6699,1637,622,654
31506,-5530,5231,-7263,1948,-1058,-696
31507,3030,7359,-923,1916,664,-886
31508,-1355,5454,-3718,567,-1436,72
31509,-6357,7281,1546,-1330,-1479,-1467
31510,4493,5548,7187,581,1636,1988
31511,3898,-3983,5393,825,-1991,202
31512,3220,-7492,-428,753,-1725,-1783
31513,-5186,5925,6137,-1190,-652,-462
31514,3386,3862,-1259,668,-382,-1690
31515,-2781,5235,7127,552,1554,1723
31516,-1513,3945,4012,1892,253,-1767
31517,-6570,-4553,-5268,-1734,-1419,-821
31518,2024,3553,3418,-517,1545,-1337
31519,-3305,5331,-849,1111,-594,185
31520,307,2723,7136,-1198,600,1916
31521,7740,-3462,2084,-1814,-862,-1783
31522,7897,1829,4461,-325,172,1310
31523,7958,-1381,2619,-45,896,-1721
31524,5747,1559,-4160,560,-135,-64
31525,6358,1367,5000,-994,-1138,1176
31526,1160,-3141,-3973,1592,164,-1539
31527,-4364,2542,-5259,1673,159,281
31528,-3450,2892,-1957,849,-756,1084
31529,-4587,1191,-4999,-451,587,-973
31530,4011,6925,-1630,1921,-1659,875
31531,-224,-3576,1726,79,1816,1317
31532,3957,2145,-5742,377,-1988,-1175
31533,5979,-7893,-6929,438,861,-1651
31534,4693,3196,6052,-1669,-116,986
31535,2332,3175,-5413,975,-1886,-1645
31536,-5614,-2581,7286,-592,176,890
31537,-2532,4323,-7950,-74,-1324,-1423
31538,-1313,380,2312,1258,221,-792
31539,3747,7471,-6035,-1664,-1785,1605
31540,-5583,-4234,1497,1099,-18,1952
31541,-2202,7927,7886,-221,-531,-555
31542,-3838,3837,-1374,523,965,-1606
31543,6646,7123,-349,1411,1468,-1446
31544,6140,4753,6432,303,1562,1391
31545,3627,-4566,-2921,-216,-885,64
31546,2485,-7155,-7319,45,-356,-302
31547,-6416,3503,-1347,773,591,1697
31548,3566,2218,-2590,1718,-823,-1616
31549,-3811,-1862,6244,758,1890,-136
31550,5700,-6994,4278,-1890,1922,-804
31551,3976,7241,-4407,173,-1645,-398
31552,-79,2494,-6321,1282,-406,1065
31553,-3927,543,4923,-1632,-1817,-1533
31554,3583,-1572,2845,160,-1411,-446
31555,-3082,-4871,-2115,-681,125,1802
31556,-4384,4961,-2299,1829,1841,-1342
31557,6170,5092,3793,1084,1328,1437
31558,-2653,6115,5086,-6,-306,1978
31559,-6537,-6903,-2940,-777,1635,265
31560,-6164,-7955,7001,-1513,-1112,-807
31561,122,-7365,6163,-1639,-1506,-1571
31562,6148,-6967,4466,265,745,-6
31563,-5609,4881,3932,-568,1028,-1920
31564,5759,-2409,5180,1084,-1494,-11
31565,-584,-535,-7849,-1424,-1120,515
31566,-7209,-6870,-1223,-1796,1065,1427
31567,7139,4311,-2264,-1907,1297,-1436
31568,520,992,-4756,-1438,452,-9
31569,7534,2689,4666,127,443,-1334
31570,6268,1382,7854,-540,358,-684
31571,-3979,-7633,4511,-1387,-895,243
31572,-1635,1113,1383,256,1205,-1071
31573,-7778,862,3391,1907,-1082,454
31574,2689,-777,-548,-1315,138,-189
31575,3627,7599,-6397,1597,-1043,1045
31576,-7953,940,5918,-496,182,727
31577,1060,-1570,-6580,-411,299,-829
31578,7518,3765,-722,-759,1311,-1188
31579,-896,6838,2588,62,-1267,1235
31580,-6207,-6865,889,1932,-1710,-852
31581,-6005,-2225,2598,1389,1385,-669
31582,-7912,1520,-5562,660,1399,1996
31583,123,-7439,2212,1090,-830,-433
31584,-484,5137,2155,96,-29,-926
31585,-519,-1106,4090,-1698,-1608,140
31586,2614,-4504,-7511,1655,1093,-1171
31587,19,-4295,-3848,532,-1247,582
31588,-7472,3318,2082,1282,1580,472
31589,5189,7449,7470,1896,343,1458
31590,-3930,-3659,-3398,-1991,-305,368
31591,-6198,6479,6394,851,-1000,-1199
31592,7124,-4096,246,-916,176,-1583
31593,1976,-4982,-7352,-1401,-1498,171
31594,-1082,-5797,5040,1347,-1891,384
31595,4479,-6484,-4750,-739,1977,445
31596,6469,707,2506,1861,246,-1756
31597,-1399,-4338,2372,1481,-1093,-1258
31598,-3280,-5310,-5256,-129,1536,-441
31599,3651,-1586,260,-2,1853,1545
31600,-5168,4202,3777,-1631,64,1516
31601,-4720,-7244,6818,-874,-1895,-184
31602,-3568,4121,4805,-1915,304,-616
31603,333,-5055,-2412,-398,-891,895
31604,4502,-21,-7200,-1061,773,275
31605,-6872,5617,-564,-1023,-1983,-353
31606,4329,-4308,4112,1628,-1192,150
31607,2367,6260,1367,1889,-1370,561
31608,7541,325,1100,1024,-101,12
31609,2551,6970,-6423,231,1113,929
31610,6208,2115,4372,452,611,-439
31611,3326,4012,595,330,1772,-1913
31612,1352,3615,1037,1833,-1364,368
31613,-315,3997,1403,1905,209,182
31614,-85,-6267,5232,1898,-337,1174
31615,2513,3820,-7280,161,945,1077
31616,5082,-3950,-6620,68,1994,589
31617,-1197,352,-7954,-286,71,-512
31618,848,-5935,5299,-1173,571,-518
31619,1667,2443,1174,1205,-1560,1809
31620,4664,-2629,-677,-1304,-1303,-867
31621,-2007,6819,-7208,-311,347,274
31622,6563,6455,2216,-1918,1376,1642
31623,1839,4809,-1476,983,1618,-700
31624,4067,-1431,-1595,183,678,-587
31625,1170,-1087,-4600,680,988,-1588
31626,-453,6732,3288,-1883,1203,-1302
31627,5751,2126,1788,683,1161,-1608
31628,7315,-1926,-6305,-1470,-532,-203
31629,-2733,6778,-6622,-1647,1483,1043
31630,1568,-5038,4537,-109,1444,-1222
31631,3482,-596,-7713,-1440,-666,1147
31632,7127,-5872,-5000,1950,550,1237
31633,-5299,-5949,-5823,-1310,-344,1128
31634,-6627,-3593,1600,-1510,-670,-1092
31635,-2450,3582,-3185,1101,-568,1563
31636,1344,-5109,-6588,1365,-355,-1987
31637,7867,1794,-4287,-698,762,-1303
31638,-5008,1631,3408,464,1058,1967
31639,-6638,4479,917,448,1413,-1463
31640,1853,-4424,4804,1519,-1495,-1514
31641,6061,-4331,1027,-222,-24,308
31642,210,-1146,-5675,494,-374,1279
31643,-7356,-5654,2166,184,-156,-1605
31644,-473,6392,6026,-1822,1685,-1033
31645,4789,-4797,7227,1505,1109,-515
31646,-4747,5518,-5475,-406,201,-1585
31647,-1547,3629,5308,-1874,-1435,-753
31648,-3832,5643,3451,-172,949,-1833
31649,-4376,2851,-6683,1806,-239,1323
31650,-5478,7861,2579,1537,259,-549
31651,-7438,-34,1608,1699,-774,1332
31652,-876,-5333,4676,1575,-1828,-526
31653,-2524,-486,4139,193,1771,1834
31654,-419,-598,-2126,-1205,-1738,-1338
31655,6150,-1077,5905,1257,-1234,-1081
31656,5483,2381,-6027,1312,883,-1343
31657,-2922,7497,-2916,-1763,-207,229
31658,2662,1229,-4743,25,-439,-815
31659,-665,4899,6392,1565,1642,-188
31660,3166,-7604,3822,903,-122,-165
31661,-4599,4835,-5917,-880,698,-1231
31662,-5263,744,735,462,-1764,532
31663,-1657,6352,-2615,-905,-575,-259
31664,375,-897,-4312,-1418,1544,513
31665,4090,-296,687,481,-1987,-1275
31666,6030,3149,2717,-1895,-1842,-73
31667,-251,3957,-4173,125,1451,-673
31668,6371,5886,-3650,1683,1548,108
31669,1958,7025,2614,1888,-398,-293
31670,-6187,-2298,-726,1281,630,1576
31671,6847,-7730,5198,237,-238,983
31672,-7850,6477,2644,1751,-1566,-1703
31673,3564,3457,-7444,241,1220,1378
31674,-3721,3994,4038,793,-270,-643
31675,-1843,-6291,2837,1305,1265,1672
31676,6234,4062,5126,-1188,-743,-1230
31677,-2514,-5317,-1084,531,1565,-108
31678,1279,6888,-2724,1631,968,1093
31679,-120,-3537,-6121,1941,1569,-1800
31680,5241,6789,1356,-933,900,1398
31681,-441,-4486,7132,1411,622,664
31682,1289,-6706,2920,237,-1374,-1732
31683,-2400,6258,1456,1962,-1504,1513
31684,7394,-3551,-1281,1214,1092,547
31685,3153,-2066,6528,-1038,-984,-1665
31686,-562,3768,175,1199,428,-822
31687,-516,4161,154,-807,-916,1131
31688,-498,-2332,5069,1409,417,826
31689,7890,-3638,3289,-1198,828,1821
31690,-713,2073,-4490,-1250,1563,-747
31691,3048,2306,-4961,-752,1452,-1308
31692,2899,3921,5583,1800,1102,1723
31693,4767,783,-1088,490,1753,1256
31694,-1886,-4815,7047,-1995,1608,-176
31695,1434,-6882,4656,-129,-1033,277
31696,-3353,2754,4224,-1147,-1641,915
31697,-2442,-6937,-5725,-630,-447,-1913
31698,-5183,-7604,629,223,-939,-1376
31699,-2704,-3400,-6814,-1748,37,1114
31700,4167,-5877,7110,-1246,-526,1140
31701,-6801,2585,7268,815,-1829,-423
31702,1088,4549,3542,1931,1967,-377
31703,-5192,4560,-558,-392,1247,-147
31704,-4300,4932,1430,585,-1758,-1841
31705,-4574,-7727,484,-714,1705,-1965
31706,-2055,-3364,-7414,1892,-1429,-230
31707,-3761,-1671,-6762,1093,1709,-916
31708,1194,2744,6642,1209,-441,1288
31709,-5594,-7217,3609,75,-520,-27
31710,-3535,3636,3157,1176,1346,1108
31711,2025,622,2244,-737,-395,-1478
31712,-5526,1749,976,1363,1880,1036
31713,-4207,4340,-1769,-533,1275,366
31714,7198,1203,-7162,-692,-1094,-628
31715,1516,-2757,4319,1651,587,1975
31716,287,4490,-2009,1397,621,1088
31717,6710,-3035,-4660,-481,-1727,-178
31718,-6830,1663,-2032,-37,471,-99
31719,5607,-6844,6747,918,1426,1898
31720,-7887,-3216,4646,79,-1507,1955
31721,-1198,-4659,3900,469,-537,-1126
31722,7136,3636,3185,-765,-142,-1277
31723,-3766,-5200,-5159,-198,-1583,1834
31724,4741,-4,280,-1537,-1616,23
31725,4706,-4827,-2264,962,-1069,400
31726,-1822,-1799,5315,1968,1007,-1443
31727,909,-7697,4735,1240,-594,-731
31728,3677,4723,3397,-1365,-788,1701
31729,-292,5296,-1103,1202,-610,1391
31730,7302,-4105,-1374,-1954,1715,-48
31731,5500,7512,-5434,-1188,956,1272
31732,-1796,-5077,5887,1648,536,1415
31733,18,-6560,-6386,-1218,556,-1613
31734,6030,2033,2888,-944,-1697,-781
31735,-1713,-6236,-6035,532,551,-819
31736,1110,7419,4804,-1874,1334,-637
31737,-1399,2955,-1270,-1551,641,-540
31738,5199,-1348,3725,1998,-589,1873
31739,-6415,4748,-5722,-782,912,-1702
31740,-849,-4475,2360,-141,1423,921
31741,4091,-4418,-6467,951,-1837,-1056
31742,-3936,-6903,3428,37,181,1740
31743,3079,986,-6307,-1329,-981,1980
31744,4079,2645,973,1805,48,1006
31745,-2268,2387,7530,-484,115,1353
31746,5434,1237,-7750,-1706,1793,1823
31747,2963,-6833,-4992,1401,-1503,1447
31748,-2210,-2606,-7085,-1515,926,682
31749,-4193,915,3644,-20,889,-7
31750,-3072,-1199,-5655,1867,-763,-1035
31751,5561,3618,-7770,39,-1501,569
31752,590,7516,-7594,1381,-169,1674
31753,1422,-423,6770,-96,1791,1876
31754,3955,6573,1487,481,-118,1788
31755,-2833,-479,-7373,-1240,1306,-1503
31756,5355,-7576,-4348,-1264,-761,-22
31757,1586,6756,7349,-1741,770,-1945
31758,-2613,5299,-5153,1261,-174,-1419
31759,-1177,442,7055,-346,1593,846
31760,-570,-6600,-380,16,-1310,-1939
31761,7343,-3789,-847,-1653,-97,-1243
31762,1369,6697,-3101,-1270,853,-802
31763,-6782,5860,-2844,295,-791,178
31764,-5662,-6907,-6741,197,890,-1372
31765,-6091,7374,-288,-1161,-1488,196
31766,7507,4992,-6131,-569,-303,-675
31767,3710,6949,5948,-690,-913,304
31768,-1977,4990,7058,-986,1594,1462
31769,-1296,-669,4432,-580,334,-1116
31770,4687,-4195,-647,-1271,1478,-509
31771,2806,2243,-1566,-668,89,-69
31772,1315,4756,-3700,553,1020,-1292
31773,-5533,4820,-4271,-471,-952,1404
31774,-1463,5130,-3890,-662,915,893
31775,441,-7591,-1792,590,655,1568
31776,631,553,3237,1971,1604,-1450
31777,4428,4553,-990,-457,-606,1485
31778,-2501,-6668,-7760,-895,-1474,1761
31779,-7190,-7589,-5501,472,-1595,-1802
31780,-4658,5427,-5474,1486,1794,1405
31781,-5819,-509,5423,1691,735,84
31782,-12,2244,-4560,1426,-1574,493
31783,-3258,-4315,-2953,944,1283,-467
31784,-1998,-6748,-1410,453,338,225
31785,3005,-2468,4018,-1784,136,-983
31786,-2366,-4034,-2280,1588,1916,-185
31787,-2190,-6758,-2674,1323,1239,-1930
31788,5378,7231,5312,904,459,-354
31789,-2106,-4205,-1402,-817,1642,1259
31790,36,-3508,-6720,-236,1592,1081
31791,-3766,6992,-6283,1934,-1269,555
31792,-1617,-5418,-2067,303,1026,-987
31793,5095,-962,6889,-1064,416,-950
31794,6579,7107,2493,-85,-5,21
31795,-3020,-1684,2542,1758,1487,459
31796,53,-3911,5944,653,-1542,-264
31797,-7107,5364,2529,1016,605,-1241
31798,-6140,-5164,-7417,-946,-680,1705
31799,7287,3008,-1850,-519,999,517
31800,-2877,-324,5762,-1965,-144,-244
31801,-1315,6180,-1851,-793,261,989
31802,-7354,-2150,-7280,-1608,1899,-945
31803,3953,-374,1576,-827,-603,685
31804,-5009,-7799,7224,-861,141,-454
31805,-2437,-3323,-4398,-66,495,197
31806,7183,-1606,-3686,485,-1380,-1159
31807,6882,5190,-272,-405,-455,-305
31808,4555,5398,6763,529,1049,-627
31809,893,-2077,6579,1736,-638,-846
31810,-1938,-7627,3614,-7,201,1972
31811,-6332,2721,-1159,-451,-1397,223
31812,4308,5908,-6396,1367,-812,-1001
31813,-7365,6496,5221,-412,-544,1969
31814,-1779,-7216,5394,-1305,-1239,-1316
31815,-2536,-4348,-790,998,-674,1907
31816,-3681,-1261,612,-1140,1015,-1642
31817,-2617,4540,1653,541,-1238,1456
31818,1243,-7621,714,-1881,882,-1772
31819,6739,-2825,-862,-973,-615,-520
31820,5385,6333,-6562,203,909,592
31821,5659,6569,-2316,840,-528,-132
31822,-3549,-982,2339,1483,727,-1731
31823,-615,-2340,6825,807,289,1938
31824,-6867,-304,-239,-803,1928,195
31825,514,-7935,-7192,595,1703,-1715
31826,-7294,-4398,-3790,-451,-443,1803
31827,6081,6229,6134,-1103,1722,134
31828,6416,-3681,7721,-1789,1024,144
31829,4484,1476,-658,-199,-780,756
31830,-2022,436,-7110,437,172,338
31831,-6296,6923,4075,-190,94,-718
31832,6532,-6678,-3075,-981,1896,-1784
31833,5245,4083,-3263,-1312,-1144,-1114
31834,-2897,5131,7794,5,-486,586
31835,-7568,-4880,-3421,1604,290,-1270
31836,7904,-6407,7635,-823,760,1116
31837,-3238,1898,-4226,-925,-320,272
31838,5604,6101,6430,-1839,-1205,1840
31839,6360,-217,-5764,11,-1293,919
31840,-4791,-56,4887,-1526,-606,-341
31841,3024,-5980,1454,894,-117,1150
31842,-4364,2135,-170,562,464,-932
31843,-5484,5219,7367,-98,1457,-1131
31844,1477,-6491,5595,879,1365,672
31845,-4780,1172,7205,-533,1614,520
31846,-1822,-1881,6437,447,-489,-283
31847,4666,5765,5351,-1306,-876,1666
31848,2794,-679,4427,-130,1,-1697
31849,-5975,-17,5201,1042,-1295,1222
31850,2392,4866,4023,-1584,1991,1903
31851,-1418,-1519,-1056,-70,-1240,-742
31852,-3100,3933,6837,666,1869,849
31853,3966,-5990,-2149,-1262,-1185,-706
31854,123,4236,2976,-960,9,359
31855,-104,1018,3519,1452,-1829,165
31856,-1884,-7612,168,1732,-230,239
31857,-2838,188,6150,-830,1255,-1011
31858,-6164,-2989,-733,940,1374,988
31859,-752,-14,4921,-1416,-992,-894
31860,6244,-1315,-2266,-451,1117,-929
31861,1262,857,-2996,-912,806,1120
31862,-2261,-1664,5660,724,-1922,-392
31863,1999,-1371,2333,1411,-1426,-709
31864,-5568,4286,-4694,602,1571,-1240
31865,29,5166,-41,350,-47,640
31866,-1707,5175,6567,1301,122,-142
31867,5818,-1055,6375,-1165,1775,1241
31868,-4069,4245,4742,-597,150,-1671
31869,6085,-5187,-7257,1258,-1671,211
31870,2706,-3586,-463,174,1048,-1643
31871,-6411,-4340,1595,1342,1198,1449
31872,677,-1048,7025,-1640,1668,796
31873,-7494,-1673,-2427,1439,1576,-947
31874,-4605,-7746,-4299,962,369,1671
31875,-2825,1717,-2356,348,1194,942
31876,-6154,-39,-5395,143,-821,1432
31877,-6590,2558,4907,1032,37,1107
31878,-6659,-5650,7905,251,1911,-275
31879,7509,470,6463,25,-1148,357
31880,5021,-7503,1188,410,-1943,-455
31881,-7331,2400,-5657,-116,704,-1226
31882,-2623,1456,5195,-982,1005,-906
31883,-7715,-210,-7072,-1478,986,-1434
31884,5134,-4068,-4403,901,-738,-1067
31885,1030,-5210,1172,1414,1881,-1648
31886,-5637,-311,7674,-335,137,1911
31887,6557,-3335,-1284,1995,1886,845
31888,-7983,6620,-506,1978,599,318
31889,7896,-4736,-1217,-1011,271,799
31890,1475,-110,-3649,655,-221,806
31891,-7250,-6135,6140,1770,566,-393
31892,780,-3048,-5389,-438,-389,-967
31893,-7651,2566,1800,-1600,9,1900
31894,3208,-7233,2466,1305,1469,-978
31895,-7091,6340,-5120,578,682,-1917
31896,-3082,6243,5657,27,259,1026
31897,-42,-4188,4039,280,-1342,-646
31898,-7943,4733,-6920,820,1820,-191
31899,-1121,7374,501,-1150,-550,705
31900,4189,655,-1409,-1661,904,579
31901,-5151,-1653,3625,407,1372,-1323
31902,4461,-6794,-1247,402,-716,55
31903,6488,-1786,-2883,1518,1216,-119
31904,-6821,7672,6486,-1041,1440,-672
31905,6786,-6629,6112,-576,525,-1670
31906,6478,-3623,1923,-1117,591,1070
31907,-7353,6531,-3095,1374,-505,-1163
31908,-4505,-3964,-3696,-917,-899,-238
31909,922,7657,323,-950,-1107,-1169
31910,4851,613,-4815,347,1313,1221
31911,-5649,-5082,2022,115,-898,1955
31912,-2905,-5678,1016,964,-1340,1751
31913,88,-6549,-5296,122,-240,1178
31914,-2504,6544,2909,-1021,-1487,-1689
31915,-7912,-6544,-3895,-1847,465,1730
31916,7474,6479,-4508,1051,1189,-1092
31917,395,5777,-4790,1620,1360,-27
31918,-200,-218,46,1960,87,-1942
31919,-7471,-2706,-4744,-1513,-171,394
31920,3359,-1067,2363,-111,947,558
31921,-3666,495,5963,-346,1222,437
31922,7773,-5406,147,-378,1409,803
31923,5705,-6487,6542,-1991,-720,-1576
31924,-6036,6677,-6507,-392,-164,216
31925,-1141,-2882,-3288,667,1646,1168
31926,7317,7268,4044,-1618,-1981,616
31927,2328,-7722,3322,-1132,704,-626
31928,-1275,5252,2028,-1889,1920,1838
31929,309,-1488,7568,-1622,930,-237
31930,6925,6776,-7646,379,1284,1488
31931,-2837,-7024,-5606,-334,-849,-1164
31932,-2462,-3840,-3560,371,-358,1586
31933,-7727,6286,7343,-1784,-1701,-249
31934,-5121,-1277,6739,-1271,534,-1135
31935,-1975,349,622,-559,-681,-128
31936,3609,2488,-3992,-398,1871,577
31937,5214,-2395,-795,1199,-1820,-706
31938,928,-3411,1251,231,-1200,-192
31939,-5648,4188,-7594,-1601,-1192,36
31940,5508,-5148,-6142,-1818,1042,1516
31941,3284,5021,1663,759,1825,-609
31942,-2345,-3793,-7171,-632,1292,1764
31943,-665,6295,840,-1920,696,404
31944,-3846,-1284,-7079,-1874,1326,624
31945,-2882,-5236,1783,1161,503,-408
31946,-2192,-1320,3759,1086,-406,751
31947,-17,-6080,102,-1146,969,-1847
31948,703,6311,-1019,-1763,-452,201
31949,-1706,4099,-7691,1407,-641,1569
31950,5006,756,-2646,225,-1462,1204
31951,-2174,3624,-1972,1109,-699,-1417
31952,-431,2839,-2085,167,-1491,447
31953,1469,-4279,7495,1016,1712,-629
31954,-3364,-4408,-4229,1282,-1152,-920
31955,1551,2835,-6075,1757,-1928,140
31956,7610,-782,-410,-1061,1668,1724
31957,3192,-6959,4525,1449,1373,-1615
31958,5544,2906,-1313,303,-1456,-1878
31959,-5548,-2419,-489,-1482,1202,-1597
31960,-2569,-7616,1225,-1739,-911,-1928
31961,4241,-1344,-6021,1148,1831,917
31962,2117,7563,-1150,1499,-1871,-1349
31963,-1621,1354,3814,-1820,1553,-1976
31964,5516,7188,5016,-1060,-1672,88
31965,-5089,-6480,-3556,-46,206,-982
31966,334,6178,-1689,-1137,1790,-1594
31967,4538,-7178,-2130,39,729,-1503
31968,-3329,2872,-6079,-1926,-693,1839
31969,6892,-1665,4571,-745,1887,1840
31970,2541,3630,3721,1135,1425,-1466
31971,-64,3823,-7553,851,1949,-468
31972,1259,-6541,2829,-1572,-947,-1520
31973,2006,-5534,-6420,1771,-953,34
31974,2230,-6988,-3620,1797,-1363,518
31975,-2682,-3619,-2919,1608,1489,-1928
31976,-7304,-2224,-3973,-417,-1767,1370
31977,7589,5249,-1278,-1044,1750,-159
31978,-4374,-1982,4637,417,-2,1034
31979,-4740,-122,-2531,728,-1821,-1479
31980,-3377,-7395,-6391,-1598,908,-1107
31981,7116,4446,6934,-901,306,1378
31982,2108,-2982,-4238,1308,-1775,-1423
31983,4376,849,1086,-1801,428,-1906
31984,-3709,-3253,-6111,1800,-1920,-1315
31985,3501,4611,-4881,914,-861,-406
31986,-6725,-2562,4441,-397,-199,1801
31987,6122,542,2018,-163,1516,1354
31988,-5279,3053,-1175,597,-243,-348
31989,-4661,4027,7647,414,309,-1009
31990,-6097,218,-5078,1598,670,-1566
31991,7882,-7053,2693,-1048,1381,-1270
31992,2827,125,836,713,1541,-1632
31993,-6375,6529,5408,-953,480,1836
31994,5118,-2192,116,-463,1272,-932
31995,-7418,-7121,6775,-1957,859,1789
31996,977,7806,-8,1017,-1428,1396
31997,-113,-6700,6451,1317,-256,1278
31998,-5782,-7881,-3659,570,-496,1848
31999,2870,3353,-525,-750,1010,2
32000,6500,-743,-4000,401,-1277,-9
32001,-26,-1129,-6822,204,-150,-1448
32002,-625,1389,-2878,1826,-233,-229
32003,-6427,-502,-6248,-1895,-931,-806
32004,2665,7764,5441,481,-1478,1759
32005,-348,1170,-3336,1600,1131,-399
32006,4171,-6590,-887,-1418,-1525,664
32007,-4510,-4954,-6889,1843,924,626
32008,-4823,-7706,7089,-518,1887,-1270
32009,7025,142,-6677,-1216,1348,458
32010,-3185,-7223,4931,737,-797,-497
32011,6547,1292,-6403,1503,1677,402
32012,-5690,-4542,2285,-1421,-895,-277
32013,5647,-6775,2330,1677,-1036,1291
32014,-2397,4557,-7423,-453,508,-89
32015,3567,-6741,-4703,1548,-1656,597
32016,-1753,-2792,-3714,-1717,-1204,-1819
32017,5674,6890,6816,1834,616,-1386
32018,412,-4797,5125,440,-899,1964
32019,3868,6587,-7983,1554,-560,1533
32020,-4560,7344,-5616,420,292,-449
32021,5311,1217,3967,1137,-1853,1141
32022,5144,6119,-3351,572,-958,322
32023,6687,-1095,4286,-1925,433,574
32024,-7039,-3592,7945,-944,466,-164
32025,-7355,73,-1471,1950,140,1078
32026,-333,-7588,2196,1446,1871,22
32027,3984,2874,-7064,78,1431,-608
32028,2355,-3556,-3940,-1400,-1039,-1820
32029,-1476,2045,7995,-1964,-308,-622
32030,-964,5925,3577,-1569,399,279
32031,1798,1380,976,703,-41,1597
32032,787,6842,5484,303,1821,1398
32033,6512,-1675,-6296,1075,-804,-1065
32034,1831,-3449,-6486,-1958,-1059,-59
32035,5310,5043,-2302,-1509,208,-203
32036,-3773,861,-2477,-267,259,-1076
32037,4497,-6487,-5538,-78,457,1894
32038,-7593,-338,5264,-813,1329,715
32039,-4260,-581,-2964,242,467,582
32040,6959,378,280,610,-1583,-68
32041,-5233,2541,-948,1896,731,1555
32042,1956,5423,-6559,497,-1574,-240
32043,-1852,427,2961,-365,-859,711
32044,-7656,3802,-3643,1998,158,1414
32045,3439,7849,-7939,1568,-494,-703
32046,-7210,4351,2544,1120,286,-89
32047,-3937,4616,2022,1668,-1987,1044
32048,1263,6988,4737,-488,-583,-741
32049,4269,-927,-7329,263,-1718,-1238
32050,-6345,-4853,2799,-1700,-167,-943
32051,6161,4224,-5367,-1382,-1720,1546
32052,748,2510,-4307,818,-1025,-909
32053,5186,1819,-396,-1540,1109,-1362
32054,-5422,-7357,-2993,210,-1872,756
32055,2125,-391,7209,1143,-1881,552
32056,-6113,-4719,-430,-1180,652,883
32057,4396,-1878,7239,783,587,-798
32058,-3342,-542,6637,2,-236,-1058
32059,-265,-7918,-5508,952,-505,-285
32060,-521,-7928,832,-387,582,-723
32061,-7898,4389,3099,87,-286,-538
32062,-4123,784,6761,-1330,1957,-410
32063,-3231,-7545,6356,-711,1750,291
32064,7997,-5621,-5072,918,-1809,1271
32065,4306,-4846,-3660,-1359,-1640,1548
32066,1668,-3798,-1465,1410,-1080,-382
32067,4832,-1441,7029,-852,595,134
32068,-3445,-4695,2617,470,462,904
32069,-6436,6181,-4492,-1411,1199,1627
32070,-1071,-344,-7151,1211,1035,-1248
32071,7955,-6819,-6104,461,1669,552
32072,-4899,923,-6036,1099,1743,-48
32073,-2328,6711,-202,-1198,-1909,1389
32074,407,3415,-714,1205,-1211,-1464
32075,-1204,3161,-1089,565,-1393,-1204
32076,-2902,3835,3959,-343,1689,-213
32077,-1433,-3478,6164,1896,729,-329
32078,3366,6812,4541,-170,1294,-991
32079,-7345,-7486,-2567,-596,-368,-33
32080,-2097,1733,5684,432,1978,-333
32081,1792,-3327,2797,385,-243,-658
32082,2647,-7447,-5279,1528,1702,1110
32083,1741,2879,-544,-664,55,-196
32084,-4180,-3282,3113,-1229,-620,-830
32085,3394,2741,-6015,-180,1475,1814
32086,-6579,6627,3598,606,1726,527
32087,1911,-6799,2943,-1864,620,-1986
32088,4133,5868,-4362,251,-1951,1016
32089,4082,-53,-493,919,-766,206
32090,7292,1568,-498,-1548,1534,897
32091,5701,6917,-3244,-1084,-1478,-1850
32092,3193,7251,-3851,-848,1212,-1466
32093,-2360,-3566,-518,-1755,717,-103
32094,2750,-1163,3058,-464,-1253,-1927
32095,-7124,2327,-2070,-1169,10,1898
32096,-4053,-7493,-6711,-1257,1078,338
32097,-1558,5374,1344,866,1392,595
32098,1039,-3613,-3365,-687,644,-1311
32099,920,7800,4618,487,-28,433
32100,7392,-428,-7418,535,-564,1448
32101,-2761,-7875,-768,1853,1577,-1213
32102,-6388,-2853,-7894,1068,1566,1708
32103,6185,7777,3,-1914,-729,1560
32104,-2260,3123,2985,-254,-1949,-366
32105,-947,-4072,3987,868,1877,-322
32106,-4584,868,-1992,1743,950,-26
32107,-2061,6803,7570,1233,1084,1410
32108,5744,6900,4972,-1337,917,1616
32109,4776,6607,762,1750,1593,-808
32110,-4772,-4087,1296,-863,810,1629
32111,2958,2526,-2813,-1662,-480,918
32112,-3300,4191,-4368,-1469,-1875,585
32113,-6372,7859,2500,206,-1309,-1390
32114,-6473,3356,-6337,-390,-824,-136
32115,651,7807,5547,265,1533,1941
32116,2616,5571,-3552,272,1926,-1106
32117,-4725,-3686,6734,409,-1948,1751
32118,-933,6955,-2698,-1244,-1758,379
32119,-7866,6538,-5036,-304,1113,259
32120,-2611,-4664,5806,-841,1274,-426
32121,3777,1597,3647,1753,-976,1991
32122,7322,-1028,5654,-1504,106,-202
32123,-7611,3882,-3864,1002,-426,-170
32124,-190,6881,-3967,1033,1730,287
32125,-3733,-3492,-3760,-342,1152,1991
32126,-1412,-7708,-6854,-1280,70,788
32127,1909,2169,373,1759,-231,1930
32128,-7576,1875,-1203,-833,-1222,1036
32129,1492,5983,1573,965,-875,-111
32130,2690,-2600,875,506,-1113,-1751
32131,-4583,5285,-4738,-65,-665,202
32132,-4242,704,5472,-1796,-445,-1289
32133,7687,-4988,1202,1053,-1467,232
32134,-111,1534,-3358,1177,-768,360
32135,-5478,2216,-5745,-572,1894,-810
32136,1044,-888,2622,1945,-851,858
32137,-163,6670,-7502,1465,-527,1965
32138,3610,1413,-1165,1101,216,1297
32139,-4247,-2531,3534,-514,812,-1107
32140,6049,6662,-4097,969,-1872,501
32141,7672,1271,-5005,1557,1193,-1493
32142,-7219,2326,2545,-1701,820,500
32143,-4427,-3569,-5011,-946,-146,-860
32144,-1327,2803,-3631,-1561,-1791,151
32145,-2028,-1076,-6458,1905,1761,1813
32146,-3823,-101,3072,1236,-875,-1542
32147,-3000,2859,-2784,1930,1791,-1555
32148,5420,-3844,4136,1838,1508,442
32149,4636,-4027,5961,-523,-1736,-531
32150,-1764,5890,481,756,796,712
32151,-774,-1663,-2292,1945,280,-1155
32152,4332,-5590,-3379,-320,1088,369
32153,1330,7149,-7524,-1068,119,-1309
32154,-3802,-5718,-4100,-1483,-1674,-1533
32155,5093,136,4024,-1325,1886,613
32156,-1973,-589,-1671,-1726,-798,-1228
32157,2405,1814,-922,1223,1381,-971
32158,-4326,5806,928,1345,-1459,-1069
32159,-4132,-5042,5237,1683,1501,-435
32160,-5216,6834,173,1247,1216,54
32161,4906,-1561,3805,553,1107,-764
32162,7635,921,-4907,775,1966,1632
32163,-7608,-975,2958,-1550,1539,1332
32164,-4759,2381,-2405,803,806,-1864
32165,915,7016,2823,249,114,843
32166,-3352,-1823,-430,-1974,741,1401
32167,2132,-123,-2720,360,815,736
32168,6152,-6940,-5266,1733,-62,1399
32169,4586,-6590,-7948,231,-1393,1920
32170,7333,1686,-5483,-1812,-1819,1257
32171,4455,-6800,4505,648,-1213,-1343
32172,-121,-3210,3675,-1411,1293,252
32173,846,-3501,-6995,-1774,104,470
32174,-1309,3432,-3104,-912,-482,228
32175,6785,-974,-6535,500,1366,346
32176,-6346,-651,-193,73,616,-743
32177,7679,-4602,-1648,918,-101,1612
32178,-3852,3522,-3973,-673,976,-941
32179,525,-6114,6479,182,-1229,-1122
32180,-1633,1606,-867,-900,559,935
32181,-2695,-2427,7460,333,-1775,-1577
32182,-373,-7810,2225,-915,-1795,-163
32183,-4314,1981,-1465,897,-198,1864
32184,7607,-6071,7823,-265,-795,694
32185,2243,-6510,-1359,-1406,-1076,-1608
32186,-7731,6768,3465,1610,1198,-600
32187,-505,4436,-5812,664,-925,-915
32188,-593,-761,5304,-69,693,1171
32189,3307,4385,-1118,-1474,379,-1646
32190,-1840,-7487,-4801,-1822,-231,-131
32191,-163,5887,-6933,439,562,1904
32192,-3197,-4889,-3566,-762,461,-1888
32193,-4986,3447,3851,1872,1611,-1791
32194,-5004,-4655,-1350,426,912,-1155
32195,-5574,-5645,-2297,615,-354,-1792
32196,7020,615,4165,-326,-539,-1683
32197,-2607,7732,6312,-1019,-1729,-526
32198,3037,-3492,3651,-1720,64,-619
32199,7807,5991,4597,1484,-1831,-1504
32200,-6489,-1621,-1816,-1025,-1074,825
32201,2956,-4657,-3530,-1816,-945,-1071
32202,-4376,-5281,179,-204,892,-1922
32203,6676,-1372,2985,-848,-1493,1096
32204,5065,7237,4652,-439,403,661
32205,4168,187,1958,461,72,-1361
32206,-4662,-775,-3128,-96,-1021,-66
32207,5602,-4558,-5612,1038,-632,-1827
32208,5689,5451,4716,1494,-1470,1950
32209,-3818,2001,-4665,-1737,366,1394
32210,837,-3781,3907,1284,26,1928
32211,-2323,2900,-6104,-1103,971,-63
32212,2060,-785,-3892,1084,1274,-180
32213,-7767,-5904,-300,-1025,198,1426
32214,-1052,-777,6271,-896,-1409,1198
32215,-297,7206,2440,-752,1238,30
32216,-167,5399,3734,-582,1948,1735
32217,-4394,6700,5993,-586,-470,-154
32218,5704,5708,-6362,-1674,1004,-1542
32219,1565,1759,2854,574,1855,1333
32220,-3371,6782,4360,-1039,181,18
32221,4574,-4518,5356,1069,-1856,-245
32222,-3511,2458,-3653,552,-1791,-711
32223,2881,1727,5120,-857,1397,-1368
32224,5326,-728,2335,-158,-748,1344
32225,5353,3785,7806,-685,335,-1017
32226,600,-5486,2459,-309,1482,-830
32227,3084,-3902,-787,1837,-1254,928
32228,-350,4828,1301,1612,878,1986
32229,-4456,-7382,2898,-1279,-100,-1219
32230,7494,7892,4920,-1790,626,1341
32231,-373,-4635,5476,1578,-1808,-176
32232,6007,-311,-5389,-442,404,-421
32233,1733,6611,-3308,926,-1698,-639
32234,1709,-722,3406,377,758,1941
32235,-1949,2743,637,1345,-1816,-1371
32236,-6043,6310,2189,-447,1457,-1500
32237,256,2852,-3652,-1221,1879,303
32238,-3855,7841,710,739,931,1096
32239,-1363,-1682,-7328,-1344,708,-1447
32240,5778,-3806,-2142,784,1566,1095
32241,2001,260,7070,-1729,626,-66
32242,214,5057,6242,-1084,1458,1284
32243,7369,1750,5929,-1545,-1041,-1459
32244,-1157,-5784,3663,837,171,-913
32245,-7788,456,-279,-279,31,-1085
32246,-4898,704,6011,1341,723,-637
32247,-6025,7702,-3380,1412,1331,1703
32248,180,728,5396,-1539,9,-1877
32249,-5228,321,-6378,-1499,-1265,307
32250,1633,3537,184,619,-660,-516
32251,-7535,-402,-3100,-976,-1916,705
32252,7361,-6411,7461,-402,310,1110
32253,-6642,-1332,-4558,764,-846,-1056
32254,-918,316,-6030,-572,-1120,-1020
32255,3218,5776,2852,941,-815,-1871
32256,2179,-7516,-2276,-897,1562,1265
32257,-1692,5337,2334,-1239,1784,-36
32258,-6321,-920,-4060,-1219,1905,1149
32259,7292,-5130,7289,-1597,-1827,423
32260,1477,-3233,2650,-716,-1062,-310
32261,-5216,5480,-4451,506,-521,292
32262,-7183,-7413,-7047,1866,-840,-1196
32263,2772,-7279,4294,449,-1171,19
32264,3619,6351,-3208,-13,-1405,265
32265,-1884,1419,-3410,408,488,-1618
32266,1179,-6207,4975,1719,-1848,615
32267,4574,-3462,-2963,1459,877,-692
32268,-6378,-3845,3093,1788,274,982
32269,1827,1943,3000,-583,1990,859
32270,-7524,5928,-6724,92,-1371,641
32271,-4123,2642,-682,-1743,-664,-1098
32272,4231,-1101,-5601,-529,-788,-103
32273,-6333,3837,4430,-1589,76,-729
32274,7047,-2060,-7547,1900,1205,1937
32275,7629,-7441,-5311,879,1169,-1139
32276,3120,-95,1836,-1122,1499,-1122
32277,7454,5129,4370,955,20,-698
32278,-343,3845,-395,-1760,100,77
32279,5969,-5367,5497,-1528,-78,437
32280,962,1555,5323,-471,-404,1278
32281,1125,-1776,2429,-417,-1285,-414
32282,5730,-7714,4782,975,834,-68
32283,-2853,-2194,2762,1721,-1263,1348
32284,-4047,-1428,7823,-1433,-724,1490
32285,407,-6197,-1189,-912,1408,1410
32286,-1058,2461,-1791,899,726,-912
32287,4158,-5513,4994,-254,-508,-1323
32288,6947,3262,-5192,1957,1480,1115
32289,-4124,-4050,-3215,-1354,-503,870
32290,7344,1749,4006,-28,-1858,929
32291,1089,-7266,-5097,-1660,1084,-153
32292,7724,4971,2200,-1793,975,-632
32293,-3802,4402,-3691,-969,-1252,1946
32294,-5917,3238,-2271,-211,1335,-277
32295,5109,-2765,-4067,-508,-1258,1262
32296,-5828,-7877,-3481,-1570,-1211,1475
32297,7528,7925,-4058,-1478,583,234
32298,5596,-1592,-2012,-229,-1812,-765
32299,7385,-4083,4760,177,-1786,-1879
32300,7799,-7717,4547,-317,-883,-1439
32301,4696,5153,-2940,-13,1501,115
32302,5809,-3373,3516,-370,-397,-423
32303,1850,3029,-7855,1898,7,-54
32304,2248,-7878,-198,248,-1247,622
32305,3968,-4713,6239,-1643,-858,1732
32306,-1322,-3946,4635,-430,62,441
32307,-5392,5334,-7415,-1693,-1077,-990
32308,5030,-15,-7421,1348,1903,1427
32309,-5120,-5785,1279,-1056,1653,1655
32310,62,3274,2206,637,412,-643
32311,6281,5568,-5147,-1824,-182,-446
32312,-3555,371,-1643,481,-337,-336
32313,7888,1143,-7078,-28,225,-545
32314,1803,-2599,7761,1434,1161,-1731
32315,5584,-5394,-3739,-269,-1667,685
32316,-7006,-5437,5667,-1008,-1265,-363
32317,-4450,-7669,-234,1666,-771,-440
32318,3621,-1870,-4244,-1743,1580,996
32319,-6250,998,7422,648,-590,-1944
32320,-6830,-7582,7530,-718,-1909,-1423
32321,-1355,-2815,-1296,-1155,-826,451
32322,-98,6137,-4079,-483,127,-785
32323,2658,7388,-4141,-628,-1996,-1277
32324,-2914,6346,3822,1104,-92,-491
32325,-2540,1284,6788,1672,-1345,1382
32326,-6861,7596,-2246,-1252,406,-1905
32327,3523,-2634,-5836,1508,655,-1754
32328,-1283,-3375,4511,-432,-1410,-415
32329,-6260,681,-3840,239,1705,-1944
32330,6386,-4172,-2529,-333,-624,1698
32331,2679,7355,5241,94,-250,1725
32332,2175,-2812,-6895,-67,1987,-245
32333,2964,-3583,-2005,-528,1944,975
32334,-5675,-1131,-1046,-1368,1785,300
32335,1424,-1278,-508,-531,1158,361
32336,-6154,434,5521,-1751,513,-890
32337,5851,3612,-7780,-566,-332,267
32338,-7082,-7764,-2520,1019,-1996,1769
32339,5272,1789,186,941,-1771,-399
32340,2645,523,5568,628,-520,1289
32341,6461,-3593,-6999,1220,1269,1884
32342,2263,-2867,1504,1220,-1782,427
32343,2502,7940,-3031,600,806,-1050
32344,7397,6837,1188,-958,-278,-500
32345,7763,-760,-2446,57,1460,-34
32346,-5145,-6800,-6186,-1492,1044,-1181
32347,-1083,-2176,-6706,1915,1093,905
32348,-1143,-2070,5628,466,1805,-574
32349,2970,-3955,-4995,-1040,1519,1246
32350,2351,5184,3379,-239,523,1607
32351,-5124,2229,3220,-1469,-567,364
32352,3148,-5486,2883,-245,-786,1464
32353,-3682,-2729,6276,430,-708,-1584
32354,4608,2758,-2708,1758,509,544
32355,1877,-5063,7868,-1468,-999,-928
32356,-6009,-6022,6861,1038,1495,-1371
32357,2014,852,-1838,106,-582,1174
32358,2,2231,3292,158,121,1977
32359,-6485,4974,7129,-1320,33,-416
32360,-5078,3233,4503,-128,601,1159
32361,-1293,-923,-243,107,902,-1842
32362,1299,-5471,7450,-1166,-1297,-1148
32363,3914,5126,4408,-655,1853,937
32364,-3706,7474,29,1926,552,869
32365,-6168,-3675,-7939,-643,1703,1778
32366,7,-1142,2102,1751,578,1123
32367,2106,4262,-3865,1414,1293,-597
32368,-3529,-2377,-2555,-1129,-1886,1793
32369,-3104,1936,-2080,-486,1081,-1823
32370,6546,1486,5136,569,-310,-1497
32371,6996,-2747,-125,-409,-1427,-1186
32372,418,6801,2505,-675,-1478,1870
32373,-5418,177,-603,1353,1323,477
32374,4043,-6354,1447,-120,-31,512
32375,-6686,-3585,6419,-622,341,826
32376,-1401,6869,-4682,748,928,-64
32377,-3523,2826,-5487,-1871,5,911
32378,3539,-6598,6005,1674,-498,19
32379,7062,-7016,-7164,107,-1567,617
32380,-5197,645,-2436,1937,328,-1810
32381,581,3805,-4900,-1915,-26,776
32382,4477,-108,5397,736,1487,1817
32383,4889,-456,5996,849,175,-861
32384,-5901,-1079,-1728,-1684,604,581
32385,2966,7598,-6485,-1381,-1954,6
32386,3952,-3969,-1214,-964,-672,1577
32387,-3991,-4034,3831,1674,-1482,-880
32388,-5650,-1024,3642,-92,1822,1408
32389,-4587,2009,-175,-1555,1357,-951
32390,-3541,-2157,5698,591,-1170,-1058
32391,4896,3908,6738,1606,500,-260
32392,3290,3178,1309,-1527,-10,1372
32393,-5891,-6716,-4928,212,-1052,-805
32394,-1287,5039,-7820,1452,1046,-1116
32395,-7464,-414,-4911,588,1923,-428
32396,-105,145,2053,-1848,323,529
32397,-6909,5561,6050,401,-1032,-431
32398,-7730,-6784,5620,-1286,113,1069
32399,1700,-4094,4448,1034,1601,254
32400,-7419,-980,4210,-1125,435,-434
32401,1151,-1709,-2950,1038,-1225,-1327
32402,-1694,2956,-1062,-1857,-589,-1585
32403,-805,4707,-7758,156,864,579
32404,-1082,1632,-2164,822,130,311
32405,3056,-3993,-2893,-823,918,583
32406,-7527,1277,-558,61,-1185,1550
32407,-7078,-7452,7131,1509,-1607,94
32408,-4207,5418,5911,1593,-1797,-1748
32409,898,6885,7583,-261,-1716,1457
32410,6324,-7564,2926,-352,-29,336
32411,-5963,4688,-3191,-1206,-991,-421
32412,-2116,-2608,-7726,986,1875,-457
32413,7429,-7776,-4939,-736,906,585
32414,-1912,2083,-2044,-351,1665,1163
32415,-2840,2406,2286,-1925,1236,242
32416,578,7575,-893,1038,1001,-1018
32417,7154,-3322,5506,1721,-1794,772
32418,-1551,-2297,-2049,338,1423,1537
32419,-5142,171,-7773,-1348,1015,-1100
32420,2771,7254,-2229,-611,626,871
32421,3986,7882,514,795,-1324,940
32422,-1916,-3493,-6540,1635,-730,-1462
32423,3549,-3542,5705,-1277,238,782
32424,-2194,2142,-2611,197,555,399
32425,6440,-5682,5184,-678,-788,-341
32426,7887,4821,2977,-1698,-1091,-314
32427,7416,-1741,3661,-1973,-362,1622
32428,7737,6278,-2992,734,-309,944
32429,-6736,-328,4890,-1156,-214,-1187
32430,155,587,-2926,-1148,320,1259
32431,-6486,7386,6468,-162,287,1045
32432,-4721,4756,528,1468,351,1801
32433,-7665,-2605,-4704,-1271,-894,-37
32434,-6880,235,4488,362,1033,248
32435,-2224,-4796,1586,-774,1803,-820
32436,-2818,-7451,-5053,1075,-622,1725
32437,-3819,-2297,-2431,844,-219,-1280
32438,7525,2512,6329,-314,277,-789
32439,6881,5909,-7383,-1539,-1474,-1082
32440,3744,1402,5133,-1063,28,-1666
32441,5672,-6789,2977,-851,-41,-884
32442,-5957,3735,7874,1427,295,-624
32443,-7645,-1722,2027,-343,1246,-1786
32444,-1414,-4842,2972,-1131,198,291
32445,2183,7988,2180,1163,79,876
32446,-15,1128,-39,-402,480,664
32447,-2355,-3424,-6566,1244,-1350,785
32448,7448,-405,-2083,-800,-363,-1672
32449,2677,-3317,6082,1053,-1819,536
32450,-4193,-6039,-5358,-586,-1250,-1870
32451,-2119,-5903,-2630,355,-348,-1751
32452,-7932,2060,-544,-1466,-885,-980
32453,5835,7681,-5778,1098,1474,845
32454,2318,-1409,6157,300,-1430,-1465
32455,-7888,-2040,5379,1194,1914,480
32456,-696,7026,2941,-280,365,-79
32457,-31,2282,5031,-1593,1451,1397
32458,-297,5069,567,840,1811,1036
32459,1035,2129,4777,1933,1266,325
32460,-6630,-5313,-3336,1975,1484,1017
32461,-3800,6629,1533,1190,-1085,-1319
32462,3865,3507,-293,-1551,-747,1613
32463,-6977,6112,1682,1819,-1304,-97
32464,5542,3477,1836,1278,-726,894
32465,6631,-409,-5435,1706,-1392,1133
32466,-4635,1537,3435,-1112,-412,269
32467,-1184,7343,7162,-1950,88,-1982
32468,4508,2428,-6617,-856,-1614,1118
32469,6118,4250,-5572,-1810,1420,-1902
32470,-242,7272,-2366,1631,1251,-992
32471,6096,-3496,7586,-1677,1855,-1372
32472,6502,-4716,6896,-1454,-1194,-891
32473,-5447,-7423,-2050,-1649,420,-1726
32474,6146,-6706,7472,645,-1547,1973
32475,-796,-3105,-186,-373,-1556,1880
32476,-7486,211,-6890,895,1377,-1982
32477,2745,2604,-4102,1352,-197,1461
32478,-5913,2348,2425,998,1560,753
32479,-3257,-1133,2847,-1400,-1018,1612
32480,-6312,-927,6725,976,-463,-835
32481,-6806,-1655,-1406,1566,1513,243
32482,-4435,-5219,6356,-254,1500,548
32483,7069,2393,2161,-1211,1233,1597
32484,-6428,2681,-2121,1078,1012,-831
32485,-4559,-5010,-706,282,-1345,-999
32486,-5840,5065,-93,209,1141,-289
32487,4645,5944,-7995,958,-14,-1256
32488,-7839,2560,5681,900,-940,-334
32489,7319,5469,-1805,-1089,1245,918
32490,7268,-2091,-6397,1783,1760,441
32491,3081,-4630,2942,246,-295,481
32492,3417,6179,-4887,-1809,298,-774
32493,-7749,4379,3816,-962,224,-195
32494,6182,138,3143,-156,-1691,1123
32495,-6709,6336,5362,47,1439,917
32496,-5845,5462,589,-1945,1836,-1915
32497,-3480,4887,7753,1408,-1659,1845
32498,4701,-3225,-475,1324,-936,1434
32499,1483,5180,-3257,-1298,1935,90
32500,3867,-505,-2879,-1852,-1386,951
32501,-5173,753,-1754,226,-1023,686
32502,7812,-5398,1704,-611,-1499,-1652
32503,7649,-421,7649,-1406,27,-1399
32504,-3036,-3750,1923,210,-1678,1726
32505,5874,3345,2653,121,-60,191
32506,-7966,-2842,5993,-1743,461,-706
32507,-6164,-4866,-6261,-1117,1986,-1377
32508,-2990,-2838,6116,317,940,1020
32509,5244,5141,-4602,-871,803,664
32510,6477,-1102,-2080,1310,1052,646
32511,-5581,-6220,6298,-227,1366,1743
32512,-5867,96,7873,1765,-1474,-199
32513,-1139,-3106,6914,1185,-39,539
32514,4228,-486,5882,-1879,-1406,-817
32515,-5704,-1479,-3738,432,771,-753
32516,-1524,-3973,-3692,1773,-39,-898
32517,-7152,2794,-2410,867,-70,-1512
32518,-5888,-7034,-764,499,-116,-1758
32519,-5828,6702,-3291,-685,-1250,-883
32520,-4752,4789,1144,-760,1499,-506
32521,-56,6066,-3364,-1694,1324,-1341
32522,6983,4215,-7697,-723,579,-1485
32523,-630,-4198,-5043,33,-78,-1261
32524,3235,6193,-5023,16,510,-1720
32525,4149,-6746,5093,-1232,-1572,369
32526,-1798,-7749,3683,1376,1580,1490
32527,4171,1555,2941,329,-1488,-724
32528,-7660,1432,-5202,401,-1498,1767
32529,5998,-2352,-5456,-1791,1986,-1345
32530,7251,-1257,4405,1459,-62,643
32531,4932,-6368,7817,1922,299,-926
32532,5144,1304,1175,135,1380,1518
32533,-3818,1247,1060,-1906,-1057,-111
32534,7173,-1564,-6032,-1473,444,1854
32535,2072,-6745,-6434,-139,423,-1237
32536,-7299,4362,-2605,1979,-639,954
32537,-7122,7091,5211,1576,1793,-643
32538,374,-3493,5140,1223,-1039,-207
32539,1926,-6179,3717,-965,-1895,1015
32540,1298,6329,-342,1249,-1,-796
32541,-1106,3184,-3449,259,-1807,1775
32542,-6920,5393,-7615,-1405,1529,-795
32543,7918,31,-3527,-858,-759,-199
32544,-6405,1757,5993,-1216,1212,791
32545,-5218,6949,-501,-1227,-732,-854
32546,-5734,-3354,121,-1905,971,1091
32547,-7391,6996,4959,1208,1918,-1587
32548,6667,2404,-4536,-108,-155,-642
32549,-3116,-83,6427,-1202,1411,1554
32550,1690,1985,2253,801,1342,-1760
32551,-537,-2425,7385,-1402,-497,1286
32552,5330,-3499,2918,1295,823,-670
32553,-1167,-4717,1355,-550,-298,-1854
32554,3290,2620,-3705,611,-164,163
32555,-5102,1448,-7623,785,-428,1329
32556,3780,-7580,-5375,-1683,-1666,653
32557,1427,4788,-7188,-1723,-1613,1717
32558,-2499,-4608,-3913,-22,-1413,284
32559,5361,-3400,6700,-1050,167,1422
32560,-5888,312,573,1392,-142,1570
32561,3402,-7724,7887,-1372,1759,1430
32562,6603,3353,-7673,-1291,-950,-856
32563,-5586,-2373,7381,1292,-1057,1101
32564,991,-3744,3791,-1787,1090,1141
32565,4203,-466,-5667,1060,274,742
32566,-6667,2670,-7078,-1294,-249,-1604
32567,-3465,1899,-5682,-245,1072,816
32568,-4012,-908,7054,-1937,-1004,528
32569,2437,-3626,5915,-598,463,328
32570,2873,4363,6546,230,1690,218
32571,925,7925,-6788,-1397,85,-741
32572,5577,-1550,-3284,-1916,-779,727
32573,4410,-6951,-3430,-999,1317,921
32574,5718,-2621,-5494,1636,489,-1781
32575,1879,7866,-4067,-958,-45,-1344
32576,-7980,-6567,4190,817,1447,-1796
32577,992,-5472,-6919,160,-948,454
32578,646,-7325,1738,-1529,1453,1337
32579,7122,-3924,3356,-1038,-629,-694
32580,-729,-4373,-2161,1848,-785,1042
32581,-940,2718,2516,-255,-1667,-605
32582,667,-6709,-2804,-157,340,-1311
32583,-290,3951,-4523,816,1805,1077
32584,-1789,-5839,7371,-473,1371,905
32585,5298,1983,1403,-960,-1158,-1052
32586,-6711,-4096,-1646,67,-932,93
32587,4588,248,-7808,-1722,835,-784
32588,1368,-7011,6482,259,1058,-1106
32589,5836,4568,6602,-734,-438,-364
32590,168,3945,1720,698,-1506,1207
32591,-1599,-320,5500,64,1740,1493
32592,-7299,-353,5528,1723,1244,-1955
32593,-2981,7850,-4870,1740,-31,-1906
32594,-1782,4142,4166,541,130,659
32595,3738,-5901,3481,-311,-942,-951
32596,-5128,-3623,6080,1692,-1905,1175
32597,4419,7653,271,681,-1100,352
32598,1254,1562,-1697,559,-1574,1864
32599,-3717,6761,7427,1706,-1924,-1249
32600,-6172,5225,6673,1934,734,-136
32601,1949,-4731,-3553,-1522,-1897,-1978
32602,5479,-559,5672,-1258,-1450,1808
32603,3474,-7621,6597,1595,1744,-1736
32604,-4282,-2424,951,-1252,-429,402
32605,1501,584,-3231,1578,1872,1894
32606,-6020,6012,-6222,323,382,721
32607,-7208,1749,6902,1169,-1130,1072
32608,-3082,6082,-839,1557,1300,1541
32609,-6956,3593,-3291,-46,814,-1394
32610,-7512,7276,-3607,-183,-610,-59
32611,5088,-7183,-535,-1945,104,415
32612,3748,-7363,3474,1195,1771,-358
32613,-6566,5335,-5552,-1279,-346,-1137
32614,-2159,2783,8,-1747,1782,-1566
32615,-2102,1356,4219,-104,-279,-1374
32616,-6244,3413,38,1049,427,1585
32617,1476,1229,2133,1084,-1624,-181
32618,-5971,1218,-2125,-1636,-224,112
32619,-1348,4178,-3731,-329,1833,170
32620,-1074,-3164,6514,-1078,1734,721
32621,1695,7271,-477,-1046,-1002,1735
32622,-280,-827,1973,524,1951,-1361
32623,4960,-922,-7319,574,1657,-251
32624,7453,4444,5502,314,-762,884
32625,-5282,-4611,-4287,-853,1417,434
32626,-1055,-425,-4152,-142,-1697,91
32627,-7345,-278,7594,1089,-497,849
32628,-2210,6714,7959,-1637,143,1249
32629,-3415,-5082,-7308,1417,-1964,-1357
32630,-111,260,-2087,-1560,-1125,930
32631,4179,312,6046,165,-1495,-1636
32632,4909,-4606,2349,563,-733,-777
32633,-1654,-4545,-7730,-1409,-169,791
32634,197,-3309,-3075,-899,409,1008
32635,7686,6859,-1411,-1429,1438,1848
32636,-2422,240,7236,1762,552,1087
32637,6608,3660,4863,1603,-1246,-1112
32638,-4013,-7298,6367,-1971,-989,1624
32639,7328,5398,-6751,536,1190,736
32640,1169,-5092,-712,-349,-1410,1492
32641,5919,370,-1352,-1982,1310,-703
32642,7206,-2947,-5028,-1096,-1391,-1986
32643,1843,5252,-5970,-554,-1559,681
32644,-7343,4925,5891,-553,-297,-1768
32645,6649,-2976,-1532,111,-818,-1507
32646,6528,5270,6643,916,854,1881
32647,-1940,4999,3660,1791,1965,-1935
32648,5423,2895,833,-585,483,849
32649,5400,6360,5011,741,1271,-621
32650,-650,177,-452,1773,-432,-1457
32651,-1784,7077,-3672,136,-1446,-1392
32652,-5876,4741,299,727,-1468,168
32653,6642,-5119,7244,1757,-292,-185
32654,7697,365,-245,-497,1271,-396
32655,3702,5795,1228,373,373,278
32656,2915,-7405,-4789,892,-104,973
32657,-1005,-4501,7405,-1372,-121,1039
32658,4023,-128,5342,1463,46,192
32659,-1478,5379,2052,934,1891,-1710
32660,4429,-6651,1194,-775,1880,-1368
32661,3283,-5292,-6937,273,794,136
32662,-2249,6594,2196,986,196,-189
32663,-4780,-3061,5574,-1624,1760,595
32664,6951,6765,2711,1540,-1177,1334
32665,4788,407,4509,-30,820,-583
32666,7000,4763,6413,135,-569,719
32667,-6914,-1882,5468,-1603,-1598,-708
32668,-2719,-6275,-5802,1794,-1911,1522
32669,5180,1707,2131,232,793,-683
32670,4084,114,293,-1058,751,-1191
32671,-1770,-5123,3719,-180,1194,624
32672,1691,-5785,-6647,85,329,735
32673,-5231,-5072,-6186,1134,1110,-703
32674,187,-4624,-804,-641,241,1453
32675,-1317,-4202,5263,75,-1276,1941
32676,-2002,6263,-1867,1771,-1241,-369
32677,-1917,-6752,-1727,-478,-650,-824
32678,7956,6037,1156,-1184,-975,-137
32679,470,629,-5166,-329,-1573,803
32680,-3265,4065,5954,-1672,1631,-119
32681,1458,-291,5812,844,1779,-115
32682,763,7108,5271,-885,-41,4
32683,4202,-4981,6610,1275,1088,-1158
32684,2126,3170,-5628,-1590,1762,-1770
32685,4997,-1036,-2071,1494,240,1586
32686,-3814,2670,-1477,-821,-315,1764
32687,-5285,-4411,-2853,961,-1186,647
32688,-3464,7733,-6087,-1678,-548,1561
32689,-6188,6182,2191,-595,-1615,1305
32690,5734,3831,-2738,1882,563,459
32691,6499,137,7893,-125,1178,920
32692,-4060,-6545,-7593,1229,1000,980
32693,-7258,4367,-7788,-758,-1714,-68
32694,4853,612,4340,-1065,-1899,-923
32695,-6017,-1014,-1523,-271,-399,369
32696,-111,5497,4118,-1463,1733,-766
32697,-6567,-1592,-7555,1258,1908,-1824
32698,4954,-5413,-4783,528,14,278
32699,-2983,3350,4568,-1969,211,55
32700,-849,2391,398,-611,-742,1180
32701,4095,2864,-7134,-1354,-974,1690
32702,2049,2209,486,-268,-768,-516
32703,-1142,5542,7273,-1267,1823,-611
32704,-4741,-1364,5191,1658,610,-1329
32705,4422,691,3229,381,-1956,244
32706,-5934,2504,-3591,1731,-1913,1965
32707,4088,-2795,4950,-1884,-751,488
32708,4973,-4455,5196,19,1457,301
32709,1764,-7740,-2530,-1516,230,-793
32710,-2835,-7002,1853,-1414,-1126,1662
32711,4081,5309,3811,1402,1991,-1436
32712,7029,4068,2843,-435,-1400,557
32713,5936,-3586,5958,1651,-560,764
32714,7531,-2788,-4860,1526,-1144,-1404
32715,3200,-5924,6189,-484,437,1516
32716,7880,-2286,4611,-1461,-1718,1722
32717,5431,-5788,275,-709,-116,1677
32718,5236,4603,-7169,4,699,1536
32719,-7015,-1346,954,1881,1588,676
32720,1284,4217,488,-1243,-119,677
32721,246,-3427,3231,338,615,-282
32722,5703,1002,6601,197,1545,-660
32723,-7845,-2051,3344,1261,1989,-1665
32724,-2219,-4379,-7051,-1765,-1482,-1829
32725,-1942,6738,4614,1009,1124,587
32726,393,81,-7992,626,1865,-1447
32727,5721,5433,-3553,1208,-1718,1364
32728,1806,-2338,-439,1875,-508,1741
32729,1718,-2578,-3459,-467,1348,-1450
32730,-1383,-7186,712,1833,976,1229
32731,-4559,5990,-4804,-1256,-467,-1070
32732,2445,7244,4364,-271,-5,-1272
32733,-6405,-2703,-4123,1329,-840,1788
32734,-2484,-3681,-7270,-959,1655,-475
32735,4541,6194,2767,208,940,-971
32736,3771,-702,-1989,-498,-923,-1775
32737,-2147,-560,6402,1463,1047,-1494
32738,6058,-1108,-5330,379,-411,-1592
32739,1503,-6679,-5248,1540,-1857,1228
32740,271,-1617,-5812,1257,226,-1280
32741,-6895,7411,-1801,-1165,-311,-1661
32742,-5176,-4981,4209,386,1,52
32743,-3293,-4148,-1428,220,-74,-1866
32744,2831,-6581,-4568,727,1122,133
32745,7507,5752,6924,893,-295,1546
32746,-1987,-4175,4420,-1240,1600,1785
32747,-6066,710,1416,1494,1189,1161
32748,5548,-5030,-2956,-1954,-71,-1074
32749,425,6666,4179,-501,1414,-536
32750,435,2669,2489,-1223,-646,-1949
32751,-4045,-7241,6213,276,149,1729
32752,7908,-7262,-807,-240,1299,-1458
32753,-3875,470,-5652,1291,-1715,-558
32754,376,-6909,7171,1477,-1254,-565
32755,-2425,4620,4027,-1864,-587,-1353
32756,5926,5366,-5451,-323,-1920,-1368
32757,-7677,5858,1436,1320,1568,-1529
32758,4190,590,3556,-1916,143,-330
32759,-3528,5308,4515,-1586,512,522
32760,1997,5692,1092,1220,-1189,432
32761,5570,-181,-3018,121,1426,1173
32762,7936,-2068,-6890,-349,1618,1277
32763,-5000,5214,6424,41,-394,438
32764,7208,-5776,-3657,501,1138,301
32765,7161,-7638,-4494,-1035,-740,-238
32766,-3860,2080,7244,-1819,-1697,-991
32767,-6764,740,-4739,-1225,1748,-244
32768,-3086,5045,2900,662,1880,-1653
32769,2136,5661,-1482,-47,74,1161
32770,1265,4394,1688,-924,838,1377
32771,-3467,-457,3249,1919,1206,1996
32772,78,-5748,-1597,-254,-306,-1022
32773,4291,-2041,-5691,-992,225,1716
32774,-2045,-6987,-5909,-728,-777,1598
32775,-2835,-3777,-4514,-1763,924,1076
32776,-2345,3960,4950,-46,1280,-654
32777,-7303,4520,5173,1846,905,-1078
32778,5331,-2502,6079,-1994,46,0
32779,-2235,6503,-784,349,-1502,210
32780,-1761,4169,5575,1240,-1642,110
32781,-5170,-7030,3422,-166,-1619,-1864
32782,2280,3922,-5096,619,-1246,105
32783,2503,-896,-7659,340,111,904
32784,275,-1672,-3111,-960,1238,-518
32785,5489,2895,-3795,-545,-1339,1356
32786,7873,-1704,-4562,-647,-208,-641
32787,939,3261,5936,586,964,153
32788,4841,-3600,-7555,1830,160,385
32789,-4487,-4309,-6506,-127,1405,-1106
32790,4383,4998,506,-628,413,-797
32791,337,-3343,-2121,-185,1335,-1381
32792,6188,-6244,630,1802,-448,954
32793,-5511,692,3692,1441,1250,1426
32794,-7858,6054,-7900,568,1525,-1390
32795,-1264,-4192,276,-676,1153,-1087
32796,7981,-4994,4959,1942,-218,1454
32797,-6454,612,3535,216,-1871,191
32798,5152,-6346,5175,-1408,795,-1893
32799,7252,-1117,5532,-264,-317,1909
32800,-6409,-6942,-1293,-486,-76,-1741
32801,755,-2083,689,-1407,-1999,772
32802,-4632,-7927,5634,250,-13,1912
32803,-1017,5592,1826,-1305,953,-1704
32804,6210,2324,-1886,-1564,-476,-868
32805,-1280,-7330,-5706,1999,1277,1433
32806,-386,-6525,-6373,-1236,-1209,1077
32807,2622,6657,-5886,-1825,-1232,233
32808,-4740,3126,-6075,1990,-563,1152
32809,4766,470,-614,-1621,708,-1525
32810,-1243,2464,3226,-1070,-838,-1624
32811,4509,-4175,3501,761,1352,1625
32812,5963,615,1095,1760,1923,1311
32813,7796,2571,-7432,-908,1515,268
32814,-2704,-7885,1203,-1959,377,-745
32815,1552,7040,3017,1376,-404,875
32816,-7097,2151,7445,1914,-448,203
32817,1183,7248,6949,-1358,1504,1056
32818,-4864,6580,-4531,553,-603,-732
32819,-372,-3001,-2758,-707,682,524
32820,5429,-2350,-665,427,858,-796
32821,4428,7693,-370,-123,-822,-1319
32822,4251,-4708,-6837,1920,-1669,-425
32823,783,3874,302,1600,1959,-198
32824,-5674,5179,-2481,-786,1734,832
32825,-5449,7898,-357,453,1585,-1231
32826,4934,2136,-2390,-696,-890,1373
32827,-488,-6681,6118,1021,616,-610
32828,-687,4253,6214,-962,-115,595
32829,-4415,-5908,4175,1676,1444,1618
32830,-319,-2660,3754,-917,-1732,558
32831,7212,6461,7689,-14,-1347,-1916
32832,4401,6182,-3031,1914,-677,795
32833,-7307,401,2909,-319,1645,1881
32834,3547,-3810,-1972,562,-1282,-470
32835,-3559,-3287,7346,-63,644,1402
32836,3578,643,-7013,211,934,-1398
32837,-3751,2383,7506,-276,679,-1790
32838,824,-108,2510,-717,-1915,1462
32839,5198,5751,1419,-1068,976,1504
32840,-3712,-5884,-67,-1528,1704,248
32841,4863,-3258,-1334,1518,-1219,1967
32842,7280,1393,-5318,-871,-1120,-209
32843,-991,-4009,-1077,-602,16,-704
32844,3155,-7531,802,-1104,189,-1836
32845,7060,949,7082,-1367,-1239,1425
32846,-320,6201,264,-1489,-139,998
32847,746,-1418,-3894,1211,1923,-985
32848,7422,6632,6436,-1397,-896,121
32849,788,3979,3707,-1209,1518,1172
32850,5930,5497,-5619,415,352,-404
32851,-1542,-6223,-2748,1071,-1525,226
32852,-2635,2174,-727,1985,153,-1729
32853,1255,-1625,6679,-580,-1727,691
32854,-2284,-5434,6772,650,1411,-1801
32855,-7563,-6076,-7610,-643,241,985
32856,-1730,1436,2180,-1703,-980,-1819
32857,-7932,-4525,-85,1652,-1369,-119
32858,-7362,5393,6858,-1751,1527,149
32859,4439,-6023,-4338,8,507,-1433
32860,2756,-1005,2201,1249,-1441,196
32861,6073,619,5906,1466,-600,-1210
32862,-6660,-4218,4432,-1421,-1716,609
32863,-7376,5150,-2899,776,858,-1987
32864,6047,1373,-4959,1924,486,-1399
32865,5644,-1539,-6117,-1334,59,95
32866,-6937,1917,2199,-1612,-115,-1609
32867,4328,-3958,-4071,-1120,1759,1894
32868,2362,-7816,-5075,965,1363,-1514
32869,2768,4881,-6197,1327,1823,-967
32870,-6482,4993,3206,-70,1763,612
32871,3854,5116,6374,1768,-146,-1772
32872,769,-6386,2687,492,-1151,-641
32873,5915,-246,-1079,-306,-1692,-939
32874,7683,4689,-1896,-114,-455,878
32875,-6832,7305,5915,-1971,-36,-1552
32876,612,6087,5641,1175,11,-1082
32877,-5599,5506,-5296,393,1234,-264
32878,-4324,4727,3398,994,-257,-1616
32879,-6548,6601,3802,1921,1443,1309
32880,1986,-990,2039,202,1329,-1903
32881,5761,1772,-7373,958,1345,1038
32882,-7622,-7600,4669,1439,1903,417
32883,-3015,-5256,1321,317,-1856,1634
32884,-901,-6323,4161,1410,698,1823
32885,3000,2186,-5656,-1701,-1501,-1015
32886,4216,-2693,7512,1500,48,71
32887,6594,-2575,-2461,-777,1127,1345
32888,-6533,-7621,7025,-740,808,-443
32889,-1956,456,-5259,-1806,1692,-992
32890,-750,-1064,-2196,1700,-1207,1334
32891,3245,3461,3207,709,-1206,1949
32892,7558,2777,-173,1467,1841,1111
32893,6317,1154,5234,1207,-650,308
32894,5321,-2218,-3869,1753,1844,-1516
32895,-3228,6566,2750,1715,-1453,1507
32896,4388,7476,-7246,-1820,-383,1003
32897,-199,3609,-5019,1213,930,-813
32898,-4404,2369,2241,-948,1332,-511
32899,1320,5742,5417,280,1263,-1432
32900,5027,2805,-6664,-1813,1813,-1216
32901,1912,3129,2323,-1697,646,-236
32902,-7670,4247,1651,501,92,1542
32903,-6625,-2104,-5474,893,-255,-1305
32904,6880,-3361,6513,108,571,-1255
32905,-6150,5585,5990,1797,1127,-198
32906,-7845,-5781,-1507,-587,-964,1179
32907,-1064,-5928,6601,243,-1605,-1144
32908,1438,-7272,3063,-404,-1370,1510
32909,-6244,4931,-4402,-1535,-516,-1592
32910,-4956,1688,-7296,1912,617,-1684
32911,-3080,-3595,5593,1331,-1761,-1784
32912,3561,4004,-2685,1178,374,-1377
32913,2832,-7841,-7227,-348,-1937,1450
32914,218,-3225,-109,1202,-1279,-1239
32915,7163,7029,4922,1650,-1525,1055
32916,798,3035,5773,-884,-1820,-613
32917,-254,6667,-12,1613,1383,-105
32918,-7214,-1994,2702,1045,-1002,219
32919,-6614,-2088,-5939,-1667,-561,405
32920,-6311,5071,-7680,1144,1099,-209
32921,5350,-5196,232,-781,-1470,-864
32922,-4280,-5882,-3311,-758,-448,1099
32923,-1552,-1990,7966,340,1738,-1879
32924,-676,-1687,-490,-840,-679,1435
32925,6502,2147,-2798,-1237,-1851,1902
32926,-4239,-7607,-7584,879,1497,478
32927,2266,1663,5672,-724,1773,320
32928,-2076,-5736,4038,-775,440,-717
32929,-4298,3404,-1572,973,1941,-847
32930,6659,-1611,-4160,838,-1570,416
32931,3779,177,-2343,1631,-345,-1321
32932,-6175,-4885,-5324,-1217,-1753,-804
32933,-4110,-4205,7834,1497,-1858,1987
32934,-7028,944,184,1518,-389,-424
32935,7689,-6671,-6205,1733,1181,-692
32936,-463,-118,7960,-395,1513,-1747
32937,-5773,-6809,-2890,1169,-180,-716
32938,-692,-5259,5245,529,1052,-1829
32939,-1223,2194,-6512,-396,1246,1138
32940,6687,3785,2718,-749,-1038,1931
32941,-264,1243,-5346,-1242,1658,-447
32942,998,3245,464,-1078,-918,-1751
32943,-7631,2367,7068,-439,-1183,1635
32944,-2425,5901,-6903,661,1810,579
32945,-2652,1444,6574,-1305,-1442,-211
32946,-2808,-7318,-7305,-1473,-1939,570
32947,5251,-397,-3925,-1532,-315,-690
32948,1849,-5958,6783,1694,1858,1699
32949,1489,7763,7132,-972,-621,-1365
32950,-4463,-255,-2742,1105,806,1779
32951,-1298,2862,6647,778,-118,1842
32952,1324,3720,2825,479,-1120,-45
32953,-4239,-5585,-202,102,1290,1975
32954,-4280,-3532,3958,1288,-1118,644
32955,-4215,-2279,7570,457,-133,-1852
32956,-7971,1572,4424,1877,-551,-305
32957,-5238,-5344,3067,1416,863,-1783
32958,1043,-2717,-6486,693,494,887
32959,-4619,4396,-661,-1079,-1642,1909
32960,-5580,7462,5790,1726,120,-734
32961,2950,6093,-2282,1935,780,-1862
32962,640,-5296,6777,-1567,197,-116
32963,-1507,-5986,-5618,360,-928,1200
32964,-1073,5496,-6113,723,-1763,-668
32965,-794,-370,1101,709,1982,-690
32966,6772,3709,-1825,-1249,1339,-1179
32967,-700,-4212,4363,1671,-838,-112
32968,-6477,3821,-4445,1702,-1676,-1428
32969,6104,-3467,-2295,-1424,-716,-717
32970,-550,4647,629,-610,1421,-1893
32971,4852,-6896,-1422,-1727,1732,-271
32972,-2822,-6972,2622,84,39,459
32973,-5464,-3090,-5893,717,-32,-1182
32974,1609,3506,-3508,537,1347,1353
32975,-7686,-4394,-6547,-739,1160,-1056
32976,-2681,3966,4389,-1739,1316,517
32977,6588,3673,2514,-226,1318,-1109
32978,5528,7157,2594,1672,962,20
32979,-1964,-6169,-201,-1277,1364,-1610
32980,-4769,-2000,5885,-994,-1286,1548
32981,-709,-7619,6214,-801,104,1138
32982,-7669,-3511,-1509,181,1813,-976
32983,-6488,-3279,-3836,378,-841,-1066
32984,-869,-668,-6404,-929,1613,-188
32985,1846,3490,-4018,1092,-1071,141
32986,-6224,-5245,-830,1329,1200,-1356
32987,3272,-4822,733,-824,1808,425
32988,-4834,1694,-2433,626,1633,217
32989,6131,-2940,-7195,128,43,757
32990,3772,-3970,-6120,-1924,1459,273
32991,-4390,-99,5387,1965,-662,1872
32992,7493,636,3979,-544,-799,1331
32993,3611,247,-2582,-1629,1655,-1299
32994,3136,4949,-5480,1341,1075,1817
32995,2795,-7371,-3197,-660,316,1648
32996,-6918,2051,-905,439,-1830,-445
32997,-4834,2700,5140,1965,-1241,-1609
32998,-143,4524,6657,-380,-460,-1832
32999,-6248,3632,-325,-1926,1133,-92
33000,118,523,-1739,-1962,-1123,1816
33001,2748,3373,3804,-1411,-160,130
33002,7281,836,4119,216,-681,1119
33003,-919,6836,5002,339,883,-554
33004,7269,7826,-1705,559,-1790,-137
33005,-1578,-1776,-6134,272,-1895,-1434
33006,-1726,4437,-6667,1514,-1021,1135
33007,3525,-3081,6222,-776,-780,-1642
33008,-6460,-6622,-5564,-1388,67,1288
33009,-5455,-5893,-7542,-1512,-567,919
33010,2077,-5367,7623,343,1208,1562
33011,-4630,931,-1757,815,263,-698
33012,-4161,-4460,4650,-81,240,-1921
33013,-2932,6123,-4140,-234,965,-839
33014,6635,2068,-5978,-407,408,343
33015,5516,2943,-6502,1664,-301,-1618
33016,5961,410,-5629,-1689,-1783,-1267
33017,3265,-868,-6608,1578,-1043,-32
33018,-4192,7137,-5130,-329,-1878,-1204
33019,-4231,597,3741,1435,1260,-1256
33020,6247,-6630,424,-1491,-1335,597
33021,7172,-1098,6802,-964,1168,-1382
33022,1600,-4093,-355,-194,1315,1283
33023,-4712,-3114,2871,460,-654,663
33024,-4453,2261,-239,1554,395,496
33025,6311,6324,-6271,-531,-365,-174
33026,-1,1396,5148,-1775,1041,1656
33027,-7914,1681,4219,587,-1824,-496
33028,-4748,3309,1825,1651,646,-1072
33029,-3863,-4344,-4226,-1569,1465,-1044
33030,1364,6698,5858,-1332,1591,374
33031,6867,5956,422,-151,-879,-1866
33032,2436,-7418,5086,610,-442,1917
33033,-2985,3681,-6242,1831,573,-1846
33034,5955,-6276,-6244,413,-759,-1576
33035,-4862,-1907,4678,845,797,1769
33036,858,-7891,-5951,1917,551,1502
33037,-2093,-908,-79,-1718,1784,-1371
33038,214,-7876,-3602,1950,-1423,1770
33039,-2814,7414,-5927,-407,-9,-1563
33040,3751,1089,4614,-261,-1874,-141
33041,-6683,-1941,-886,1425,107,-802
33042,2786,7709,4540,1914,1067,853
33043,3590,459,-5161,-1118,-1361,-1175
33044,3037,573,3378,-1819,1236,182
33045,-4696,-3041,-6781,973,-721,-1310
33046,6361,2316,3162,-96,1688,1955
33047,-2340,7560,-6589,-202,-1107,-186
33048,6246,7479,5459,1391,-1760,-834
33049,-5996,5489,-4243,-767,-33,-758
33050,-2401,-7643,3305,366,383,295
33051,-1289,-5338,1069,-570,328,577
33052,-6588,3641,-6657,-500,-697,-655
33053,6934,-6716,6895,-1191,447,-391
33054,6904,5611,2769,1588,-89,-883
33055,-2185,5531,2898,-752,1778,643
33056,-6580,-2283,-3873,-1539,493,1969
33057,-2020,-541,-3387,-750,-327,-1908
33058,6299,3929,-7032,1274,1875,1828
33059,-5223,2678,1215,721,-1050,1633
33060,-439,1622,-1470,-1083,765,-264
33061,2781,1480,-3268,550,-750,462
33062,-5553,-243,1764,-1865,-847,-141
33063,-6945,-2770,-1467,630,459,-1582
33064,-6574,4933,7830,1916,-1809,584
33065,1043,-5705,1376,-1867,-719,646
33066,6964,1317,-1235,-441,-904,1023
33067,-6907,1898,1300,803,1340,820
33068,-7387,-3195,3021,-1501,967,-216
33069,1201,485,-502,1314,237,349
33070,-4195,478,-6145,1593,-128,22
33071,5912,-2195,-1832,180,1815,501
33072,1258,1455,4176,1355,1481,100
33073,4422,-1774,-5752,295,-1137,400
33074,4050,7170,607,-322,1583,-573
33075,3055,6393,-2015,-1712,-1925,373
33076,-6398,5763,-7714,685,-54,-801
33077,1989,5398,-7123,1754,-268,738
33078,-3192,-561,-3015,-510,-480,1694
33079,5641,-1750,3104,1018,138,1591
33080,1822,7419,7485,1796,-582,-566
33081,-809,-245,-2849,-1873,-1528,-1693
33082,488,1610,-2030,-776,-1026,-1117
33083,3769,-2159,548,-379,459,1063
33084,1239,684,65,1872,-1476,-1959
33085,6518,-5995,-7039,-1110,-324,-410
33086,-7807,-1487,-4863,1324,-980,-1176
33087,-7339,2945,4041,-631,1325,-1976
33088,5226,-5260,6645,-674,489,-1342
33089,-1063,3816,-6882,-725,79,-899
33090,3307,4844,-2364,577,1257,-1272
33091,5207,3379,-2043,589,-99,-1643
33092,-2870,7229,-1692,898,-823,-9
33093,7518,-911,5302,-1053,-323,1441
33094,-3089,5955,-1726,329,-1372,-175
33095,6799,7499,-1760,50,-55,1055
33096,3844,4370,-6302,-1388,-427,-2
33097,1705,7935,-7534,598,346,-1719
33098,5142,-2021,-6282,-105,-1761,-1189
33099,1261,-5894,-5868,-248,-435,1955
33100,-975,-5560,-3115,1265,323,-1695
33101,-7014,6903,-901,1296,752,121
33102,-1426,-6290,-3798,-1126,1264,1204
33103,6568,7145,-7164,-840,-1126,-449
33104,-3116,4826,-6622,1922,-748,-1544
33105,-3842,4065,-332,668,1480,213
33106,7197,1230,-1368,-990,-1738,1789
33107,6568,1117,7101,1685,-1826,1082
33108,-7336,6905,5245,-973,-891,-548
33109,5341,-2945,6464,785,-1468,164
33110,2261,-4451,-5212,-707,-63,807
33111,5387,6376,2411,-398,1926,1391
33112,-47,919,3414,1701,157,-523
33113,5426,-4404,4178,1223,1724,-259
33114,5476,-1803,2257,-818,-454,-783
33115,-7400,3483,-2343,-160,1590,-389
33116,3672,2226,3151,1771,385,25
33117,5833,-849,-329,1531,-548,-1059
33118,3790,3523,5226,-1140,144,1221
33119,3438,3196,3127,-618,-1700,281
33120,-7083,6151,523,1894,779,-960
33121,-5353,-2300,-309,-1532,-665,1780
33122,-6641,786,-348,-1647,895,784
33123,3248,6215,-3495,1555,1637,-811
33124,601,-5304,-6571,450,-1219,1477
33125,-2066,-2799,-831,-1053,486,-530
33126,369,-467,4928,1471,1771,-345
33127,652,5022,2826,-526,-326,-1488
33128,-7798,5451,5221,1966,1672,511
33129,-845,5697,6083,1451,199,556
33130,7304,1520,1015,-1523,-186,-1188
33131,-4581,-2911,7689,-1077,-451,933
33132,73,-6023,-4422,1294,316,1440
33133,-48,-7924,4751,-40,-1447,-1477
33134,6818,-4249,1537,1531,274,673
33135,5864,-969,5422,124,99,-1530
33136,4479,-4663,-2493,-1803,-119,1304
33137,3466,-7122,-4173,-347,-386,-587
33138,-5685,5523,6431,1966,1815,662
33139,3892,6990,4583,-397,629,-166
33140,-1774,3337,-2034,-423,1483,153
33141,3505,5295,567,1350,-425,1717
33142,-3725,5106,-4172,458,-175,1030
33143,5575,-7190,-2816,-1349,1038,1067
33144,4457,-7548,3447,-1766,1915,-1996
33145,5626,6189,6724,322,-1322,-1631
33146,-7494,1199,-6392,-73,175,1678
33147,-1335,3447,4401,-902,430,-273
33148,-7280,1743,3762,1958,885,171
33149,-2568,1487,-4684,1593,-785,-785
33150,5047,-3423,-5062,1522,-1343,-1328
33151,-1352,-7032,-3438,-547,-1770,1726
33152,5857,6047,2033,96,-1368,-62
33153,5977,-4085,-4807,-1807,199,-815
33154,-1525,-807,-3925,753,-1528,-226
33155,-7342,-2530,3441,-908,-1205,602
33156,-4169,1833,-6636,-292,-394,1074
33157,4630,-4428,-2802,-1898,1828,611
33158,-5232,2937,1635,1608,-733,-1126
33159,-872,-4092,4776,-1057,-1884,-1403
33160,5923,-5198,-2891,667,976,685
33161,2832,1631,689,-509,-1562,-1129
33162,-5377,1239,-7396,1012,-331,961
33163,-3696,7036,-4133,1068,389,1843
33164,-6539,-733,-4565,-693,-1569,976
33165,6491,-4901,478,-1207,1816,-1064
33166,-2574,-4791,-1120,-1662,-1326,1204
33167,3955,4500,5099,-338,-195,-65
33168,5908,-5186,1745,1822,1840,-1405
33169,2840,-72,2325,539,1917,1049
33170,1441,-513,2040,944,436,622
33171,1248,67,-208,211,68,-780
33172,-2524,-6437,7286,804,624,-922
33173,-7726,327,-6175,-1949,1857,-1368
33174,-4423,-7610,6663,554,1503,-791
33175,-1208,7899,78,1612,-735,1448
33176,6677,3295,-1819,-1971,1478,434
33177,-5982,1895,3205,1016,491,1573
33178,7524,-7059,3597,68,-756,-205
33179,-2286,1945,-5910,-235,1003,-441
33180,5165,-5982,-1068,-479,1387,-502
33181,3811,-1360,-573,-1433,-1889,-585
33182,6479,4921,3740,788,-945,1313
33183,3815,-3976,598,1031,-1722,-123
33184,3902,6510,-4587,1255,1631,124
33185,6170,-2895,-2931,-812,-561,373
33186,972,2053,1320,1906,-1735,-424
33187,7644,-90,-1221,1635,964,1867
33188,5935,5933,-2914,1204,75,-127
33189,-6186,-3819,-621,229,-42,1585
33190,6893,-6120,-369,435,-693,794
33191,-2133,-6736,4906,-1326,361,-1502
33192,7556,-6966,4810,1946,-5,579
33193,4765,-5562,-1010,1608,-1466,1152
33194,5043,283,1333,565,-682,190
33195,-3887,-799,-2529,89,1808,-964
33196,3694,3178,4588,336,1454,-241
33197,-1582,4077,-3564,1437,1807,21
33198,787,-6749,4796,-1916,-1477,830
33199,815,-7674,-6306,-28,-1224,116
33200,3615,4632,-4081,-287,928,134
33201,2491,3442,-1235,-1690,-1345,-658
33202,577,5211,6971,-543,218,1397
33203,-3157,6021,-6386,1456,-1198,-1993
33204,-1852,1829,-4743,-564,895,671
33205,3023,-2701,7502,-1193,1303,-1469
33206,4643,636,-5393,-448,1053,794
33207,5188,1004,1158,-343,1589,-13
33208,6915,-4787,-389,957,1882,-1002
33209,-3400,5229,5046,1496,-845,-947
33210,-1369,-7864,-1644,-1244,844,1894
33211,5952,-6501,7760,-1180,-1918,-1872
33212,-4864,2508,3989,198,1358,762
33213,7276,3524,-475,-412,-1361,-819
33214,1498,2580,-2061,1552,-618,1543
33215,-2021,-4874,-2054,242,-990,-157
33216,5910,3325,-893,1374,-1214,442
33217,-6204,3191,6159,-1676,830,1970
33218,-2599,-126,-5232,-1439,-1749,594
33219,-6740,-6845,1878,-334,912,1427
33220,5804,-2235,3350,1372,-859,-1531
33221,2131,-996,479,-97,-222,-1075
33222,-4751,-3596,4291,-997,-844,1374
33223,4556,-5762,-6245,1026,195,-14
33224,-477,-7039,7326,418,1704,272
33225,4827,-3990,-2138,-263,-823,-688
33226,-7048,5739,2545,-1357,1050,1081
33227,-2418,-7523,6182,-721,-1284,1915
33228,-2870,-758,3381,662,1096,-945
33229,-7473,6850,-2105,-441,-723,1013
33230,4645,4953,4843,670,-381,-527
33231,-3243,-7756,2522,-432,1743,304
33232,-4850,-369,-4720,943,-1238,1372
33233,-2009,935,3897,-1187,-470,-227
33234,4763,2514,962,830,-547,359
33235,-744,-3820,1099,1794,1858,1617
33236,-2137,1526,7196,-268,-1305,1861
33237,4503,-1431,2529,1435,1497,-1461
33238,2554,5299,-1936,924,-567,-113
33239,-3626,-1152,6842,287,-121,-108
33240,-3225,-3052,5765,933,-1470,645
33241,6684,3968,-160,1968,-1898,-1980
33242,4207,-1543,7538,-1204,-912,-1562
33243,-5388,1171,5374,1511,-796,-720
33244,-6844,1557,419,-1539,912,207
33245,6229,-6138,7707,1936,-316,-921
33246,-1380,5176,5119,-766,-372,68
33247,-996,-1357,1746,725,1085,-1634
33248,4410,-5752,5011,-1206,-1136,-16
33249,3388,7561,5669,1830,-1816,1417
33250,5449,-5408,-6088,1084,-1135,156
33251,-7087,218,-2144,-652,-462,-476
33252,-4031,-1658,-493,512,1325,386
33253,-3711,-7866,4159,1740,-1846,-92
33254,-6660,-6320,-5816,1702,-1989,-1321
33255,-4479,-2112,1887,1538,-61,1317
33256,-1392,-5895,5635,1274,-621,509
33257,499,4864,-4387,-947,988,162
33258,-3407,3742,-5131,-985,-1341,-645
33259,6158,3221,-4746,-1528,1218,-714
33260,-6649,-878,746,-851,606,-1107
33261,-4170,-6938,-6534,1347,312,637
33262,7988,-4154,2160,-1212,1931,-215
33263,6663,-7677,5784,-292,1194,-1765
33264,-3371,-1230,5497,-1060,1576,919
33265,-219,5348,-5128,1204,-184,-393
33266,5368,-289,-6411,682,1480,1842
33267,-4559,1018,-2859,496,1817,-377
33268,-952,3486,5808,-23,-242,1486
33269,-1786,-1355,3926,563,1193,-426
33270,-5025,-461,2086,-1569,-1283,1083
33271,2528,1750,3766,-1412,-700,-271
33272,2574,-7747,-7639,-885,-263,1644
33273,-5433,-5889,7345,1098,-629,842
33274,1172,-1757,-7557,483,1011,-450
33275,-1979,-7748,3118,-1495,142,1597
33276,-2367,-6510,-346,-547,-1918,1914
33277,-2748,6290,-3762,-1752,-1433,-1168
33278,6869,4037,1050,771,-362,1000
33279,-6370,4036,3885,-1377,-1326,-1809
33280,-3940,3719,2925,300,1329,-836
33281,2452,3356,7253,135,266,1523
33282,-6342,6798,5119,1299,-1046,-205
33283,6556,-2671,5834,-197,-1932,-1173
33284,-5191,3988,-5402,-687,309,-850
33285,-937,-4595,-4418,-791,-678,1189
33286,-5294,4225,-3507,-1678,-1444,-27
33287,-3730,-7581,7883,866,-299,1223
33288,-4154,2861,3805,-1875,-491,-174
33289,2286,-2934,5929,-1327,-1497,-1230
33290,7128,122,805,651,1478,-121
33291,2339,631,1498,315,1790,77
33292,-3564,-2194,3892,-1340,127,-334
33293,-4252,-7064,-4957,-1356,-146,1706
33294,2462,-120,3539,-1233,-658,1011
33295,-6253,6052,-4116,341,-429,-1461
33296,3270,7738,-273,-1055,218,-56
33297,747,1182,6050,905,1408,-1053
33298,3612,1561,-5691,104,1901,-1818
33299,1093,-6582,3690,1264,1002,-547
33300,1599,-7855,5761,534,-1977,-89
33301,1876,3817,5195,1869,-1951,1820
33302,-7850,-7524,4614,511,454,49
33303,2651,-6439,5462,-464,-720,731
33304,-2236,422,7635,788,1901,1755
33305,6583,3123,-3738,-1106,14,1734
33306,-1065,-7412,6777,-989,433,-461
33307,-3439,-2697,4914,-1670,-1305,1335
33308,-1418,-4493,7348,406,285,1892
33309,-240,-6238,-3177,1462,-1393,-824
33310,4161,3111,-3515,-1567,-1271,-1865
33311,-1993,742,240,274,1835,-1002
33312,-5142,1889,-3078,-1299,-606,-1321
33313,1504,4988,2312,1923,-944,-26
33314,5361,-84,-6156,1683,216,1602
33315,2999,5000,5007,-1930,681,-1249
33316,-1796,3678,1942,-334,-583,-1962
33317,6982,1897,3815,-1906,164,1741
33318,284,-353,-7977,538,-1159,-1823
33319,-4434,1937,598,-1243,182,1338
33320,-4100,-1656,5110,1127,530,-151
33321,188,-4168,-855,-256,170,58
33322,6090,7963,-4101,1584,266,-1646
33323,-7328,7857,4669,744,444,1038
33324,1251,1152,6804,-1357,429,1392
33325,-945,2769,193,1497,62,684
33326,6746,-6062,-5418,-184,580,77
33327,7849,2683,-1201,1076,-482,-771
33328,5557,-5982,-604,-1809,-577,-1037
33329,-7292,4617,-7093,-688,-1532,-1770
33330,-4555,-7610,-3697,1160,1080,-919
33331,1296,-5147,7380,-317,1,-431
33332,-2867,2415,7293,1389,1507,1248
33333,1522,-6448,-7490,-968,704,26
33334,4238,-2821,7267,193,-954,-275
33335,-2818,5272,-1269,-933,-1801,767
33336,1454,3331,3932,-1300,-1027,1913
33337,-6614,-353,7091,-1345,554,80
33338,-1718,5712,845,1617,-1439,431
33339,4910,4673,-7316,-1709,1909,-447
33340,5336,-5941,4800,1081,1551,527
33341,-4797,3893,-4112,-117,1364,-1367
33342,-540,924,625,-283,-1642,1964
33343,5867,-4971,-6324,574,345,-1693
33344,6666,1642,3053,1961,-346,-579
33345,-2348,786,3084,1414,400,-1906
33346,-4710,-6701,-6675,860,878,-837
33347,6963,-7906,-2348,1252,-1108,483
33348,-2488,4546,-5057,-1191,-718,1500
33349,4938,-5801,-822,-1424,-362,1631
33350,-5057,5891,-7282,-127,-1548,673
33351,-4723,-1538,-2555,1166,-505,-518
33352,3455,-1884,-3298,1766,-1083,130
33353,312,6407,-4915,-1076,1126,-1113
33354,1781,4045,7541,-630,1222,1316
33355,1129,-4166,1164,-1164,1677,353
33356,5664,-1710,7033,-1931,-886,1607
33357,4718,6097,-4044,-759,-1454,-1923
33358,-1944,5331,4002,1667,1308,-1891
33359,5703,-7004,-4985,1576,1386,527
33360,7021,-2939,6970,1264,1022,-1860
33361,-6065,1872,-632,-1987,1685,1525
33362,-6468,-7579,766,-1084,494,-457
33363,1528,-6129,3094,1537,1377,308
33364,-264,302,1859,1140,-1525,781
33365,-4358,-6951,-6855,871,1883,-208
33366,3725,1046,6928,-806,920,1905
33367,-3924,-5897,4985,1366,335,-1621
33368,-7200,5838,-7953,1046,588,578
33369,620,984,6547,1077,-1956,17
33370,499,235,2338,-325,-1529,898
33371,968,-6927,6712,283,1364,1665
33372,-6912,-3787,1290,-1923,1097,1512
33373,-3162,3266,1236,-298,642,-1253
33374,-7822,-1535,6819,-305,-1327,330
33375,4056,-6328,-4541,820,-65,1736
33376,921,5778,6448,-656,-250,1688
33377,-849,-891,-7324,-856,-993,-1400
33378,-2081,-2728,-6134,-1225,-1022,554
33379,2159,4754,-3330,1144,796,842
33380,-6462,7447,3926,409,-905,-209
33381,-6178,-6929,-3761,-944,1810,-198
33382,-1626,5137,-4311,851,-145,721
33383,-631,5764,-1561,993,-1542,-1264
33384,-3167,2538,-950,-1870,1981,-708
33385,7010,-6458,213,314,384,639
33386,5258,-2185,-4832,1796,-1200,-1693
33387,-5865,7065,-2419,1456,416,538
33388,-418,-1486,-2849,144,-1761,-44
33389,-1676,-4183,4543,-118,1127,-1380
33390,2180,-2561,858,-1366,-1839,-1893
33391,4471,-2796,538,134,-1146,1084
33392,-4872,1115,5271,-577,-1679,1607
33393,1584,5387,-4407,185,-1020,606
33394,-2236,2018,786,1826,1966,529
33395,2052,7167,3609,-263,-293,-1490
33396,-3743,-115,-5016,-1296,-348,186
33397,6891,6951,-1328,400,-1368,-1833
33398,5533,-5834,7572,-1971,-1714,258
33399,-1086,-1799,-7855,1246,1053,1011
33400,-2240,6322,-1893,-1268,-1667,549
33401,-2537,-4441,5812,-1415,-1092,-830
33402,7282,2085,7589,1276,1802,1246
33403,-4851,4622,6620,-582,-465,-1938
33404,627,-5285,1971,1194,-1206,-362
33405,1258,-6052,6521,-1240,1082,-1097
33406,7364,102,6374,-889,-1166,1947
33407,1573,-217,-5519,0,-1338,268
33408,-2536,7367,5850,1100,1897,1936
33409,5229,4474,-841,-319,-1370,-463
33410,-477,7861,-6477,-1838,16,-1123
33411,-444,2404,-4005,-1090,1169,-1142
33412,3919,4648,-2868,-449,821,-1644
33413,-4623,-1458,-6602,-1724,-1710,522
33414,5056,6498,-4803,76,188,453
33415,1712,-6756,2224,99,1778,146
33416,-1123,-2275,-3006,1934,-1599,-518
33417,-5606,7269,610,-1458,-1922,414
33418,-2646,-2288,2126,-765,104,579
33419,7531,2391,5712,215,188,1511
33420,1393,3502,4498,1829,-531,1314
33421,7767,5196,-6870,-1197,668,-1300
33422,444,1931,3827,-734,108,391
33423,1965,-3863,354,-1128,95,1893
33424,5240,5901,-990,1385,1233,-218
33425,-2248,-4186,7876,-335,825,-1923
33426,4073,-3292,-6661,-756,-148,146
33427,6478,7853,3249,-1340,-349,179
33428,1596,-4997,5583,1262,-1221,1463
33429,4222,1936,3716,-239,-1176,-1694
33430,-2151,-2324,-3186,-643,-1324,1733
33431,-1483,2397,3123,-177,238,-854
33432,1896,-6971,4431,1322,-172,-473
33433,5102,-5099,6678,388,-1596,5
33434,107,3321,3553,-709,374,-363
33435,7001,6169,-5413,-1030,910,-517
33436,3837,5479,-6106,-355,-35,-460
33437,1341,6107,2540,-1979,-240,138
33438,-3185,-7813,5653,-1252,-1849,890
33439,-65,6466,-1670,1499,-1644,-1600
33440,-5795,2815,-3518,-1362,-1860,-593
33441,6416,-2259,3596,-753,112,259
33442,310,-4368,-1135,382,1831,199
33443,7158,-4142,3487,-1405,129,-1553
33444,-3394,-138,-5144,-816,-66,-744
33445,4456,-4054,7633,401,-477,1508
33446,-1971,-3076,975,-32,-225,-505
33447,-7854,-7129,3895,-683,694,1546
33448,7465,-6679,-5989,581,-171,589
33449,-5793,-4007,-4302,-614,434,-1694
33450,-1779,-4959,-7563,-1427,-1199,-1550
33451,6384,7907,1301,-1427,1696,-763
33452,1127,-5683,-6165,-950,-330,-27
33453,6823,1375,7248,-945,296,8
33454,7588,3804,-3179,-1191,74,-889
33455,-1126,-2124,-7200,1988,280,-107
33456,-7918,-2667,3781,1358,-800,604
33457,-3032,-717,-7532,626,689,1241
33458,804,-1014,1057,-169,-1801,-242
33459,371,6572,2884,1602,160,704
33460,210,2093,5892,-1867,-1947,-37
33461,7714,3325,6399,1210,-1735,-644
33462,4740,-3320,6153,-8,1212,620
33463,2092,-6191,7113,-1451,1675,-887
33464,2887,-4264,5389,356,-1727,-773
33465,-5149,-5662,-3935,1791,393,-1732
33466,927,5261,-5715,959,-1271,1839
33467,-5151,-2928,1911,1829,671,-308
33468,-5119,-5935,-3565,907,-1419,-1226
33469,2341,3453,-373,920,-1036,-282
33470,6700,-1102,2510,-1486,1431,1356
33471,5947,-4922,4731,-239,347,-891
33472,5850,-6243,-2309,-1771,-128,1891
33473,283,3576,-3262,858,489,-1862
33474,4215,-3720,-5023,735,1060,-1440
33475,-7004,-6049,-4846,-1574,403,1844
33476,6184,-1850,3791,1714,1245,-1122
33477,2230,-2200,-3763,588,1694,-999
33478,169,-7599,-5717,-113,-758,-142
33479,-7609,1216,-7930,850,1745,-524
33480,5297,6206,2775,-1947,-295,-1071
33481,-1397,-5169,-5290,-1845,401,1747
33482,534,-5507,7792,-1675,770,582
33483,-6474,-6829,1585,66,-1230,292
33484,3196,-5093,6906,433,-4,914
33485,-7981,-201,6576,-1364,1076,-669
33486,7090,5217,6379,970,713,460
33487,-2477,4434,-6418,-650,1750,901
33488,2554,5324,-3215,171,109,-561
33489,592,-2676,-7505,-1767,998,-292
33490,3767,4663,7269,-1065,-1781,144
33491,6059,2282,5152,157,-149,-1092
33492,565,4509,-2895,-1195,-1857,-75
33493,-7967,3079,-2511,1375,-1485,1224
33494,-4245,-7874,4763,1389,-1528,-1802
33495,-1152,-7815,-1086,-1037,-1054,897
33496,1911,-5628,622,586,-570,-260
33497,3133,4066,-945,1385,1519,1274
33498,-4784,7346,-5255,1188,195,-1909
33499,6309,50,6539,-229,19,947
33500,-4610,4269,-1780,161,6,913
33501,618,2762,4988,-2000,-1280,-45
33502,-3509,-5966,-674,308,1890,-172
33503,-7079,684,-6397,-980,1702,-347
33504,-3783,-6318,2183,-233,527,1191
33505,-4368,1069,-6300,673,-486,-260
33506,-7600,444,-332,-969,413,-72
33507,1777,6231,-4421,1122,-249,1096
33508,-7126,-4064,2188,-1638,-1523,-157
33509,6919,-7879,-2599,-1139,1841,-828
33510,-3623,6534,-1513,-1917,1954,1149
33511,1492,-2910,-7014,-720,1176,1152
33512,-1175,-7680,5360,488,-1593,-1500
33513,6602,-4507,-1904,1501,-1828,93
33514,-7558,-178,-3565,-1762,618,-1307
33515,-7528,5742,-6845,1653,-233,-11
33516,6060,-3168,-3834,1873,-709,-1867
33517,6681,6841,-4340,-1495,1987,1423
33518,-54,7721,5518,496,1536,-1011
33519,5277,7494,-538,-1595,1634,570
33520,-6636,-149,-5603,1653,-333,1593
33521,-5683,6115,3850,436,-1460,144
33522,-3229,-2032,4657,1444,-931,1838
33523,6927,-5782,-5198,-1099,809,-369
33524,909,-1715,-1750,384,-138,39
33525,6847,2192,5776,764,-179,307
33526,162,4397,-2824,0,-346,1810
33527,7616,1082,-7974,1001,-130,1973
33528,-2029,-2822,-324,-463,1886,-726
33529,6806,4475,989,1198,40,-948
33530,-526,-180,5619,1160,131,-1245
33531,-2922,-6526,277,-1181,-512,-1546
33532,4165,5882,-4373,-1920,-135,344
33533,-4487,-7088,-887,-272,1075,-1596
33534,7752,3108,-3693,-1884,-181,1154
33535,-3087,6187,-2631,-193,-275,263
33536,-1362,-3992,4812,1038,1684,220
33537,3528,2574,-6447,285,914,932
33538,-6010,-1886,-2718,-985,-11,-1375
33539,-3749,-7129,-2466,-1603,-1649,487
33540,-7314,320,-5646,1861,200,199
33541,1120,1435,-146,750,-576,591
33542,5891,-5898,7240,1901,-528,-37
33543,-4772,-5462,1059,1503,-1150,727
33544,-7612,7059,-4760,-520,-729,1458
33545,4544,-7510,-2380,-1654,375,1727
33546,5435,-1880,-5628,-1832,-1928,1087
33547,4004,-5627,1901,-891,230,-639
33548,328,-1658,-5539,59,992,-1259
33549,4453,3090,-1535,225,1262,-62
33550,-2334,7680,5722,268,-1113,-1874
33551,-2846,-7160,-1331,-1228,-168,420
33552,-1556,6341,-3162,-769,-630,712
33553,4068,5306,715,956,1989,-328
33554,455,1241,4299,770,-206,-1000
33555,7426,-5336,-2074,-1770,-1820,1671
33556,-7163,-7261,-1288,1688,-649,667
33557,7831,-1561,4384,1761,1226,859
33558,-6370,-190,-788,-1576,-816,-26
33559,7870,-2787,-1007,274,-1790,1265
33560,-6249,-5778,3990,-1761,1440,1254
33561,-4831,-6296,4624,-237,-964,1972
33562,-3744,-272,3648,826,-942,557
33563,-4199,-3295,-1118,-108,-1905,838
33564,1552,2394,49,-1988,1811,-74
33565,5604,2787,-3705,-217,-1000,-594
33566,232,-462,-1778,-127,-697,1862
33567,211,3460,-5026,-1045,1880,152
33568,582,6299,-1136,548,-715,945
33569,-5261,-6297,7192,-490,200,490
33570,3236,-482,-3254,1445,-1626,-273
33571,-5502,-1026,-7853,1053,58,885
33572,-986,5431,-1937,-1358,1031,-1396
33573,1515,-1188,3653,1770,1214,1983
33574,5058,3260,1584,-122,-1227,1057
33575,-989,1581,-6102,-1014,-105,1688
33576,3804,-550,-6894,-91,9,506
33577,-426,-614,-7198,-733,233,-20
33578,2045,4364,5042,-1197,324,1992
33579,1737,-6953,1041,26,1053,1800
33580,3442,3948,6052,1314,-135,-561
33581,1027,3489,-4047,183,-288,580
33582,-5416,-3368,1783,-1031,1044,1671
33583,-3265,-3437,1748,589,826,811
33584,2536,1992,7216,1633,-133,-318
33585,3520,-7099,6137,84,-1802,-1223
33586,-935,-1782,4434,-950,-1228,-1021
33587,-1290,7163,25,61,1862,290
33588,-1452,501,2033,-1574,1276,179
33589,3359,4554,-145,613,401,-356
33590,-6235,6552,-3270,1819,1647,-1440
33591,-123,3550,7942,805,1544,1903
33592,-7718,5773,6473,1172,1617,513
33593,2345,4590,1009,795,1022,989
33594,-5174,1183,-1350,-1094,1491,664
33595,4531,-3117,-4305,1238,173,766
33596,-5564,6493,-122,863,-1147,-1966
33597,-6603,-7239,-4393,-224,126,1676
33598,969,-2019,2602,-1894,-1255,-1436
33599,-5737,-5634,6117,-1406,-1962,1916
33600,248,814,-5066,-1042,-1627,-445
33601,3545,928,-2265,942,433,-1036
33602,1333,1704,-1138,-1623,389,-23
33603,-7531,1551,-7598,335,1320,-155
33604,7701,-3308,-4933,1630,-1030,144
33605,6351,-494,-2749,-666,1362,-1799
33606,-7237,-6432,-4820,0,-1543,-418
33607,1531,-4314,-4418,709,177,-45
33608,1143,-3892,-4477,1626,-1615,1175
33609,1491,6582,-1347,-1517,1502,946
33610,1413,-1287,-7402,-1760,1079,826
33611,3065,5269,-6139,369,-1640,1686
33612,3077,-7554,-2368,1938,1069,-272
33613,-6733,-6571,2024,-1302,3,-296
33614,4892,5497,550,700,-221,-55
33615,7608,-6141,-1652,1012,1558,-461
33616,-7158,-7936,-4185,-1931,-971,-437
33617,-801,2505,-4958,-535,8,191
33618,5877,-4585,-6700,-1025,85,-1365
33619,-2568,5174,5845,1124,970,1763
33620,3372,1192,-442,1127,-722,-154
33621,2638,-3994,-3927,1608,904,-1431
33622,3118,6108,-2908,1225,-1011,1286
33623,2053,2885,-1758,1278,-1531,-1305
33624,208,-4306,-6788,1929,1293,1758
33625,826,-1782,-600,740,-115,671
33626,7109,-803,-4160,1883,162,721
33627,6552,-293,138,-1721,1834,-1933
33628,-7980,-1906,-4894,99,897,-1861
33629,504,-6801,3976,1228,1327,-1194
33630,-4944,-4521,6554,1818,1779,124
33631,-3447,-1267,4132,-474,-904,-1961
33632,1259,4204,64,946,1397,-1328
33633,-5068,-2681,-834,415,46,1362
33634,833,-7393,-7542,1673,-1939,-1143
33635,-1113,7223,6886,-1005,-877,-1716
33636,5357,-1103,5283,379,-960,-216
33637,-6118,831,-6651,501,-252,-1976
33638,7868,2841,-5615,1204,1275,34
33639,1107,5963,4575,1802,1715,30
33640,-61,-653,-4416,679,-771,270
33641,899,-5119,1892,590,-248,1663
33642,731,3408,-129,-1545,1417,-229
33643,-3067,-637,-1240,-1515,-993,-103
33644,-7413,5973,-2407,-1006,-1102,-551
33645,1908,2103,2734,-408,701,-1502
33646,6301,-3730,7426,688,-1910,1430
33647,4973,3927,3627,-1196,923,-1078
33648,-7772,5326,6342,225,-401,-1007
33649,-7740,7612,-3643,1819,-510,536
33650,-4683,-4807,5868,-516,1670,129
33651,-7684,7933,4099,847,1877,1638
33652,-5337,1657,4799,-1418,379,-321
33653,-6206,-7792,3390,1969,-1080,-1273
33654,-6855,-4217,-6802,-1185,1150,-1958
33655,5281,-5274,4632,-1381,-774,1252
33656,-2571,6782,1710,1649,-1962,-1829
33657,303,-5294,2606,-238,-1707,960
33658,-6025,-5711,-1466,-1439,-64,-372
33659,4714,815,-7401,360,-1042,1523
33660,-1119,-4965,4461,206,448,-1063
33661,1565,4431,-7191,566,-502,220
33662,-3203,-4678,3209,621,-1493,-1439
33663,5938,-6865,124,891,-1896,1491
33664,-7606,-509,6661,-1852,-925,253
33665,-5233,-2724,2549,592,472,936
33666,4504,4717,-2164,-1296,-1590,-1402
33667,-7956,5907,-3838,999,28,1809
33668,-6757,-7592,-1317,-1433,-1761,-1313
33669,6771,3446,-4716,1578,225,1166
33670,3237,90,3368,-1882,-1626,830
33671,7719,6601,-6092,1219,-849,-414
33672,6042,-5820,3022,521,-1885,1785
33673,-1707,3009,1656,-328,717,-26
33674,1488,-5373,4886,-1677,-1277,-985
33675,5915,-5377,-5360,-532,-1382,-466
33676,5995,4000,-4658,1990,253,-845
33677,-491,-2053,-6129,-1038,1756,-1783
33678,1930,5930,5573,-1423,1584,-1491
33679,5179,6025,471,-222,460,343
33680,-2013,-7151,5167,-821,-1147,-737
33681,-2247,-2444,-3953,822,1277,937
33682,4588,6697,-7298,918,-1621,-1431
33683,2781,3718,3912,-520,1861,-477
33684,921,-3637,-2230,58,-53,1941
33685,3079,2331,4716,932,-1086,-602
33686,5377,7944,5450,-1570,-1734,834
33687,1240,-4968,7853,1803,1630,-1894
33688,7979,1321,2475,-973,-604,-597
33689,-2782,-1484,-6766,1345,1383,1644
33690,5739,902,-5109,126,557,373
33691,-2566,-7954,444,-205,-177,1746
33692,-6085,334,301,672,884,95
33693,-561,3292,4121,-1950,-523,-202
33694,3213,2848,4715,1432,432,1907
33695,-1829,5080,-3937,480,752,-1185
33696,-7339,7237,7706,-308,-1821,-210
33697,7656,1842,-7116,-1407,1511,-300
33698,-7425,6639,-3837,-1971,552,-1549
33699,-4265,1372,1029,1563,22,436
33700,-3546,-2337,7449,-1266,-321,-704
33701,889,4712,-1351,1019,-696,-952
33702,-289,3,-1325,1417,1893,-14
33703,-1501,7578,2829,-950,-1947,-1405
33704,-334,-5933,5820,237,-1071,-1066
33705,2489,2015,1956,-972,-1703,177
33706,6921,-3745,-886,1864,1898,1512
33707,6159,-4578,-1640,-1399,872,1766
33708,-6399,-337,-2448,1058,-1860,-1704
33709,2504,-6225,4872,1366,1077,-539
33710,-6575,1315,3797,1116,1220,317
33711,-5478,773,4750,1243,1835,1504
33712,-5814,-5811,1624,-1354,316,740
33713,6288,-7420,4864,33,626,1286
33714,-7794,6973,-7673,549,-933,-920
33715,4876,-6024,4482,-508,-1885,1096
33716,-6235,5673,-4747,-264,202,154
33717,3103,-6559,-6090,1375,1095,-1384
33718,-4854,-1282,-4574,937,-799,36
33719,-6923,-2678,5150,-453,-1135,-1408
33720,7651,7762,-657,370,-53,300
33721,4889,-5119,-4989,1659,-645,-1870
33722,-6430,3478,7784,112,-1019,811
33723,7250,3871,-24,1521,-789,774
33724,1916,5151,-6784,677,-14,1553
33725,1048,7993,-6251,1328,-1320,-672
33726,-104,6885,7413,45,-1170,-1295
33727,5238,-1658,517,226,-95,850
33728,-2593,6630,940,-1701,-117,-1758
33729,4072,7946,-7111,-864,-1147,-1908
33730,-4315,-6013,-3838,-879,-972,708
33731,5969,-1830,-3278,-793,-937,1321
33732,1960,1016,-4786,-1778,-1626,-155
33733,-6690,4199,-4651,954,-1287,1480
33734,3267,7186,-1580,-230,879,1673
33735,-1218,738,5173,1929,617,1928
33736,-1021,-4990,-6640,1314,1824,-204
33737,-4618,-4897,5489,492,-1791,857
33738,-878,-1634,2960,1659,976,-832
33739,2402,6870,-6204,712,1732,1359
33740,-6833,2704,-4059,519,627,1485
33741,2006,-5361,-5039,-79,1026,609
33742,6256,474,-7574,-132,-394,363
33743,7138,-6707,-1768,729,1707,1618
33744,5707,-307,2065,1635,-1532,-1229
33745,-5140,1361,7203,1194,1901,-242
33746,5484,-1849,-2354,693,-1163,-1367
33747,2778,-7513,2429,-854,1793,1546
33748,107,-6557,-3241,180,1646,256
33749,4268,-391,-4213,-325,-1514,1273
33750,-4238,1398,-6223,1623,1652,-1591
33751,-7410,4436,2710,1263,713,-1559
33752,5390,-6784,-280,-1281,-1274,-295
33753,-1154,-5919,-6052,154,-213,-375
33754,-1543,372,7184,392,1586,-1941
33755,4442,1183,-511,-1210,1194,1412
33756,-1071,3666,3837,-1727,1830,-1160
33757,3233,1649,6732,1782,-1611,1707
33758,569,-7760,4649,1329,-1184,-113
33759,4108,-4893,7542,-880,1821,1010
33760,7695,2658,1733,360,-811,285
33761,-7187,-5258,-1044,1715,-1326,1531
33762,6059,1777,7929,-605,-684,911
33763,-7619,-2763,-4921,502,-1003,-932
33764,1398,6984,-2056,757,1460,429
33765,-7809,6431,6948,789,1032,1591
33766,-6400,1013,-4533,1584,-161,119
33767,7810,4603,-285,-560,-950,1235
33768,2155,4071,-3528,1064,1089,-733
33769,4733,-1099,-3294,-932,-368,-1174
33770,-3159,-3357,4664,328,-1727,260
33771,-6113,-2657,-5552,1194,-46,-202
33772,6518,-5014,-2990,1367,-605,-219
33773,5123,-7417,-1548,-1035,-358,-7
33774,7290,6673,-4201,1204,-755,-1616
33775,-3197,-734,-3175,-188,-795,639
33776,513,7456,7099,1899,-1053,-1616
33777,-6403,-4655,-2439,-1805,-390,1707
33778,3696,-1627,5131,-695,-102,314
33779,-1528,6354,-3273,-1222,-1028,1186
33780,1951,2964,-2550,1282,-1797,1011
33781,6845,-6475,3569,1991,641,-1873
33782,2376,-135,-6010,-407,-315,1324
33783,-746,6619,-1877,-7,938,907
33784,2350,4238,4096,-1608,1479,-375
33785,4706,5957,643,-1849,1595,191
33786,-5860,-7352,4901,1296,-1192,1609
33787,-4765,-7948,-2932,1187,-514,122
33788,7930,-4763,-6485,944,-518,-215
33789,-3882,5915,-7586,800,-615,734
33790,1692,7447,-1138,1529,1672,253
33791,-6165,2480,396,-1803,299,-1241
33792,-7907,3627,504,1664,-1772,740
33793,-3636,3392,-2418,1745,914,-1185
33794,-1562,-130,-7297,989,-446,-1862
33795,2537,-7507,-7894,1116,-482,-1214
33796,4591,4017,-2840,233,943,-513
33797,-4176,-6584,-5326,-1314,-232,-290
33798,-4398,3321,-1067,1061,1994,-1730
33799,4386,-4201,730,-35,245,827
33800,4626,-4256,-768,-1892,-1824,-125
33801,6656,-7382,2130,-1243,-554,-870
33802,-3610,2949,-5661,1499,-1670,253
33803,2226,-1705,6189,1967,799,-973
33804,1648,-6581,2272,643,-1134,-1715
33805,5191,-5042,4591,-1316,576,-481
33806,-3926,2074,6359,-1005,-436,-594
33807,7311,1878,6734,1133,428,-689
33808,7419,2743,-433,114,-15,-132
33809,-7023,-3168,-3468,1504,-791,-183
33810,-5865,-6586,-7679,441,-1849,-740
33811,-5681,5222,5897,756,-386,-1989
33812,-1623,6275,-1872,-1689,-1089,-444
33813,5018,5895,5309,-1293,-335,152
33814,7122,-5497,7843,-278,1261,451
33815,7783,-670,-6195,995,-578,-435
33816,3645,-2699,2893,-58,1777,-469
33817,6076,-5189,-2762,-1592,1793,1211
33818,-6825,-3094,189,1853,-1951,-1796
33819,-6020,4649,-6804,1513,-1591,-992
33820,4546,-7239,-1496,1169,209,-764
33821,4311,-6242,2124,601,-498,1259
33822,3531,197,7699,-261,-496,1487
33823,442,6013,1189,-346,350,-1031
33824,-454,-7058,308,-488,1073,-61
33825,4985,-2202,-3308,-135,1106,-1900
33826,2270,4530,1921,-1546,-1040,-4
33827,3690,3579,2098,1366,-1323,773
33828,6778,-3418,-5393,-624,-274,-759
33829,5926,-1794,-6347,-1638,-1784,1231
33830,-3037,-2122,7455,273,1173,-1005
33831,-4893,2168,-5418,691,1895,-936
33832,-260,-6266,-5042,172,1697,1178
33833,-3550,-6353,-7469,1336,1111,-1108
33834,-1797,6679,574,1676,-792,-1423
33835,3878,-2631,-2518,-1057,416,-742
33836,-1279,-610,-4276,-869,-670,-81
33837,-4731,2613,-442,-169,1009,-945
33838,-6875,-4644,-925,-939,-1294,1293
33839,5756,-119,-2804,307,862,-1762
33840,-5835,1181,-3618,-1865,161,414
33841,5011,4060,350,-511,-276,1612
33842,187,-951,4750,-1203,810,-1268
33843,-3753,756,-1527,-762,923,-1324
33844,-869,6904,-1345,963,1095,-805
33845,3382,-7503,-4916,560,174,1347
33846,916,-4395,-4149,290,-22,1705
33847,3295,539,4661,1978,566,410
33848,5435,2358,-4277,1090,-1211,-1121
33849,-2719,4727,-6169,-490,333,-1550
33850,-5206,-6446,-2785,-1603,1635,706
33851,2720,598,-3813,210,-1588,984
33852,-3428,-3101,1916,-393,1284,-357
33853,3534,-361,-224,433,704,-1099
33854,6412,917,1444,552,661,-1948
33855,-1757,6848,-2388,1638,1705,-492
33856,2894,4121,-7196,1510,569,429
33857,-4096,4541,5361,760,-689,1482
33858,-1072,7958,4040,1877,-1899,-263
33859,-3999,-6773,1751,-453,-1721,-1880
33860,-6970,-960,-5113,338,481,459
33861,200,-6817,-3871,280,-156,-1872
33862,-1474,4914,380,314,713,-158
33863,6997,4304,5050,-315,-1952,-1945
33864,205,-7083,1746,209,-1889,552
33865,5674,3076,-7747,1376,1021,1527
33866,6738,850,-555,-1960,-1811,1328
33867,3099,-2086,1773,-1836,254,1095
33868,-7572,2674,-3719,-182,-238,-1060
33869,2958,-6641,5690,-1395,-1887,-1605
33870,-3357,-7440,3237,1091,114,1866
33871,5936,3611,5085,-323,-1744,928
33872,36,-4576,-6332,-1300,672,-1928
33873,7193,3383,-7660,463,-628,-1105
33874,5996,109,-4013,-1257,-1272,794
33875,-5664,-7879,6385,-201,1274,688
33876,-7753,7944,-7845,-1535,-548,1427
33877,-698,-942,4267,1055,1627,-708
33878,-418,2050,5777,-1588,1274,1074
33879,-1062,5316,6463,-918,-1671,1990
33880,384,4836,5363,1776,1234,1105
33881,-7446,3458,6964,-618,1266,-879
33882,-3026,5734,247,1340,-1154,314
33883,6924,-6599,173,1711,-1901,81
33884,6807,6111,-2981,1927,923,-1242
33885,1604,964,4754,754,-1229,1436
33886,-7336,-1881,2594,-63,629,-249
33887,5223,435,2228,-392,-1574,-1871
33888,-3465,7805,-5070,1745,1514,-1840
33889,4195,-5451,4716,488,-991,-528
33890,1015,-1704,-2594,-663,-31,971
33891,4035,2217,515,-75,1626,-49
33892,-341,-5058,5667,-277,-1008,-14
33893,7575,4978,-5671,-70,-1598,1909
33894,7645,4755,7226,-299,-401,291
33895,-422,5248,3448,-1720,29,127
33896,-3376,180,-3835,-641,1081,1112
33897,1069,-1371,1208,-897,1330,-811
33898,2376,6514,-19,-1990,58,-1803
33899,5231,-7422,947,891,-1803,-1446
33900,-969,1910,-5918,-390,1160,-1858
33901,-6426,6852,-5974,691,-400,1567
33902,-1143,3042,-7550,1809,1884,476
33903,3418,-7163,2266,-34,-295,-1590
33904,3360,-3411,5348,-1461,329,-1801
33905,-6088,-248,5328,-1279,-440,1133
33906,7602,4249,-4264,-131,492,1426
33907,-1512,-6242,-4906,-985,1200,-1238
33908,898,3208,-6717,-366,-1955,-779
33909,-2303,3870,-850,-970,-1853,-822
33910,2279,1579,-2563,401,1461,1959
33911,5494,-933,-6000,-80,-478,1066
33912,-4045,-1504,-7459,-1259,1512,-1827
33913,364,6945,4541,1379,768,-480
33914,7844,3829,981,391,-1621,-1950
33915,5191,-5384,-3520,1071,1805,-1853
33916,3242,-6729,4931,-730,-966,-947
33917,-2786,-6015,-3346,-104,333,1474
33918,-1566,269,3532,1696,-110,-659
33919,-5463,-1043,7823,-540,868,-1401
33920,4488,1479,5605,1815,1027,817
33921,430,4419,-6845,105,-1458,762
33922,-2324,7594,4640,869,-1194,-1678
33923,-5003,-7777,217,918,255,-128
33924,-4160,2727,6853,-718,26,258
33925,3984,1369,-4197,394,310,68
33926,1763,4651,-6532,836,-173,1780
33927,1957,-6298,-870,-506,-16,1036
33928,-7870,-6595,-2134,971,357,1256
33929,-6840,7242,-4239,-1877,-1227,731
33930,-5810,4981,4596,1622,-248,392
33931,1481,6701,6652,-1847,-931,79
33932,387,7176,523,-1308,-243,1304
33933,-6623,4744,2086,1958,-1789,-532
33934,-1265,-2018,6875,-1060,1248,121
33935,-7623,-4255,-3221,-526,1939,832
33936,-2722,-3015,2881,3,-1730,303
33937,-7621,-5798,7414,782,-834,1305
33938,-7387,1639,-6964,1948,1981,92
33939,2942,2355,1521,718,-1371,1717
33940,-7678,-2385,7880,-1007,681,-1669
33941,3725,-6459,2244,1577,-1755,159
33942,2305,-6546,-6258,-1050,1273,-321
33943,-1240,5647,-1117,1305,1210,1784
33944,3754,-6460,-5288,1498,14,375
33945,3581,-5472,4501,-987,-1711,95
33946,-6061,-3467,-319,873,1314,1148
33947,3450,3301,4845,1415,1715,1222
33948,-5088,6037,-184,-1723,1683,-618
33949,4735,-3480,-858,-757,1833,926
33950,3925,-3090,3520,-1160,1441,-614
33951,4723,-2336,2685,659,-1245,-1266
33952,5009,-16,1474,1418,357,-552
33953,6460,2868,-901,349,377,400
33954,2562,-2491,-4901,-1964,379,-1405
33955,5061,4719,-3361,1305,-947,291
33956,1565,-4760,-2266,-865,1528,-96
33957,3681,5906,6304,-415,-1433,-421
33958,1948,-7165,-671,1765,-1544,-1915
33959,5856,-7088,-1576,-1814,200,-1432
33960,2005,-5250,3821,396,1419,-366
33961,-3072,4987,-491,-1039,300,857
33962,5985,-2667,638,1501,1608,-410
33963,6873,4456,4345,1909,1522,-1958
33964,5490,3624,-6682,738,1106,1311
33965,-5417,-3874,-7091,1140,-1012,-992
33966,-7512,-2448,-5276,-1228,1232,298
33967,3860,-4919,-7439,1922,-57,-522
33968,6734,-4498,2458,486,1087,-777
33969,-3550,-7398,1752,1302,-796,46
33970,7056,6274,7405,783,-812,1038
33971,7467,-3161,-6116,-1882,1001,296
33972,3394,3037,-4313,572,-1237,50
33973,2513,3212,-5903,623,-1803,818
33974,2681,-2662,-5766,-587,-543,-921
33975,6657,-7073,2320,1312,716,131
33976,-4686,1625,1984,-1210,-837,1369
33977,13,7426,4447,653,1565,-1421
33978,7358,-1588,-3655,19,234,368
33979,-2516,2431,6696,954,706,686
33980,-5229,-7608,1870,1937,357,-1517
33981,3448,7190,-1510,1213,-1168,286
33982,7858,-6116,-3460,-1822,1926,465
33983,4625,2741,-1928,173,1829,-941
33984,-3786,6438,6736,-1356,-415,-1721
33985,-3063,1446,1878,50,946,1186
33986,-2160,4775,7407,1199,-493,419
33987,-7496,6004,-875,-1081,1297,720
33988,-5995,7581,3383,-177,-677,825
33989,-6157,3549,-4477,-498,-158,-1034
33990,3454,3925,-2621,1281,-670,845
33991,-6533,1554,-6225,723,-437,-1428
33992,4289,5531,-3963,-1953,1545,203
33993,-2454,-7395,-6645,1326,192,1016
33994,6166,7851,4236,391,-1039,-437
33995,3930,-1060,-2075,442,-1943,463
33996,-6272,7411,-4543,1410,-1583,1100
33997,-6537,-5519,-7503,377,-610,-1453
33998,-1640,-7739,-2703,-523,-19,-1612
33999,6344,-1224,53,-1023,-1735,177
34000,4237,-5731,3923,-201,350,-1448
34001,-546,5349,-1463,-1200,628,1256
34002,-5885,-6305,-3408,970,853,-1126
34003,3540,-1317,-5431,-1836,-567,1636
34004,6091,5643,-1826,-1697,-1248,-1013
34005,-2977,6817,6948,926,835,-1388
34006,-6391,-6375,3652,-976,-1452,1640
34007,-2836,6947,-421,260,-343,410
34008,4491,4061,-5614,1039,1272,-1476
34009,-4987,4749,-1981,1729,454,767
34010,2733,-4548,3706,-1233,-1274,1198
34011,-2874,-6730,-7092,-1029,1156,-1791
34012,-6408,3929,7385,-129,-1630,816
34013,1124,6496,-3585,1607,-1422,990
34014,-2605,5015,6922,1987,-1646,594
34015,-2261,-65,-3534,-449,994,-1532
34016,3444,-502,2807,-1004,1585,-103
34017,-708,6306,-5188,664,1460,-1227
34018,5242,380,-5088,-83,-1088,1711
34019,1528,2929,-4364,-76,423,1258
34020,6564,2434,4782,-979,730,-1038
34021,-4905,5423,5071,-1105,-1841,811
34022,-4274,-4299,5464,-1946,-1973,-1872
34023,-4035,6965,1176,-1662,-688,13
34024,1361,-5358,6743,-266,-1982,1869
34025,2570,-5176,-1876,761,-1293,-536
34026,-171,-6605,-826,157,659,-512
34027,-1210,3632,-4357,-125,585,401
34028,-5149,-998,478,-1856,-1500,-521
34029,-4161,894,4343,-339,1106,-1837
34030,3696,7327,5626,993,-655,-1610
34031,556,3371,-5551,-1079,1565,1075
34032,6477,2335,931,1939,-1768,1676
34033,-6492,-4247,5095,204,-1481,-854
34034,3788,-2067,7303,-312,-1402,-1349
34035,6434,1598,5872,1486,-521,-1948
34036,4997,-3387,-7885,627,-93,-571
34037,-5177,-6612,-6955,-659,1809,-1587
34038,5424,-6277,-5894,-982,788,-1993
34039,-5577,6783,-6616,-1124,-813,1589
34040,4159,612,-4569,-1955,1977,1755
34041,-7503,-5460,515,-246,-1211,-724
34042,2833,2371,2319,-705,-106,-559
34043,-6346,-5798,611,-749,-1124,666
34044,-3541,-7747,-1142,810,920,-1784
34045,-3606,-2462,3903,85,208,-1796
34046,5856,3154,5495,1525,1010,757
34047,-5972,-3013,3563,-394,-1430,1206
34048,5298,2277,2798,-496,1429,-885
34049,7663,-6981,-1003,-185,-1375,1442
34050,7724,4667,-7466,1111,1341,49
34051,-2388,1965,-7447,1810,-1523,-1339
34052,-5266,-5896,-7884,1151,-975,1280
34053,-1324,-4691,-6967,-444,389,-1785
34054,-3266,2063,-3323,1111,940,1006
34055,2692,5216,-4502,-1322,1465,-1022
34056,-5416,741,-606,-1489,-609,-779
34057,5508,1659,3982,-231,179,536
34058,969,3390,7316,1070,1163,-254
34059,-3384,3200,-6803,-1249,-1669,-1171
34060,7436,-7466,7906,1214,-1212,1678
34061,6040,3333,-5542,-1898,11,892
34062,3787,-7991,-2589,-526,1995,1927
34063,6523,76,-2512,1584,1226,-896
34064,860,-6777,-6244,826,99,500
34065,-3632,-3,379,-1155,213,1679
34066,-2647,-6193,6777,1527,-1409,411
34067,-4581,389,4391,1012,-1752,1434
34068,6208,-366,-35,-1155,849,516
34069,5893,-4253,5416,191,-307,-1965
34070,4962,7823,-163,1453,-505,-763
34071,-5295,1520,2263,-1747,960,-596
34072,3568,-2822,1226,-1933,945,1146
34073,3759,-1809,-4621,1314,395,-1831
34074,6250,-6905,1781,875,1436,1779
34075,-1514,-2176,6774,1403,1150,-876
34076,285,5818,-3815,196,1989,-1902
34077,-7317,-7176,-6188,1710,-229,986
34078,5723,6676,-7383,-949,-1459,-444
34079,-1531,-301,5604,-1729,1720,1494
34080,-5823,-4665,5151,907,95,1452
34081,-6834,-7990,2108,-1797,1009,295
34082,-6185,-3968,-6162,-1375,828,-1642
34083,6434,2563,-7398,1144,1704,448
34084,5125,6986,-4839,-543,-33,-1164
34085,7631,7442,-3577,47,-1428,-1737
34086,-349,-1320,1932,316,-462,-1118
34087,-1709,2412,5261,1455,-146,1700
34088,1179,-1552,7959,1267,110,1960
34089,-7851,4683,979,-1429,-132,-1551
34090,-4030,-3200,-7390,138,556,-167
34091,-2861,3295,-2160,1121,1124,134
34092,-1706,-7173,-1123,-585,617,-24
34093,2118,-7529,2569,359,-4,1991
34094,-1969,-6747,-4513,-264,1472,-609
34095,-722,6316,-6784,643,250,-1684
34096,-5595,-4643,749,1063,-972,1180
34097,4846,4470,-6078,1389,-1619,1466
34098,6713,-7844,2132,1877,20,-1338
34099,7905,5082,-7804,-1173,-1631,-1315
34100,-2284,-7657,348,-1167,425,-1348
34101,596,742,-562,1287,-1708,424
34102,6603,422,-2717,-1633,-924,1574
34103,1964,-3993,2241,-147,-1104,250
34104,2137,5391,608,-152,1265,726
34105,-6649,-5740,6069,-16,49,988
34106,-552,-3677,-5645,-674,235,-762
34107,3847,7500,-6161,22,1553,1046
34108,5364,5003,3232,-651,1822,382
34109,7471,-6084,5748,669,-1277,-162
34110,2895,473,-3658,1645,-953,864
34111,-540,-3826,-7752,-606,-693,-971
34112,2269,-4800,1342,730,520,-776
34113,-3195,-489,7611,1579,-1514,-1600
34114,-1804,-2960,4536,292,-313,913
34115,862,-1309,-6536,353,245,1235
34116,1712,6088,-627,1747,-1058,-931
34117,1303,-1859,2327,-881,223,-1410
34118,7935,-4465,7648,-1615,-1630,-1468
34119,4074,-1947,-5841,1465,-1536,-1485
34120,-6311,1772,2852,1807,1288,-1636
34121,564,2961,-3887,1579,1895,-1549
34122,4349,655,7911,400,300,-1797
34123,-4636,-6362,-729,525,-1449,-990
34124,2998,7856,2871,260,-533,-1772
34125,-1253,1851,-4499,-664,-747,817
34126,-7565,-1232,-583,937,-1474,-1068
34127,-3597,7034,4912,214,-19,-409
34128,6427,-2392,-2062,1073,1585,169
34129,1104,-7515,-4758,1046,998,-1875
34130,6623,-493,-1987,-904,-1555,-877
34131,969,-5384,4875,-1899,-140,-252
34132,5187,-7760,342,780,-937,-538
34133,5149,-3973,4679,-563,-201,632
34134,7584,-1584,-5412,1883,-69,1678
34135,4902,1576,3753,-1834,-820,-1809
34136,-2379,-2994,-2887,1892,-1762,63
34137,6616,65,6331,733,-1571,673
34138,-602,-396,5241,988,921,-1916
34139,-3066,-4564,6438,-29,1816,-1717
34140,5853,-5860,5795,-1574,1023,-1297
34141,-1333,7780,7877,-585,700,1282
34142,-203,7230,-7671,934,-479,-687
34143,-4963,2997,-6705,-1755,1656,-129
34144,-1581,-6755,1897,1789,514,1545
34145,-4691,-1426,3726,-1100,-132,478
34146,-7096,-3349,359,-1734,-1162,1549
34147,-4903,1774,-7175,1938,627,-1224
34148,4188,-4154,6243,506,1007,850
34149,-1417,-2919,-583,-1967,-1907,581
34150,-2811,-7360,-1535,-1698,325,-1879
34151,3157,5263,-94,-203,-1513,-700
34152,-2636,2718,-33,-912,-747,1144
34153,-3656,-4888,-1521,531,1180,1030
34154,-1998,-2785,7942,26,1181,-1811
34155,7913,6147,3440,1075,702,1206
34156,-2088,4682,5251,1553,-439,1490
34157,-1234,7579,4790,-1703,1529,-282
34158,-3098,-1436,3662,-1125,-97,680
34159,-2978,6009,1005,-214,1129,1746
34160,2213,-4730,7656,517,-1110,1211
34161,1193,-3919,4174,689,1975,418
34162,5526,-1726,-5843,441,91,929
34163,2000,1050,-7752,1098,-546,620
34164,-7870,7910,-4793,613,-1682,545
34165,6245,6027,-6928,-1770,156,1251
34166,7117,1023,2117,1980,1976,-1522
34167,-4931,-1270,5023,739,311,1225
34168,-7361,-5320,-7942,1882,554,-468
34169,-2981,-477,-2443,-1728,1008,-1320
34170,-1384,-6885,-3350,1741,-1352,-327
34171,1992,-34,-4065,408,1759,-1717
34172,2529,-5237,1190,274,1495,396
34173,7198,72,-5663,155,-28,1603
34174,-4965,-1352,4531,324,1478,-1592
34175,-5823,-4814,-375,-834,185,-1732
34176,-4594,4824,3936,-1508,-218,939
34177,17,3582,6264,-1696,-938,-932
34178,-1567,84,7981,671,-720,-1093
34179,970,2709,-765,-1199,363,-1792
34180,-5042,5312,2449,1330,843,-1992
34181,3741,4943,-2526,-1834,473,-1668
34182,-5059,4443,-5757,-279,108,-623
34183,-5742,5734,5953,519,-1317,-1278
34184,-1455,-4151,4481,-1996,1342,718
34185,1767,5576,-7397,122,-433,-1877
34186,1663,-4523,6971,-1791,-1897,-559
34187,791,-5000,4216,764,-752,-266
34188,-6163,4171,-6421,1249,-1482,501
34189,-4943,-5012,6914,-1355,-1714,-1591
34190,6723,2211,-7954,1959,-1017,-1374
34191,-671,-3423,-7059,822,1510,299
34192,1792,6423,1481,-1007,1871,1298
34193,-4881,-924,5343,1279,-756,10
34194,-278,-5615,2372,1424,-383,1114
34195,-3615,-4521,-5808,770,65,1056
34196,-7043,-181,254,-98,909,-1784
34197,6114,-6859,131,1562,1268,-688
34198,-4947,2184,-2122,-205,-649,331
34199,-1472,2661,-5444,-1536,406,1456
34200,3147,5448,-2051,240,-10,34
34201,-4255,3993,4953,544,1719,1523
34202,6659,4285,-1429,868,-358,3
34203,-4712,-6600,2888,367,-588,-888
34204,-3837,-4834,-3813,-1583,1265,-56
34205,-891,3704,1051,626,1578,-1055
34206,-4226,-4707,1191,-1953,572,-1248
34207,-5632,-6843,2369,1815,-1537,-1040
34208,-526,-1575,-5204,-1721,-1694,-1971
34209,2726,1510,3612,1042,-724,1317
34210,3286,1574,-3563,918,1952,-583
34211,1028,-6572,-4766,272,-171,764
34212,-7941,-6812,-5594,-618,654,-608
34213,4442,-883,-626,-182,1577,1522
34214,-1968,-6334,-5137,-1795,-798,-1929
34215,-7495,7209,4981,43,73,-1129
34216,3451,-5961,-2813,158,-1709,-1449
34217,-1104,-6294,-6515,38,-1276,1936
34218,-7624,-5113,1997,396,-762,1415
34219,4051,733,-3939,-1309,1125,-382
34220,4476,7623,368,486,-811,125
34221,-2020,5175,-4897,1502,1233,-1453
34222,6391,4450,5051,-452,1173,1449
34223,5727,6982,-1536,-371,-1319,-1398
34224,-1126,-849,-3600,-1102,1832,1043
34225,-588,6971,-1884,50,-576,-1031
34226,-7667,626,-6327,-141,982,-716
34227,-5660,-7170,-3361,-783,-1019,-100
34228,6414,4723,7739,-1801,-481,-215
34229,1155,-998,6634,-1730,938,1839
34230,6833,-7305,4341,-57,641,1821
34231,3694,-5100,6302,-1160,-1226,756
34232,1574,-2689,-5053,765,-763,1069
34233,-5714,4993,1475,935,-515,-67
34234,3167,-2191,-2993,1174,-373,1746
34235,-1075,-4698,-5288,1460,694,1276
34236,2608,-1223,-7027,299,543,929
34237,4742,2752,7613,-1461,-1010,749
34238,2574,2702,-4310,-1267,-755,490
34239,2542,-4510,86,-454,1756,-996
34240,725,-4355,376,1997,-475,1399
34241,32,5907,2702,-1410,-1359,1149
34242,-2335,-2750,7067,-270,-910,-916
34243,-7747,3674,-5463,-1067,452,-1149
34244,-4985,3875,1284,-306,-1449,1473
34245,-1807,-4254,-3154,-1255,-1509,270
34246,-1401,-693,-867,235,1806,-940
34247,-7819,7633,-2587,-804,862,1786
34248,375,4000,-7904,-626,-400,-120
34249,-2060,-2653,5843,626,-1805,1197
34250,-1247,2076,-734,1168,-1349,211
34251,5800,-7059,2622,-973,1147,-1720
34252,-6775,7898,1919,1781,1968,-1921
34253,-4336,-5426,5199,-383,-247,1154
34254,6476,-2529,-1741,-144,1619,-660
34255,4039,-5863,-904,1534,-563,-951
34256,1387,-3732,4240,929,789,-1461
34257,7042,995,-5136,1339,-1228,-517
34258,3682,5381,3213,1596,1469,1462
34259,1369,4979,2199,-610,1557,866
34260,-6019,3381,-5642,711,1466,-642
34261,-7029,565,3777,902,445,223
34262,-3453,-2145,3051,1934,1808,-14
34263,7830,3365,4975,-729,349,1154
34264,2219,2985,-3871,102,-604,299
34265,-5549,6331,2591,1160,1090,1405
34266,-4310,-949,-483,-1536,-1881,1959
34267,-6192,-5220,-5923,1694,-94,246
34268,-1318,-5667,-108,887,-1997,-1484
34269,6343,-6244,-7257,855,1877,1878
34270,-3349,1741,-2648,365,-163,-340
34271,7594,6971,-4643,-1881,-1416,1111
34272,-5054,2742,-3498,103,278,1301
34273,-5963,6814,3403,-959,1015,-1208
34274,-5188,1549,-196,462,-632,-966
34275,-2258,6022,7937,1409,-1327,-407
34276,726,-4419,801,-1461,-652,-546
34277,3161,1611,-4838,-311,-273,255
34278,-6835,-3933,-6758,1324,-849,1544
34279,2812,343,-5229,-1267,-971,-368
34280,-3631,-7285,-2705,-1950,-147,-1839
34281,210,3361,7415,-19,-1088,953
34282,4093,5322,5520,551,-400,1197
34283,468,-4140,1888,1475,788,1464
34284,-7251,-6069,5650,-1848,-1816,1004
34285,4548,-6258,986,-1158,322,-711
34286,-4821,-4560,2789,-1092,296,883
34287,4792,3117,-5669,877,1487,-420
34288,1690,7006,-6017,679,-1328,-1770
34289,-2047,5198,-2466,-298,-31,-151
34290,-2518,3852,-5368,-722,-900,1341
34291,3137,-2543,-6123,-575,-1702,-548
34292,5652,-6998,-6692,-434,-353,317
34293,-3579,-6042,-2610,1023,1741,-372
34294,-2504,-6205,-4025,61,144,-466
34295,-3992,-2407,-2145,-260,-936,1188
34296,7738,2801,3343,-1038,734,-1048
34297,2481,-4828,1105,-635,-1976,1816
34298,7351,-699,-463,966,1152,-230
34299,-5482,-5648,-7225,-1275,1432,784
34300,7653,-451,-911,-365,1370,816
34301,-232,-3297,-469,702,-1152,-789
34302,-712,4146,-3545,-203,131,-79
34303,-5663,-3854,3725,43,908,-992
34304,2243,-6301,-4021,6,-237,413
34305,6462,-4610,-6197,768,-1476,1006
34306,6302,-1110,5725,622,-1595,1299
34307,-2404,-6012,-692,576,-1505,-1999
34308,-1891,2436,-6667,147,90,-305
34309,-6911,3655,-992,627,-43,-575
34310,161,-303,4858,1482,-505,-446
34311,-315,2958,1291,-1944,-1901,-814
34312,1543,6195,-4249,-125,-1403,-296
34313,2859,-3151,2680,-1698,-1394,-570
34314,-7649,-4292,-5780,-1794,-716,465
34315,7951,-6378,880,-1721,697,1669
34316,-2856,-4227,4537,1977,1510,-1484
34317,-5417,4970,7894,932,1937,464
34318,1682,-4113,-636,-895,1198,1311
34319,-7618,4206,-1906,8,358,560
34320,48,-593,3321,1095,-827,127
34321,-2845,2412,-254,999,-969,1641
34322,-5161,-817,5505,-167,-1252,1474
34323,-4158,3214,4752,-726,1842,-1402
34324,3257,-567,-7493,-487,-167,1888
34325,7847,-6971,468,-972,977,-1917
34326,-447,4380,-7846,699,-310,-1544
34327,-1723,7208,3792,-1140,-1010,-1406
34328,-5023,4720,5417,-129,-942,1688
34329,1373,7178,-5170,-1927,-1709,-72
34330,1142,6356,-7720,1041,903,253
34331,-7969,-4326,405,671,-1691,-899
34332,4374,-518,-6965,1089,1144,503
34333,-7945,-6986,-1214,-1899,-1782,-813
34334,-5020,-1646,-4913,1852,97,194
34335,4631,4030,390,-195,1782,-1903
34336,-4197,4497,5784,410,-180,-719
34337,2953,4594,-7232,-358,-921,-1036
34338,-3651,-59,-296,-498,343,326
34339,-7077,-6141,-5772,1039,1516,611
34340,-1438,7187,2702,-476,-1564,-1196
34341,365,-3586,4128,-466,1515,-87
34342,597,-1003,-3373,-1729,633,1531
34343,-2435,6277,-7812,-832,-406,946
34344,254,-7866,-7608,-308,1970,-1109
34345,3476,-2214,6485,-387,-1006,-247
34346,-90,-4203,-6632,866,1068,-1072
34347,5707,-3431,-7538,-831,-1750,456
34348,-3319,-676,6004,1029,744,-926
34349,-6907,7223,3655,-1563,217,905
34350,1997,4320,7664,-18,-1548,451
34351,-7947,3142,7390,-1058,1346,-13
34352,-2137,-26,-3920,-47,-1750,-1008
34353,-5994,-3557,-4701,-1565,1619,1402
34354,5475,3373,6406,1221,-1352,24
34355,7143,-6298,-282,176,774,-703
34356,-3558,-3293,7179,-1581,-1973,-684
34357,3593,2771,-3984,1102,347,1962
34358,-4083,-6987,-979,-1975,-1662,-367
34359,4164,-7390,3818,554,746,673
34360,881,-5129,2802,1994,1956,1403
34361,6979,1118,3409,-219,611,-1235
34362,-2422,-6685,-648,-1313,-929,1066
34363,1969,2171,-817,837,930,-520
34364,5673,-7059,-1799,-653,1188,-1370
34365,4177,-3627,3065,1539,935,1970
34366,7026,-4702,6549,1260,1303,601
34367,3708,1904,5753,-268,472,-1441
34368,-4425,3718,-1169,228,2,567
34369,3922,6683,2462,-1197,-1937,762
34370,-2833,570,-5711,652,99,982
34371,-737,-7820,-4614,1383,-52,-1722
34372,6046,-1413,2609,625,-970,475
34373,1633,-7357,7702,1099,-587,691
34374,6439,1939,-1864,-1009,301,1463
34375,-4698,-725,7968,-1754,1705,-1123
34376,3070,-6333,6924,-900,694,873
34377,7152,3308,2441,1612,1461,1148
34378,-2272,-843,1349,-154,-1987,-1415
34379,-6887,4215,7961,731,-1586,-1747
34380,-5974,-5696,-1301,1085,84,-181
34381,-2585,-2893,-1559,-1984,10,1489
34382,-7277,149,5700,-1638,253,274
34383,-1399,4919,-6451,-1329,544,1932
34384,4848,-4054,7420,-137,791,272
34385,-101,-7521,-2341,1146,-1238,-1034
34386,4000,-7769,2397,-659,-791,1570
34387,-265,658,-3301,-1701,936,439
34388,-2303,-3037,6273,1664,-307,-708
34389,-5355,-4414,4670,-1455,-637,943
34390,-3364,7331,271,611,-1768,-1330
34391,-55,6287,-4018,204,1697,-43
34392,3638,-7197,5695,-673,-138,66
34393,4098,6096,-6328,-1025,-1324,-1978
34394,285,5977,3005,-1243,1583,-1563
34395,-4211,-5884,2365,72,264,-976
34396,-6822,6922,2075,-1820,-208,-265
34397,6268,4968,4875,351,-560,267
34398,5929,-1808,-2702,1432,-522,804
34399,6364,4649,-404,-61,576,-837
34400,-3054,-4893,-7849,-1547,463,1127
34401,-3536,-4960,-3156,-6,-124,-1951
34402,1677,5324,-6915,1087,1219,1274
34403,4778,-4994,-2138,-78,1937,887
34404,1011,942,4512,-1734,314,-765
34405,7270,2311,-2321,468,-1671,-1736
34406,-5104,-4947,5346,1538,626,1047
34407,3297,-2287,4826,-836,-990,-803
34408,-1162,-6070,4890,-1080,1886,-845
34409,939,-1541,-88,-1073,667,-1053
34410,4912,-2911,493,-780,494,1689
34411,-5031,5352,-3005,700,-136,1633
34412,6212,4919,1421,851,-747,516
34413,1034,4012,3738,-1944,-649,-216
34414,4769,2356,7000,937,-1679,-659
34415,2286,-1059,-2092,-1200,658,1167
34416,-938,6124,-5715,-959,1060,660
34417,7075,-5241,-5295,557,-151,-615
34418,-3783,-6234,-3044,360,-23,-1402
34419,-4178,-3964,-2724,-230,-1050,-197
34420,4057,-6920,3411,-806,1439,180
34421,7855,-3275,-1501,1820,1826,-1386
34422,-2462,4038,-74,-145,1947,1711
34423,-677,-6161,1254,-602,934,350
34424,-6754,-7963,-7649,-1597,1916,876
34425,1996,-231,-6297,1481,92,1678
34426,-7823,797,4673,1434,-684,-1257
34427,-539,7704,-5717,423,26,-541
34428,3066,-1081,4587,-1069,746,-1424
34429,-701,-4846,-479,-515,-431,1020
34430,629,1260,-1506,1223,-1394,1888
34431,-6260,7563,-5646,-1113,763,-1359
34432,-3742,212,-7645,675,-958,-138
34433,-7044,6636,816,1314,-910,1709
34434,-6614,-7373,-4170,-236,1590,-657
34435,-3932,-6381,7833,1227,1573,-349
34436,-6888,-3832,-2318,757,1004,-1154
34437,-5420,3676,2459,-882,397,-561
34438,-2377,5393,-991,1613,-1169,-1505
34439,2969,-7367,6873,-1743,-1963,-829
34440,375,3012,-5216,1606,1554,-1523
34441,-7774,-3435,-2873,-528,-391,1221
34442,-921,-2966,-2596,22,-979,-1377
34443,-1487,-1359,-3911,-1452,-578,-371
34444,-4648,-1982,-5688,-1533,-403,-1236
34445,-4672,-5610,7836,-1782,-1663,-1485
34446,-4152,5047,4303,858,293,625
34447,-6888,-2086,6278,1344,1404,-1852
34448,7816,-1765,-3711,-351,1912,460
34449,-7701,-6410,6758,-1163,-888,182
34450,828,-5394,142,-814,-1845,293
34451,-4820,4015,-2476,-331,-1906,1235
34452,-7339,-6656,-62,1923,-104,1247
34453,-6424,-4980,-4190,-791,-1900,672
34454,-6440,-3082,-6420,91,297,-1959
34455,-7361,-6528,6144,597,827,-1754
34456,3525,6668,302,739,1941,-1545
34457,3379,6269,-965,1527,768,-872
34458,-2531,3929,5914,-931,1539,252
34459,-7998,1625,-6550,-841,-42,-1373
34460,-2482,6859,5027,1672,1696,76
34461,-6244,3894,1797,1956,604,1057
34462,3496,2929,-6563,-157,478,-55
34463,6832,3800,3160,-660,-717,705
34464,-3527,6245,3121,-832,-92,-1955
34465,4195,6122,-5436,-1141,1272,-1991
34466,-466,-3724,5523,1917,1097,-1850
34467,-1994,5144,5513,-1459,-1867,-643
34468,-3749,5750,4710,1383,-1359,-684
34469,-6098,72,-6145,-1695,-231,-531
34470,823,5299,4515,-966,-995,741
34471,1161,3441,-3776,640,121,-929
34472,-6146,1050,-2530,-1690,232,-1661
34473,653,2843,5745,416,-270,-1801
34474,-2746,-583,1466,-888,1150,-606
34475,-3962,6020,6261,-238,-1286,1960
34476,7550,2442,-6605,-1940,694,-1907
34477,-4673,-3680,-6468,-1061,-578,202
34478,576,-4808,869,-1446,1627,-405
34479,-3623,-4451,-1260,-1545,-1477,-532
34480,5945,-3347,-4841,1835,848,-456
34481,7811,5790,-4630,-160,-367,-446
34482,-5540,-2519,4629,849,547,-103
34483,7819,6671,-131,-901,344,1346
34484,-5853,-1060,-1861,-788,1945,1513
34485,-1580,552,-1591,-340,-534,-1073
34486,-6166,-1663,-860,6,145,173
34487,1112,7186,6429,-318,114,-550
34488,-3357,-839,5017,-996,-1487,1289
34489,1925,-4791,1966,806,519,1246
34490,-6614,-3820,4309,-1096,49,-1067
34491,-6237,1541,6270,-1908,1520,1828
34492,573,7516,-678,1946,-236,-488
34493,-7080,-3811,-5816,970,-139,437
34494,6887,-3345,2188,1623,234,1305
34495,894,-1229,1523,420,939,441
34496,5732,-357,-2316,-410,1285,-812
34497,-7236,1384,740,-123,1604,1063
34498,-1955,6715,1270,779,-790,1009
34499,4860,3598,6755,-1075,-1626,240
34500,2069,-1236,3883,-1728,796,-1295
34501,7737,2729,-814,991,-1548,-1676
34502,2228,4757,3108,1820,-618,-972
34503,5659,2042,-5813,-1308,-27,1622
34504,-5759,-2851,-5332,1666,676,-529
34505,12,2669,3429,1486,775,1479
34506,-2216,391,2829,1599,1027,-1425
34507,-6455,-3609,-1461,-847,1915,466
34508,-6864,7940,1386,1314,947,-214
34509,-3356,-3468,-4147,595,2,-922
34510,-5111,2933,-3168,271,-467,-548
34511,-1887,795,-5663,1461,462,1726
34512,569,6044,-4152,-1344,37,-243
34513,-2508,3815,7566,717,-1765,1096
34514,6654,7338,-3647,934,595,-498
34515,-1663,2175,-241,-622,-579,675
34516,3446,-3108,-5382,-1173,-90,-935
34517,-3682,-5670,7218,1652,1083,-256
34518,-7218,131,859,-207,66,560
34519,2524,1027,4808,744,170,1775
34520,5527,4637,2117,1679,-1832,-1590
34521,-4071,3791,-3565,-543,575,-1300
34522,-2123,5786,3060,1878,-787,-283
34523,1947,-754,-2430,-549,1620,186
34524,-3898,6054,-430,1904,1947,1203
34525,-495,6365,-4071,-654,-1279,296
34526,-7292,-1714,361,-92,-956,406
34527,-1861,-5944,2562,-424,-807,1903
34528,-4599,3089,2259,-310,-148,1417
34529,-3594,2916,6318,319,205,1439
34530,-1915,-3889,-1316,-340,1656,-317
34531,7096,-3483,1410,-859,806,157
34532,-7716,6136,-967,1620,74,770
34533,-4545,6132,7398,-492,-1001,-32
34534,5085,-3392,-3241,-1471,1198,-624
34535,3516,-6902,-2282,-1026,-336,1863
34536,-3647,3508,6591,351,-362,1485
34537,-6130,-6457,6642,-583,1792,1929
34538,3341,-4341,7161,-1765,-1956,-1146
34539,2539,-200,1142,1692,1730,1997
34540,670,6292,7883,108,-1331,1424
34541,1778,-184,7173,-604,-633,915
34542,5051,-7658,-3451,-643,-680,1071
34543,-6985,-2888,6251,1086,898,560
34544,-2470,3083,2926,-1008,1931,514
34545,3654,-1034,6449,-1704,-949,-512
34546,7435,-2134,2696,-1817,1986,-1615
34547,-3212,6262,7437,1717,1885,996
34548,2542,1409,-4567,1907,-1714,-1637
34549,2032,-2143,-5006,-1965,438,1916
34550,2766,5072,-5583,524,-1149,1849
34551,-7860,3319,2056,419,-74,-1597
34552,-4081,-5528,-7105,-903,1115,-561
34553,6823,2951,-7232,1294,-1856,545
34554,-7313,7582,1240,697,192,1062
34555,-7453,-5809,-4210,-1313,768,693
34556,7649,6425,5640,268,699,-805
34557,-4629,-7174,-772,-539,-1913,139
34558,-6691,-6236,-2129,1571,-1788,416
34559,-1040,-3808,-4744,131,1791,339
34560,-4344,-3365,-4771,-345,-426,-1357
34561,-3433,2156,-5344,922,510,-1052
34562,-1353,-5411,-3787,-1332,-759,-766
34563,773,5887,4028,-967,1710,-1618
34564,7300,6977,-3906,-395,1733,-475
34565,5837,3256,4464,-1830,1410,-564
34566,3053,-2208,-3246,-363,1720,-1973
34567,7462,-3757,5290,-1944,-1371,973
34568,-2054,7528,2045,-1991,-171,1812
34569,-867,4208,-3470,1678,1744,-1374
34570,-1621,6717,620,-1972,178,-1683
34571,-3436,-5566,2440,1424,616,411
34572,66,6671,-2816,-777,1622,497
34573,-4878,1389,3752,1068,1383,641
34574,3957,6098,2273,357,28,-724
34575,5654,-1120,-4104,-1073,-1647,-130
34576,3361,6503,-5058,1822,691,1398
34577,6187,-7337,377,-626,-1094,695
34578,4050,5483,-7186,-1192,-1264,-880
34579,-3284,2540,393,-723,413,-1213
34580,-7735,-3506,5613,-1500,-434,634
34581,1501,-2724,817,-1568,1573,1910
34582,-3746,331,2888,-298,1457,137
34583,-1049,7618,2233,1592,-537,-1484
34584,7061,-5583,-572,808,608,-1038
34585,-2112,-4887,2704,-1708,831,-891
34586,-1626,-2063,3459,1240,-1660,-54
34587,1579,4508,4846,-1479,-1366,1899
34588,4858,-6135,-3495,-550,1721,-1828
34589,-5756,49,-5129,-1835,1735,-70
34590,-6208,5230,3502,1253,-653,-1637
34591,-5264,-3867,1973,630,-841,-1399
34592,-1229,6263,-447,715,-1179,-1707
34593,-7474,1153,3846,475,1143,-1097
34594,7491,-183,7985,-1869,1605,-1700
34595,-7123,-7640,712,473,-1897,-756
34596,-5461,-1711,-5907,394,1249,-1749
34597,-5470,-1467,-4388,632,1375,909
34598,-3467,5136,-5187,-1423,108,1731
34599,2525,-2498,-3431,36,1,-150
34600,3889,-51,7601,-529,-900,829
34601,7514,672,-428,-1332,165,347
34602,-3739,2313,7788,475,572,1926
34603,-1800,-4595,4300,-749,-502,532
34604,-1369,1714,1813,-1973,1279,300
34605,-911,-2482,-5917,-663,-84,927
34606,2790,4190,-3773,-692,1615,-1420
34607,-3215,605,-6495,19,-1426,-176
34608,5505,-1763,7033,355,88,1705
34609,1713,-7434,-2983,-60,1796,-1504
34610,-773,2146,-7350,-869,136,-1497
34611,4104,-4223,361,1127,1860,999
34612,-6089,-5970,-3774,708,1445,580
34613,4678,-3112,1560,-1006,1718,-1855
34614,399,859,7989,1024,-135,1970
34615,6458,5372,1344,843,1203,1979
34616,6994,2878,5369,1187,-125,1248
34617,-5918,-7309,3049,-58,-935,84
34618,-2244,-5559,2552,-1042,1142,-1394
34619,-3882,-1473,-3173,-1652,177,-999
34620,4335,-1507,5457,-1854,-27,-643
34621,-2915,-6269,-2900,-1246,-1701,-1269
34622,6952,1485,1553,-1706,-860,-1357
34623,-7305,-6760,-3086,1516,1713,-1146
34624,-5037,-4320,2653,-180,609,-1183
34625,-2945,6719,-5138,-426,-1225,1610
34626,3718,-4139,-4759,1788,-749,-61
34627,5226,-1329,7726,-1503,294,-960
34628,7095,-2417,-7201,-1522,1515,1129
34629,-7474,-1405,3735,1366,-792,877
34630,-3064,669,-3895,-36,-1419,249
34631,4837,-5795,3557,1287,-1389,892
34632,3457,5462,5332,1192,-758,1064
34633,-498,7311,-7161,-1076,-1729,-1014
34634,-6890,7407,-1397,-1730,1698,1040
34635,1842,-1234,1653,382,1935,1222
34636,532,-3123,1513,1929,-1138,-914
34637,3059,-5713,-6288,1347,-1753,1683
34638,7390,3168,176,-145,1488,-1229
34639,5172,5898,-6620,1717,-1572,1801
34640,4915,-1980,-4496,-859,-66,-835
34641,-1081,-2531,7182,397,1446,-1585
34642,7642,7088,414,-1827,-1647,-826
34643,-5723,2685,-2060,-1700,1109,1593
34644,2863,5751,-3841,99,275,1797
34645,-774,1001,-3638,-99,-1828,-277
34646,-7004,15,2402,1119,1185,163
34647,5345,7265,5647,804,-2,-750
34648,726,5687,-7897,1997,659,1608
34649,2355,-1241,-5180,1712,247,1178
34650,5344,4505,-6193,-1563,-1722,-1525
34651,-7538,-7696,4896,1183,552,-1998
34652,3026,-1769,180,1242,-961,-1247
34653,-4792,5573,7482,-364,-1202,1098
34654,-5538,-2057,-3556,1285,-831,653
34655,6428,596,7766,-449,-1785,91
34656,2553,2641,-122,-634,-268,1689
34657,-1623,-7762,-643,-746,-497,417
34658,-6729,-4622,-7419,-136,-1438,755
34659,5538,2511,3199,1333,-1381,1795
34660,5066,6475,-3312,1842,1271,-1821
34661,3330,-1826,2772,-1018,1471,-21
34662,-1366,3650,-1576,1077,-1953,375
34663,-6420,1554,2914,-1395,-1283,-1488
34664,3256,-794,-7214,-1575,1506,-985
34665,-4909,-4906,3459,-369,-1617,973
34666,-7589,2446,-3712,15,810,1802
34667,2715,-6886,546,830,-1184,727
34668,-853,6443,-739,-1341,-1656,763
34669,-5254,-2907,1268,998,-1327,1723
34670,-1114,7328,2873,-373,-908,-1332
34671,-2019,-1802,6048,-860,-1589,-355
34672,902,523,3195,-1186,90,-544
34673,6917,4878,2458,-1196,1753,1250
34674,-1888,5399,-4880,362,90,-1144
34675,-2769,-7541,2748,-916,-1344,-427
34676,3117,2384,-7727,-452,-544,-1085
34677,-3545,-4771,-7425,1916,-1854,-1960
34678,1072,-6765,3319,-1815,1859,-943
34679,-4914,7634,-6799,664,1359,-1922
34680,-7211,-5695,-4386,1442,1645,842
34681,270,4439,-2580,353,-1017,5
34682,-4825,-4475,2354,-1028,827,1200
34683,-4088,4784,5353,-699,-1252,-216
34684,577,2728,-6348,-1403,-853,1321
34685,-2316,481,4072,-1209,282,1186
34686,-3132,-81,-1162,-1317,-1792,1537
34687,82,-1659,5253,780,1389,620
34688,-898,-5817,-3370,-1361,971,-618
34689,3527,-2317,4247,425,-754,-1902
34690,6752,147,2952,790,-1782,-6
34691,-803,7454,-7521,537,1983,-900
34692,-5384,-3261,6341,-101,-1236,-638
34693,5688,-6885,-1069,-952,662,-554
34694,-994,-1428,-783,-1518,1576,-1254
34695,-323,5814,-7773,-1524,-258,-620
34696,709,-2076,-201,690,-517,-502
34697,5676,-5047,-338,1071,1814,1844
34698,5647,-7494,-651,1136,675,754
34699,-6304,-4843,-2613,1536,1644,-1342
34700,7262,6714,3043,-1061,-867,-1435
34701,-6645,6057,-6628,-852,1962,-920
34702,-2447,3376,-4201,-729,-844,531
34703,-3900,-3535,3930,51,-1979,-379
34704,3093,2079,6808,574,-90,873
34705,2369,6210,3508,-389,1098,-391
34706,-3068,-6876,3017,-1941,1556,-1028
34707,-4298,6385,-1999,466,1849,700
34708,-6676,6518,3451,-408,-1354,1329
34709,6080,3942,-7563,277,-126,1111
34710,1583,-6530,4382,-265,-1790,-1262
34711,7377,5751,2541,1476,1364,1981
34712,-1224,6042,-2300,-1289,-68,1945
34713,-2899,-5167,7406,1314,-289,-773
34714,7986,4084,-3143,-1743,-434,1440
34715,-5264,4171,4486,1269,-1875,-700
34716,-5197,-100,-416,1560,-318,1598
34717,-716,-4481,-343,-150,1765,-767
34718,1168,1540,-1342,682,1185,-1777
34719,-6189,-1410,-368,-1929,-1688,-995
34720,-2186,-3068,4177,1873,680,-1290
34721,661,5603,1717,1519,-949,-1066
34722,-270,-1468,-7583,-114,-609,717
34723,-2250,581,5151,-789,-1285,513
34724,-4976,6266,3199,1726,-532,605
34725,-243,6051,4584,563,485,-1827
34726,4450,3044,4522,-1929,669,-799
34727,628,-830,-6913,-216,-1890,-535
34728,3107,3518,-7408,-1068,-1569,-216
34729,451,1923,2495,-1700,211,1975
34730,2657,-1259,-5182,-50,1227,-209
34731,613,7487,-700,1221,1863,-69
34732,4548,4660,-5373,-1294,-1796,351
34733,5387,407,114,-1800,490,1816
34734,5784,-3004,-7101,1727,-1928,-1743
34735,-1878,-879,7695,921,-1377,-116
34736,-7458,-7990,4798,1635,1431,625
34737,-5635,-1934,-402,-533,1619,1077
34738,-5423,-1449,2261,721,-455,1388
34739,-5388,-2131,6458,-1869,743,110
34740,7946,-9,-4172,-1892,1561,-838
34741,436,4972,6283,711,-784,-854
34742,4448,1319,7296,-1036,-1569,1664
34743,-2366,6655,653,1081,660,1987
34744,3377,-4790,6618,390,1553,190
34745,6354,7673,4397,855,-222,447
34746,1180,-3760,-5293,1250,-1697,440
34747,-2893,-3358,3881,-49,1316,347
34748,7029,4,-2276,402,-20,971
34749,495,1600,6631,-205,455,1
34750,-5402,-5650,-7618,1422,784,1456
34751,-225,-3296,4558,1038,1320,1840
34752,2354,6736,-3855,-1927,-38,1779
34753,6502,-5036,3880,-560,617,-790
34754,4432,1394,953,851,-386,-1905
34755,2543,1837,-1589,-520,-1099,625
34756,-6566,3490,7872,1563,927,99
34757,5837,-7510,-2978,-200,1308,-669
34758,4501,7951,4139,-460,1204,-1251
34759,2254,-2266,-6716,855,1090,-1876
34760,-5619,-302,5167,-783,-1522,429
34761,-980,-4806,-2521,1400,-419,-557
34762,6759,-2767,1647,250,-542,-1054
34763,-726,-5560,-5575,124,483,-1903
34764,-3212,7401,-1000,794,1708,-1840
34765,1527,-3357,-6209,-10,761,1777
34766,-6698,2187,1020,1183,152,1210
34767,6325,2783,5115,1139,-1039,242
34768,-7371,4163,6976,1955,-699,669
34769,-3252,-1725,569,223,-751,1203
34770,-1700,2027,6938,1881,-171,1455
34771,-1117,3145,-3926,-734,391,1632
34772,-6507,4088,2482,-823,268,1001
34773,-5262,5030,-5947,1134,-1107,-1112
34774,360,-1213,-2377,-1171,807,-985
34775,-3016,-7767,-3336,-1535,410,943
34776,2935,6673,-164,-606,685,-481
34777,1903,1791,6758,1835,-253,1253
34778,6081,7192,7058,-254,1454,-788
34779,-5925,-3533,-2824,1155,-1927,664
34780,5189,6677,-4831,-896,1309,1111
34781,-1695,7914,5822,-1203,1019,-762
34782,4943,-7904,-1131,-224,1536,-600
34783,2854,1157,-7417,-646,802,557
34784,7224,-106,4405,48,-955,608
34785,-4788,5191,-4419,-1077,1215,1230
34786,-751,5153,2295,-1042,1716,113
34787,7747,4636,2403,-198,-487,540
34788,-3707,4926,4890,604,1739,234
34789,4253,5246,-6405,-570,1232,1164
34790,4235,3113,5234,-927,-605,-1374
34791,-2998,-5359,-5021,1409,477,-1580
34792,-1779,-3851,519,-1985,-1845,306
34793,7224,5171,-2296,1142,1992,-185
34794,-278,-4779,4381,-737,-1760,-774
34795,311,3088,2327,455,516,-195
34796,6510,-7544,5915,-1176,1132,512
34797,-1789,183,1500,-194,-1350,114
34798,5379,3028,-5926,-837,919,-105
34799,-4667,6740,-7907,-1412,-575,-1375
34800,6698,-6726,422,488,230,-982
34801,-5062,4475,-338,1804,910,18
34802,-3289,-6563,1499,-21,1690,1623
34803,-1778,1407,6409,-685,735,-1193
34804,5455,4784,6635,1885,1356,-295
34805,-774,5307,701,1987,-48,1164
34806,3339,-4014,6888,-68,1137,959
34807,-2920,6382,7509,-324,1211,795
34808,7650,-3177,-6505,-61,1716,689
34809,-3376,-1676,-3267,348,-129,-1219
34810,-96,-6794,-7438,-576,-1197,1699
34811,-2580,713,-5227,-1509,1525,-1806
34812,-7032,-6807,-1104,810,-822,1091
34813,-660,1932,-2753,-1797,-588,-1233
34814,4387,-5661,6777,-89,-975,-304
34815,2227,1775,-6944,-1431,1162,1271
34816,-2173,4543,-7811,-1023,-75,-1931
34817,-547,-3374,1089,-145,17,37
34818,-1954,-5477,-968,540,1821,141
34819,6320,-1457,-5175,-1155,677,-1524
34820,5545,-4543,-529,540,1201,184
34821,-4982,7556,2824,51,-498,1526
34822,1304,-7606,73,-1173,-563,-1723
34823,5765,6025,-2336,944,622,-697
34824,4209,-6789,4211,106,951,253
34825,7794,391,-1013,-534,1079,-1660
34826,910,-1156,2093,138,1697,831
34827,-7998,4629,-1303,281,-313,1318
34828,-1997,7883,-4712,1039,-1190,180
34829,4780,5498,4127,691,1470,-906
34830,-7569,5660,-7244,-1453,1760,-273
34831,-479,-4869,-1542,-223,-253,824
34832,4219,6164,-3650,-1447,1560,-114
34833,307,-6889,326,-535,180,904
34834,2454,-7380,982,-1085,677,-1457
34835,-6269,-5927,-402,-1584,-1044,-429
34836,-5729,-2431,3540,1406,-906,990
34837,-238,-5209,-3583,1470,-821,-127
34838,821,-728,3314,415,-645,1678
34839,2161,-7227,-4826,832,-1251,-1061
34840,-3105,681,-3224,-348,510,-288
34841,-3972,787,-1754,1387,662,-845
34842,-2500,-116,735,383,-1560,-929
34843,3910,3989,-4665,-543,1201,456
34844,-4076,3555,6208,-1655,242,1529
34845,7867,-5754,1332,106,-1147,-725
34846,6297,-7085,1965,-180,1318,-1033
34847,920,5139,-6461,-1259,1654,-1429
34848,257,-2708,7665,-1580,-215,-313
34849,-5935,1522,-2136,611,-1344,-1318
34850,7575,-3019,3204,371,806,-987
34851,-7389,-6358,-1513,322,642,1526
34852,-7524,-2547,-6041,1556,-641,-1106
34853,-2013,-7133,-6554,931,-542,1136
34854,-5748,-5094,-7769,953,-460,556
34855,2993,3207,-891,1295,-226,577
34856,-1130,-6594,614,516,-1670,252
34857,-6962,-2355,-2022,-133,-2,545
34858,-7262,-5282,-6492,-479,1999,1990
34859,5379,7033,-4291,-136,-1974,-1020
34860,-3398,6250,-3726,475,50,262
34861,1680,6361,2139,1183,-1473,-293
34862,-1655,-6525,198,254,1940,-901
34863,-3741,-5021,-6791,-1167,-92,-323
34864,6845,-7742,2558,759,558,-723
34865,-5564,-854,1053,-708,1479,871
34866,-3672,4163,4861,1175,-1425,-1851
34867,-1509,-7318,-3558,-1274,-1401,539
34868,-2682,-6669,-4754,1772,-1209,11
34869,7397,7776,7189,109,-741,-1545
34870,-5274,-6475,1352,61,1613,1880
34871,-3457,-81,6901,1067,-1201,-1537
34872,7809,-6704,6511,688,405,-24
34873,2266,1237,5922,1806,469,-1197
34874,-5573,4986,1918,1867,1230,-1912
34875,4085,7062,6144,1905,-899,-573
34876,6689,7182,-3529,-537,1262,-1324
34877,3329,6373,68,-1406,-794,1308
34878,-2894,5932,7432,1866,285,1328
34879,-6201,4794,-7660,730,-208,-786
34880,-6578,692,1543,811,543,1838
34881,-2385,3672,-716,-934,714,10
34882,-3544,4550,5159,780,-199,-363
34883,6489,-7663,3282,-1140,-804,-1407
34884,-3920,-5498,-1533,-1195,948,-1184
34885,-881,1410,6660,1180,1339,-424
34886,7160,225,3744,1787,645,-143
34887,-7447,-4481,7869,-1341,-1088,-194
34888,1469,-6184,-6208,844,-314,1898
34889,-5419,4113,-5919,-281,-968,-1066
34890,-7860,-3739,589,-1753,869,-1538
34891,-117,-1560,6818,1948,-407,-430
34892,-5328,-4382,-888,1021,-637,-395
34893,-7619,-2155,-1390,1339,-959,527
34894,2088,7426,-4117,-792,-285,915
34895,-1402,-4084,6381,-1844,-1643,-1618
34896,3541,6628,-3168,1583,1964,1076
34897,848,-4715,-7901,-1343,374,1943
34898,6687,7144,5144,-1790,-184,1851
34899,7313,-734,-6621,-1824,-1742,1568
34900,-3859,-7021,-4898,866,87,129
34901,-682,-2107,-171,1793,217,1229
34902,5997,1795,-5005,-1426,-729,-1619
34903,-2218,-2907,615,1418,1967,1750
34904,4904,-1685,6718,1988,-904,-1354
34905,-2936,4133,4872,-1321,-574,-1606
34906,5022,4597,5681,1125,1680,-1722
34907,1328,-1313,328,-1404,548,1323
34908,5142,-5071,-6192,528,-1771,38
34909,5703,-6220,-6291,-1228,-50,-642
34910,3803,-6487,6035,1726,-1109,768
34911,-1712,-6584,-6870,1767,-290,-114
34912,4536,3621,5393,1770,-1672,-716
34913,-664,3597,-4624,1958,-1865,1046
34914,2413,6661,1976,1032,897,-458
34915,-4478,2979,-108,-1844,1834,-987
34916,-1067,525,-4444,-1796,690,-1914
34917,-2413,-5791,4039,-240,1631,-552
34918,-6596,-7979,2449,-293,91,-1200
34919,2563,331,6221,852,1841,54
34920,-6231,-4232,-1045,-642,630,-1370
34921,7627,2439,-2619,-407,1999,1879
34922,-3312,-5645,4472,-257,-1158,-420
34923,4738,565,-6467,1971,1063,846
34924,-6137,-1953,-5303,1193,-743,-1425
34925,-6685,-1473,-7694,-1218,-1873,1511
34926,2874,7767,7548,109,1451,-1189
34927,1454,4016,-1574,-1015,-73,-150
34928,-1127,1106,3087,412,1375,1008
34929,-1899,-7087,-4088,258,-522,-1647
34930,-1451,3615,926,1600,1765,-1621
34931,1476,4128,-6655,1066,1303,428
34932,-1085,94,2720,-1017,1116,409
34933,3193,-2828,476,-853,541,115
34934,6086,-780,1138,-1469,1803,-367
34935,7277,-3185,-1349,1491,1717,-1672
34936,-813,2546,415,-981,964,657
34937,-3981,-7401,-952,-1987,-656,528
34938,5696,2724,4799,122,2,-837
34939,5922,-7602,-2731,-392,-109,-1459
34940,2455,7354,4579,-835,853,981
34941,-2755,-7100,3767,-1637,-1184,1561
34942,3896,-5036,4527,-229,-858,309
34943,-351,-6442,4170,1967,-1439,-596
34944,-5431,-918,1782,-1750,1405,-1703
34945,-3282,-1679,2099,-1022,968,-158
34946,5016,2381,-3011,-604,-681,1007
34947,7050,7828,196,455,-866,-1742
34948,-7431,7386,-1058,-383,1472,1834
34949,-6082,219,410,-238,-1142,-253
34950,2864,-5169,-1891,-98,-1387,1326
34951,4389,5516,1382,94,-249,-1638
34952,-4491,-938,1743,975,1381,273
34953,4527,2891,6899,506,1350,-959
34954,4149,2666,3739,-363,-1355,164
34955,1267,-6370,-3522,-751,-913,-1497
34956,3455,3996,-4108,909,-1100,-168
34957,-4267,5256,-4176,467,1959,-1803
34958,-4795,-85,-3650,599,-372,835
34959,-5658,-436,2671,1079,-1497,-720
34960,3439,-639,-7723,-559,-1412,4
34961,3254,7191,-2355,1294,-1931,1554
34962,478,1399,-7146,564,-1352,-1317
34963,-7505,-6998,3096,-661,1786,1651
34964,-2683,-6931,-4119,-1679,-563,575
34965,-3205,-4486,5515,1039,-568,-1984
34966,3793,6823,4834,-1598,1563,-232
34967,3708,1976,-5722,1007,1858,-618
34968,4283,-4033,2101,1234,-1460,-1354
34969,-1205,-4518,3653,49,1176,-1303
34970,-7212,6560,3298,-1291,606,1004
34971,-467,-7263,-5358,-514,1964,-415
34972,2589,-1919,-2378,1821,-1505,-490
34973,6887,-4848,-3716,-571,-282,-959
34974,5500,6826,6138,739,-1812,247
34975,-5743,4803,-166,-895,1011,830
34976,-5634,3172,-5515,1371,-348,1342
34977,238,-4399,-1927,666,-104,-39
34978,-4534,2164,6820,-914,-326,-1256
34979,-4135,111,5469,-1727,-1737,1233
34980,-5429,-6872,-2278,364,1830,86
34981,-6902,5958,-1790,-448,540,-1166
34982,3995,-3950,-974,1134,1270,-90
34983,-7956,-5456,2017,-1563,1014,-790
34984,-2471,1883,3309,877,-949,853
34985,1932,3199,-6939,-577,42,-184
34986,924,-1832,-4060,1146,963,220
34987,3948,-2928,5920,598,1742,599
34988,264,-2346,1161,-1946,-1527,-494
34989,2005,-2100,-2191,911,797,1738
34990,161,7926,2846,-1577,613,498
34991,-6384,-2831,7900,-654,-283,854
34992,3648,1735,-4599,1833,1847,-40
34993,1306,6917,1020,1573,-405,-21
34994,7415,-6902,-7458,-1591,1769,-607
34995,4927,4667,-1644,1139,787,-1718
34996,-6762,4250,-6166,941,-1998,1433
34997,-5758,-7930,2792,-1294,-1474,447
34998,-6822,7280,-3129,-298,324,-384
34999,4793,6838,3705,1075,1558,-1014
35000,-819,-7700,-2002,1786,-346,913
35001,7613,949,6838,-271,174,1434
35002,7787,-952,214,996,-1981,-70
35003,3748,1021,1364,-958,-345,975
35004,6177,-3967,-6144,630,1438,-1505
35005,2608,-6717,7346,-1225,-726,847
35006,5500,6673,-1090,1738,1273,-1985
35007,4892,1423,739,-323,1469,1988
35008,-2498,1236,-5255,-977,-514,-613
35009,-4299,5793,-6220,328,1508,435
35010,6342,5407,222,1986,-1107,559
35011,-4575,2965,-3435,34,-1954,528
35012,-5652,-7098,1634,-510,-858,129
35013,1926,1729,-1972,1153,-101,1475
35014,-116,-7889,-156,223,-137,-1524
35015,4318,-6958,5380,1608,-355,-1911
35016,-472,-2204,-6912,-1284,1182,855
35017,-206,-3652,2970,1185,-1324,-1223
35018,-2512,-5813,7744,-1853,488,-790
35019,-5518,7785,-1410,-1748,33,-47
35020,-974,1304,-1657,-1772,39,1966
35021,-6490,3753,-2831,1590,-1197,1884
35022,6692,4882,-7383,1955,35,594
35023,-6686,1476,1676,-1561,-692,1142
35024,-1481,-1528,-2421,-1948,-1103,-466
35025,-6395,-1778,-374,-1489,282,1318
35026,706,7239,1146,-419,256,1559
35027,-6170,6740,4209,-1374,-1863,-953
35028,-6355,-6843,-7790,-197,-1823,540
35029,807,-7791,5216,-1518,-473,-933
35030,6816,4053,-2069,1022,1668,-1002
35031,1963,5813,5152,-848,185,1143
35032,-793,-370,7188,1838,-663,955
35033,7325,7339,6467,-1850,-1588,92
35034,-1162,3940,-6414,-191,508,831
35035,-5234,-7341,6505,-1614,-275,1969
35036,6222,-620,4769,-842,-1160,760
35037,-2711,7435,6916,622,404,1913
35038,-328,2759,261,-1939,-45,-1624
35039,-1046,-5915,7975,228,-1757,-1284
35040,-2729,-3140,-4756,1668,750,-96
35041,-2628,-1401,7179,1219,58,668
35042,-1325,2123,5935,-527,989,-1043
35043,-4000,-6923,4972,555,820,1411
35044,-7464,5107,-346,305,-676,-896
35045,-6816,2436,7693,-985,-55,1826
35046,1085,-5980,-3199,664,-1024,-773
35047,-5958,-828,2362,1066,-663,1759
35048,2631,1526,4649,1833,-8,1260
35049,-3695,-2036,631,346,1871,1677
35050,-2226,1536,-7810,-1445,646,-1627
35051,-3561,6652,-5755,-1539,1770,676
35052,4017,3864,3276,-967,-723,-1983
35053,-310,7706,2389,1404,-1290,109
35054,-7477,4703,3949,-801,-71,1618
35055,6071,-6703,1412,1693,-404,1612
35056,7602,-367,3417,1223,-1324,209
35057,-593,943,-508,1053,-1695,1479
35058,2259,7941,-6645,1591,1191,1296
35059,81,1325,-5875,457,-1978,-78
35060,-7206,3860,-599,-1348,-1841,787
35061,5966,4223,2505,-1697,-1661,-819
35062,-6228,-2703,-6611,-1073,1577,-1264
35063,7077,-1037,-6682,-149,725,-198
35064,2185,-3019,-6202,1794,148,-1421
35065,254,829,7127,-1964,-697,1420
35066,2809,4865,2619,-786,1655,349
35067,6195,3913,959,-486,891,618
35068,3604,-3382,4034,1514,474,-1679
35069,1957,-5021,7820,336,-465,-1696
35070,-3562,6876,3237,-1579,-881,1445
35071,780,1394,-5111,-1490,-6,6
35072,4884,7836,-1317,1763,-858,403
35073,-5515,3409,-6023,-241,617,-1929
35074,-2943,-7790,-6235,298,582,-1512
35075,-2433,770,-3199,1570,-1257,1593
35076,-3886,7456,-2909,86,-1251,-559
35077,-6607,6201,6472,1,-1979,-1334
35078,7972,3184,-2723,-764,1697,1816
35079,-6880,-4749,264,105,-964,-511
35080,-5355,-5608,-4829,-1046,-1879,-2
35081,-4203,2643,-1479,-1379,-1504,-1890
35082,-3472,878,-3928,480,265,-968
35083,-7365,-169,-982,-1193,-217,-223
35084,-6149,-4680,-6633,-563,1491,1155
35085,944,3574,-5752,1502,-1470,988
35086,-456,469,-2459,1678,748,1669
35087,5365,-2688,-7331,-1790,-1734,1330
35088,7125,1727,-2616,519,878,-1925
35089,23,1694,-5614,159,529,1429
35090,-7746,-3769,5479,1836,-156,1486
35091,6657,-600,1365,-1978,-693,1476
35092,4211,-1202,3700,152,-187,-1327
35093,-3964,-7523,1340,-914,-1888,-1650
35094,-1644,5892,-7651,-1261,-1282,732
35095,2399,6392,7017,265,-1714,-1183
35096,-1343,3133,-3826,-1324,-195,86
35097,-2983,-6354,15,629,1199,-1366
35098,7266,-6320,1954,-1237,1951,1809
35099,7443,-1684,-6003,-1830,1696,1785
35100,-1498,5258,4912,1366,1986,981
35101,4983,-3088,-5688,1158,348,632
35102,2865,1752,-2422,-939,-441,-1319
35103,-2543,-1924,2793,219,-878,72
35104,-4384,7643,675,235,1776,1731
35105,3360,2058,4619,-603,251,-1928
35106,-6487,1189,-1716,1199,-1779,-499
35107,-6371,4550,-5513,1212,-830,-436
35108,-4888,6913,-1805,1859,1199,974
35109,4817,1341,-539,-672,-1316,-1250
35110,2758,-293,6642,580,945,428
35111,7611,-5890,-334,-147,-1035,1526
35112,-7761,7959,4541,657,-729,-893
35113,-5453,-1159,-1417,59,1759,-203
35114,610,7439,6403,-1072,-925,-1863
35115,5711,1089,1886,1949,1613,-37
35116,-2504,-149,-1818,652,-1832,-791
35117,4528,4479,457,1202,1881,467
35118,-4180,928,-6221,1233,329,1153
35119,-1698,2703,4397,231,450,1170
35120,-4937,7025,-6479,-1231,-293,-1175
35121,3845,7260,2590,1742,1154,1870
35122,6413,-1837,-1079,-1514,-99,1421
35123,-29,6290,-6156,-1083,549,1633
35124,-6217,-7763,-840,1524,645,-998
35125,-6682,910,-3918,285,-413,-919
35126,1680,2458,-2073,-1078,-592,-1242
35127,4738,4521,4407,927,-1258,1906
35128,-4783,-7479,3966,-1410,-1883,-1142
35129,2866,-5944,4095,673,135,-594
35130,5883,3240,4232,587,1564,705
35131,-6321,547,2052,-1338,-116,-1598
35132,2630,974,1931,-1545,452,59
35133,-3789,-4107,-6184,582,1619,-1773
35134,6900,-503,-2182,-132,1085,1046
35135,7935,-15,-1439,-889,1493,704
35136,1788,-5,5318,-1556,968,-1816
35137,-538,-3529,-3644,1172,-133,-674
35138,-2243,-7911,-3601,-1592,-635,-369
35139,375,-933,6183,-270,1083,-1465
35140,-345,1499,-3964,-491,83,729
35141,-1982,-380,5911,-632,-1945,-66
35142,-5473,7183,-7429,-637,-990,1167
35143,-1424,-810,3591,-1047,-137,-1717
35144,-6827,3440,-5167,6,685,1042
35145,-2012,-6464,-4798,1838,890,-1886
35146,4789,1768,-4731,1594,1028,-1968
35147,-7944,6984,1801,371,883,866
35148,2284,-106,2247,-1288,-37,1609
35149,-4617,1200,-1371,-1859,829,1874
35150,3355,1878,1275,-1132,-1857,1546
35151,-918,-7039,7649,1755,-722,1916
35152,-285,6959,-5258,449,-1401,-290
35153,-6473,-2594,-1188,-620,-992,470
35154,-6066,-5071,-3495,1897,132,1167
35155,3940,2101,-6443,-1035,1406,-309
35156,7931,-1808,-1985,1453,1420,1029
35157,-6137,-7084,2676,-1685,594,1838
35158,-2585,-4688,-6678,1914,-1370,438
35159,-3950,-7336,-274,-1835,1725,936
35160,1183,2799,-4514,-255,-680,-784
35161,7237,-1470,-915,124,1120,1361
35162,3656,-4575,-6746,-1110,-1641,-605
35163,-7147,5487,-148,434,1063,1378
35164,2619,-1883,-3302,1994,-120,-1121
35165,-6812,3924,1804,721,1700,-1397
35166,6018,-4674,481,748,189,1796
35167,6449,5171,-3770,-649,-1820,1829
35168,2158,5752,5649,907,-1859,1780
35169,4956,-7663,-3468,409,-392,1714
35170,1844,-6635,1154,-1169,-65,-19
35171,-3873,3581,5936,-238,1262,-392
35172,-3699,-3072,-6448,-693,-207,789
35173,3559,-6946,-2459,-247,-1163,1074
35174,-6777,7379,6739,-1710,-636,1552
35175,1480,-4061,-715,1217,-902,1191
35176,4446,337,-1641,932,-148,-800
35177,5650,1971,4193,-627,1438,1337
35178,4509,-4504,5862,434,-53,-200
35179,5695,-6186,3456,-37,708,-1232
35180,1192,4111,-5159,-1890,-182,775
35181,-3086,-3427,1090,493,-1697,1220
35182,5339,1601,4945,342,772,-724
35183,-2446,-284,2320,-1230,-894,-165
35184,3569,-7390,591,763,-673,1613
35185,4723,-7885,-6257,1369,-143,-410
35186,4105,2125,-4476,-1097,-1656,1870
35187,-2119,-7920,-523,1118,-1938,-166
35188,-3024,3902,3649,-800,317,900
35189,7453,7699,-1354,-1587,-1047,-1961
35190,-2014,-3598,2070,-986,-369,1486
35191,-7644,2888,-2818,1886,93,-946
35192,-3321,-1110,1795,960,430,430
35193,3985,-4895,6834,851,153,-1043
35194,-415,-527,-5507,-392,1460,-14
35195,3586,568,176,-345,-1057,-1378
35196,4419,-6656,-7650,-1958,-714,1481
35197,1229,5621,-6419,1045,-332,-1993
35198,7282,-4510,-3056,-251,128,-1613
35199,-2849,-7316,7367,-558,-845,-1012
35200,3892,-14,-6671,325,-1867,-117
35201,-4001,3695,-3242,-1822,-419,854
35202,5871,-1764,-2138,-1434,-1957,-224
35203,3632,-6254,5162,831,-1528,63
35204,4488,3059,7452,1851,-1276,1888
35205,-7171,2410,46,-137,-317,374
35206,6560,-6306,4514,591,171,434
35207,796,4271,-7994,894,-605,-461
35208,6936,-115,-4247,1381,1763,220
35209,5138,-4668,1242,-720,-1846,-1470
35210,-53,-3297,5251,-1286,-178,1074
35211,671,-1308,7961,1457,143,-812
35212,4770,-3846,-1529,784,114,-1091
35213,-5198,-162,-6857,-1197,691,370
35214,4663,-3272,5748,-750,394,-225
35215,5039,2399,7715,-1726,619,-1767
35216,-7772,-5378,-2182,183,-288,1618
35217,-842,-6501,7011,-1364,-480,644
35218,6584,256,-2599,1006,1132,-1756
35219,347,4395,-1335,-1889,1901,-980
35220,-6347,-3821,3061,-99,377,586
35221,-903,2512,2979,1513,469,-906
35222,-752,7742,133,-1443,-1646,-419
35223,-4710,-2738,-7752,-559,-123,307
35224,1504,5790,4452,-790,-649,380
35225,-379,-111,7535,-522,-275,-6
35226,-6703,65,-7927,-1680,-978,1339
35227,7169,-2619,7398,860,-878,-999
35228,-2366,-2289,-2248,-1176,1206,-1789
35229,7741,-7921,-1769,1976,206,-1500
35230,6486,-6798,-1902,-1639,1802,-806
35231,1533,-7750,-5872,153,553,-1454
35232,-3546,-7247,-5741,-1864,1730,632
35233,3354,-3670,-2387,572,174,-1957
35234,-2128,-2732,-3371,-1655,213,-21
35235,-2698,5666,4540,-1902,142,1134
35236,-7936,-1252,-2159,532,-917,-1057
35237,-5304,2531,-3000,278,-1819,-1303
35238,-4492,-1160,6156,209,1636,1945
35239,6014,391,3311,811,823,-705
35240,7915,-7701,-7398,1555,-1404,248
35241,4172,-5305,-6564,1456,639,31
35242,2288,4,7437,-1844,448,-1175
35243,7329,6725,-2379,152,411,1562
35244,-4583,-7253,-2897,-409,-1589,1907
35245,-7484,2448,7097,500,1724,1381
35246,-3363,2226,-4269,-264,-556,252
35247,7508,-6863,6985,-1746,-856,449
35248,-2108,-2282,-3302,1827,1269,1314
35249,-5201,5505,-2241,343,-304,-1262
35250,-51,-6239,-4488,1043,1705,1679
35251,-6696,3389,2533,-252,-552,1122
35252,6303,2305,7853,-198,710,-1118
35253,-2180,5693,3523,-455,1745,824
35254,5948,-6337,6826,-298,-407,-244
35255,-1897,-4658,4886,113,1177,1493
35256,-6092,1834,5594,1684,-1430,-909
35257,-1397,1466,493,-77,1376,1261
35258,-2391,-3531,-5193,-375,1302,1102
35259,2303,7669,6691,-1858,-193,1226
35260,1518,-1181,-2927,-1366,450,-918
35261,-7326,-5987,-4411,-996,1324,1572
35262,5471,7023,-3854,-1426,1290,-471
35263,2030,-3481,-2740,-323,1059,176
35264,2310,-7777,722,55,-585,-11
35265,2915,7548,3472,1845,793,1390
35266,-5630,-6410,913,872,-131,-1177
35267,5105,-6765,3609,-94,1630,1451
35268,1677,-3849,6777,-1903,-1863,-1535
35269,3445,1830,2812,1727,476,-1346
35270,5130,6222,-7056,715,1747,182
35271,-7742,-600,7589,-675,1987,-522
35272,-1890,7373,5682,-24,-1881,-789
35273,847,-7980,-5089,766,1244,28
35274,-4689,-4567,7589,-199,-715,-1120
35275,-4077,5608,6951,-365,623,116
35276,-4701,-3429,6194,268,128,323
35277,4989,-5311,-3693,1328,670,-1205
35278,7387,732,-5984,1213,-1394,-881
35279,3956,-3392,-1112,-1556,1821,1249
35280,-759,317,-5093,-1962,1219,-1267
35281,4424,418,1800,1206,153,298
35282,-885,6829,-5381,-1558,1019,-1506
35283,-442,-2761,5375,1406,-1104,-601
35284,-1015,-6489,-5215,838,-578,64
35285,7060,-7594,-7783,142,-1328,457
35286,-1378,6561,-7225,-897,601,802
35287,7810,-7394,-4968,-1581,-1569,1439
35288,6694,-6300,-4364,-1690,666,-1946
35289,5536,4418,6157,-1483,810,-826
35290,6186,6301,4720,-1766,-1819,-565
35291,-4540,7794,-1574,1460,910,1251
35292,-5884,-4659,-6281,-1584,1684,-639
35293,-4731,7779,-3632,-311,757,1432
35294,3778,2222,2896,-1636,140,477
35295,4289,54,336,705,-1095,1272
35296,7228,2556,5232,-594,324,1578
35297,3939,-4109,5981,722,-1165,-1374
35298,-1771,-349,6593,-668,-726,1683
35299,6526,2128,-6053,664,125,1526
35300,-7818,4715,7444,161,-415,-1358
35301,2652,6532,-155,-816,397,1806
35302,-823,4364,1899,1478,1295,1402
35303,3850,3792,-5980,-1584,-1471,1582
35304,3174,-1406,5595,-1625,115,1765
35305,-5454,7023,-1605,-448,1916,224
35306,-3182,1645,-1953,-1626,-785,-1917
35307,4455,-51,5123,45,1793,1051
35308,7342,4216,-1509,-1936,-605,1187
35309,-888,4781,5601,869,-1360,667
35310,4985,7406,-7789,1571,232,-624
35311,-4493,-4832,-2183,-242,-1827,477
35312,4450,5556,-1758,-1699,1484,1798
35313,3594,-3833,-6985,432,403,-1747
35314,2491,-7440,5754,1599,1685,238
35315,-2692,1073,1465,502,1298,1087
35316,1606,1994,-4765,1792,95,-532
35317,2166,338,-582,-1943,68,-1922
35318,-6580,460,-123,1671,1713,1774
35319,2663,-3484,-4583,-1864,1520,-7
35320,509,3230,-1184,371,282,539
35321,-6503,-260,-7668,479,-1731,1336
35322,-1521,-6285,5811,-1249,1201,174
35323,4654,6930,-2171,1941,-1041,904
35324,8,-7350,1732,1458,-1507,-780
35325,-6915,-7886,5750,-1877,1196,1477
35326,98,3944,2011,190,-1200,-612
35327,-6565,-1703,403,663,1428,-1267
35328,-1130,-3035,-4204,-948,52,-434
35329,-1489,7112,-3649,462,1818,1712
35330,-4284,5271,5025,936,916,1989
35331,960,2118,7666,-1946,-795,-1033
35332,-6177,5891,-2170,299,1026,557
35333,-6911,90,-7880,-1001,1510,-475
35334,-7583,-5178,-1291,1352,-1772,1637
35335,5697,-1238,3630,1878,-1134,-1055
35336,-114,-807,5414,1882,-515,1289
35337,-1695,-4414,4639,407,325,253
35338,7841,-5553,-6815,1565,-1351,1229
35339,3849,4239,-6292,-1748,-1034,512
35340,-96,5036,2009,449,1107,-1979
35341,-2678,-3472,-1009,-1378,-234,409
35342,3128,-5018,-4926,1700,908,282
35343,-3260,-7977,-278,-1941,-1532,-1058
35344,-1691,-2227,6060,-1085,-17,870
35345,-741,-6800,2610,-1909,-221,459
35346,-1813,-2262,7105,1733,314,-1624
35347,-253,689,3152,620,1192,1881
35348,-5570,-6714,2756,629,-1888,-1931
35349,1768,5908,7248,394,1801,1153
35350,166,5299,-4811,-206,-11,1599
35351,-6635,5699,-130,798,161,1346
35352,7126,1093,-632,1352,-1019,-498
35353,1409,-437,3088,-1133,-1185,700
35354,-2885,-1520,-4096,-174,554,634
35355,-6216,-2397,-7387,-1607,-1162,-406
35356,-7426,-1990,4879,-871,-632,-1903
35357,6715,6308,-1832,-1469,753,-629
35358,-6222,5989,4788,390,-1687,-730
35359,6468,1256,-1087,1879,-1735,-567
35360,2059,-7545,-355,500,-632,-1241
35361,-1959,-2155,1554,1239,-1360,872
35362,5557,994,7653,1874,-431,479
35363,3853,-4074,6817,1763,-191,1255
35364,7261,-6718,-6618,-658,-232,1291
35365,-2073,-216,5498,-1973,41,1161
35366,2981,-7101,-4219,767,-281,1459
35367,4633,3633,-3412,-1173,-291,727
35368,3793,-458,-782,1613,1848,-1583
35369,4541,141,7649,-1272,1517,-219
35370,288,398,-2658,-438,-429,938
35371,-7158,591,-3349,448,-232,-1672
35372,-2427,4466,-1829,1487,-78,1789
35373,4719,-2851,-290,-1665,980,-907
35374,-2363,4856,-4113,858,-1381,1973
35375,5624,5903,-884,-193,1881,613
35376,-7766,-6259,7566,567,-349,459
35377,2999,-7218,2043,680,-1006,-912
35378,3462,-1116,-5070,1806,509,-1990
35379,6146,6474,-257,601,-394,1619
35380,1659,3002,-1249,-468,-1634,-1524
35381,-229,3857,-7854,398,-1855,1014
35382,973,6139,5765,-1080,468,-1269
35383,-1877,667,-7115,314,-815,-1357
35384,5119,3229,3009,1024,1167,890
35385,-3990,-7669,-7351,-1847,1694,-611
35386,-2076,1713,2223,-1879,54,-1313
35387,1799,5108,-6151,-611,-1709,713
35388,7406,2398,-3028,-233,544,-1835
35389,7980,638,-7122,-1501,-1560,290
35390,-1245,1062,-5490,-332,-400,1482
35391,6049,-4309,5991,581,-1547,-1441
35392,6467,5512,1063,-756,1757,-772
35393,-602,3617,-5647,-1288,1152,-1271
35394,-7824,-5629,162,-1593,-42,-596
35395,5432,-7993,5701,1480,1207,1306
35396,-1358,3267,7030,-1603,1818,1172
35397,108,5443,3264,-366,1529,-1177
35398,-1315,-2334,6462,-1332,930,-1052
35399,-7497,-2325,4241,-905,-1718,-1612
35400,6760,6114,901,-1295,343,-1013
35401,-6746,-1580,-5408,1431,-1181,951
35402,6624,5557,-1295,167,-1059,-768
35403,1627,-6142,3022,162,891,-1042
35404,6856,5186,-3412,1780,-1825,1925
35405,5962,489,1015,1982,1765,-1897
35406,2499,-1204,6931,-949,-1993,-1920
35407,1479,-7501,5754,810,-1718,-417
35408,-6665,1524,6669,-765,326,294
35409,-3006,-3922,-7245,-1721,1200,-97
35410,-5051,6713,-3064,1492,-590,-1358
35411,-5130,-4283,1801,-1340,169,-1403
35412,2785,7665,1162,168,-1562,-1749
35413,-7636,-1427,7242,1456,-1849,1102
35414,-7972,-1890,-4040,-279,1076,1227
35415,1080,-7977,7905,1005,1839,688
35416,-1728,-1136,-4886,-172,-849,-1587
35417,7153,-5997,-6093,1621,1781,-1459
35418,-5774,6557,-3171,-1299,751,-1264
35419,-3668,-3728,7262,479,1543,-808
35420,-6407,3021,2736,-1050,-1474,1035
35421,-7436,-6049,6120,-1359,-800,1207
35422,4506,442,2067,1352,-644,611
35423,-6401,1250,2887,-829,-1192,-1168
35424,656,-5512,-4657,-903,-1226,997
35425,-1014,-3816,3138,-1114,-1972,-1683
35426,5686,-4016,-3957,-958,1113,248
35427,-3101,1578,-2615,871,231,-950
35428,-2826,-4512,-2170,-1308,-1137,1726
35429,-3216,-4014,-7356,568,18,-1948
35430,7400,601,1569,-1547,781,-404
35431,-2339,-6945,-3278,1554,-840,855
35432,4160,-1980,-1870,-116,-188,1815
35433,1982,59,-7029,-1346,-1950,-603
35434,-3782,2897,-5792,504,1952,-846
35435,-968,2555,-1004,-1260,1191,1107
35436,1240,-3115,-1141,798,-1493,-1411
35437,544,6297,-7015,1309,-1256,-1383
35438,3234,-7354,-3197,-1290,-904,597
35439,-7803,-7259,7776,-862,856,680
35440,-7647,-5882,275,-1835,435,-279
35441,-2353,4606,-5319,1584,984,569
35442,1020,-2548,-3067,-1265,393,-658
35443,-7099,5040,2055,89,-191,1087
35444,-4023,206,4856,209,335,1678
35445,-6795,-790,7820,-311,237,-1177
35446,6374,2862,4316,-307,1211,-1376
35447,3175,-5434,-4189,-1482,-323,-1577
35448,-988,-6147,7788,968,-1735,-1261
35449,-4220,7289,-6507,-1905,-648,-164
35450,2111,-6534,2110,692,-302,-1460
35451,1302,5060,209,-531,-70,1980
35452,2902,586,3638,-153,1862,716
35453,-6421,2826,7186,1247,1747,1648
35454,3268,4126,3192,905,-1256,1384
35455,6881,7999,3463,-1780,515,706
35456,-775,-7908,3440,-203,744,1472
35457,-2983,2801,2346,-445,-75,-168
35458,5805,846,1135,902,603,1793
35459,3162,6546,4329,1268,473,1208
35460,6927,-1766,-7517,-1844,1917,663
35461,1696,1307,-4361,-1771,928,-1937
35462,1909,-7711,5299,-687,-1169,-1531
35463,-5579,5536,555,-1721,637,-263
35464,-6295,1265,-1275,-1880,-79,290
35465,-2134,7477,2524,-1679,1749,1041
35466,5277,641,-4606,732,-1729,150
35467,-3849,-4763,-2656,-1348,355,1716
35468,-246,6030,-2919,-1056,184,1199
35469,6509,1239,-3106,-621,834,880
35470,-7009,6896,-6662,1802,-1503,1840
35471,-6256,5842,-7161,166,258,1299
35472,2362,2556,6613,-643,-1563,1611
35473,6228,-377,-3628,827,-519,1858
35474,7069,-2492,4661,1203,-1624,-1905
35475,-3429,-6980,1119,-1446,275,-973
35476,4583,4749,-7849,-1106,-1868,60
35477,-5204,-3022,1017,1181,1462,-430
35478,-3841,1011,-2458,-1412,210,-73
35479,-5086,-7340,3563,1479,425,-1111
35480,-5286,-6250,-4994,602,918,-1260
35481,4980,-2593,3324,-691,703,1302
35482,-509,7246,6621,1651,467,1936
35483,1892,4714,-2304,-895,177,-257
35484,476,-2520,124,-1815,-1051,-167
35485,-7045,-6922,7856,1539,-1707,-1294
35486,-4808,-3348,-4237,-1133,-1291,-603
35487,-4247,1826,-251,1360,1175,-1204
35488,2539,1815,-674,-323,293,-783
35489,6279,-2335,-932,-549,1193,1617
35490,-4617,5608,-4408,1609,167,68
35491,-5487,-1281,-393,378,1946,-1673
35492,-4753,-2575,-5882,1611,-398,1026
35493,6048,7999,-79,1903,-1425,-1172
35494,-6123,-5676,-5310,-978,-1037,-245
35495,-7324,7452,-716,-642,-1827,1609
35496,-4663,4394,2433,1074,4,1444
35497,-7356,7785,-4147,1968,-742,1003
35498,1031,-2091,-5733,449,-119,1847
35499,6025,6269,-7767,-1566,1396,1780
35500,6210,-6758,6079,-567,-230,1763
35501,-653,-4971,2043,50,-1989,-1039
35502,798,-4167,1015,-433,1365,95
35503,-2466,3010,-4228,1620,1067,-915
35504,-4374,-2634,-2971,1423,1658,-1247
35505,-1261,3513,4913,929,1736,1950
35506,-1940,5733,-4576,-1540,523,-1606
35507,1710,-5324,1699,-864,877,1234
35508,7582,-555,-7689,-1850,-988,-89
35509,6488,7897,-137,-333,135,587
35510,269,-4224,-6821,1789,-87,-1426
35511,-5375,6401,-3068,1171,-949,836
35512,7865,6509,-7430,1574,618,829
35513,5376,-7842,-5605,1166,-32,1879
35514,4877,-7911,-3433,-1981,-1389,-205
35515,-409,5219,7059,456,487,1067
35516,3022,1362,-4796,1835,-648,1111
35517,5602,-4990,-7245,-787,1242,-1186
35518,-4067,2337,7769,47,-676,-1921
35519,7630,-4442,-1243,-298,367,-244
35520,736,1655,3634,-1315,1356,1193
35521,-3571,1565,3021,-684,1611,-625
35522,3952,-109,-5447,-508,1402,-1828
35523,4002,5870,3066,1634,61,-529
35524,7674,853,5190,-1850,-93,-1703
35525,1564,-5207,-3517,-1159,1698,-1055
35526,-795,1413,-1315,609,-140,-1251
35527,-3000,3971,2639,1454,-203,732
35528,3880,-5982,-1139,407,-608,-1147
35529,-4653,5144,-7018,1403,690,1333
35530,-3126,317,660,-415,849,-1979
35531,5243,-4189,6677,-1586,54,-1910
35532,-209,6298,-4897,-328,-1086,516
35533,7687,753,-3560,1618,159,-1535
35534,272,-7354,-5957,1747,1777,532
35535,1437,-7977,-7407,341,-1802,1305
35536,-6300,-7142,-1726,-1670,1573,-1301
35537,1924,-793,550,-1820,938,-620
35538,7557,876,-3666,-1872,1568,987
35539,2511,366,-2534,-557,-141,400
35540,588,502,-3275,-684,-1293,-1746
35541,5295,6447,-3944,-734,-272,-265
35542,-618,4457,-4215,-845,-589,-21
35543,-5389,5894,4774,1680,540,404
35544,-1645,-7199,-6455,-196,1110,-1325
35545,2248,5952,1344,1130,-670,-414
35546,2110,527,425,1333,-1034,-434
35547,1056,2997,-2588,1650,-338,830
35548,1656,6460,-6800,-1036,246,-1751
35549,7394,2764,-1336,-1085,-1025,230
35550,1302,3527,5062,1817,-1692,1762
35551,-5217,-3519,7282,-1277,1600,-1350
35552,-5012,-3702,7528,-710,991,937
35553,-4627,1612,1382,86,618,-980
35554,-441,4973,-3558,1444,880,244
35555,1217,7988,7997,1620,-322,1596
35556,-6263,4861,-2460,-208,672,-1818
35557,-6439,-491,3799,-1224,1009,-1919
35558,5741,-5047,-1736,944,1225,558
35559,-6180,-2842,-11,-914,-1703,-1671
35560,-2387,3001,-1162,342,1605,306
35561,-3725,7347,6265,-1082,-729,-1510
35562,-1227,2796,5207,-530,1153,1394
35563,-1879,-5580,472,47,-1540,1752
35564,1035,-7238,3493,1440,-82,-930
35565,2409,-1800,619,-1118,592,-1104
35566,-200,-2116,-6435,410,270,955
35567,-7374,-1401,1368,763,1284,1735
35568,3197,-5236,-3677,193,436,-1290
35569,-6416,7716,2504,-1133,-1541,-227
35570,-7968,-671,6653,1416,-999,1590
35571,4743,6283,-4143,1752,-374,365
35572,1072,231,-272,190,-1528,-1262
35573,7078,-602,5582,-28,482,-1272
35574,1914,-2832,-4230,-955,-1404,-486
35575,3105,-2769,6028,1476,-1295,-1478
35576,4976,-1919,170,-708,1825,-1650
35577,3537,2412,-38,1785,558,130
35578,2625,568,5266,897,-662,673
35579,3712,7318,-224,1709,-446,59
35580,7514,-381,-3823,-469,390,-1289
35581,3053,2826,2255,958,648,-1672
35582,-5371,-2924,-4932,1928,1361,136
35583,-3018,-1238,-2913,-1448,681,1530
35584,-3897,1846,-791,-356,1287,-1975
35585,-1780,2440,5866,1099,1669,-343
35586,-1178,-821,7777,894,-911,55
35587,-2431,5809,-2257,1558,-492,-1345
35588,6022,1804,-4490,667,-1908,1562
35589,-5923,-3975,-1758,-1708,1714,135
35590,3718,6087,3701,413,-1314,1859
35591,6078,3469,-2659,1789,1952,-954
35592,6105,-4154,-4921,847,951,-1352
35593,-2308,-1414,6843,1988,-98,1310
35594,647,-4530,2880,-1914,-755,452
35595,364,-6852,-1021,-267,603,-896
35596,739,-2053,-2588,-498,-1851,-1766
35597,2915,-1626,2977,-1637,-1032,-1002
35598,5516,6669,6753,1102,-793,-1156
35599,-5884,-6552,-1873,297,-513,1187
35600,-1285,106,-5375,1170,1445,-329
35601,-4553,5843,-7269,877,885,905
35602,-1535,-6544,2660,1833,-1500,1971
35603,-2730,5446,4108,168,-1663,-598
35604,-5205,7120,-5887,-420,95,-1073
35605,4812,-6279,1752,-1920,1842,1741
35606,6240,-6703,-3271,791,-1655,493
35607,-1724,-895,3569,-1178,790,7
35608,5132,5599,-4203,-224,1568,1323
35609,1300,2800,3854,669,26,1909
35610,724,-5557,1200,-989,-173,-585
35611,-4606,-3624,4066,-1140,-1122,696
35612,2460,-6647,-724,1893,-880,657
35613,-543,6443,-4124,-726,1571,-1007
35614,538,-4279,-5665,588,1812,297
35615,733,-1153,-118,-1393,942,-1716
35616,5576,2432,3818,-1593,1787,-1992
35617,4762,-1646,-5907,-633,-403,-999
35618,-1760,-2666,1393,-1607,521,-105
35619,-2144,6854,7004,-536,817,1612
35620,7235,3480,1428,-425,1714,573
35621,-1732,2871,-4647,1302,-786,-1235
35622,6823,-158,670,-1872,43,1953
35623,3082,1367,7962,-1004,337,1965
35624,-5149,4849,-6385,803,-1363,889
35625,7343,5165,-1583,-1927,-969,-1411
35626,-328,-7006,-1301,534,198,911
35627,7040,4028,1645,-1422,1910,-1409
35628,-188,-1250,3267,1007,397,-1257
35629,3799,4978,5485,896,1017,-1713
35630,3636,-4227,-6935,-1350,-522,775
35631,4134,-2271,3974,-827,-1500,-1157
35632,-1108,-5356,-5480,1716,833,176
35633,-3412,3566,3925,-1724,-1990,-725
35634,-3408,-1329,2817,-1686,1851,-1651
35635,-6894,306,-6045,-721,-940,1007
35636,-5065,-1852,-5045,947,-1534,-1415
35637,1831,-7588,-4705,-1470,993,-320
35638,-6442,-1807,1428,-1870,-1446,-589
35639,-4822,-1224,-5115,-93,791,1396
35640,726,-5059,7942,1573,580,1218
35641,3073,3436,-5924,-541,1540,-1154
35642,1502,5285,5640,-1076,324,1779
35643,1592,-4623,-1759,1638,-863,-824
35644,-5732,5672,1826,1885,1050,400
35645,6894,3221,3256,1305,1454,1835
35646,-1610,507,-4724,-1077,-94,-258
35647,-5049,4965,7987,-1881,-433,971
35648,7007,6053,7782,45,-706,769
35649,-1497,-288,4244,27,598,274
35650,-3665,-202,-7225,-116,-1365,1098
35651,7238,7709,4569,-563,1929,790
35652,1194,5948,1221,-339,-1325,535
35653,1988,4360,3373,-502,-979,778
35654,4354,3244,693,-1718,-1319,-994
35655,-5398,2346,-3395,1876,-856,451
35656,-5001,-4039,4361,-457,-1209,1029
35657,-6567,1278,-2111,620,-312,449
35658,-7139,3658,-127,-160,-482,-1489
35659,630,-7268,-605,-842,-1840,-289
35660,1377,5946,2693,1305,139,1647
35661,1043,5042,-4536,-149,-1101,-573
35662,1881,7884,6926,-1834,1012,1732
35663,638,6679,1519,98,695,-1332
35664,-2019,-1022,-6981,-1367,-1519,1464
35665,-6085,-7401,2749,-1083,1975,955
35666,-684,-5344,-4019,-688,-1378,-1871
35667,7939,4049,6368,1005,-868,-226
35668,-517,4938,1043,-1059,-1775,-1076
35669,-5736,-3571,7879,-1107,1860,1371
35670,1464,445,5605,312,-757,-1062
35671,-7513,1231,3693,-600,-623,-692
35672,7310,-2324,3064,59,-1341,1915
35673,3330,733,-2942,-1922,-1619,-1993
35674,-1064,-2694,-3172,1020,-1697,-1898
35675,5576,3869,6334,571,-1824,248
35676,3172,5778,2911,-318,438,-1472
35677,-519,1739,-1154,190,1397,-1472
35678,2488,1956,5729,-594,-331,1743
35679,2250,-3766,-2454,-1637,985,1319
35680,7141,-7323,-5804,-1679,-962,-847
35681,-900,2966,-243,344,1488,134
35682,-1672,-503,699,-1715,1375,-1571
35683,7628,6992,-6799,1948,982,658
35684,5749,1139,-5707,-201,117,-609
35685,-3705,4290,-1260,-1985,-1307,-1656
35686,4673,-6974,-3024,-1048,-372,-454
35687,7196,6979,635,1755,42,800
35688,4590,-7442,-4239,-768,-1073,-886
35689,-3016,6576,209,-1266,-1304,-1421
35690,7890,7931,7214,89,-833,2
35691,2900,-4907,6554,-254,-812,1928
35692,-56,-6532,-1097,1096,897,-450
35693,2538,458,-1462,716,1852,-377
35694,-551,-3678,5045,1178,-1822,479
35695,1084,-2461,5548,795,-451,1254
35696,4647,2462,-5650,115,1136,577
35697,7443,-750,-363,-583,1930,-1611
35698,3918,-1820,6298,1972,-714,786
35699,2579,5668,3403,-389,1453,189
35700,-3692,-5015,6103,-243,705,-389
35701,6751,5309,-5383,-218,538,-474
35702,-3734,362,6881,-312,648,1886
35703,-5099,7900,1523,-1559,1222,-1709
35704,-6396,-4039,4092,1856,1017,-549
35705,-7731,-612,-5557,739,689,1371
35706,4998,2284,2003,-961,-455,910
35707,-3427,4198,5767,181,687,-682
35708,2108,5831,1691,1050,930,-1016
35709,-4448,-4767,-2830,373,239,1175
35710,-4028,-272,1213,1937,1867,1297
35711,-2162,-1276,-6070,1746,1399,1820
35712,6330,-3326,7226,1013,-1100,-1073
35713,7506,-783,-2588,350,-1251,150
35714,6668,5685,4251,-862,-301,-1295
35715,-5349,605,-7580,-124,-1786,-1757
35716,4034,1040,-3267,639,-766,652
35717,3237,6395,-4847,-166,-1926,763
35718,-1823,-6846,6264,-1175,-1641,1834
35719,-3184,-991,7599,-422,1732,1727
35720,3419,-5920,3497,-840,224,34
35721,-6134,-1309,2173,1298,-1831,-805
35722,293,6466,2660,1072,-1914,-1292
35723,410,7580,253,-1097,1480,-1015
35724,1283,6105,7346,96,-898,167
35725,5490,-6560,-4623,-704,-1542,1302
35726,5608,5962,-1862,-1364,-82,-535
35727,-1756,-1553,-5624,1927,-1245,-1551
35728,-7802,1831,-4958,-1877,1236,-1222
35729,397,2205,-1609,-890,1478,-538
35730,7673,2437,3629,1134,-296,737
35731,6941,-2322,-6687,-1703,217,242
35732,-7433,-7962,-6186,-1432,-1031,1120
35733,1949,-707,2261,-1095,-1600,-1256
35734,-6943,-7444,-3919,1723,-1151,1612
35735,-3847,4835,4026,1300,-1825,-854
35736,-3109,6276,6744,154,1562,15
35737,-4817,-3292,1217,-746,991,1289
35738,5514,1017,5642,1385,-1198,1613
35739,6545,685,1686,870,1944,1501
35740,4769,-4431,-2881,-904,-861,647
35741,-5729,-2637,4688,1764,328,264
35742,-2952,-5484,-7288,538,1548,206
35743,-5408,4966,4416,1467,1765,-205
35744,-448,-1137,2580,-540,-146,78
35745,-4370,-3174,3274,-1611,1943,-344
35746,5617,1233,-6096,-1115,-1487,-1751
35747,3781,-2489,4712,-364,-546,891
35748,-2943,-6496,4044,1460,861,597
35749,-4974,4486,-7917,1355,-646,1341
35750,-7306,-4044,-7654,1870,1370,-163
35751,-5944,2238,5120,-778,1678,-1454
35752,3851,7789,-4069,-1359,-1156,157
35753,5278,5255,6351,-608,-1831,39
35754,-209,6970,-687,-1557,1253,856
35755,-4173,5627,6139,897,-1749,920
35756,4226,-4763,-1368,-1281,-998,1863
35757,4587,-734,-491,-347,1782,-1999
35758,6254,-4108,-1751,-878,1666,-1776
35759,-6681,-6111,-4601,-1698,-1188,741
35760,5483,-5034,2086,1798,163,-1514
35761,-5956,5430,3735,1433,-314,828
35762,-7863,6011,-7343,-1936,-371,-1273
35763,-6668,-2789,-7722,1721,642,-410
35764,-4109,-1678,-1769,1688,472,1944
35765,7594,-2550,7433,-885,1086,-318
35766,2013,-7469,5960,571,-494,1316
35767,2300,-604,-1835,1398,-225,-466
35768,1716,-1912,-4855,1416,-1267,1542
35769,-1423,-6972,4087,-1957,1555,-314
35770,-5005,-1342,-4001,1076,-1221,-1287
35771,-6729,-2437,7696,21,-1866,-338
35772,-7611,-775,2038,-345,-1451,1558
35773,-5103,-5887,1847,-91,1277,-913
35774,4553,4908,1085,-480,724,-903
35775,-1548,5672,3925,105,-290,-416
35776,4832,1335,-1898,718,-1590,-1708
35777,6313,-1450,7157,-1399,-476,1929
35778,-5819,4327,6510,-594,565,1198
35779,-6567,3866,4361,-632,-212,1947
35780,-7381,978,1976,190,931,1022
35781,-2031,7985,2171,1758,1018,-1901
35782,4134,4079,2273,-1984,-1080,1147
35783,-2628,3156,1867,-1927,1711,-470
35784,-5723,2370,7895,1626,-1827,-1212
35785,1825,1339,6186,-980,-109,-123
35786,-1361,-2828,-6591,-814,-1874,-1673
35787,250,7036,-704,156,-1854,785
35788,2943,7518,4890,1598,-221,215
35789,-6930,-4163,4489,-789,1088,65
35790,-5047,-6232,-5363,-536,1069,1161
35791,-4212,-2247,2281,-279,-184,-387
35792,6313,5469,-7364,91,-154,-1425
35793,-7164,420,-872,582,94,-1040
35794,7583,95,-3095,1450,1544,947
35795,-5736,-251,1272,580,1179,1294
35796,5097,-1935,5540,262,-57,-355
35797,-3881,1838,-2416,1692,-1633,1632
35798,885,1444,-2234,-858,1192,-1982
35799,-2214,6946,6140,1497,1758,-1070
35800,-598,-6129,-5803,-662,185,-1915
35801,-1181,432,-5400,-1891,-1755,1256
35802,-1403,-3089,675,429,1767,-1992
35803,-1062,-4081,-7522,244,851,-228
35804,-4670,6133,-354,-250,282,-525
35805,7208,-3879,4295,601,1571,1030
35806,7713,-7066,1549,515,1290,413
35807,1735,-4100,-595,-1307,-1701,771
35808,-4472,6489,-6813,674,1971,-670
35809,-2717,3010,-3330,-1489,-1609,-425
35810,5874,-901,-4476,1354,-327,-1480
35811,-750,3264,-1552,-1606,-1680,852
35812,-1520,728,4048,-1960,-1699,-1806
35813,-1077,1026,3975,1614,1912,-1998
35814,-2526,6355,-6955,-1605,-1767,-1812
35815,-232,-5190,7585,-303,1112,-1895
35816,-5402,1300,-6441,1307,-1377,-790
35817,-3007,3749,1166,1506,1815,-26
35818,7999,3242,7589,-1521,-1124,585
35819,3580,6,5093,663,607,-1831
35820,6667,-7409,-5627,-168,100,1580
35821,7363,-7266,5642,-383,-1123,-869
35822,-4168,248,927,-839,-1123,1685
35823,1905,736,1977,-506,-906,-1569
35824,-3091,-1522,-902,-604,1120,-629
35825,2817,-3655,7609,819,-1010,1968
35826,2305,2834,4687,1992,527,699
35827,1432,-7758,90,1552,-1108,-758
35828,1007,-1403,5656,808,-1276,641
35829,-7809,-5920,-5745,1230,-34,1657
35830,-5805,-1566,5457,1017,-1148,-1803
35831,2852,1943,2989,-1965,1190,-280
35832,-4213,7384,-1464,-249,-1927,-1886
35833,-1016,-178,-3073,-787,1810,1975
35834,4584,-5094,5414,-1867,1417,619
35835,6129,6296,-2834,-1703,-49,-1489
35836,-2324,3855,-4518,523,1623,907
35837,-7297,-976,7232,797,-1534,-1516
35838,-4374,-6698,-2383,1223,-1711,-894
35839,2862,-2868,-173,-1391,-1531,-1359
35840,4195,5567,-1903,-588,895,-1591
35841,5914,-7548,6481,1530,-1194,-1113
35842,-4332,1390,7990,-1983,1672,-1069
35843,-4346,-587,5922,882,891,1480
35844,3449,6636,4063,-909,1870,1962
35845,-121,6971,-5496,141,-1738,1186
35846,7977,-1197,-830,-442,-1402,1384
35847,2662,4620,4447,598,1629,1875
35848,-6966,-5993,3759,-1914,1879,-622
35849,-7247,2310,7971,1526,-4,166
35850,5243,6856,-7892,-1266,-1049,436
35851,2082,-4698,5057,-783,-1430,-1791
35852,582,-4667,1271,1133,925,-193
35853,5281,6340,3113,386,-1377,-740
35854,3031,4204,-6898,-16,1124,-701
35855,1146,3501,6253,1803,-1744,949
35856,1646,1205,-3176,-540,689,1035
35857,6926,-1523,-641,1807,30,1036
35858,4952,146,105,-1036,1567,-347
35859,-3220,-5855,-5697,-404,988,1671
35860,1686,-7684,7513,423,-153,-697
35861,6549,6829,4518,-641,-1393,142
35862,6428,-1659,-7855,-1595,-908,-1783
35863,-1885,-1840,1238,95,1593,-1848
35864,7449,-1115,-6612,995,1440,-1939
35865,7756,-2302,-1427,1362,-1288,772
35866,-2513,3262,-6028,1779,-413,-1273
35867,7814,5896,5672,-1266,-1259,1857
35868,953,2861,441,-1365,-1705,1622
35869,1275,-4454,-4633,-647,-1156,4
35870,-2097,1081,-4693,373,-855,-168
35871,6632,4269,518,-1805,-1559,344
35872,-514,1382,6836,-109,228,-1612
35873,-4895,1537,5268,-484,-154,-1822
35874,6476,-1052,-3130,1291,-1797,1482
35875,6472,-7295,-4252,-1555,-719,-617
35876,1863,-2804,3630,-1421,-870,704
35877,1833,-3130,-7980,1417,-955,-1087
35878,-4541,-832,-4492,1926,1001,-1522
35879,1311,1404,2165,964,-84,1061
35880,-2292,-4891,5451,969,-1477,-1500
35881,1012,-1595,-1382,34,105,1149
35882,-4202,6060,-7236,-1951,-1188,584
35883,-383,-1053,4973,-1058,-688,-430
35884,-1301,-5061,5589,632,1079,1222
35885,3968,3189,-6809,-626,-519,-964
35886,-4718,-1407,-1687,1045,989,-320
35887,-578,3144,-3694,-442,765,-663
35888,1131,4470,1273,1989,854,825
35889,-891,-6080,3529,-1619,276,-1803
35890,-3715,2103,5437,416,1588,224
35891,66,-883,3552,-776,1381,-1906
35892,-7494,7228,-6411,1745,-1516,-1590
35893,7436,-4615,347,-1397,-815,-1499
35894,-7351,2188,-126,458,813,86
35895,5173,-1255,3176,114,-1550,-234
35896,3291,-1693,2757,566,-1826,-751
35897,-2296,-1258,1085,1693,-427,1676
35898,7953,-747,-1826,-1240,-345,244
35899,2597,-4868,4010,-1373,371,-1585
35900,-3436,-4551,4928,819,1941,1029
35901,2835,1138,4993,-338,1153,-889
35902,4039,6685,-864,1579,1552,1522
35903,3925,830,4029,-834,-269,781
35904,-193,-220,-7842,1058,-993,-700
35905,4172,1500,2576,129,290,-1142
35906,630,-2310,-1176,1228,548,806
35907,-162,7815,1773,635,-1205,-1017
35908,-5437,3926,571,-1730,89,221
35909,-6898,2062,-4721,-1815,-1571,-700
35910,4571,-6527,1562,-699,-766,-1820
35911,3004,2264,826,1788,449,-1848
35912,-1442,-75,-2952,-398,-1322,210
35913,-5543,533,7580,-1705,545,-827
35914,-1155,-717,-860,-405,-1514,1477
35915,7444,250,-364,1226,-1653,-1784
35916,4431,-2463,-6359,-1758,977,-1652
35917,5566,-3095,-4632,-1654,857,624
35918,4600,4245,-7864,-572,-377,1629
35919,2896,-5099,1693,-194,1689,-697
35920,952,-1810,6155,-980,-1161,-522
35921,-6202,-1165,7588,-1383,-1626,1744
35922,736,2933,6204,1907,1439,-1702
35923,5074,-1876,7698,702,-1465,546
35924,538,-7605,-7515,413,-1669,934
35925,6664,2462,-1457,-249,-1589,895
35926,221,5160,-1571,-605,-1632,-1600
35927,-283,3384,7790,-279,841,-116
35928,-4368,1948,2738,-1388,-1556,-1561
35929,-6156,5769,4904,928,1660,-517
35930,-326,-6222,6652,-1135,1558,-1349
35931,-5858,2639,1817,124,-1228,-97
35932,4190,7288,-1509,548,-1972,-12
35933,5779,1210,6900,1095,538,-636
35934,-6816,7118,-967,1276,414,-113
35935,7302,-7693,-4777,1748,-693,75
35936,2928,-6801,5599,-1927,-1557,-211
35937,-4835,-7376,4590,-1124,1864,-1667
35938,1403,2103,-1485,-812,-1848,-368
35939,5851,-7111,7660,1369,-810,-179
35940,7517,-1278,-2862,1125,-413,838
35941,2730,4443,-855,838,1593,926
35942,6269,455,3948,-1694,631,649
35943,6705,1798,6837,-261,1797,-193
35944,3397,-7610,-439,1272,-673,-1384
35945,3446,-5361,113,910,910,1410
35946,-2332,7560,-1014,-1024,-804,1158
35947,-5476,-742,-456,-1973,1605,747
35948,6945,-2499,418,-1206,-1897,433
35949,4848,-2396,4336,1374,198,1427
35950,4416,7093,2463,583,-535,250
35951,6724,-2412,-4467,-1621,1549,-1662
35952,5909,918,2634,-487,1565,1536
35953,959,-6220,-767,204,451,-1397
35954,-3385,887,5357,-1685,-1534,256
35955,6945,6952,-2772,-341,-1629,431
35956,4901,-4595,214,-485,1272,1370
35957,6769,-1957,2428,-43,1482,1143
35958,5826,7921,-484,-701,1506,1611
35959,-6807,-5803,7254,1667,-425,1685
35960,5491,965,5886,-693,1381,-1393
35961,3125,-778,1614,-1772,-1454,-1000
35962,3869,-5514,-6146,105,-1732,1525
35963,2081,-7330,-728,-475,-730,-1875
35964,3673,5767,1423,1970,313,-838
35965,2397,-7951,6958,1540,-1435,-664
35966,7878,3980,-2170,-407,1449,-1609
35967,-2677,-6970,4239,1476,-804,-504
35968,-1763,-6811,-912,-767,-1250,722
35969,-5262,-347,-3828,-1803,747,1112
35970,-2838,-2952,6713,126,-407,-277
35971,6142,5252,4446,452,-484,-137
35972,7498,3594,-5668,1594,-410,1024
35973,4317,1479,-3370,-304,-1059,207
35974,3828,-812,-1650,1169,20,-1010
35975,3138,3294,-6303,1521,-343,216
35976,-112,-5963,-5553,-1732,1731,-1379
35977,-4714,-7685,2437,1356,-141,445
35978,-6407,3896,-4248,141,1707,-1098
35979,-517,-4675,6030,258,402,1352
35980,-1101,-4111,7146,147,359,1709
35981,-6307,4888,-2139,-87,1433,-1981
35982,-5935,5448,-5775,763,-900,1107
35983,-6822,-4009,-6084,-651,135,1959
35984,6686,-6676,-6589,-644,-1295,87
35985,-6276,-5913,3295,-1100,-900,-1708
35986,-5599,-24,1641,-1807,-639,-997
35987,-1864,-553,6978,1716,226,1496
35988,-6397,-758,-4114,1842,-749,-1153
35989,-1902,-6241,-6371,-627,-1462,-1793
35990,-498,-5815,5027,-184,263,875
35991,7460,-3961,-1941,-956,1727,-169
35992,-479,-3807,192,676,-389,1295
35993,-5341,1527,-3678,604,-868,50
35994,5766,2833,488,1509,1449,-44
35995,6359,-6070,6497,-1327,345,-1331
35996,-4509,-4544,52,-1465,-757,1128
35997,3821,-4879,1695,32,598,707
35998,3588,2390,2470,-1663,-1741,-1106
35999,-3096,3916,-7988,712,-714,810
36000,6843,7599,-3957,1754,-1325,-118
36001,-6554,-541,7462,961,-27,804
36002,5567,-7628,-1659,-1252,1303,106
36003,1977,-7361,5119,-1464,131,-1467
36004,-7615,-4379,7035,-342,1699,-55
36005,2457,-7706,-2573,-1455,1334,342
36006,973,-1425,6937,1313,-842,101
36007,348,-421,-3098,-843,-1435,-633
36008,-3773,-4814,-1133,894,-852,1893
36009,-3981,-4610,-1029,-315,1117,-1677
36010,-5373,-626,2249,1911,122,1069
36011,4218,2088,-7367,298,-577,453
36012,384,-1582,7115,-470,-1946,1062
36013,5640,-6236,-4182,1584,1766,-1450
36014,-2951,-2702,3046,1363,-297,-413
36015,2340,-2777,569,1059,-1786,741
36016,-5883,3895,-879,-1859,1290,-483
36017,-325,-3886,3670,1143,1577,-1351
36018,887,-3401,2306,-1532,-1843,-326
36019,-3776,-2322,365,1576,-681,-1092
36020,-804,-6780,-6307,1732,672,-454
36021,7354,5867,4034,-1540,-1110,-904
36022,-270,-7362,4631,1869,930,1638
36023,-4551,4682,1219,-450,-945,926
36024,-624,5895,-2965,433,-620,-441
36025,-1162,914,-46,-1974,-1473,-298
36026,57,3488,6824,-1934,581,-418
36027,-4139,-406,3809,-1465,-1948,1444
36028,7183,-252,-736,20,-1231,600
36029,5652,-635,-1729,507,-735,365
36030,337,-4489,-2898,-649,730,-1519
36031,3956,3392,-5169,-522,710,-1113
36032,5231,2280,-1564,1873,20,-1696
36033,3768,-3080,7433,-1858,-1057,1946
36034,6787,1293,2453,-1154,-111,-1647
36035,3165,-7240,4377,-1054,-1407,277
36036,1799,2288,5002,879,-105,219
36037,-158,-476,1861,-1862,-1705,371
36038,-6304,2949,1600,161,1679,109
36039,-810,-3686,-6026,-931,863,469
36040,-4837,4287,4267,-774,-510,1224
36041,7086,-4376,3766,-1908,-819,-1193
36042,-6930,5315,-1618,141,143,-1637
36043,2735,-3054,1233,-1589,-1757,-1222
36044,3705,6347,1754,506,-1369,887
36045,3257,166,-6456,-1428,-1141,1620
36046,-3426,5473,-4906,-55,-871,1294
36047,3625,6192,327,1111,-108,807
36048,-3480,-4774,3522,530,581,-388
36049,5476,-2448,7640,261,793,-452
36050,132,3097,6425,-544,-1911,-1701
36051,3747,-6683,-7294,398,120,909
36052,-7452,6089,4039,-203,-1069,809
36053,-784,3531,-6006,-736,-1869,-375
36054,-5955,1927,6031,1468,457,-1481
36055,-6720,-6850,-7451,1090,-1607,-792
36056,675,-3854,-5415,-871,872,1441
36057,-7395,-6601,957,841,-34,1954
36058,-1411,4314,-6671,-669,-922,-1825
36059,5990,-2320,3305,-748,-1678,-421
36060,2551,6873,-7238,-1277,-1794,1792
36061,5362,7543,3621,1657,1790,805
36062,4582,-7294,3271,1426,1152,701
36063,-2982,-7537,1105,1943,1590,1986
36064,-2684,5217,6982,1856,-1626,752
36065,-1850,-2018,5148,-894,-442,-1834
36066,5226,-888,3469,-1460,432,302
36067,2979,-3949,-5862,1156,-555,461
36068,2812,-2994,3,-255,1182,90
36069,1471,5478,-5904,-1882,1478,-397
36070,4395,1528,-690,1164,686,1760
36071,-2640,7761,-7938,1803,1878,1461
36072,1843,7139,6767,-1437,1008,1758
36073,-2903,-7999,-962,1628,-1302,812
36074,3101,-5502,102,-1764,-1708,-992
36075,7519,4587,4012,-1926,1292,-1012
36076,825,5150,7931,-817,963,-1393
36077,2972,-3238,-7857,-1671,-1537,1627
36078,7284,-2909,4922,1565,725,172
36079,772,4679,2064,957,-1657,416
36080,-1580,7182,-4477,822,849,1651
36081,315,5063,-2558,-100,-412,910
36082,7634,-1483,1178,995,393,848
36083,2046,101,-3347,-1551,1105,-1887
36084,-6543,7902,484,-27,-1346,1100
36085,-1430,-4546,-4470,-206,1580,-387
36086,-2691,-859,4184,-516,1767,-991
36087,-7272,7850,-3919,1449,1806,34
36088,-1601,560,-4022,-794,88,-1732
36089,-3518,6408,-1911,125,-231,81
36090,-3361,4494,-3752,-842,-643,1122
36091,-1416,-3625,6303,-998,1875,1270
36092,-6075,-3057,-7943,-1310,484,145
36093,6841,-1097,219,-1370,1118,238
36094,4110,7584,6479,-834,-714,1931
36095,2458,-6681,-6334,-1595,-1999,144
36096,-655,-4608,2259,1804,947,666
36097,885,5361,4458,-637,324,976
36098,-699,2397,-673,-595,1740,639
36099,4546,3154,-916,-1251,1696,-1162
36100,1661,-6078,2974,1353,1345,1997
36101,-5500,5495,2123,1102,-841,-1098
36102,7121,-6588,6556,-1490,1520,101
36103,-3107,-2654,4317,-454,805,1293
36104,-7463,7771,-2918,-394,-326,1520
36105,7377,1485,7010,-81,676,-284
36106,-1463,5985,4427,833,-221,-1256
36107,2903,-6195,-6046,-1385,-1925,-804
36108,-1355,-7181,-7063,-1858,-1101,1175
36109,6012,-5939,6272,1502,1933,-1990
36110,-6754,7129,5885,289,1041,-558
36111,2929,5017,-5058,-1778,834,1641
36112,-6138,-2871,-7548,1952,-1960,-1153
36113,1102,-5153,593,-1398,1657,989
36114,1873,-1210,1745,1347,1309,1736
36115,3793,-2440,-5366,1027,1646,-227
36116,-7654,5254,-1519,-806,-856,-1965
36117,-4949,7493,-6621,-1339,-1174,-189
36118,3322,3990,-7690,-1198,1349,-1136
36119,7242,-5850,2625,441,-1371,-1353
36120,1993,-1234,697,-887,40,1028
36121,-1800,-3057,2286,-176,-698,1797
36122,2590,382,7085,1100,1124,156
36123,-1443,-2980,1225,-127,-1329,-1016
36124,2669,-1350,4890,272,1582,-123
36125,-4636,-1590,-6631,943,1678,1041
36126,-6727,4080,7644,-1259,1034,1586
36127,707,7584,1005,-938,1294,-1849
36128,615,-2189,-119,-324,777,1424
36129,-4282,-6740,7108,178,75,1016
36130,2557,390,-5485,-450,853,-531
36131,-4618,7485,399,690,-662,-493
36132,5989,3312,-547,-1229,-1541,1550
36133,2747,-6941,6968,1427,-143,1054
36134,5713,4832,4889,-1797,-209,-1403
36135,3420,3144,-639,1857,-1376,-1614
36136,4119,-1537,7818,-1285,-1893,389
36137,-7283,-7543,7651,-1253,-1231,-762
36138,-4179,-2276,-5685,1123,1468,1679
36139,-4977,1705,5947,833,820,-1521
36140,-4844,6270,-4600,1291,1264,-1627
36141,-6218,-3895,-7669,-1656,-1273,-346
36142,3343,3258,4703,670,166,-1804
36143,7669,-4676,-6545,885,-1232,1629
36144,-131,-7747,-5569,1046,-7,712
36145,5712,4834,-2312,-193,93,1283
36146,2883,-3945,5774,-1744,1474,382
36147,898,-7162,-2956,1469,-129,399
36148,-422,-778,-6532,-184,688,-1360
36149,4290,-4994,3212,-655,-237,1570
36150,-831,2204,-4470,841,-207,-1301
36151,-202,-3760,7482,822,1623,1571
36152,-1516,5177,3511,187,-1821,-482
36153,7171,-6060,583,-1368,1383,615
36154,-7511,-3278,429,1068,-1834,70
36155,-6601,-1317,6597,-294,1998,1555
36156,-816,7829,7231,-1086,-1932,-1042
36157,-187,3955,-529,203,-54,-1618
36158,-2102,922,5663,-1627,960,-299
36159,3041,7475,4907,-1270,161,1389
36160,3183,-1253,5146,-1239,150,-1259
36161,-5574,-2495,-4083,1434,1417,1231
36162,-3091,7726,-2519,-1431,1712,1165
36163,-4217,-747,902,1469,1437,-815
36164,1183,-2152,4061,-1772,-1010,1436
36165,-5094,-1174,-1609,1493,-783,337
36166,7722,-392,-1402,950,-71,-759
36167,-2966,3130,-7410,-289,1218,804
36168,2620,2544,-2014,1097,-549,-1677
36169,-920,-4486,-6148,-1880,1671,91
36170,4331,-1362,7849,-390,133,583
36171,6422,1761,-671,71,-1125,-1242
36172,-1058,1634,3134,-283,-41,-668
36173,-5562,-6183,534,-118,-1486,-1351
36174,7839,5699,-4627,-401,-1637,565
36175,1258,-4123,6173,1930,-1212,1997
36176,-388,5620,5718,888,972,1689
36177,-7126,-3389,4308,1854,1045,-1573
36178,-127,2028,5266,-361,-1633,-1342
36179,1599,-5305,2652,976,810,-1405
36180,4389,6443,6324,-1213,-1880,1055
36181,7471,5228,1693,217,1967,-1310
36182,-1925,7580,-2544,35,-484,-1049
36183,-816,6748,-1125,-567,858,-929
36184,-4365,-1491,5202,904,-209,36
36185,-4525,-2157,-2448,-1374,1363,-1081
36186,-5603,604,-5728,-1943,1108,1879
36187,-7834,2938,-1541,-1655,-455,-552
36188,-7473,1124,1423,-870,-348,955
36189,2049,2043,-4067,-804,1332,1612
36190,3402,789,-3014,-1157,-1692,215
36191,3607,-7057,-130,1298,1837,-1176
36192,-4778,-160,7517,1134,367,-1876
36193,7267,-2076,-2102,1854,-116,-790
36194,1786,2449,2656,-1232,-1529,1522
36195,-3093,-1271,7864,-129,-1274,-1436
36196,1323,283,6350,918,706,-1911
36197,6444,-3747,6410,-907,1538,-512
36198,2331,-2578,4766,-775,1635,-1998
36199,-2694,-716,3292,-980,24,-138
36200,-1864,7315,7354,1857,-50,1417
36201,1408,42,-2713,-1803,49,1294
36202,3426,1430,1692,-1137,-559,1644
36203,493,4588,4696,-1627,-590,414
36204,-1868,3154,90,1667,1626,1879
36205,3624,5671,4388,-926,342,616
36206,-4907,-1952,-1587,976,1795,466
36207,4334,-2193,4116,1526,-391,1042
36208,296,-6733,-5212,781,-1692,1746
36209,4308,-5944,6661,870,635,-1375
36210,7199,-3635,-4120,-595,-1577,-693
36211,1573,3010,-6156,565,11,-643
36212,-216,1860,-2810,438,-567,-585
36213,-6887,5857,-2265,-544,1749,-1210
36214,-4807,4320,2944,260,-1719,161
36215,6201,4103,1918,417,-894,1934
36216,969,513,6446,-336,-1283,-635
36217,-6225,-3289,2379,1007,573,-206
36218,7152,-7011,-3055,1305,1833,-1540
36219,4702,-7612,2596,1138,-1967,-1408
36220,7348,-3484,1869,666,-124,-956
36221,-4997,-4374,-3487,1239,1844,743
36222,7338,1799,674,51,-530,1872
36223,-1339,-4120,4362,1526,-1327,-1311
36224,2494,-1507,750,-492,-1102,264
36225,-6311,-2992,3021,-558,-855,1501
36226,-4440,5266,-5025,1567,1759,-70
36227,-7569,-2027,-2516,-500,409,1195
36228,-3267,7277,-3344,-891,-1180,1961
36229,5412,-2439,5234,451,-1463,893
36230,-470,7245,4541,-724,-1977,-1770
36231,-5851,-5611,4491,-644,-699,-792
36232,-6382,1307,7817,-39,1599,-1249
36233,-2130,-4642,-3681,1619,1182,1933
36234,3318,6962,4745,1318,824,126
36235,436,-793,1658,688,585,-1158
36236,7254,5474,1863,-574,-1983,1882
36237,3989,-1603,568,-389,-1907,-172
36238,7614,3250,5356,-1304,189,-1885
36239,3414,4288,4764,-1132,1658,1310
36240,-4914,-5450,7454,-776,1687,-653
36241,-1463,2440,-7059,1023,-197,1558
36242,-4419,-3976,-7135,-1167,1777,-335
36243,830,-7708,-5753,-423,246,-825
36244,-1725,-7844,3314,1466,1058,-26
36245,-6947,5876,-4097,-808,79,-595
36246,2143,-2143,2587,493,-78,1182
36247,6393,-7379,-3989,1521,-1265,777
36248,4918,-1826,-1748,-1180,-1009,1001
36249,5765,6350,4327,1437,1557,539
36250,-4261,1901,-4725,690,51,1556
36251,5452,-2987,7280,-570,-1830,-1718
36252,-1518,3846,-889,1390,-1201,853
36253,-2929,-6053,-1335,-1404,-181,-1779
36254,-204,-4578,5972,-645,1198,716
36255,6189,-93,-2867,1250,-849,887
36256,-6537,-6507,4940,-655,-1219,1203
36257,-7318,-7446,3155,1525,1477,1922
36258,6899,2085,-6724,-1676,905,-382
36259,7100,4048,-1719,-996,-1914,-737
36260,-6028,-6785,7681,-839,78,-1195
36261,3960,-6389,-7967,-1195,-823,63
36262,-4540,-5851,-7231,-1104,-23,403
36263,6803,4704,-4244,-1299,-414,53
36264,2906,-6740,-2176,-904,1213,-258
36265,6943,5065,-3560,578,-1586,-1252
36266,2123,7883,-50,1008,659,1476
36267,5692,3319,565,665,-1850,230
36268,-1118,4906,2104,-306,-1445,757
36269,3779,1078,1948,1358,303,1141
36270,-618,5164,-7213,-751,-1997,-1553
36271,-5299,7828,-1654,-1932,-271,-1334
36272,-7475,-5337,328,474,-791,-686
36273,3934,2545,5792,796,1815,728
36274,4611,-1577,6319,-659,-616,1556
36275,1344,-6230,4495,1606,-584,156
36276,6779,7690,-7818,-34,-1145,791
36277,6787,-6964,6216,61,1921,1882
36278,3255,2191,-7817,-305,86,1365
36279,-1133,-2342,-7653,-1760,1994,1832
36280,-6952,-4310,-1892,-445,-1934,1460
36281,2059,4419,-1809,1416,-153,1268
36282,-2157,-950,5830,321,1380,1443
36283,-7883,7921,7822,-555,-1756,-1701
36284,6148,3058,-7106,538,905,-401
36285,-2407,5904,-3912,933,1091,-1870
36286,-2168,-498,-2513,858,-1791,1177
36287,7651,-2239,1686,365,451,1667
36288,-1184,7467,3052,873,-2,690
36289,-3957,-7711,4268,979,1376,-1996
36290,6214,2285,-2095,122,-1273,573
36291,669,5064,1629,-1009,1453,-874
36292,3792,-5452,-3420,488,-1956,731
36293,676,-3951,4555,1020,-22,-1168
36294,-2217,-2571,-1354,941,-265,690
36295,-2072,7658,331,-1038,1702,487
36296,928,6295,4348,-1665,1431,657
36297,-5015,4228,-1720,873,-1389,330
36298,7628,5859,1006,-1784,-1814,-786
36299,3562,7726,-3788,-1423,-1375,866
36300,-3644,-619,-1661,-1137,1488,-522
36301,-1012,-3044,-4585,1576,-1122,-462
36302,-6877,7890,-1223,-1717,-1988,265
36303,6666,-4208,7326,-311,-1078,241
36304,-3212,7591,4762,625,-1482,-1796
36305,-3529,2708,-850,1057,-520,-445
36306,-31,-1194,2700,-1656,-1531,-1690
36307,7666,-4885,-2979,91,-408,-1840
36308,4234,6550,4070,1678,1959,1904
36309,-7786,5756,-5937,1368,90,-217
36310,-3935,2546,2529,-1436,-846,231
36311,-7172,994,7505,259,1851,1946
36312,1354,-1149,-5920,-619,389,1245
36313,-5244,197,-3445,-1202,-691,1680
36314,-6402,-3883,3500,1692,-1219,1446
36315,4238,3075,-6206,312,1867,-569
36316,-3198,-1420,-6589,-1470,-254,419
36317,-3516,3233,5272,-500,580,-1210
36318,5806,-5892,7729,-258,-157,-1366
36319,-2247,1347,-1065,-896,-1113,-1450
36320,7042,-1938,4184,472,-1137,1189
36321,1347,-1305,5761,-1997,-883,-407
36322,-7213,4435,7512,56,-1889,-1417
36323,3162,-3340,-7575,-1145,1815,1323
36324,-236,5310,63,-321,826,-864
36325,5544,-1920,49,-380,929,-1816
36326,-4217,-4393,5423,1763,982,-580
36327,2303,-1582,-5805,-4,1919,520
36328,-5583,4691,1753,1722,-1796,477
36329,2971,-2358,4722,-1638,-456,1009
36330,7292,-4696,-3527,-251,865,1261
36331,-4011,4449,5274,-1918,898,-693
36332,-2016,3645,-5161,82,-1098,1182
36333,4081,-2552,7850,647,-405,-813
36334,-4140,-4923,842,1990,1571,316
36335,-6759,1058,-1801,466,-1593,766
36336,6979,-2334,-5345,-668,-1435,-1802
36337,3166,1198,1184,1563,205,1611
36338,5002,2626,-2707,1930,45,917
36339,2668,2835,-3741,1863,316,-1574
36340,7302,6275,5279,74,-419,-454
36341,6660,3597,2617,-1956,-254,826
36342,-3375,-2649,6415,-754,-1853,-1483
36343,-6530,-1179,436,1977,-1164,916
36344,-4318,4007,1961,-1771,1601,-1381
36345,569,-2084,3303,1999,-1478,-1144
36346,1589,-5951,-82,-504,798,-1143
36347,6058,4814,-6423,1623,-502,1558
36348,4458,-7314,-6527,1814,-894,874
36349,-5490,-3725,-1982,1877,109,-1558
36350,-4759,4698,-646,-1256,438,1084
36351,-3968,-1142,2233,1519,-1821,-1623
36352,5916,-5723,5193,1873,-1198,-1180
36353,6996,-4009,-7094,62,1125,-482
36354,-3197,4521,2600,-1075,-1130,-1881
36355,2568,-1187,-2278,-487,-1615,666
36356,7857,-829,130,-1516,7,836
36357,2047,1760,2055,-179,-1097,1307
36358,-3794,-5369,-4600,-1775,-771,1905
36359,-2556,406,-6946,1813,1313,-991
36360,5865,1632,-2177,-76,-1929,-1188
36361,7160,7976,327,-1155,-1059,-16
36362,4985,2322,421,416,34,297
36363,4528,5684,-2370,-75,-537,-1620
36364,-7499,-3984,-7175,-1123,-1748,805
36365,-433,-146,1676,427,1618,-532
36366,6707,-6655,3740,-101,111,-1486
36367,-7315,-1756,597,561,-110,1489
36368,3269,-2192,3835,1932,-255,974
36369,6221,5542,-2587,1301,-1388,-182
36370,6745,2873,-601,1094,1491,1229
36371,7161,7468,5729,194,-585,-1450
36372,4383,-1966,242,1474,-1099,1295
36373,-2409,6102,-3809,1835,1842,-1140
36374,-5212,2258,-6223,-1112,987,-349
36375,-5483,-4039,-3748,1827,-933,-419
36376,-49,490,-5619,1491,-1542,273
36377,5983,-7980,7787,-916,1879,-920
36378,-7679,2007,-739,691,997,-1092
36379,-2361,-240,6600,328,812,-966
36380,-4890,6203,-127,1473,-1565,776
36381,-1957,-3611,-2596,-545,810,958
36382,-6225,2732,3846,-1715,-1813,-586
36383,-6476,4223,2331,1800,1039,1401
36384,4294,1080,-5294,955,1802,-1319
36385,-2346,1967,7127,419,-879,-1159
36386,2174,7360,4282,-1510,-1860,1452
36387,3643,-4190,-5788,-1605,-579,10
36388,1317,-7450,2221,1310,731,-239
36389,-4343,-2174,6806,-1932,705,171
36390,7227,697,3948,-869,-1314,-632
36391,7973,1741,-1286,-1437,-1454,1471
36392,-6058,839,-118,-918,-108,756
36393,-7370,2575,-3447,-229,815,-831
36394,6072,3414,-6441,1031,188,-692
36395,360,5352,226,-1562,-1476,-967
36396,2269,-4133,-6863,-1177,-972,141
36397,1989,-6305,-1143,1785,1712,-989
36398,90,1629,7696,1697,-1488,897
36399,-5013,-4819,-6549,-1223,154,-1361
36400,-2792,4327,6672,-970,246,-1656
36401,855,-1513,-7637,-1191,-1198,398
36402,4252,-6616,-4075,-479,-781,342
36403,4128,7411,-7205,-675,-1139,985
36404,-3330,5005,2075,669,1258,-32
36405,-2378,2337,-6561,507,-1048,751
36406,-1166,-695,6064,-420,-260,-599
36407,6904,-1120,-3853,-1472,752,-944
36408,7531,7132,5725,-1994,-1595,824
36409,-2851,-3709,-208,1509,-711,1024
36410,6396,-7085,-6650,1350,-532,1338
36411,-5234,5742,-4864,-1939,-137,1442
36412,-2750,6834,4235,-1996,360,1457
36413,-1971,-733,6962,990,813,-939
36414,3672,-2041,1513,-1544,238,-230
36415,7977,-4430,7726,1885,1004,-792
36416,6086,2881,3225,1427,-234,603
36417,-513,-1146,6552,652,-1657,227
36418,-5243,-7347,-1933,-596,1604,777
36419,-3802,5855,-4020,-710,-11,-1061
36420,2189,-6628,-2690,-945,1026,-1030
36421,-1794,-3048,2750,-619,-1975,525
36422,5081,3420,-4818,-831,1491,672
36423,3842,5123,-2100,-1423,1716,1805
36424,-3936,-2316,-2878,-1465,-206,884
36425,-7155,5152,7880,-1734,-585,-873
36426,-1416,-1740,5294,1980,-1784,1420
36427,-1530,-5574,-1237,-151,-1177,-492
36428,-7633,-30,6891,1298,1021,812
36429,-6578,7359,5910,836,-1361,-1834
36430,-4912,6345,-6044,-1190,-1878,1016
36431,-5695,6185,-2445,106,-466,-1441
36432,-4773,6661,-3995,765,745,675
36433,-3632,-3180,-2515,761,111,962
36434,5275,5012,-5821,660,1372,-898
36435,3654,5237,4256,1430,-1401,-1641
36436,5249,-4354,-424,1922,1609,71
36437,-5656,3949,2352,358,430,-1246
36438,-1317,2393,-3730,-1303,952,-1314
36439,-7687,4852,-2588,1674,-1967,311
36440,-1926,-2848,6611,-1201,526,1896
36441,3404,-1933,-1872,-1949,-624,173
36442,3989,5794,-3,-1980,-306,-441
36443,440,4515,5376,140,-155,1989
36444,1734,6611,4146,747,139,776
36445,-6666,769,-6654,-600,-1069,1660
36446,4420,-2438,-3034,75,-1585,-1145
36447,2842,321,-1762,552,732,-1659
36448,5833,-4752,-2823,116,1572,480
36449,1367,6767,1113,-435,1518,1295
36450,7823,-7527,-4413,-1480,-1607,1347
36451,5302,5714,1996,119,-1972,1964
36452,-390,-1582,4916,97,-1771,64
36453,6981,1651,-5006,-1488,-482,-1036
36454,875,3306,-577,-484,-1170,-1733
36455,-3373,2527,-7280,-950,-1772,681
36456,4467,-7481,-3041,-1121,-76,195
36457,1296,253,1886,306,-695,-4
36458,6346,-7594,3259,981,517,710
36459,3103,-6361,-1332,-1673,1055,845
36460,-3946,2654,4942,-1432,943,-1621
36461,-5386,-2281,7993,1119,297,-831
36462,-562,1612,1196,53,-1115,328
36463,1637,2070,-1450,1719,748,-397
36464,-7593,-2134,2401,-1970,-154,-1818
36465,-827,5768,-6583,1597,468,1737
36466,-2559,-6182,-1064,1667,1845,-998
36467,5626,-21,1335,707,1193,-1343
36468,-4922,-6232,3708,-1842,288,-1517
36469,4769,-4376,4654,-361,-1595,177
36470,4261,-3808,2009,-1773,1260,1709
36471,6636,-3190,-2499,-1213,557,-1355
36472,907,-2893,-4308,-1370,-978,-25
36473,-1075,-1644,3909,-273,1854,-1112
36474,1662,2783,4149,-211,1802,438
36475,-1275,-6666,4196,-1180,-203,-940
36476,676,-1042,4630,-1124,1008,-1049
36477,531,-146,-4312,-1545,1173,-1143
36478,816,1207,2109,-616,-284,-1079
36479,3400,-4917,-2644,1066,1004,187
36480,-4492,-2721,-2855,-1240,1668,-1628
36481,-7809,1766,7019,591,335,-204
36482,5814,1213,6831,1479,-289,-946
36483,-2929,1748,-7587,448,863,1283
36484,5539,1512,-7690,1313,1390,-1832
36485,-7143,-6849,-4572,-1455,-111,281
36486,351,-7175,-5151,-472,-1083,-1944
36487,6370,1725,6031,662,-1611,-1693
36488,-6094,1898,7030,-1360,-1252,1061
36489,6207,-6814,4630,1884,-1794,1487
36490,5657,-7962,-4700,-370,-106,-1481
36491,7747,-3027,-4714,-173,1380,-1930
36492,-6413,-3692,-4386,163,-648,1166
36493,7591,-3054,-5342,87,-1040,1439
36494,-2956,-90,7834,-659,887,1324
36495,2413,7881,-7339,-429,1136,1296
36496,-4812,2350,2079,-1513,714,1037
36497,-4562,2828,-4460,739,-527,514
36498,934,1385,6619,-91,-1874,509
36499,5902,2969,6733,1158,448,-1072
36500,7045,-4425,4250,-112,-1343,-1703
36501,-2697,-3537,2511,-835,-689,1020
36502,5711,4371,-3298,-803,206,838
36503,1352,3366,-5933,1742,-452,51
36504,638,-2069,-298,-676,-1995,1842
36505,-2116,-4628,-856,1992,-756,1247
36506,-3441,3140,2984,-441,-1861,1359
36507,6957,-6276,-5199,-1357,-1123,-56
36508,7855,-3215,-2140,917,-1103,-1267
36509,1050,-7559,1532,571,-1664,-452
36510,2073,3930,1076,-1493,-481,-30
36511,4251,-302,-2442,1852,633,-221
36512,-6457,-1921,-3928,-1067,1056,-1766
36513,4079,2342,-3322,-1806,-1580,1569
36514,-3741,-4942,-2151,326,1035,-326
36515,5858,-7665,3494,1693,845,178
36516,6685,-2806,28,1017,1469,-120
36517,-3064,-3419,7721,1853,486,421
36518,-5627,-3263,-2060,31,1371,1367
36519,6707,-4450,6982,-1457,-1896,-304
36520,5510,6164,-7119,-896,95,830
36521,-4661,-7075,5864,-1358,985,-684
36522,3723,-4023,2228,888,1225,-564
36523,6786,-1411,3412,923,-556,-619
36524,3807,3524,7602,612,210,-1537
36525,-5846,4013,-2742,1339,-179,1313
36526,1429,5573,2007,116,-757,-1685
36527,5797,3315,-6558,1374,-519,1026
36528,4866,-1534,1644,1069,1786,1904
36529,-6120,7119,-2751,-704,-1507,1339
36530,-1137,-4562,-1792,1210,-1224,348
36531,3457,6433,-3192,-1581,994,673
36532,6402,6696,829,-533,1729,562
36533,7316,-1543,-2483,923,1821,1268
36534,-6253,-2304,-1819,1647,433,1098
36535,244,2089,2257,1927,1029,-981
36536,-3432,-2209,-3921,-1740,586,1077
36537,4271,5229,3577,-1818,733,-92
36538,-5464,1031,-2437,-1945,-1239,469
36539,-1039,2496,3135,-445,1106,698
36540,-6483,-2498,-1278,445,1408,1392
36541,4259,-5978,5446,1571,-251,-697
36542,1811,5602,6477,-1255,-170,-373
36543,3561,3171,7440,1652,1968,234
36544,6608,-3662,219,-751,1795,1521
36545,7115,-6548,4133,301,592,-141
36546,-238,5975,7375,-1187,-460,-496
36547,510,6856,-2144,-222,78,-230
36548,-4701,2467,322,1150,-253,-295
36549,350,2010,4918,821,-1126,-652
36550,4222,217,-447,-1172,903,-1538
36551,267,-6190,6499,1308,-1691,-1943
36552,410,1705,-2843,518,-1667,725
36553,-1239,4040,-3311,-854,999,-687
36554,-6729,665,4766,366,-1710,326
36555,2775,-3548,-2819,-259,1922,1511
36556,1894,-868,-6373,-969,-748,-1686
36557,5219,297,7302,-1330,-1891,328
36558,-5373,-5001,-4909,1664,1445,-1347
36559,-6601,5144,5503,-487,1425,-1019
36560,5017,7938,-2964,-336,450,-877
36561,-7492,1215,7105,146,1038,-472
36562,-6928,625,-1165,-149,1684,-1161
36563,-4095,-3271,1915,-1905,-109,-38
36564,-710,-6080,-6366,-199,-1608,641
36565,-896,-3613,-3872,997,1239,1599
36566,4996,1447,-5398,-1173,-679,-653
36567,4881,6041,5548,-1391,-1807,-1628
36568,-7121,862,3781,1515,-1042,670
36569,4942,7177,-1869,-1231,-1294,-134
36570,7650,2333,-4532,-1737,-1523,295
36571,-5220,-836,7971,1632,-1815,263
36572,3614,5496,6009,-1495,-220,995
36573,-3133,-7196,-5210,1197,-1422,-1223
36574,2206,3268,-5675,1305,496,242
36575,4615,-4487,-1856,1452,1917,1947
36576,4178,2885,-267,1058,1020,-449
36577,-6693,-7771,-6971,936,-473,-934
36578,-6868,-7220,-4359,131,1755,-1816
36579,2433,-3,-6564,1586,-1654,35
36580,-2371,7313,-3194,43,1390,1340
36581,7469,-2753,-6170,751,-699,375
36582,3830,-7357,-2664,-277,706,-727
36583,7065,179,1407,145,-1530,438
36584,-2960,-6555,7847,626,-570,142
36585,-5142,4950,4942,1556,1569,-1559
36586,-6146,-5020,-1899,926,-360,197
36587,-6622,822,-7524,576,1698,1339
36588,-7381,-5208,-2880,-1270,-1336,-699
36589,4471,2597,7945,1877,-1334,-1626
36590,3608,3057,1907,375,-375,1375
36591,4106,-3164,854,1720,-1189,1796
36592,1981,-6629,2483,1772,-1319,-1700
36593,-6065,-4074,-1937,1708,-1567,1271
36594,4666,5933,5999,-988,1747,-273
36595,3559,-2939,1091,561,1078,-1983
36596,3461,-6101,2937,-1724,1127,-571
36597,-7880,2336,5782,-989,-550,-680
36598,-2676,-1205,-4488,-1833,-989,-1545
36599,-4513,6639,-7025,395,-1606,-1256
36600,-5094,-6324,-5484,-564,524,-938
36601,6028,4610,-7232,-1100,175,825
36602,-2564,-464,4599,-1505,1059,493
36603,6619,-2814,493,-718,-59,-1951
36604,7463,6735,4468,1379,-1691,-876
36605,-6399,3531,-4135,705,390,-660
36606,4769,2261,-1757,1130,324,-28
36607,-875,3164,-3702,1140,-1355,-1370
36608,-669,-7218,1458,241,790,-1937
36609,-3778,200,-5377,-1810,318,680
36610,964,6721,-1680,1712,-302,-221
36611,717,5411,-7528,1867,-1250,-1763
36612,-3068,2513,-6484,-726,-1023,-463
36613,-3341,-697,637,-1770,250,-1924
36614,7041,-7821,-59,-1535,-35,-257
36615,-1948,3025,5697,1892,-872,-1690
36616,6565,4182,188,449,1244,1721
36617,1459,5711,-7393,965,358,-274
36618,6857,7163,1353,899,-433,-1336
36619,-3269,-2708,0,-1927,1854,1926
36620,2602,3701,-759,636,1036,-740
36621,-2485,-1584,4168,905,-18,-1205
36622,-5874,-568,1860,-1625,1406,253
36623,5876,3374,487,1258,1872,135
36624,-3784,7928,6600,387,1539,497
36625,5963,-3530,-7430,-1841,650,-1521
36626,7081,5189,-5346,-265,1430,-654
36627,6008,-6560,-6806,1260,-1550,1736
36628,7007,1314,1367,608,771,372
36629,-7703,5673,7738,1592,131,394
36630,5288,-7575,-4043,1542,1113,1591
36631,4908,-7267,-4760,-134,421,64
36632,7045,3309,1675,661,19,-1015
36633,211,1253,-5470,-1280,1593,-1280
36634,-4520,-1366,3252,-1323,-1387,-235
36635,-1755,-4581,5171,-1138,-1763,49
36636,-5613,-4278,-3378,-1016,-1048,131
36637,7380,3620,-334,1178,-628,357
36638,-7915,-1576,6228,1764,-787,-443
36639,4716,4967,-3879,1640,-503,1127
36640,-3127,6530,-6312,-1163,-1356,355
36641,4861,1115,-646,-149,455,-582
36642,-4972,97,-2788,-978,-1716,1445
36643,-3362,4774,5071,-28,240,1504
36644,2578,-5496,-976,996,-164,842
36645,6874,842,-4800,1037,1470,-1466
36646,2942,-2841,-4406,415,-467,1995
36647,6109,6428,-2713,-426,-646,-1086
36648,-3812,-7405,-6489,-1830,-1959,-689
36649,-1176,3410,6237,477,1915,1893
36650,-6327,1934,-2549,619,-1627,-455
36651,17,536,4053,1189,-414,-308
36652,-4279,1859,-4536,1707,-1827,854
36653,-1514,-1713,-2976,829,110,-1829
36654,-2776,-2617,4082,-864,692,908
36655,7996,-2452,2186,-1057,-662,651
36656,-6089,-7172,5823,-516,-1696,-1036
36657,-1531,-6835,-1779,-1242,363,1464
36658,-3017,-943,-6808,618,-795,336
36659,-5130,1189,1916,-1610,792,79
36660,5170,7467,-772,-1679,782,-325
36661,5693,-3241,-1659,-958,-1325,1423
36662,1479,-3363,314,1444,774,-1976
36663,3647,51,-6807,-1277,369,-1806
36664,-1964,3402,-4268,1861,-1438,-1046
36665,1679,6273,-5276,708,-66,1803
36666,1614,-1836,2598,-925,209,-1645
36667,-6590,-5086,6657,893,958,1786
36668,-4599,-7158,209,1282,-1976,-992
36669,6334,6929,-7250,-68,-796,-374
36670,-6263,5506,3033,-457,-554,-1408
36671,4468,2100,-3881,1861,-1089,-1269
36672,-3666,-520,-3700,-1851,-172,1182
36673,6066,-3696,1758,1360,136,1985
36674,-1920,-2281,4700,-306,-1967,-38
36675,4439,3762,-4914,-927,-1531,-1298
36676,-471,-3324,-4761,-375,1013,-294
36677,-1586,6456,-4547,745,262,330
36678,-1313,-6729,-2223,-875,1314,-1127
36679,-3873,1229,5394,-1162,-590,-196
36680,-7540,-4526,7037,-757,-1741,1584
36681,5417,4060,762,19,-234,-1327
36682,1935,2621,2168,1221,-155,-781
36683,3907,6528,-5744,1725,738,-1674
36684,2548,-6443,445,-1898,-1437,1962
36685,-1656,5888,1405,1482,745,-1483
36686,-270,754,-5956,-974,1006,-921
36687,-581,6480,-6609,-1237,597,-1413
36688,5999,1496,-7462,867,1452,-518
36689,-4353,556,-413,-431,-1807,-109
36690,3647,6452,-5878,-1970,-103,-489
36691,7873,1057,50,-664,-1957,215
36692,1922,2142,7636,-1341,579,219
36693,-2104,-2330,4421,-1234,1887,801
36694,109,-665,1122,654,-69,-1074
36695,965,6448,2018,-770,828,1038
36696,7263,-7572,1451,-742,1583,1162
36697,-6671,-352,314,1675,1511,192
36698,111,-619,1581,-1493,-255,-1407
36699,1842,-955,-5532,669,-988,-1136
36700,-2915,-4217,-5170,1540,1297,-1082
36701,2094,-3660,8,1317,102,-329
36702,214,1580,-2852,-1297,872,-1486
36703,6955,370,832,-1693,1991,754
36704,1774,-3235,1208,-485,294,1961
36705,-193,-331,-4224,-824,-405,1359
36706,-6078,-4870,166,419,-199,-1232
36707,-1804,-309,2614,326,-1324,-363
36708,-1084,101,-2845,1767,-44,-1621
36709,5663,3148,3921,155,-1934,-1563
36710,-3644,-3580,-4824,-887,-1581,-1685
36711,3252,2864,-2112,309,1289,1373
36712,1110,2928,3674,-825,1334,189
36713,-6020,-47,-6874,215,-864,1788
36714,7345,5726,-810,-829,-1974,521
36715,-5493,1496,-4151,-1319,-1905,-1726
36716,5163,-4429,-1463,895,-887,-1610
36717,5017,-6700,-3546,-1960,1323,-1351
36718,-6772,2417,-7051,709,-1093,1119
36719,-5886,-7307,6674,1716,1155,1037
36720,2208,4518,-7796,973,1452,-907
36721,-3808,-453,7756,417,1392,-73
36722,748,-2955,-911,1985,1959,-1186
36723,5026,-6087,-5626,428,848,-318
36724,-2423,-4390,-2943,-1376,-454,801
36725,-4466,2755,-5840,-763,293,827
36726,-7334,6206,4992,480,-921,1823
36727,-2317,-919,-6066,1204,-481,-226
36728,3843,5334,3658,-1375,1544,664
36729,3730,-802,-5051,680,-346,-1173
36730,-7928,6478,-4028,-210,-558,512
36731,7123,4989,7909,751,609,622
36732,3618,-5414,1060,-829,-284,-1615
36733,937,4106,4948,1455,-2,1413
36734,4339,-1080,3929,-589,1054,663
36735,980,1917,-5364,240,-1097,814
36736,1881,-5903,4889,490,-1883,-995
36737,135,585,-5133,44,797,1181
36738,-1440,739,5379,-217,1073,1635
36739,-29,7317,5848,-1662,1915,613
36740,-628,7614,-7370,1246,1789,768
36741,67,-2005,-268,49,-767,1964
36742,5585,-2438,-6946,1827,-378,622
36743,6715,7809,6798,-1084,-305,-878
36744,-2244,5378,-1432,271,1383,1359
36745,7734,-6793,-566,-631,-1582,1340
36746,1691,-3932,-3590,-818,-721,1433
36747,-7157,767,-1983,221,411,640
36748,6784,-4727,6099,-1393,-865,-1569
36749,2492,-3737,4747,-1126,503,879
36750,-3325,-5407,3218,-212,1451,176
36751,6060,-7631,818,681,-1120,225
36752,7991,-5975,-4786,-461,-1944,-841
36753,-7988,-7923,-4473,1723,-467,-1742
36754,7864,1257,-5668,1721,-1770,596
36755,-4562,-1752,3705,-1014,1770,1641
36756,193,-4798,-5175,986,-9,1658
36757,-5330,6291,7295,-1409,-398,1289
36758,-1204,4192,-2859,-433,-1278,1089
36759,5516,-5377,2076,-1342,-1485,-1230
36760,-3352,178,-3,1281,1438,-1535
36761,-734,-4761,2772,589,742,1864
36762,4277,6824,-1322,-463,-253,1902
36763,-6392,7894,3702,446,-1637,1041
36764,7590,-2261,1744,-1057,60,1504
36765,6517,6279,-5860,-471,-373,548
36766,1069,-4205,-7610,-1162,1373,1588
36767,-4614,5310,1130,1260,-1821,624
36768,-3752,-5877,6575,-135,-1851,980
36769,6937,805,310,1347,-538,-123
36770,-3552,7013,6895,118,-1214,1729
36771,4126,-3243,653,-48,-18,-396
36772,5515,7772,2171,815,412,1239
36773,2625,7615,2293,1905,-1478,434
36774,2255,-196,5750,1357,-213,1920
36775,6326,-3056,-2483,-1459,-1999,1788
36776,-2261,614,1969,-1027,1999,-1964
36777,4516,-1374,-2675,73,-1278,-969
36778,2551,-2330,-2785,87,235,-1376
36779,5477,-7280,931,-1259,-323,634
36780,-447,6174,2560,1014,-837,1530
36781,-5495,-2891,5782,-407,-1582,620
36782,2868,5369,-5520,1019,1669,1522
36783,7750,-4710,2080,737,-618,1946
36784,7662,5826,-1082,-687,1834,1386
36785,2781,7119,-2066,1957,-844,37
36786,5540,-5282,-25,-182,-1220,-999
36787,-4125,6158,2883,1048,107,-660
36788,5906,235,6372,-8,851,-1588
36789,-1703,-4704,-972,-452,1768,-1744
36790,1955,3900,7847,1504,-1980,-267
36791,-3254,-3227,5217,-921,1738,-523
36792,4423,1949,-1347,1975,-964,-1036
36793,713,2535,-6630,1766,-537,796
36794,5589,7597,1045,1333,-1911,-661
36795,3479,6179,-2699,1873,-422,-152
36796,6003,6971,7339,-979,-453,1949
36797,-5544,3632,6256,-132,-1309,-790
36798,-7182,-7404,365,669,1763,373
36799,4290,4759,-5615,1683,-1702,237
36800,-2519,-3247,-7327,-199,-1968,1821
36801,-7191,-1045,-3442,284,1576,1276
36802,60,-4318,5096,593,-723,-333
36803,5733,2373,6154,-1829,1795,-1810
36804,-4751,599,-6689,70,778,269
36805,4927,-6032,2268,-876,1489,483
36806,4046,-5332,-4952,-1023,-1591,625
36807,-1547,2094,-5555,-788,856,441
36808,-399,-1291,-1115,-1601,301,1911
36809,2109,5055,-4465,-1446,1646,-1010
36810,-7407,-1702,-574,-1301,-600,1698
36811,-5000,-1245,-6798,811,-949,-1935
36812,260,384,939,39,1352,-55
36813,532,3562,-934,1883,1417,-1438
36814,-4273,-5602,-7772,687,-860,230
36815,-2314,-4186,3831,-975,168,-1500
36816,7970,3548,3342,748,-781,-1107
36817,3031,-722,-6220,1043,-846,-310
36818,-4444,-3081,-6442,1449,-1963,-1579
36819,-4597,7730,-5095,568,1108,-1008
36820,2931,3151,1055,-1462,1823,1313
36821,-6854,-3223,7937,-107,282,768
36822,-2073,2015,-41,-1686,-848,-759
36823,1258,-1518,-1153,-507,218,1763
36824,-7817,-7176,-1268,-553,-827,1292
36825,7540,-4965,245,545,1604,1358
36826,2385,1576,4697,885,-1306,-1311
36827,3783,-4101,-4923,914,1236,813
36828,647,-7952,-4431,530,1779,-1014
36829,-1089,-5645,-6403,-739,965,528
36830,6663,-2250,-5394,1268,-438,-299
36831,5167,-3576,1430,-1355,324,-1925
36832,3333,4511,7677,1778,1754,-487
36833,-3882,-3410,3819,499,1780,-1252
36834,1490,-7621,-2453,57,-1914,-1397
36835,1023,-377,3631,863,-642,-858
36836,5563,-3318,5855,1476,301,-832
36837,2388,-7709,-2649,-1854,-1132,-646
36838,6227,2437,7903,-1874,-728,-1522
36839,6336,7611,-5603,-365,895,-1018
36840,-4459,5738,4162,1539,1880,-1952
36841,7431,-963,-4825,-1694,-232,1100
36842,-108,-7568,-7456,538,-391,-126
36843,591,4986,4532,940,1403,-475
36844,-529,6661,4915,604,106,1888
36845,4272,-4490,-3723,1379,-1908,-1364
36846,7519,-504,2217,-1551,1987,975
36847,-4461,-1500,-1678,900,584,1078
36848,-5640,7950,-5645,1468,356,182
36849,7843,-1565,-956,-744,1073,-1988
36850,-1850,-4156,-5387,1872,984,-65
36851,1377,4311,-2714,271,-422,578
36852,-5953,-6649,7330,333,814,-1904
36853,-4354,-3583,-7127,1343,-1664,1107
36854,-4081,1767,1176,-898,103,-1471
36855,7114,1596,-5372,1535,1721,-330
36856,3568,-3365,6262,687,636,1966
36857,2627,-6536,-5926,-615,1533,-1100
36858,2566,6287,-3164,386,302,-1735
36859,7220,-4422,4420,-361,-504,-812
36860,-203,3411,7924,79,1057,-1303
36861,698,7626,-4348,626,-534,1333
36862,-800,-5801,-3824,-548,-1903,-302
36863,-2864,-1043,5698,48,67,625
36864,4500,4208,-2352,-1965,258,-665
36865,-2878,7858,-1574,-1280,1110,-344
36866,-5389,10,-1832,-1690,1653,862
36867,3339,4239,585,-1163,-1134,357
36868,-2573,-2637,-6008,-1721,-735,-243
36869,-2151,5315,572,-1863,61,-1984
36870,-1202,1126,-4458,1497,-1348,1510
36871,-7020,-2310,-7189,32,-1189,-349
36872,-2877,728,-4991,-1888,1595,682
36873,3907,-7116,4279,-1625,1671,1490
36874,-7126,3720,7481,-620,448,952
36875,982,1330,3255,-165,-1622,-1721
36876,-697,-1832,2647,1231,449,1095
36877,-880,-5432,2799,676,-1878,116
36878,-1779,3133,7713,985,17,-1672
36879,-7553,-7658,5469,-1447,909,-839
36880,1605,-4180,1272,77,-1576,208
36881,4022,1945,149,-793,773,-1733
36882,2944,-6605,506,-1432,-599,-1997
36883,-7452,1061,-7417,682,1896,-1565
36884,-84,-2898,5890,629,657,1926
36885,-7332,633,6311,24,534,822
36886,-2777,-322,-6877,146,-1758,-1804
36887,2219,1826,-6087,-1771,-1986,203
36888,5563,-1770,-6651,92,-518,183
36889,532,-4137,4628,10,1944,-990
36890,-2560,-481,-4751,-1511,1888,-646
36891,-5292,-649,3923,850,780,1669
36892,-4228,5870,3774,-307,820,-1953
36893,5074,1237,6809,-1638,-1919,714
36894,1137,-7,-6792,-634,499,1006
36895,-1284,-5555,2339,-1129,666,-1552
36896,-3378,-1008,1768,786,1814,674
36897,1970,-3340,-6962,606,1037,486
36898,-2487,-4861,-3109,-1472,1580,1692
36899,4707,7943,2981,1112,524,-1734
36900,-4952,-1642,-7782,-112,683,-607
36901,-2384,1427,-5884,1874,152,-236
36902,309,7023,-6284,-1673,1063,-725
36903,6589,-7018,-2994,-1764,1187,-654
36904,-643,1887,548,1308,-1928,-860
36905,-1081,7477,5306,-226,692,600
36906,-2955,-1544,4303,-226,-1986,-252
36907,-877,-3903,-1239,-1989,758,-1227
36908,-4737,-2503,-200,-889,-1792,1282
36909,-928,-1379,-1123,839,-450,-1568
36910,-3128,6027,-1569,1213,1230,1527
36911,-3162,7643,-1905,64,-1162,-180
36912,2250,7081,7848,1522,1359,1952
36913,3399,-1819,-1199,856,1701,912
36914,6196,7443,4367,-185,-1127,1798
36915,-6751,5522,-2313,-788,-594,1697
36916,-7032,-7336,1148,280,1913,-690
36917,-315,-545,-5594,1434,616,1895
36918,-6180,-2718,5089,1564,552,-1828
36919,-4890,-3157,6939,1817,375,-522
36920,-5111,-5028,2910,298,-152,1699
36921,6767,-4821,4057,-193,1343,-407
36922,931,-6418,-2490,-1684,-1008,-1741
36923,-5487,4524,2791,1099,1753,-64
36924,-4166,-3419,646,-1267,1895,307
36925,1407,-803,3445,1236,1732,-758
36926,1372,-6209,-2751,-329,931,291
36927,6239,-4930,5634,-1102,-1355,1095
36928,-1005,-3416,-6398,-1058,624,-1142
36929,7937,-3728,3449,-1501,1468,-1745
36930,6131,7865,-5877,315,-1739,-1024
36931,6847,6654,-5843,96,1353,-1187
36932,-3819,3042,7825,613,979,-498
36933,-1400,7916,-76,1098,411,-1220
36934,5366,-3926,7709,671,605,1756
36935,44,825,3705,971,-1935,-1778
36936,6075,3757,6855,1878,1881,-1465
36937,1805,-7853,2897,-1340,1576,1951
36938,-5142,2408,6978,-370,270,-529
36939,-1423,-3239,-5795,1574,-1360,1056
36940,6410,-2971,-7720,-153,1705,746
36941,-4854,-1739,847,-1499,1423,-515
36942,7259,-595,-4794,-41,356,-1999
36943,4127,-4157,1877,-1446,844,1032
36944,3073,-3613,4611,933,1236,1067
36945,4790,-2564,-447,-1103,1092,-1227
36946,6848,-402,-3810,1894,-1343,-45
36947,-6133,-1040,-4636,-1048,-1787,-1474
36948,-6831,-5944,1876,834,625,1659
36949,-1965,6603,-1127,-1597,1853,1191
36950,-549,7975,-3954,-1620,433,1567
36951,-6695,7975,-7348,1057,778,-307
36952,4395,2885,-5911,-1457,119,-584
36953,308,4966,-7237,729,-1368,-222
36954,-4145,-7626,585,201,591,1437
36955,7975,5977,-1205,1395,1481,-922
36956,1707,-892,7567,-1874,-1471,-198
36957,-7942,-1754,-1449,-209,-1704,-1145
36958,7350,948,-7462,1158,1529,332
36959,-6736,-304,6383,-762,-310,713
36960,1255,-1360,3742,7,1798,1093
36961,-4799,-798,3202,146,-205,-813
36962,-2639,-3244,5810,-353,752,1707
36963,-3812,-7870,5184,1213,9,1514
36964,6899,1591,-6832,-438,-1972,-1347
36965,-6543,7911,6688,1917,1469,1323
36966,-3650,-610,-6322,358,256,974
36967,4157,-3545,-2807,8,873,552
36968,-7906,-5198,3087,-1707,844,1460
36969,4904,-1526,3226,1308,-534,699
36970,3215,-2962,-4006,-1927,-1624,-1973
36971,3634,-119,3813,-1569,-432,1380
36972,3381,4142,-5115,1706,-924,80
36973,-7568,4691,7085,-985,1131,-48
36974,-6972,-5490,-5035,-503,1407,242
36975,-1144,-5278,613,309,964,-1504
36976,-5271,-3262,-372,-1236,-814,1940
36977,5621,3475,-4492,-428,1650,-1566
36978,-5827,2756,7426,-1342,435,-105
36979,1890,-1139,-1175,1065,211,-652
36980,123,6914,1675,-1233,377,230
36981,-4014,364,-4176,322,275,436
36982,1566,3489,-5490,461,42,-1058
36983,1172,5432,-4320,-916,1337,110
36984,-433,-7065,-3667,-958,329,-467
36985,1600,-3420,-3292,-1695,692,849
36986,7696,-4343,-7078,1519,-1061,335
36987,-1550,3501,-6517,-1618,1416,-548
36988,7126,5482,-5518,294,1048,-1888
36989,7502,-129,-4269,1060,-292,-354
36990,2202,423,-782,-485,49,1566
36991,7231,1513,6993,-1188,726,594
36992,-1909,-5526,5181,-1676,831,-349
36993,1530,2269,-7322,1528,1923,-1789
36994,983,4902,7363,354,-1353,21
36995,6659,-1749,2617,136,-197,-952
36996,7026,5368,7326,-1435,253,-530
36997,3498,484,5324,1318,1377,-549
36998,2408,-3295,6544,-713,-1779,2
36999,7007,-5060,6905,-1737,-519,-1835
37000,-3924,-6328,5166,-321,-1409,1856
37001,-7994,-3908,7201,1980,13,-1429
37002,-1529,-7337,-6645,1230,1182,-1542
37003,-6322,-6450,-3651,421,-1402,759
37004,-2748,7196,-2985,-1924,1754,-1998
37005,-6053,-7969,-7948,1067,867,1712
37006,3613,7675,7120,-691,908,-835
37007,-4669,7486,3383,857,-313,-1764
37008,6849,2313,-1936,-1367,1878,1615
37009,-1748,-7397,-3154,-468,-29,1039
37010,4290,-4926,3707,645,-1286,1113
37011,-527,-4158,4422,-1586,330,-1677
37012,-729,1761,7369,1261,1978,1397
37013,-2700,-5986,2265,-991,116,1003
37014,286,-5214,-585,1092,-1536,-331
37015,4969,-2253,7892,-510,1957,1397
37016,4860,4845,-4721,397,-1438,1202
37017,-7759,3191,1485,827,-169,-937
37018,-2334,-5745,-1393,977,-1630,1681
37019,-1992,337,-4280,1058,115,-781
37020,5798,7795,4286,1162,-1072,-1599
37021,4355,723,956,-907,-1331,403
37022,-3344,-494,4278,-1664,-460,893
37023,689,6008,5011,1607,252,-1937
37024,-2298,3104,-514,-111,-1903,1228
37025,-2658,6429,-7620,-690,-1183,-1428
37026,-7741,1819,-1230,-1386,-553,1733
37027,-502,2960,6538,-1205,1661,-1714
37028,-5799,-3296,3944,1037,227,1850
37029,4992,-4821,-3450,488,980,-743
37030,4633,-1294,5871,1293,384,1484
37031,591,503,2987,-129,-604,-1117
37032,136,-1886,7195,533,1859,660
37033,-5184,-4147,7551,-1476,946,-680
37034,-1431,6564,6798,1777,-1096,-1258
37035,421,7703,6000,-651,-807,1884
37036,-7993,6870,-1958,-1265,-625,-1697
37037,-526,125,-6903,-442,1668,-1870
37038,-1440,-6445,-1466,670,-1952,745
37039,6619,-4576,1142,603,-932,269
37040,1372,6660,-2682,-333,1644,-971
37041,670,-6585,1208,-1918,1761,1569
37042,2269,-5449,3894,390,403,1015
37043,-2538,3155,5247,-1193,747,-314
37044,465,-6641,-3545,1704,1581,-1780
37045,-1434,-1161,-2382,605,-1987,-779
37046,1807,-5704,-176,-77,40,-845
37047,4401,-5286,5907,1435,-407,281
37048,5080,-1621,4105,682,-1008,954
37049,6432,-2581,3749,-161,-1312,-1308
37050,-7844,-7130,5559,-1391,-1986,458
37051,-1856,4054,-4716,-922,1189,799
37052,-4248,-340,-4575,1680,-595,1538
37053,-6048,-2864,2262,-256,446,205
37054,-313,-5695,-2755,-1045,-1255,-773
37055,-2988,6062,7681,1521,1780,-72
37056,-685,-2199,-580,-1597,1927,719
37057,-5224,-159,4867,-1523,1997,-1003
37058,4932,-3394,-5591,1800,-1439,-724
37059,-665,-7047,-5912,-1246,716,-1450
37060,3044,1862,-5524,-1126,-584,1979
37061,-340,-417,7774,-1337,41,1465
37062,-2136,-5382,-2495,1209,-1712,-1690
37063,7292,1629,-7763,1890,-663,806
37064,-4178,785,-7999,1464,-1474,809
37065,-2808,-6539,789,800,-1581,1065
37066,-3247,-4099,-6065,-997,-1054,103
37067,-3264,-3214,-1679,1274,-1458,1016
37068,7806,2710,6568,941,224,1709
37069,7008,-1218,109,-1717,-541,1888
37070,1320,1640,-2975,137,1981,-931
37071,-6558,-2748,4415,479,-814,-733
37072,-6606,-1044,1235,1611,729,748
37073,-485,-5234,-3917,1096,-659,-254
37074,-194,-7953,7240,959,1324,-1894
37075,2781,3619,-121,-1071,850,1713
37076,6147,4546,-1621,456,-1799,-1020
37077,683,-300,2215,1884,1732,909
37078,4343,2441,-635,1894,1902,-697
37079,3028,880,7230,-669,-524,-32
37080,-4444,-2563,6853,39,-1775,224
37081,1,-6520,5723,580,-1741,1434
37082,-91,3814,-4657,384,843,1668
37083,6734,-1291,6026,21,1564,-1703
37084,-3211,5771,-4223,-1794,-256,-193
37085,-4543,-5271,2891,71,-1730,-1291
37086,-2901,-5459,4676,-1318,-1373,-1875
37087,-5924,6236,1074,-865,866,-1943
37088,-1716,1424,3866,1261,-95,1863
37089,-36,1591,-130,1462,280,-1960
37090,3933,319,4859,733,1794,1399
37091,-1102,-1857,-194,-84,846,-618
37092,5337,170,4678,-1569,892,-1460
37093,-7779,3084,-7160,-1122,1901,-925
37094,990,3436,-4552,-264,-1407,-1701
37095,1633,-2977,-339,1016,-1975,1545
37096,6771,-6298,3127,1501,-1581,-974
37097,2153,757,-7866,1289,937,-1086
37098,-5764,2132,373,16,-57,561
37099,-1840,5027,3687,-980,-1473,171
37100,-620,-1990,-6519,1580,1933,1011
37101,-3572,-2346,-2266,-1462,-1717,1986
37102,-1729,7068,4456,1201,1299,279
37103,-3645,-4432,2792,-1049,1569,-980
37104,-5899,-6582,1267,729,-1470,-601
37105,4839,6334,-2172,1129,-1709,724
37106,1387,-4266,-5510,-1506,-383,879
37107,1421,6048,-6876,1979,-389,703
37108,-7075,-1914,1938,-670,-1556,-110
37109,-3828,5010,138,1681,651,1985
37110,5726,2129,-1334,-1298,-1041,878
37111,3475,1192,-4104,-1527,1105,551
37112,309,2993,-3837,-413,-1261,1026
37113,4326,4545,6552,-436,537,-817
37114,-7630,-6731,-6332,-1304,519,-104
37115,5055,2333,6741,533,-276,1420
37116,6281,5289,3761,579,-699,-156
37117,3643,-3415,-524,1397,263,-1596
37118,-5546,-486,6684,-1121,1008,235
37119,7915,7788,-7897,-541,880,1424
37120,2309,-7863,6578,340,-44,-1812
37121,-1569,-7298,7501,-910,1796,733
37122,2374,5935,-7095,-759,-256,-1778
37123,4626,5265,2180,930,-1518,362
37124,6995,-1907,7119,50,-346,-1147
37125,1854,-1033,6492,511,518,10
37126,2117,-1702,5429,627,-1306,-1607
37127,-7478,-5201,-7283,-457,964,1245
37128,2024,-6276,-4455,147,1204,-376
37129,-4356,-653,-7780,1178,-1589,-1105
37130,545,-806,-5085,-480,-1617,-1602
37131,386,563,-932,263,-1378,1489
37132,-3531,-2038,-2818,1265,-1081,-1082
37133,-5205,5130,6018,1943,-939,1787
37134,-6394,6320,-3834,878,-1221,1250
37135,6796,3923,4854,1366,-1690,-614
37136,-7703,4786,7248,-141,-1367,-1266
37137,7678,7273,2949,-1341,-1196,-852
37138,-1153,-2620,179,-1073,1163,482
37139,-3351,-6771,5131,1988,706,-161
37140,-1171,-3961,-3869,-1175,-1792,1688
37141,-4135,-2807,-7472,-55,-234,1385
37142,6990,-2757,3891,-521,-224,218
37143,1556,-2998,-5345,-1503,-1202,-723
37144,-2932,-943,301,1246,625,1395
37145,-6680,6298,3183,177,140,1334
37146,-2415,7543,-1473,-518,-692,-1484
37147,-5346,-7152,6798,-118,-1677,-1002
37148,7441,-4511,3502,-1182,825,-147
37149,-2952,1563,6171,-1311,-1198,-885
37150,-347,-967,-613,-1065,-1344,1200
37151,3347,-7608,5593,-158,-564,-12
37152,-2078,1877,-7558,-10,-1958,1629
37153,-7912,-1689,-292,1963,157,144
37154,-6366,-7249,-6332,1865,-174,478
37155,1165,1311,3879,812,1317,172
37156,-6337,2070,-1599,-1189,884,1101
37157,-5929,-6826,-1728,-1218,-1515,-747
37158,-2401,3834,-3519,-639,322,1936
37159,-5651,7041,-4296,-837,102,-583
37160,-1093,2757,-2370,-1079,1612,1961
37161,-2770,5018,-3396,-137,1300,-1407
37162,4840,4069,7439,716,1984,1918
37163,203,-3768,-3855,-1375,-1835,-340
37164,-4765,4532,4938,-917,-774,31
37165,-6820,368,7925,1193,1163,-1683
37166,1742,-2546,1921,348,-768,-1914
37167,-5608,963,-3291,751,-336,1769
37168,6524,-4342,-6897,-443,811,-780
37169,-7094,-6032,3922,1164,-665,-830
37170,-861,2710,-6544,1179,-1499,-319
37171,-3065,-2891,-5732,-827,1927,832
37172,-7219,2884,-3139,-1703,-292,-1246
37173,1276,475,171,897,-1793,-1046
37174,-6803,-6090,-2381,-95,483,368
37175,2259,6955,-1690,-1383,-739,-1578
37176,3091,6726,1742,940,-686,959
37177,5169,-6390,7295,928,1241,-791
37178,1289,-6212,-662,1948,124,834
37179,-2702,-7555,5280,57,1685,-27
37180,6750,-7880,-7460,731,1787,-1107
37181,-2186,7200,-4506,307,1463,1632
37182,5250,-14,2460,-896,745,73
37183,-5654,4140,-561,1773,368,-1365
37184,-7960,-6742,-2259,656,150,-356
37185,5354,7996,223,-675,1082,634
37186,4994,7465,-5003,1161,489,1198
37187,-7724,2992,3427,-611,-148,1695
37188,-246,2739,-6984,-1657,1768,660
37189,4725,1370,-4600,-415,-1482,1364
37190,-7270,6969,3757,411,1390,983
37191,2036,-2874,-2978,-378,1845,1485
37192,-87,-1526,-7473,-1242,-6,1312
37193,-1068,1099,-2087,482,607,-1686
37194,4965,5154,4454,-1916,-288,-284
37195,2016,2092,-5568,-1164,-716,-1445
37196,1412,-7400,-2295,-1884,-256,-672
37197,6331,929,6322,1637,-689,-67
37198,-6783,5746,1701,-10,-901,657
37199,-4256,7235,3823,-1114,-914,1666
37200,-1847,7858,-1880,922,421,200
37201,-323,-2086,-6386,1539,-844,-767
37202,-3669,-2732,-3571,-548,443,397
37203,2465,4961,-1385,-1596,1598,1881
37204,-6410,-5716,5669,-1249,717,1365
37205,679,-1133,-4816,-1715,1753,1358
37206,-7519,2261,7902,797,1730,-1954
37207,4206,7319,-3282,-1684,1799,-300
37208,-3124,-642,2320,670,-742,-794
37209,6674,-1261,1492,-956,402,-1318
37210,-517,-6420,-4760,-1642,-1390,415
37211,6641,-4826,2890,-1511,-1012,-712
37212,-4588,5831,-43,-770,-723,845
37213,2794,-348,7402,601,-1667,-523
37214,-2408,-2643,-4365,-931,1538,366
37215,1778,3734,-1139,-516,-1806,421
37216,-5745,2919,-1996,1272,468,-1177
37217,-3981,6680,-6920,-1992,-234,245
37218,-7328,-3679,1014,-1343,-1963,-1079
37219,-2608,5935,270,908,1505,1411
37220,896,-4628,-6993,-1420,-323,-1748
37221,4145,-1116,-1476,1196,-941,-1940
37222,1258,3001,5160,863,665,-757
37223,-4803,5117,-7969,1509,-549,-934
37224,2853,5055,6004,225,1849,-842
37225,-6219,-1076,6188,171,1282,956
37226,-1986,-5143,3150,-1714,752,-919
37227,-3121,4998,2389,1928,920,-207
37228,-705,-5167,-1817,-1765,1673,-363
37229,2274,-4533,6363,-1733,436,-126
37230,4235,-4174,-686,575,1947,225
37231,6688,-2778,-527,-431,-1206,-1435
37232,-3515,7103,-5698,-1919,102,1222
37233,-3585,-7956,-1233,-1705,451,1040
37234,1771,-1617,-5719,-550,-1946,1310
37235,147,5145,515,1632,1565,1437
37236,-2940,6832,-7368,503,1526,-388
37237,2763,7942,4248,-1689,-1537,512
37238,4283,-4629,-4582,701,1759,139
37239,3700,-5884,-815,480,-2,-785
37240,7647,1344,3262,-812,1151,1070
37241,-391,5081,32,-1621,1193,455
37242,-6545,1398,-3326,-1898,-373,354
37243,-4873,-2062,-4456,-469,1661,1145
37244,2592,5712,2852,-328,-407,16
37245,-6803,4790,2907,-1825,-1359,-1229
37246,7957,-2572,4324,-1631,201,-403
37247,-284,912,-4279,1038,-594,-172
37248,102,-5768,-3415,-1689,1,1523
37249,5994,-6522,-4971,728,354,-1998
37250,892,-890,4896,-1085,1517,503
37251,-3643,-3294,-7245,-1965,-1783,1377
37252,-113,5753,-837,-623,471,-1428
37253,-2423,-1400,79,1023,1504,-936
37254,3813,-4434,3505,-1292,-890,599
37255,3605,7801,5730,-1659,-264,580
37256,-2536,-5668,2073,1262,35,1260
37257,2380,-2106,7207,-1133,-264,64
37258,-5899,137,-5813,-1098,-345,-1314
37259,6519,6327,3281,-1827,-329,790
37260,-6072,-434,-1823,-511,-1094,-197
37261,421,4649,3879,899,-1428,-552
37262,-3115,-6308,6821,-859,227,-128
37263,-2441,7426,-1614,1542,119,-300
37264,1569,-5738,-7740,-1543,-1920,-263
37265,4367,381,561,584,163,-1528
37266,1434,808,4379,-203,-1581,680
37267,-6049,3036,-6853,-1756,1235,-1298
37268,-1462,803,-697,1386,-714,-1448
37269,-7166,-2416,1823,-227,1056,1079
37270,904,2665,-6804,564,746,-871
37271,5205,-1665,72,1633,111,1067
37272,3148,7957,3143,1766,-584,-1964
37273,-862,-7642,3899,-495,-1663,-382
37274,6475,4845,6658,-1603,1611,-1749
37275,-30,-5584,-2735,739,-1087,-1831
37276,7479,1510,-74,-1150,1073,1189
37277,-7525,-3495,4145,-938,-680,1377
37278,310,410,-6996,1950,-306,73
37279,3132,-6555,-7581,390,229,-569
37280,-2437,6835,2769,634,-1397,698
37281,-2994,2488,-3106,446,-6,-783
37282,6396,-7547,6086,-1516,591,-1808
37283,-5378,-7226,2458,-636,-532,1488
37284,-529,-75,-761,1204,72,-1947
37285,6410,333,-6267,-848,-1235,-415
37286,5731,-4851,-1373,1721,1886,-494
37287,6552,-3545,-1580,831,-1655,-1399
37288,-1134,769,2174,655,1200,1475
37289,245,-2664,579,432,-1665,-995
37290,5007,-166,2612,200,-1536,443
37291,-6572,-2809,-6993,452,1528,-505
37292,2669,196,5720,1168,708,-595
37293,-7837,6486,-6669,1578,1686,-314
37294,-4147,3501,-1637,-382,-181,-550
37295,4471,228,-2139,1886,184,1869
37296,99,-6082,-6876,-268,927,-497
37297,-5103,4212,-7426,97,-266,1419
37298,2154,-2061,1671,-683,1534,-1095
37299,-1066,6376,-1918,442,-1171,114
37300,-5444,-7550,7272,1203,-1440,844
37301,4034,-4296,-4239,1904,1912,1441
37302,7055,-2325,4695,-1919,384,1393
37303,7854,-517,4539,238,1760,46
37304,4126,2471,-5926,1032,-996,285
37305,-3314,-1108,7191,1233,482,1358
37306,-4259,7804,6490,815,-1005,-1603
37307,-5863,7206,-4141,1602,778,291
37308,5566,4300,-1792,1008,-776,765
37309,-3433,-1937,-6313,1414,-1816,468
37310,6254,-4378,457,1118,1215,-205
37311,-7010,7395,4976,-1340,-1139,-1072
37312,-242,-7425,-95,-1620,-1133,1225
37313,-3089,-3190,-2845,-266,-571,-177
37314,2493,6327,3863,1312,-331,-406
37315,7768,-3358,-404,18,1789,344
37316,-7411,-4387,2719,806,1794,-670
37317,-2803,1697,5950,1550,967,-1774
37318,1593,3091,-5148,-1960,152,1819
37319,3401,1093,7684,-715,-334,1066
37320,-5133,4987,-2067,-1697,1212,90
37321,-5348,4153,2651,1222,-1867,376
37322,2154,3426,3539,904,1894,-1209
37323,7272,-1567,4760,1438,112,-1850
37324,196,-4744,7198,113,-1871,1425
37325,2853,4504,7585,594,-1122,-282
37326,-7789,-3081,-1796,1379,-1204,1884
37327,2701,-694,5444,-1550,-873,1371
37328,6577,-3294,-7833,1527,-1935,-1165
37329,-7464,1981,-6047,983,-779,-290
37330,-7411,-287,-1328,-21,1662,1335
37331,-345,-5514,5287,91,132,753
37332,1448,-5174,5295,-1366,-160,598
37333,-797,-7263,3780,677,551,-915
37334,2788,-2108,-3264,313,268,-171
37335,205,-6256,6065,-907,1355,136
37336,4248,-5273,-7105,-150,-1295,-125
37337,7036,-3104,7358,-870,1909,-442
37338,-7592,5733,3284,-914,1976,-677
37339,401,5028,1431,-773,-994,1972
37340,6831,-7684,-1957,-163,897,1373
37341,-2934,-7175,-3754,-969,1552,91
37342,5199,-5660,2039,961,-1606,338
37343,-2582,-3591,-893,-1638,-1161,961
37344,1284,-3660,2426,1046,1948,-670
37345,2861,25,-3546,1401,-25,994
37346,-19,-1556,541,-1811,231,-375
37347,-4993,-7477,-7974,-247,-363,-1611
37348,2593,3470,-7937,-1600,220,1531
37349,1190,2365,3243,1902,1540,-561
37350,3454,-6998,2014,-913,-761,1838
37351,4358,-3015,-5012,-681,1214,-59
37352,-6868,7921,1660,706,-1142,294
37353,6468,-6191,7985,1043,1477,-758
37354,-5578,5047,7453,1498,1563,-236
37355,4461,-1862,2613,-1662,-1984,1377
37356,-5971,1996,6224,-793,127,623
37357,1621,-4673,-6429,174,-746,-1948
37358,687,-105,3042,-1108,761,180
37359,-4894,4795,-7220,1914,584,1709
37360,6444,-6026,-5379,-146,-1711,-1705
37361,-2267,-3043,-6287,669,-623,-958
37362,5824,3869,7551,-965,947,1088
37363,2205,-2345,-5191,-477,-929,481
37364,6203,121,-2935,332,-1349,-529
37365,7246,-4500,2107,-97,-695,1005
37366,-2443,449,1509,-559,1448,-1739
37367,436,196,1520,1544,-1734,-56
37368,-6707,3037,-744,-533,897,-1388
37369,4060,-3677,6272,407,768,-1916
37370,-1801,7979,-4117,-1864,1601,-989
37371,-5223,-260,7236,1974,1856,224
37372,-6565,-2030,3995,-126,-829,1786
37373,5653,6608,-2172,264,301,645
37374,6667,1071,-3477,1144,1370,-1635
37375,5391,-7792,46,1135,-1511,872
37376,821,2201,-2419,1452,309,-936
37377,5886,641,5649,-540,-1428,259
37378,2310,5884,6529,1917,1621,-1559
37379,-6997,7162,-6723,1402,-1119,976
37380,-697,1490,3908,-1548,1686,-163
37381,4636,-6804,6375,738,1002,-537
37382,-1943,4110,-3398,-21,-408,1292
37383,-7202,4305,-6093,-558,1302,-623
37384,7077,-3994,843,-1270,417,1838
37385,-6748,-3716,2857,-1354,-1697,-685
37386,802,-5659,3051,34,664,-1366
37387,532,-6976,-830,-679,962,-1848
37388,7431,-2535,4996,-1403,1471,214
37389,7963,3895,-7926,-1198,625,894
37390,7976,3543,-5428,-250,610,-1456
37391,-4888,2752,-737,-1600,1245,-477
37392,-2090,5622,-4703,425,-1665,-1627
37393,-2611,-4693,1447,1554,-382,648
37394,-6107,-4620,3515,496,862,-968
37395,-1843,3706,-628,1728,955,-1935
37396,7116,5840,7397,-1611,1506,1879
37397,6851,-207,-2835,-1386,-1940,-1336
37398,5801,-3318,1171,1988,-248,-709
37399,5913,3614,-6335,-914,-1571,1912
37400,-6239,-691,-6158,817,1251,1291
37401,-5044,-1597,3916,-1258,-655,965
37402,3719,6062,-1484,1093,-112,190
37403,-3912,1527,-6604,-363,-608,-1169
37404,-6933,3926,549,1545,1214,-106
37405,5013,298,-1754,1893,-697,-318
37406,6549,-2474,18,-660,-474,-421
37407,-349,-4065,-3868,-73,-1148,1383
37408,-1335,-5046,-6796,1543,-881,-827
37409,1358,-2890,-82,-1443,-1456,1089
37410,328,-6606,524,-1284,-1154,137
37411,-4865,5210,-2035,1729,-215,-1275
37412,372,6435,-7200,786,-1142,-1656
37413,2755,6669,7270,-261,-1188,-1483
37414,-5352,-7763,-5825,781,1173,-1901
37415,-3163,-7333,-1084,-1189,-591,-985
37416,-4006,-2533,-4317,434,-19,1647
37417,1957,-2192,4238,530,-205,1890
37418,1699,-2389,-4310,1573,1931,-516
37419,4128,-14,-1141,668,1346,1131
37420,-5913,-318,6565,208,-422,204
37421,-3115,-6981,-6036,880,-750,-897
37422,6602,-2521,1146,1557,-1399,351
37423,-2012,4512,-6231,1330,-590,85
37424,-4031,6725,7255,-1481,-1345,-1772
37425,-1277,-6968,-4246,257,265,-405
37426,-4351,-399,6926,-1760,1267,1671
37427,-7115,4213,-6615,451,-931,-1601
37428,-280,4064,7396,-161,-387,-1148
37429,-5899,3905,-2217,-1088,1165,10
37430,-3860,5253,7506,152,319,-1847
37431,3646,-5729,3060,-1241,1504,-1637
37432,-2858,-784,-2910,966,-969,1326
37433,2105,-3890,-4251,70,1931,915
37434,4340,3643,-5766,-974,-970,808
37435,4752,-7965,5488,-1667,-1780,587
37436,85,-6178,-2454,-953,-1595,-1245
37437,-6040,-4905,-2654,-280,1258,-551
37438,-5839,422,3621,-1243,895,836
37439,48,-4821,6084,1867,1302,-1185
37440,5622,-7778,-6473,-908,-1738,487
37441,5440,-4847,3792,-1477,-1994,296
37442,6156,-751,-3876,-480,1416,241
37443,4722,7704,3932,-713,-1641,255
37444,-4603,1320,2231,640,491,-557
37445,-7467,-6662,-2967,-1739,170,1873
37446,2815,-7886,7575,26,1762,-1268
37447,-5002,-1926,3091,1277,-939,996
37448,-598,7159,7481,-1795,-144,-51
37449,7347,3896,428,-1819,-1073,229
37450,-6134,3755,-1126,-510,-21,1349
37451,-3428,7428,1628,773,1866,1326
37452,-6049,-1438,7101,-1242,525,-476
37453,7510,-3205,-4914,1735,899,117
37454,-3130,4732,3125,130,1080,1543
37455,1154,2852,-2072,-1975,-1520,996
37456,-3578,-3554,-7033,34,1122,582
37457,3913,-6908,7702,1544,1753,1838
37458,-2726,7945,-6812,648,1690,-240
37459,7686,976,1910,1676,276,-642
37460,-3547,-7678,-841,-466,165,-251
37461,999,-5840,2304,1454,-542,-231
37462,-584,4310,-249,-705,27,-1022
37463,5946,4958,-4605,-1222,-630,1230
37464,57,-7185,-853,-141,1475,-543
37465,1096,-7860,6771,794,1964,237
37466,905,352,1220,1160,1494,1507
37467,-5153,3352,-7203,1523,875,1964
37468,4182,-6048,-3910,-185,-629,1846
37469,717,-3219,-3293,270,-733,1144
37470,5192,4942,2191,-1891,1842,1238
37471,2969,-7574,4762,-1883,-1405,-114
37472,6969,1888,-4118,-1120,1780,1743
37473,5469,2640,2676,-684,-727,1143
37474,-3334,-1221,-3191,564,1892,-568
37475,-1371,-6470,6768,1515,-284,-1488
37476,7742,6181,-5077,-1794,-1657,1679
37477,-2586,-281,1161,373,-1826,-1509
37478,7067,3411,-7492,1613,-911,980
37479,-2983,2240,-4056,252,297,-1136
37480,7754,-3076,-1988,1800,-856,-1223
37481,150,-7635,-5118,-1011,911,-1771
37482,7818,7991,4658,-1755,-1125,-847
37483,7282,-854,-1707,1146,1392,895
37484,-5805,-5704,-5491,1171,-1463,478
37485,-4431,6735,2442,1218,-238,1578
37486,-5580,-7791,-3061,-1740,-748,565
37487,-663,7020,3398,-762,1215,-91
37488,4340,3233,4715,835,509,1977
37489,2059,4776,-6974,532,-1068,945
37490,2206,591,3813,-1395,233,771
37491,5175,624,6033,-696,-1501,-622
37492,6101,-6542,-7871,1967,1728,912
37493,910,-5059,-869,1096,-266,1486
37494,-1220,2739,-6977,-1887,629,622
37495,396,5524,-4342,712,-303,1774
37496,4959,-6515,7132,-1664,995,35
37497,5952,2457,3910,-1285,-1062,1909
37498,2242,-4956,-2089,1689,-280,-1945
37499,1002,7296,-1608,35,496,-834
37500,-3734,1540,954,1091,1536,123
37501,-5392,5966,1339,-1721,26,-1994
37502,-2116,-3299,4875,444,-348,-1838
37503,-1060,7614,1383,-1563,-18,1023
37504,-2809,1510,-323,-1450,1117,1518
37505,-7536,5958,7077,781,-546,487
37506,-6358,2556,3570,-1364,1574,497
37507,985,-5696,-927,411,-375,-1462
37508,-4324,2819,1344,-1782,412,252
37509,-1370,-7801,7540,-462,-330,338
37510,-3161,-2247,-6367,1932,1915,-1253
37511,-7864,-2159,-7408,-48,-355,1989
37512,-6338,2827,-5759,334,458,312
37513,-4427,-2508,3261,1799,-763,-1045
37514,-421,-6864,5896,1115,-1394,-1648
37515,7757,-6668,5128,224,1414,911
37516,-163,-7058,-2198,-707,529,-1643
37517,3959,-7852,-5404,-877,-1604,-242
37518,4329,6294,3671,-962,1096,-1474
37519,7338,4606,5247,-79,-261,-1739
37520,-6516,6785,3458,778,1673,-1268
37521,5879,2250,1954,-1532,-619,158
37522,-3968,-3754,7166,-657,-1226,1777
37523,-3441,7954,4101,-160,-1677,1382
37524,7836,2454,429,765,1514,1356
37525,-3660,-5747,-3597,-1781,-1906,1164
37526,4136,-5455,-5701,1361,-1908,1500
37527,3098,-6922,6965,1822,1129,-1831
37528,1975,-6859,1006,-568,826,-731
37529,-418,-3956,-3156,-1583,104,-1955
37530,5253,-150,380,1005,1499,-431
37531,7462,2634,-7572,220,202,-1497
37532,-7376,-1607,-6949,-1854,1760,459
37533,-3731,-5353,6786,-135,-172,450
37534,-6571,2201,5684,-1905,-77,-1057
37535,-7998,604,-2868,-1221,1484,-1011
37536,3579,3530,-7381,-1639,-1053,-1626
37537,5020,-7175,-5674,-1993,465,-1237
37538,2927,-4265,-7739,-676,-1264,-1810
37539,3922,4280,-1391,-1369,1946,-840
37540,-6003,-920,1773,1078,792,1129
37541,-6911,-4242,-7715,1493,980,-877
37542,2221,6466,-7590,383,-681,344
37543,4954,4590,-2071,-71,203,-690
37544,-701,-2968,-5113,-264,-1807,-1644
37545,-7751,-7099,549,-1161,-1405,-713
37546,-2598,4900,-5094,-1098,-542,-496
37547,526,4719,436,250,317,164
37548,2193,2193,-3018,776,1583,-1336
37549,5492,-3296,297,757,510,776
37550,4129,-5526,3096,669,1849,439
37551,6080,6997,625,1712,338,-1197
37552,-5042,2243,5100,238,-913,472
37553,6647,-2723,6463,-67,1028,-322
37554,3517,-5194,926,-1217,1772,1921
37555,3777,-2042,-6120,627,-532,942
37556,-392,-5365,3775,-591,-1520,891
37557,2982,2356,-2996,421,329,1609
37558,-2176,-6891,-3132,-83,-24,-1697
37559,5807,4234,1499,-323,-668,28
37560,3669,7788,-2848,-189,366,-518
37561,1880,-4677,177,-356,50,1629
37562,-2637,-6868,6180,-1167,-729,703
37563,-2839,5578,-5747,1388,-927,-1572
37564,-5910,-2216,-4759,-504,-647,-1648
37565,139,4702,-1038,1195,679,1190
37566,-4146,-1247,6260,353,1494,-1546
37567,-1453,-2548,4857,976,-529,1024
37568,1949,3210,-4309,-1745,1909,1008
37569,6846,-5796,7297,26,-1902,-1515
37570,-4442,-1452,-762,-1224,-547,1830
37571,284,738,933,1087,-1306,-634
37572,-4730,6078,-647,455,685,52
37573,-1975,-5909,-2611,-1534,1974,382
37574,-996,-4018,-5881,-1259,-1197,890
37575,-4622,-3069,-989,766,-1156,450
37576,-1305,-3666,-5195,1084,1153,-1803
37577,3469,-914,-6938,1474,-1184,-1460
37578,7264,5014,3355,1237,597,-1314
37579,4958,7263,7278,1719,-668,-1081
37580,747,5445,-637,-1545,975,-379
37581,7035,-6359,-5136,813,-955,630
37582,315,5706,1314,-1497,-34,74
37583,-3574,-6454,949,1002,-1195,-927
37584,-7771,6229,-1715,-1873,-746,797
37585,1771,-5023,368,920,1134,-1986
37586,-1383,-2327,7037,-459,-329,980
37587,1292,-3435,-4333,303,-774,1858
37588,1952,-6548,2545,1879,-449,397
37589,-1978,-5524,-2267,-1846,1391,-1588
37590,1195,-26,7677,-1384,-156,-521
37591,-2638,6152,-6686,685,-1081,-1486
37592,-3358,-1177,6790,-1457,-972,-1797
37593,5340,-7730,7337,-1248,-1087,-856
37594,1183,-5129,3111,-1516,914,1092
37595,2475,-4966,-6550,-471,-1626,1795
37596,-6956,-6996,-2927,-604,-168,409
37597,-2778,4479,-2577,682,1484,-236
37598,2174,6042,-4558,-1910,-755,275
37599,-6747,-2823,4113,696,1992,935
37600,-1350,3515,-3428,693,-1196,1268
37601,1227,-7281,7015,-136,-1507,-1414
37602,-5779,3133,3409,1682,-1012,305
37603,3698,2771,7328,-227,1119,757
37604,2516,-4833,-1255,-1302,1455,-1014
37605,-2342,-5275,7527,-350,1459,-1999
37606,-2842,-1183,-5273,847,-561,-1557
37607,-1644,4058,-7555,-1056,-774,-1095
37608,1490,4402,1624,1992,-1101,-1847
37609,6767,912,-2004,-299,1231,1618
37610,-7559,-1739,-7481,-435,190,1831
37611,-1776,2444,2563,97,-1866,-838
37612,7536,-7957,-3032,-1900,258,-826
37613,1215,362,5160,-148,-890,1940
37614,6002,1081,-6201,18,-1265,-818
37615,724,277,5436,-1646,1334,60
37616,-7009,6559,3443,526,1825,-1923
37617,343,-1710,-2105,-183,303,1254
37618,5489,2248,-3686,1848,-1507,-831
37619,5938,-1263,1905,229,-1242,-1279
37620,-341,-6521,-1599,1361,-321,-1177
37621,-481,6456,2079,-464,-1045,-1624
37622,993,6461,5608,571,369,1315
37623,3800,6339,2213,513,50,-1250
37624,-3265,2471,-7726,-1418,-1871,-481
37625,3551,-7587,-3759,-1902,513,-960
37626,-940,6368,6657,-1880,854,127
37627,6790,3865,242,-81,1804,-1696
37628,4923,-3092,-4865,54,1063,-252
37629,1111,5998,-6912,-113,-1942,-922
37630,5100,117,2927,414,-799,88
37631,-2894,3545,-1616,967,-1466,-1212
37632,-5526,3995,-5850,1075,1844,1133
37633,3671,-1670,590,1751,563,841
37634,-4532,7611,-1321,1520,-466,-1751
37635,-1944,-4586,-6131,-351,-804,325
37636,7269,2174,-3841,-200,1675,997
37637,-2400,1344,-5160,-16,-1348,-450
37638,2366,4402,7782,-1966,85,-250
37639,-3693,5557,-3494,1637,-63,-1352
37640,-7936,-281,-2153,862,924,-726
37641,6187,-7737,-1190,-481,51,-279
37642,5679,3681,4998,-104,-1785,-510
37643,3845,937,2905,-205,1562,245
37644,-6732,-2422,-4009,1334,-354,1629
37645,1480,-7677,4484,-817,1479,-346
37646,7514,5860,5696,195,1835,-43
37647,-2090,5962,-3436,1261,1317,-869
37648,-3214,-6698,4545,-1022,1597,-1543
37649,2991,1561,1698,1893,-1661,550
37650,-7852,7925,-3868,-1815,1880,725
37651,-4631,-3339,1252,161,-308,-1905
37652,7709,-244,-1361,-1043,1512,574
37653,4713,-7676,-375,-644,1713,-1418
37654,-4329,6067,3584,-1642,-1176,-86
37655,2360,6487,-3513,-580,1090,1277
37656,-7540,-3497,574,-1103,1368,707
37657,-3863,-3352,-4185,794,-222,1632
37658,-2009,-1823,-7953,-602,379,-1306
37659,-4802,3337,3703,-1996,-1166,-123
37660,-6599,-1585,4090,1013,952,-1971
37661,6983,-6803,3250,-97,-1003,-886
37662,-6056,4266,-1217,1192,-1639,367
37663,-905,6541,-7070,1334,-1730,898
37664,-7643,7124,-7636,1315,765,100
37665,-703,-663,2737,948,-999,-1539
37666,-79,65,-836,1123,-900,77
37667,-3110,-483,1367,1021,-805,856
37668,2249,-5084,5421,161,1153,-381
37669,5221,5132,691,649,-1623,-1898
37670,1193,-7906,-6730,-76,-1110,1273
37671,3951,1423,4173,937,1868,-1863
37672,6688,-5785,2998,51,1774,1787
37673,3221,-7134,7569,1109,1555,-1494
37674,7379,-2613,6315,-312,1013,967
37675,3484,7379,561,828,1384,-613
37676,-3338,-606,-268,439,1555,1701
37677,-1702,-7672,943,1674,-405,102
37678,-1467,5108,7640,-663,-965,-577
37679,-6217,-5449,2431,-1001,-1474,918
37680,6648,-5108,970,-1665,881,830
37681,-562,6058,6328,1754,-836,-1090
37682,3895,-7651,6752,75,427,-1920
37683,7652,7114,-3570,240,-1413,16
37684,4600,1285,198,1307,-550,1150
37685,3408,4788,-5479,1303,-1244,-1069
37686,2137,-2499,6483,-1691,347,1154
37687,-6987,2164,-7737,-447,-341,-1364
37688,-783,-4170,-7949,-414,379,-884
37689,-1516,1951,1550,-1452,1087,-434
37690,-2791,1372,-4538,-1027,1696,-1511
37691,-362,-5315,-4093,-567,1031,-1150
37692,-1995,6750,-7966,1171,-1298,-367
37693,2818,-5216,-1741,-910,1946,-249
37694,-3818,-4410,-1148,1944,-1229,-1280
37695,-913,2281,5222,-541,-38,311
37696,-3781,1461,5476,-1991,355,-1059
37697,-6335,490,-5168,-1567,1107,816
37698,4387,-3077,-3822,-1165,1907,1400
37699,-5557,-3427,4758,174,-96,999
37700,-6827,-1704,-7473,1142,1684,-1768
37701,-3800,-2302,4135,65,-235,-1556
37702,5883,3724,-4129,391,-233,1357
37703,-6012,3233,-7310,1140,1623,669
37704,-3675,2999,2121,-1637,-911,-1305
37705,1991,4415,4326,160,1426,-304
37706,4542,-3232,-4429,-1577,-1659,-1951
37707,-1274,-5742,4082,-1449,83,1570
37708,7580,550,-2510,1016,1247,-1062
37709,7618,-3290,34,-802,-288,103
37710,-4136,-7590,4304,-1052,-860,770
37711,-387,-189,7048,-18,-1625,-1687
37712,-4834,-1621,-1374,177,-1583,-1698
37713,-6501,2272,-452,788,477,-1181
37714,-7983,-1267,1063,884,-1952,146
37715,-1190,1475,6176,-167,-1595,1822
37716,7960,412,2808,699,-690,1912
37717,-6471,-1685,-4451,-43,303,311
37718,3403,-7018,277,-161,1629,152
37719,-4751,-7619,-7125,740,710,1814
37720,2204,7255,376,703,-1087,-770
37721,-5060,-6329,7106,-1195,888,-1165
37722,-3879,-5494,-3464,569,346,-981
37723,-7560,7185,-3481,-199,-962,753
37724,4435,-3010,-5205,-1231,-1265,503
37725,-4293,7633,-4163,747,-1808,1970
37726,7586,-2485,3496,1487,1450,-1411
37727,-5576,3952,-5631,1708,-1022,-337
37728,4345,-2547,3999,-1013,-1644,338
37729,-3333,-2220,2540,-824,-1946,1317
37730,-7820,4468,-7649,1150,-2,-1561
37731,4731,-5017,-3647,-427,-751,-307
37732,-5783,5029,-4983,905,1520,-177
37733,129,-4720,2,1554,-1888,-180
37734,-4225,-2385,-3855,-1390,-560,245
37735,-6141,-1002,3818,801,-32,-1321
37736,3178,-3137,7130,-344,979,-1682
37737,6481,769,3006,-15,-1317,1840
37738,7318,1545,4121,-1550,687,-290
37739,5848,6312,-439,452,1622,-1126
37740,-3361,792,-4676,401,-1071,1001
37741,-4109,-4097,2365,1554,-959,1318
37742,6330,6109,-158,-748,693,1407
37743,2015,-2457,241,-1135,-1861,-1768
37744,7914,3164,3248,-1352,733,399
37745,6320,-5890,-2990,739,907,-638
37746,-3357,-2496,-4027,-640,-183,-1348
37747,5211,-865,4161,1031,-1033,-1239
37748,6673,-1085,656,-1858,1886,1448
37749,5416,2500,-3198,1889,1686,-1577
37750,3083,1451,2846,987,1424,-1458
37751,7015,-5268,-5456,1591,1484,-284
37752,3869,-3213,1676,-1744,-1824,-657
37753,7086,-4734,-3363,-1920,1588,876
37754,-1393,-4603,1515,-1915,1858,-1901
37755,-6640,-2616,310,-414,-1557,-1723
37756,2294,662,1842,944,-1188,364
37757,2558,-7646,-5752,32,-1709,218
37758,-5011,-4385,1661,37,1618,-165
37759,7963,110,-6921,995,-1171,1627
37760,6355,2242,5518,-1245,-1710,-1895
37761,-1194,-5540,6158,-137,-1278,406
37762,3051,-2700,-6059,1352,-301,995
37763,6343,434,5416,-1783,-800,-923
37764,-5083,-2695,-6429,-1092,-1604,880
37765,1821,-2468,-7702,553,-1195,1459
37766,-1064,6649,4054,102,1833,463
37767,-4103,-6634,-7422,-526,545,-618
37768,-1773,7349,6902,602,-1154,-1692
37769,-1602,-1994,5330,-1268,905,1030
37770,-3688,5562,4128,1664,42,-691
37771,-4531,-730,-475,831,-716,418
37772,231,4864,-502,-1474,-166,221
37773,-7781,3842,5441,1528,710,-1904
37774,-7974,5746,-6622,-29,-1011,189
37775,-2104,-3121,1263,370,-1713,1335
37776,-6939,-2679,5773,-1095,117,629
37777,3752,3933,4357,667,1823,462
37778,5236,2336,-4463,1505,-1687,602
37779,-1971,-4598,932,-1622,414,1277
37780,897,5385,-1877,1564,635,292
37781,-161,-3919,-4024,-1786,1733,568
37782,-779,-6657,-5144,-1004,-319,1051
37783,6635,-1806,606,1680,502,618
37784,-2976,6144,87,-1628,1554,-1639
37785,-7330,4255,2247,1969,-1236,549
37786,2136,546,-3775,1379,1560,1312
37787,-3079,293,-1982,-13,-121,-1988
37788,-5866,2360,2779,-1509,-1373,1940
37789,2771,3321,-3893,-1535,45,-1038
37790,-7121,5126,-3974,807,-948,-282
37791,-3249,7814,7802,1819,-571,-314
37792,-3229,3899,755,1991,1894,584
37793,-2412,-7572,7411,1593,-1671,-886
37794,-3568,-623,7615,263,247,1624
37795,-3092,-382,5247,1386,-1219,-1540
37796,5355,-4758,-6040,1465,-1328,-644
37797,5603,-2327,6511,1468,-240,-73
37798,-3324,6128,2559,834,-156,1196
37799,1309,6243,592,-1997,1792,-602
37800,-3103,5463,6622,1627,1123,-1631
37801,3553,2817,-3694,-791,-1054,-455
37802,5617,-1196,7981,-910,518,13
37803,-428,-3057,-1361,-273,-118,898
37804,5490,-5418,959,1619,-920,1818
37805,-6068,-7740,-2426,-586,-1864,-756
37806,-7142,-921,-4811,-81,-1078,133
37807,7510,6304,-5211,-333,1041,-1869
37808,1840,-2499,-1200,731,1166,1151
37809,2031,5615,-5894,941,1455,-799
37810,-5584,1477,-2368,-1999,822,1417
37811,-3428,1443,-2293,1590,-516,-926
37812,-1062,3646,-2330,-898,-1396,-955
37813,-1257,-6183,-6937,1764,-912,987
37814,-4196,5851,-7175,-1706,703,-1280
37815,-3624,-5306,-51,913,1601,783
37816,-335,1393,-477,1867,-453,1836
37817,4159,3171,1278,-1683,-1356,558
37818,6699,4751,6384,644,370,1354
37819,2000,737,-5759,-481,1412,-1641
37820,-992,-3511,5064,-7,549,-1008
37821,-6506,3183,6495,1758,-234,1553
37822,-580,-233,3909,-1112,-804,-272
37823,358,-7443,-7723,1953,-1182,-1730
37824,-4932,-1696,-2838,1308,934,-1250
37825,819,5649,-3091,-919,-681,1961
37826,-3447,2213,3923,766,1845,-1470
37827,628,-5982,-1783,-819,617,442
37828,2216,5621,-2607,1532,-799,224
37829,1591,5977,3667,1059,-1804,147
37830,-4570,-3158,3575,1580,262,46
37831,-6450,1566,5300,1843,-1777,-1033
37832,-761,5189,-4314,-1656,-1851,1980
37833,2515,-3850,7240,1700,-1624,-1348
37834,-3746,4102,-212,283,1725,-297
37835,-7671,777,-3036,1880,-275,1727
37836,6290,-2956,-7455,1798,-945,960
37837,6016,227,4280,457,545,-1841
37838,-6100,1221,3399,-722,-1072,-597
37839,408,2586,6160,-888,1276,-1790
37840,-2866,7123,-2431,889,-1295,-527
37841,54,745,4134,-642,-1706,-490
37842,-3299,-4389,-6647,1128,-1773,-1586
37843,-2840,-2407,57,-1657,1588,1772
37844,-3544,3871,-4969,1331,549,1728
37845,-4333,893,-4430,-1735,-870,-920
37846,6466,3014,5877,1769,-1164,-1493
37847,-5696,-744,-4587,-191,1986,-1366
37848,377,-5922,5621,324,549,1471
37849,1140,-1001,6575,-1821,260,-1398
37850,5168,2450,6302,944,474,684
37851,3316,3090,1761,783,958,188
37852,1432,7455,3565,-416,527,1930
37853,-1205,7062,-5897,1418,1342,-1257
37854,2482,6565,3185,31,451,-451
37855,26,-2994,2403,-24,-1036,-106
37856,-1256,1112,-4126,1725,-1180,-1102
37857,7367,-5173,-1890,-1037,-1270,-889
37858,-5087,-3139,7343,-1825,1780,638
37859,-4046,7774,-7378,1373,410,931
37860,-2931,-4429,-4579,-1978,712,-1036
37861,2988,-5891,-3964,1419,-448,-1309
37862,2236,-681,6683,-1455,-731,-168
37863,-1992,1436,6696,50,-1845,-283
37864,3534,-5403,-4099,1320,367,1383
37865,1611,3189,1139,884,-745,1901
37866,5033,4012,-5044,-1918,-1556,-308
37867,-788,4674,3251,-1251,1316,-675
37868,3064,7390,1582,-356,-1887,-369
37869,-6692,-4870,-7328,669,1080,794
37870,-6534,5939,3000,1192,1292,-364
37871,3624,-6606,808,241,-164,1491
37872,-7280,-7192,77,824,1292,1508
37873,7319,-4411,-1450,-513,52,360
37874,-758,2606,708,-166,-727,-45
37875,160,4941,561,175,-77,-960
37876,6222,4082,2531,368,1803,1086
37877,-6632,-6682,2066,441,1918,-9
37878,-6053,7381,-1925,-278,1748,184
37879,-6211,126,-3768,-1810,-824,1781
37880,-3138,55,-4524,1314,-629,1554
37881,7400,-2967,3665,-1267,1334,-1514
37882,-897,6808,4827,249,832,1083
37883,1586,-2035,134,1961,-1127,1233
37884,-4857,-7665,-1084,641,-1539,1425
37885,-3711,6977,483,-1170,1055,1368
37886,7641,-585,1295,-1531,-1551,1905
37887,2285,669,4082,1633,-1215,779
37888,3264,-5202,-490,1947,1971,-1988
37889,-2171,1182,7279,1473,-692,-929
37890,-2971,3482,-877,690,941,1233
37891,5003,7742,-6346,178,-1353,523
37892,-5207,-6961,-6255,480,1481,1378
37893,-1436,-6744,-5884,-1161,1160,1851
37894,5671,-2559,-4196,1852,-1779,-1521
37895,4594,4333,4433,1624,331,-1939
37896,-2710,1695,-6684,-1210,1817,-1297
37897,-6588,7494,-3017,-969,1271,587
37898,1959,-78,3906,-433,20,1131
37899,1313,2705,7529,615,-498,1994
37900,4422,-6986,-3712,222,-1154,-1891
37901,2615,-6102,525,1694,-50,1610
37902,1821,7164,2778,1819,-1490,-926
37903,4731,-5898,-2053,754,-1315,-954
37904,-6219,830,7587,103,295,-1785
37905,401,-7041,3658,-1696,1747,1743
37906,-7769,2756,-1672,-1150,-37,-1724
37907,-773,4328,2588,1682,-1419,-1388
37908,-6179,4118,-4101,1593,-1050,-1098
37909,188,-7133,-538,-822,1190,-172
37910,-6064,-5915,-6411,-818,120,84
37911,-218,-314,2692,-1212,1572,1820
37912,173,7694,-425,1674,135,799
37913,-7834,-78,6739,48,534,1883
37914,-2013,4614,-5992,-1710,479,-399
37915,-3419,7454,2374,-1461,633,1809
37916,6613,1037,-4075,1654,733,1914
37917,490,-859,5538,-1150,1717,-1382
37918,1785,4913,878,-1124,404,896
37919,4738,6544,-4252,1430,517,1023
37920,5713,-7287,7544,626,1410,-1687
37921,-1570,-5907,-6987,-437,-531,848
37922,-405,-4898,7631,-470,824,87
37923,-7416,-5583,-412,-282,255,-1447
37924,-1128,-4567,662,1409,333,-1443
37925,6023,7256,4224,-1121,-1208,-773
37926,6710,-1907,-5407,-185,1681,197
37927,-3537,4140,-5442,-810,-1639,1923
37928,5623,-7198,7399,-478,1635,-1817
37929,5559,-6054,2687,-853,1025,785
37930,-3864,-1021,4034,-620,748,-1830
37931,4488,-20,6471,-1168,-55,-1744
37932,1417,-2399,-3202,-1127,1318,-1410
37933,5956,475,3771,-1935,-306,-1851
37934,-6276,794,6691,-1007,366,1642
37935,3596,2602,1021,656,-554,765
37936,6299,-1759,4744,1635,696,447
37937,7771,-4845,1467,-1334,-588,-1754
37938,3333,-4481,5892,602,59,119
37939,7137,-7581,-3051,-1264,-411,-342
37940,-1662,-4076,4758,412,1648,67
37941,-1726,-6384,870,1503,884,1068
37942,-643,1942,-5919,1362,-1863,1945
37943,-4397,3890,-6184,-1989,-661,1474
37944,-4910,7364,-496,910,578,-90
37945,-4886,-2783,-738,-940,99,285
37946,71,6414,5145,-1441,-1686,-1535
37947,-7195,3344,3115,-1323,-745,1388
37948,2700,4289,-4878,-1998,-79,-994
37949,1262,2736,-2192,-1626,1662,1602
37950,4910,7712,-2384,-1875,948,975
37951,4546,4640,2503,-43,1516,-1692
37952,-6796,-6390,-1292,1679,-4,1083
37953,496,-4123,2834,-1098,-1594,-1891
37954,5901,5591,-4939,1535,-249,1885
37955,1069,6573,5127,-1608,-1210,143
37956,-5995,4724,-691,504,-1598,54
37957,4232,-5433,-2107,1,1493,-935
37958,-747,-1427,4686,437,-1020,-1653
37959,-7288,-6090,5196,-83,97,-915
37960,-4996,-1139,-915,1447,-384,1203
37961,-3429,-6880,7321,834,1814,-1742
37962,4455,5543,3632,-1986,-811,21
37963,-7385,4047,5310,-1747,-952,1525
37964,309,3619,1913,1093,991,1870
37965,5674,7589,3389,834,473,1615
37966,-3826,-2852,-5085,181,1729,1953
37967,7812,677,558,-26,1321,847
37968,-7555,-2767,-4179,-1718,-1405,-1267
37969,3040,-2603,-6809,-1415,-575,-1268
37970,794,-3341,-6522,1878,890,-1862
37971,4531,1464,822,897,981,1377
37972,-1527,-2177,-6808,257,-1766,-151
37973,-5232,4088,734,-1154,1069,1977
37974,-7224,-3534,1937,261,169,1947
37975,-7485,6233,5278,-1449,897,434
37976,5951,111,7743,1620,1492,1574
37977,5063,-7839,4317,1550,-961,-511
37978,7908,-6670,1303,1282,-1134,1250
37979,-7676,-1557,6840,-954,-491,983
37980,5995,-5523,-3323,896,1520,1653
37981,1952,-95,4949,679,-1686,565
37982,-7373,1957,1511,-1254,1679,-792
37983,-1896,177,-683,-818,-1365,1364
37984,-4250,2415,-4518,1637,-250,1107
37985,2564,-7791,-928,-1816,-1329,-1704
37986,-6206,5660,-7306,-1654,1519,-952
37987,-5506,-460,-1574,-1192,-1282,-45
37988,5002,1911,5191,1175,-289,76
37989,-5296,2661,541,-919,726,1175
37990,7285,3971,-350,964,394,687
37991,-3175,2018,3866,88,1467,1248
37992,-4791,4683,266,490,920,1631
37993,7690,-3850,7445,541,-519,1025
37994,-3546,-3416,-2304,815,124,-999
37995,5420,-6449,-2995,-834,1922,1453
37996,-4799,4328,-691,353,-170,-315
37997,897,-7129,-2737,-1731,-662,1348
37998,5471,-1055,5450,434,972,-1610
37999,-2920,-5203,7341,-741,1833,-1421
38000,-5105,-7208,-3572,-1566,1502,695
38001,-2247,-2993,-1967,-1657,-713,579
38002,-5114,498,1365,-1445,-575,-353
38003,1649,-5116,-2688,979,1601,1225
38004,4423,-2953,-2420,-1877,-1656,1385
38005,-4889,2489,-5728,-1178,-1000,-1820
38006,1150,-2591,2930,-1252,57,1316
38007,-5517,4446,-7832,1096,847,897
38008,1806,4933,437,-1389,404,993
38009,-1893,-6642,3019,-241,-1553,-178
38010,-5459,3650,-1365,1643,1876,1133
38011,4035,7317,1261,-28,-1004,239
38012,1395,-4972,484,-540,-1076,-1345
38013,7731,4557,-608,-487,-871,1298
38014,7573,3533,3265,1542,1592,-478
38015,-5900,5084,3038,-381,-1621,1262
38016,4596,-3640,5265,-466,228,646
38017,6285,3868,4556,-1640,192,-970
38018,3827,6507,7253,-1335,1154,109
38019,-1723,-530,-7018,-250,1414,-129
38020,-111,-2934,-7931,-1157,-1689,-633
38021,4851,-3191,-7082,-1123,1262,1680
38022,5158,5847,-1418,-1753,1949,-229
38023,4199,-5035,-5631,1261,-778,1872
38024,1043,1075,-1179,1117,-1508,-1012
38025,3856,-6411,5758,-716,75,1098
38026,4437,-3688,1857,-788,-1859,943
38027,-6252,-6616,7955,1454,149,145
38028,3304,-829,-965,77,518,-1712
38029,-3218,2276,-4036,1458,838,997
38030,-7621,-1758,-2737,-1835,1536,1315
38031,-6188,3984,3595,-1560,-257,1245
38032,-4332,6272,163,-381,-367,-365
38033,2722,6891,-3957,-1340,-156,-1518
38034,1480,2462,-4784,280,1890,639
38035,5533,3478,6516,-1264,424,-1664
38036,-1494,5880,6317,-612,431,1067
38037,-399,2719,-3416,1958,1724,1447
38038,-244,7543,-577,891,1653,-1427
38039,-5462,5370,6386,1229,-904,-1074
38040,269,64,1463,-169,936,-22
38041,152,-1889,2058,1111,845,-1725
38042,-749,6221,-4690,-73,-529,160
38043,3818,-3566,-7501,-1133,-406,-65
38044,-5806,3515,1490,-1264,171,-658
38045,-2278,1201,-3970,885,-1080,-1432
38046,-998,6347,-2627,-1665,497,-825
38047,-4606,-7971,5986,-1381,-637,66
38048,-3593,106,-4219,-1206,-291,-141
38049,-7473,3239,-6847,-1661,701,486
38050,1625,5692,-3180,-264,-315,186
38051,-3428,7908,-96,-653,-1656,574
38052,3165,7559,2826,-1447,1453,-716
38053,-4203,5178,-1597,1908,1693,-244
38054,1135,-1190,3384,-1699,-1293,-1792
38055,-2147,-219,-5101,26,-1843,154
38056,7473,2562,-5295,-770,-70,123
38057,3708,-7945,-2791,626,1707,885
38058,-7738,-1763,-4026,-1976,1131,1630
38059,-6405,-5099,-3639,1665,-510,1380
38060,146,7458,-4802,954,-1543,1864
38061,6252,-7028,-2659,1410,92,-611
38062,89,1953,-1826,1948,-1339,478
38063,1643,953,-7115,1042,431,-1224
38064,-2021,7225,-7983,915,1902,-1107
38065,-3453,-6970,-5856,1925,-803,1340
38066,-1674,2787,46,919,1927,1483
38067,-6825,225,6698,-1216,988,-1591
38068,5311,-4406,-3221,986,1971,-479
38069,1111,304,-6438,-1593,280,-941
38070,-1437,-2124,7888,-1107,-1898,1373
38071,186,1990,2953,1264,-756,1585
38072,1875,3120,1311,1809,-92,513
38073,5066,3233,7016,1941,-1769,478
38074,949,-2454,-3411,972,-456,816
38075,6531,6000,-6979,1264,-1234,-1023
38076,899,6325,5199,1828,-169,-1100
38077,7603,-62,3550,-147,516,1131
38078,-6391,246,-472,874,-479,-291
38079,-7734,3715,-7468,-118,-969,-1468
38080,6003,7244,1586,-1556,1946,-143
38081,5543,-369,7142,1031,-931,-552
38082,3443,5459,961,-237,-1574,191
38083,-358,-1615,4804,1116,525,-1465
38084,6548,-1307,-5231,-1092,-1507,-1945
38085,3766,423,5934,-725,-1864,-1670
38086,-1709,6775,-4063,-404,-758,-273
38087,-6020,1261,-951,536,-1620,-1684
38088,7665,-606,1784,-1000,-1577,-618
38089,-7285,7950,1622,-114,349,-589
38090,7075,-5532,-4816,976,-6,34
38091,-5149,-5184,4347,802,1371,-82
38092,-4284,5585,2330,-944,-1893,1704
38093,-5234,-7556,-1452,1115,-836,-55
38094,-3203,-2467,6854,-641,-1092,60
38095,6729,-3584,2352,1409,852,924
38096,6388,-7912,1919,1044,631,-1126
38097,-1512,-5374,5115,1937,1381,1674
38098,2536,6707,-7839,-353,-740,-1108
38099,6507,-1060,-5045,-1432,-1369,1530
38100,-259,1259,-5835,679,-495,-554
38101,-6908,-1098,-6548,-1173,-433,-1501
38102,-6943,-6211,5587,-1060,1959,-1693
38103,-1086,-2860,-570,207,-1267,1110
38104,1702,7879,-3116,1148,1361,594
38105,7503,-6996,4356,270,-722,278
38106,1681,7186,-4261,1873,1393,866
38107,2048,4113,-512,230,-922,-1361
38108,-3968,-4653,-7717,1147,73,-620
38109,-5868,6638,1150,947,-175,-1843
38110,-4457,-5822,-313,-452,1412,1240
38111,-5926,-3079,2137,595,825,1552
38112,-7017,4981,7834,1856,527,1612
38113,-4938,-3556,5893,1398,1242,-923
38114,2362,-1903,-2468,-1635,1440,-1769
38115,260,4405,-5356,-183,1541,-1100
38116,2576,1449,2070,-1211,-618,-1874
38117,2514,-5905,1644,-677,-28,-1754
38118,6405,-7720,-6967,-1078,505,-321
38119,2545,-7191,787,1104,-500,1157
38120,2709,-3138,5046,-532,-620,1847
38121,7432,-2488,5693,1409,664,1704
38122,4673,5273,2797,189,236,-506
38123,7743,-4596,-5882,1052,-1620,703
38124,5531,1964,5273,1050,620,1063
38125,-1675,-4339,-972,-1444,-766,-437
38126,-162,-295,5333,98,-1822,-1574
38127,625,6432,-4682,-1960,-482,291
38128,-7686,-1213,5453,1628,-1128,1862
38129,3174,-6301,-1326,-1815,1108,-841
38130,-1202,5312,-7056,-1744,1327,-1236
38131,-3919,617,2684,-1544,-1072,-93
38132,-5133,-1494,-4787,851,8,726
38133,5645,-4730,-3311,1568,172,642
38134,110,-977,-6480,-284,600,473
38135,4710,6090,3535,1190,-1690,294
38136,-2265,7751,1103,-1731,1233,-779
38137,-1945,-5921,-1308,1142,141,-207
38138,-5601,7213,-1449,1521,-98,481
38139,2064,-4809,1655,1238,528,84
38140,-3388,-2453,7277,-345,-1142,-385
38141,2708,-3084,-2422,-38,1434,320
38142,-6567,-7760,5381,485,1360,870
38143,-2469,7163,1751,-1462,-1182,-309
38144,-1198,-4145,-7741,-941,-1397,1016
38145,3823,6375,-7147,823,1330,1628
38146,-7531,7530,6188,1169,-716,-1332
38147,810,-198,-1511,1545,-1325,673
38148,3056,-7241,7583,807,-1405,442
38149,-7226,-4973,-5118,-398,-975,-253
38150,-4780,-1801,7640,1042,1986,-1409
38151,-7510,4185,-6950,-77,-1519,1063
38152,-7827,6382,329,1180,328,-464
38153,-5552,-2547,6616,1009,-868,1476
38154,3192,7910,-4473,-424,-689,224
38155,1340,5079,-2934,1061,880,-1061
38156,6232,-4972,-6225,383,-1755,859
38157,7238,-2142,-6350,622,383,-1627
38158,2134,-4999,-1184,708,1471,-1102
38159,3898,4390,883,248,-112,-1914
38160,7449,-3080,-3524,1834,-431,-1952
38161,3578,-7516,-4580,-1333,-475,1733
38162,1834,-4188,-2746,1006,4,-716
38163,-3479,5148,-3741,-818,-760,-1301
38164,-2680,295,-2102,-1067,239,576
38165,1884,2916,2779,676,1453,1755
38166,-4539,-7342,3405,-71,153,-1519
38167,-7714,7028,408,832,-1320,1641
38168,6479,-4772,-3796,-219,-1555,393
38169,2689,3951,3008,359,-1782,536
38170,-3506,5243,-526,-164,-324,151
38171,628,-2234,-7242,-804,-1985,-1943
38172,4973,-6090,-7024,-556,-1047,-1621
38173,4672,-2625,2438,1592,1403,53
38174,-4609,-1350,7579,-968,-1056,1891
38175,7459,-7410,3900,-552,230,-1662
38176,-5256,-5843,4418,-1300,387,-1405
38177,-1923,-134,-3716,1852,-1670,378
38178,-1627,1078,-6575,-1091,-11,-1659
38179,-6877,-3984,-302,-1016,1404,1882
38180,-4909,-4649,-4830,-1843,674,-108
38181,3455,-5613,-7212,-486,19,1915
38182,-5277,3556,7815,-1814,1974,-857
38183,-595,-702,5586,491,-1001,602
38184,7130,372,-4314,126,-1120,-1890
38185,3676,2278,6565,1844,-1685,-488
38186,-3074,7362,161,502,1371,-1845
38187,-5441,6830,7235,1343,-28,934
38188,6094,867,871,830,-204,-1021
38189,454,7151,-7043,-1889,484,-668
38190,4295,-2209,-3265,-1282,-67,1644
38191,893,3531,-2237,-1040,377,18
38192,-3326,273,-2824,-1346,-997,-383
38193,5669,5048,-4007,-276,55,1886
38194,-7431,-5754,-1026,924,1894,622
38195,7057,1388,-3706,-870,1807,-77
38196,-1936,-153,-1374,437,1454,1678
38197,-4848,-57,3779,835,-227,541
38198,729,3181,6995,705,795,1338
38199,347,2727,-5595,1965,-1318,-1949
38200,4240,-81,3992,1869,631,1850
38201,1889,3172,5893,840,-1702,-1703
38202,-1499,-3850,3309,-1267,-137,-1548
38203,5056,-3970,7928,-302,1526,419
38204,2685,-5088,-3595,1663,-246,-889
38205,1332,-4846,440,391,1848,1248
38206,7352,6768,7907,-388,1938,-284
38207,-1897,7996,-7229,-1749,-1229,1086
38208,-7288,3241,-242,-651,-994,-1520
38209,-1389,-6242,7407,480,-387,-1343
38210,-506,7965,4640,-914,428,-1091
38211,2209,-2612,6244,419,1535,1697
38212,4635,6919,7043,-140,810,1298
38213,-1142,3360,3134,598,268,-1971
38214,-2779,-1767,-640,1936,-1081,-436
38215,-3589,6635,-115,-608,-1896,521
38216,-2035,-7961,-310,50,-662,-171
38217,-4067,1031,-4975,-1350,-1387,869
38218,-7417,-5307,-3285,-1865,-1616,172
38219,2704,-2405,-5613,-1423,-1328,-723
38220,-1906,7183,6785,581,-1380,1571
38221,-2565,6355,-1096,-1215,-496,-1110
38222,2125,-6527,4390,432,-1972,1099
38223,-6921,-2553,-7648,-1048,-1265,-848
38224,425,-6880,7644,1909,-1074,-1577
38225,1297,-4008,-60,1677,-1982,627
38226,2483,7941,-1562,-966,1692,950
38227,-4198,-5044,4234,-200,-1679,28
38228,5187,-2924,2965,-1724,811,-1321
38229,3933,-2673,4164,687,-1789,185
38230,1156,-2026,-3112,-738,-1969,1819
38231,2877,-6972,-7282,-1427,367,-990
38232,7380,4312,-5415,-578,-1556,10
38233,-7777,-5395,-6842,1338,687,-1932
38234,3994,7877,2486,-1465,-1481,-358
38235,-1799,7141,97,-1279,644,-1332
38236,972,3427,1446,-459,-119,-826
38237,2357,-5416,-6904,1781,-119,1707
38238,-5285,6219,-7471,-146,177,1609
38239,-7002,81,-6306,68,1023,1026
38240,-5185,-6342,2212,-1206,1157,493
38241,-1901,7797,453,1414,1114,461
38242,-2760,-4533,1515,383,-162,-832
38243,3401,199,-2433,-1315,1872,1043
38244,-3675,1164,-5892,-1272,-154,1037
38245,-1064,-7114,3961,-1535,1610,1932
38246,-2033,-4398,4513,1641,671,-314
38247,4280,678,-4246,-835,562,242
38248,3458,21,-2377,-1065,911,-955
38249,-1445,7589,3710,1570,-1759,485
38250,2841,-592,-4587,-1126,535,617
38251,-1115,-5193,2241,1867,-1478,-1384
38252,-7552,2174,-4674,-32,-1373,-1695
38253,5202,-2645,5764,-509,213,286
38254,4086,188,-3821,565,-197,-1228
38255,-3712,1020,2424,-295,-830,1843
38256,-5933,5251,6118,-1839,-1154,1873
38257,-4811,2829,4322,-883,-157,605
38258,5718,-4372,7194,-138,974,1570
38259,907,5292,-1686,1275,1030,1138
38260,-1625,984,-7595,-1968,1553,692
38261,-7971,1498,2499,-1324,-1300,1924
38262,-6816,-5542,4724,992,1122,-1551
38263,-7134,2109,4020,-1578,1496,905
38264,5341,-4850,-5736,1307,-83,-1297
38265,292,6661,-1276,1096,-1122,391
38266,2847,-7657,2055,-1877,-1466,-203
38267,-6884,-1089,7166,-1177,-1332,-26
38268,-7939,4971,-4826,-1645,1381,1770
38269,-710,2489,3914,-355,1487,-1033
38270,-4904,2732,6572,-1721,1641,847
38271,-2824,-3466,-269,115,311,1229
38272,7768,6886,7471,1177,-1997,977
38273,-5059,84,3326,-596,1645,1351
38274,-3452,3258,-470,1637,1580,200
38275,4319,1320,-6426,1717,-27,-144
38276,5772,3981,1226,-499,1651,-532
38277,-7445,4038,-3490,1896,1132,-221
38278,-6991,1624,-4355,-1505,45,-1950
38279,6835,4358,4279,-923,344,222
38280,6180,3268,6307,-1665,51,-312
38281,-2832,-3666,-6020,731,1195,-421
38282,-3967,-4495,-2777,-1752,-1540,701
38283,1834,5106,-4491,307,-955,-1070
38284,-1165,6788,-581,-1747,668,739
38285,1864,2064,22,1015,-111,-284
38286,7827,-7648,-2672,1131,-1038,647
38287,7261,7462,675,1844,-70,1846
38288,-433,-2324,6616,1576,563,-1051
38289,7303,3959,-4842,1851,937,-796
38290,-1202,-2935,-3677,1367,-975,771
38291,2951,2268,-3915,-1368,1983,-459
38292,5256,-4527,-7761,-168,1836,-1042
38293,-6176,-1282,7524,-417,-1216,1308
38294,-1432,-5574,-6185,1308,-1324,1045
38295,3406,-2763,-7407,-1529,10,-1832
38296,2136,-6461,3570,453,-1010,-318
38297,676,5055,-4419,1751,-205,-156
38298,-51,5513,-6716,1274,-111,-1638
38299,1250,-2926,-6732,1787,-1616,-524
38300,346,5915,5851,1114,-1126,951
38301,-6780,-7918,7652,1534,-808,-837
38302,-7682,6267,4702,-1218,-1464,995
38303,-3792,2601,7172,-1187,-613,-640
38304,983,-351,-5703,-1214,212,917
38305,6476,7407,6772,-1430,1307,-479
38306,-4719,6863,3519,-1367,-56,369
38307,-6280,2960,-1318,-220,79,133
38308,2333,-7119,-6076,1140,1246,-602
38309,-6091,6090,7538,619,-329,1611
38310,-4582,-4260,-3010,-881,74,1838
38311,-3302,7052,-7018,-710,-109,-1628
38312,-4097,1013,1924,-1318,-772,-526
38313,6381,-7252,1940,638,-1980,-398
38314,7441,-6161,3693,-1827,646,-943
38315,-3612,6842,7740,-1168,-788,1657
38316,1677,-6304,-1198,-1750,-901,-1906
38317,2955,-2872,-6660,929,663,-938
38318,2160,-4117,-7173,-379,1960,1008
38319,5506,-2357,6669,1202,927,411
38320,5673,-1458,-2424,-1211,944,-1517
38321,7238,4287,-6142,-1305,869,-1700
38322,-5173,4625,-6029,-1813,-1517,-1280
38323,-745,-2675,-6977,877,-1634,485
38324,-2046,7114,-5706,-1652,-1129,-50
38325,-2522,1641,5924,66,-1002,-841
38326,-4583,3710,7386,1809,1290,-813
38327,3638,-597,-2152,325,-1641,1786
38328,7727,4211,-4946,-1522,-1404,132
38329,-4945,-7256,-1599,885,-1297,1518
38330,7560,-5978,-7807,1319,-1473,-862
38331,684,-7287,-6944,778,-1235,-1919
38332,-7091,-1194,-4612,-530,-62,1230
38333,886,2773,-6570,1416,-1351,154
38334,-6998,-5806,5462,-99,1316,1791
38335,-5347,-7955,-3203,980,-1886,-1282
38336,-5981,6861,56,1311,155,174
38337,5693,954,-1136,1657,1235,-1589
38338,3817,-6579,2179,1577,309,-438
38339,1807,-6333,-5,1978,497,674
38340,-4989,1225,-6348,1873,-856,-1900
38341,2865,2754,1381,-356,-1485,-879
38342,309,-7528,7680,297,-1898,1331
38343,-4047,6806,180,354,282,-1481
38344,1368,4958,-3097,-1652,1872,-1624
38345,3184,-6301,-7983,-1240,-489,-202
38346,-2893,-5094,-7016,376,-1743,659
38347,6256,3479,-3769,1194,-1433,846
38348,954,-5367,3078,-807,-437,641
38349,4276,-7215,2872,583,916,975
38350,-1039,7106,-5980,-1185,1243,873
38351,-645,3965,-4062,750,212,-77
38352,6383,2288,-6152,-1595,538,1559
38353,222,-4567,-777,-447,767,1874
38354,-380,6679,-3713,824,254,-1223
38355,3185,1756,-2364,1176,-836,-308
38356,-6452,4127,-4416,-661,-1167,-1272
38357,-400,-7606,-2040,214,891,1351
38358,3472,-5130,-3940,334,210,1443
38359,7582,4466,4304,1264,1694,-816
38360,-6478,6380,-3078,-1730,1583,-1742
38361,6174,-2781,3750,-1708,1168,-892
38362,6202,-5900,6992,1538,861,1170
38363,5535,5080,-5174,824,-464,1820
38364,2939,-3247,6586,-252,1208,737
38365,1180,280,-934,-1925,-1783,381
38366,2759,-7213,-3395,809,264,267
38367,-1925,-4034,5098,-472,379,-414
38368,5363,-5485,-3272,-214,-1275,157
38369,1056,-4778,-1046,-462,880,-1308
38370,6780,-2215,1549,438,-757,1373
38371,-2117,-3193,-3478,-784,429,-1273
38372,-1563,7964,5100,1363,-261,-1840
38373,-508,7451,5998,657,-314,-192
38374,-7142,2701,-4061,1391,1529,296
38375,-6253,1047,-5029,-630,1938,-61
38376,2578,-6403,6119,1521,166,135
38377,4656,-4255,4219,27,428,84
38378,-5472,-6545,1938,-686,1404,-839
38379,-7838,-3083,3696,-223,-1644,341
38380,2328,-4316,-7495,852,-1699,-1360
38381,283,4997,-6166,-1084,-1850,-1818
38382,-4809,6510,-2478,251,-1495,-1394
38383,4542,2349,655,-176,-1900,264
38384,3343,814,-7060,426,-675,1872
38385,-7009,4136,-590,829,1374,-28
38386,2594,7893,-7913,1792,-1182,1820
38387,-2604,867,6768,-755,-1213,83
38388,-6158,6304,5090,-1977,1121,1113
38389,4779,2569,6338,811,923,-708
38390,2242,-2150,2893,-1806,765,1495
38391,1880,2859,-1899,-1524,1113,1870
38392,-5232,7758,-345,1265,72,476
38393,-2801,4737,3742,863,417,-533
38394,3506,-7112,4592,1999,-1008,-182
38395,4449,-6899,-5412,-52,560,221
38396,5176,1911,-4785,-1383,669,1610
38397,3793,-7846,-1281,-308,-467,-452
38398,-4704,-2057,6024,-137,-1438,904
38399,2346,-2408,-7122,1434,-614,1256
38400,-2137,2028,-7509,1249,-1724,1457
38401,-6591,5161,-6429,-384,1090,-468
38402,-6647,125,7173,-1231,1966,-389
38403,4968,4681,1468,1527,764,-1650
38404,-7048,754,-97,-584,15,1493
38405,7736,3407,-6520,-1297,-954,1412
38406,5282,-6412,4711,795,-1179,-530
38407,7480,-2245,1003,-1736,494,421
38408,-6978,-2758,351,-1070,163,1001
38409,-4934,4132,-5796,-1739,-330,-188
38410,4472,117,-7855,174,-1115,-864
38411,-7535,-1676,-1439,-1108,-1016,1107
38412,-7470,-6291,5656,240,789,-1959
38413,-5787,3413,5777,-872,-1795,-705
38414,3366,-7811,1300,-281,-62,-1791
38415,5930,-3706,598,-1599,-448,1606
38416,2468,3951,-1549,786,-62,1628
38417,-5986,2665,6405,1250,-846,-643
38418,417,5830,-1555,895,1798,-1600
38419,3922,6512,3893,-1062,-1197,-40
38420,-6069,1336,7025,56,-1213,527
38421,-6635,1160,-7871,1283,667,-555
38422,-67,-141,-785,-424,-1903,408
38423,1115,1362,-3547,-530,-1150,1789
38424,7420,-6112,-643,1173,264,-483
38425,-4623,-6383,-2230,-1592,1668,1684
38426,-3017,6982,1755,830,567,818
38427,-4048,6004,7916,861,293,905
38428,-7171,7677,3300,1299,-1738,294
38429,-3143,6061,2093,1251,852,367
38430,1083,6998,-4514,721,-1356,-104
38431,-5499,-7659,-5406,398,-1878,297
38432,6410,-6415,-3365,632,-847,-1176
38433,3467,6464,-2898,-871,305,-1439
38434,5863,4467,-7147,1435,196,-372
38435,7700,-7689,-7946,1115,-360,101
38436,7147,-649,3188,-1652,319,-639
38437,1066,4371,-2082,-1425,1299,371
38438,-7907,-6236,-1883,1028,1563,-1002
38439,6001,-6396,3265,413,-1077,1370
38440,-5055,198,-3715,-549,435,-107
38441,3939,-6366,-4265,95,534,-477
38442,2420,5230,2099,-1948,-1157,-1318
38443,2787,5614,2476,-1534,69,-1360
38444,-3619,6302,-4094,1761,-633,66
38445,-6917,4095,-7339,-155,1706,76
38446,2811,-6705,4342,-474,-261,-1959
38447,3557,5822,-521,957,-934,-1046
38448,4971,-2348,5347,-14,1967,-932
38449,-1643,6965,-1294,-580,1516,-635
38450,3371,1493,2839,-1140,1345,821
38451,6112,-6662,-7610,-1297,698,-902
38452,3087,-5702,-6791,-413,-1071,852
38453,-7347,-554,-3222,1928,-535,-1527
38454,-6111,-1708,5569,-40,-699,347
38455,6085,1839,3156,53,-996,-86
38456,-825,-3302,5680,1755,-418,911
38457,-1059,5096,3910,-273,370,-1185
38458,-7106,-6952,3721,-307,109,-1049
38459,-6113,-7283,-6064,-1991,-1296,-1970
38460,-6999,7829,536,-649,1982,-589
38461,3647,-4342,-2134,-944,-872,-1073
38462,5099,950,4669,-1931,-1045,-1756
38463,-6627,6073,7323,-1428,-1270,-616
38464,-275,2881,4193,681,-38,-1485
38465,-3828,3521,-4201,538,362,-701
38466,-2121,1841,-6129,-591,365,-1576
38467,-6503,5901,-5351,595,-453,1020
38468,7289,5838,-2491,461,-758,1653
38469,3145,5220,-7876,-209,1719,-178
38470,93,-4455,7625,1457,1099,1232
38471,-1716,3893,-5622,-1165,-1383,1657
38472,-888,-2040,7891,602,-85,750
38473,-7200,-3106,5930,1586,693,692
38474,-10,-2986,5034,1955,-795,289
38475,-1807,-7800,-2843,-927,-660,258
38476,-4291,-3315,3543,-1109,-559,-799
38477,-163,-1622,-4943,646,212,-1497
38478,1754,-1161,-6660,-1235,325,216
38479,-989,-6503,2464,-1202,-1966,-9
38480,-5469,6879,6636,-844,-1248,-1926
38481,-343,-3361,5353,367,1798,-750
38482,-6254,-4964,-6825,-1312,-698,-626
38483,-695,4798,-746,-344,-1586,295
38484,1526,3345,-3056,-129,708,-726
38485,-874,-4190,3098,-610,597,1173
38486,-2647,-4555,-7214,-1123,368,-708
38487,5039,6304,-5323,-61,1864,-202
38488,-6929,-3207,5367,953,1954,-706
38489,-4560,-7420,-6746,-128,-1765,368
38490,-5569,-2973,-3196,-1636,-200,-46
38491,5666,4321,1176,-781,249,-1596
38492,-318,-4835,-5410,-1698,450,974
38493,2365,-6275,-4036,-1005,-453,761
38494,5193,7334,4531,405,70,-1240
38495,-3194,6841,7265,1247,-1059,-949
38496,-6258,-7693,3244,1850,157,-1063
38497,974,-3776,-6174,385,-246,769
38498,6699,-3078,-6306,-1957,354,505
38499,6349,5375,2914,-1164,-312,-1207
38500,-4761,-2991,-6800,504,1182,1494
38501,6970,-5422,388,623,-515,1318
38502,268,2318,-6133,-997,-1393,133
38503,7511,6040,850,414,121,-1093
38504,7590,-1005,-2928,-1344,-1870,-112
38505,4570,3590,-2893,-1140,-225,504
38506,-7518,5994,-5891,1461,-830,118
38507,-7231,4259,-562,-1684,722,287
38508,-5184,-3822,7021,-1862,-1751,1277
38509,-1601,-6502,-7534,651,818,1531
38510,-677,915,4483,1555,376,-392
38511,-4232,7058,-7360,10,1445,1032
38512,-1542,-5507,7009,255,774,681
38513,-3880,5111,233,-677,-218,-1927
38514,448,-4615,-6069,-1016,1205,-1139
38515,64,-226,3704,1708,-1604,1615
38516,-6543,-1745,1594,721,1339,-1027
38517,-4172,5659,6166,382,-1712,-1491
38518,-4117,2654,5913,86,-1424,-1783
38519,1342,5334,3995,-1141,489,-564
38520,5327,2100,-1216,-4,-1657,-607
38521,-7543,-2467,4349,1403,1770,124
38522,-5995,6723,-3211,1241,-607,1735
38523,6404,-2466,4100,-1239,-1896,1308
38524,-4648,-377,-3481,-1656,-10,941
38525,2492,7404,-5788,-922,-407,611
38526,-5916,-3931,5545,-1026,-300,1391
38527,5986,-5728,6238,911,-109,940
38528,5748,-676,-7727,1989,-851,-231
38529,7051,255,-1701,-698,1052,-1783
38530,5972,-1796,4348,1387,-436,602
38531,-1429,-5913,-4133,974,150,435
38532,-212,4500,819,508,1775,-1649
38533,4828,5771,6092,-667,734,-1253
38534,-2060,341,4626,-759,-822,-1288
38535,1008,-4573,4576,215,-740,-1310
38536,6758,-2141,-3949,-1089,225,-1426
38537,-5260,878,195,848,585,-1514
38538,-2673,6657,-1520,193,-386,243
38539,5952,2039,840,630,1027,-1841
38540,5079,-1992,-895,1446,-628,1784
38541,-5526,5286,7063,-1628,1977,965
38542,-2160,-3404,2079,935,-977,1390
38543,-315,971,-2976,-177,1119,-1215
38544,-6812,7945,-6851,1743,596,-969
38545,4792,-2078,-511,-656,575,1448
38546,5641,-7450,1496,-643,1830,112
38547,-7580,-1475,5525,-1389,-1841,-1055
38548,-5179,-7508,-7609,564,-1842,-883
38549,-1945,-1837,-1024,735,589,1239
38550,510,-7511,-1625,1913,-391,-1452
38551,4340,3686,-2142,1323,945,269
38552,-5544,7567,-2969,1680,1340,153
38553,-546,-5383,-4383,865,-394,-1567
38554,-4332,-2385,-3838,-163,-1319,1644
38555,21,-3009,3107,-1451,594,1896
38556,-2134,-2643,4217,-149,-1483,-1108
38557,1778,329,-3482,401,-1418,-1364
38558,-5365,-4659,7238,-1411,-336,-762
38559,-3985,1654,7196,203,1446,230
38560,-7258,-911,-4740,-1781,1759,1782
38561,-4113,-5251,-2921,-1508,-1100,1767
38562,1075,6586,4552,1903,-1074,-916
38563,-973,3986,5031,-145,-1105,-1211
38564,863,58,-5782,1822,384,-1210
38565,256,2782,-1547,1670,-1008,129
38566,3852,-3388,3444,901,-36,1492
38567,1645,-4577,6900,1557,-348,-1453
38568,-692,3109,6435,-1970,361,221
38569,2210,1737,3155,-808,845,-1435
38570,-2486,-1705,-2420,28,-201,-139
38571,-3916,-7234,865,1474,-1925,-1628
38572,-1724,-1072,2789,1595,717,371
38573,-1298,-5784,-2577,1209,-1802,1143
38574,-5035,2198,271,587,1183,-1785
38575,-1439,7896,-3748,-419,-909,1160
38576,-2816,-311,-1189,1832,-1368,324
38577,3731,1190,-4965,-365,-1068,-1226
38578,-5658,1534,2818,-334,1348,-404
38579,-5416,3499,7295,-1793,1768,1128
38580,-2936,-6767,-6506,961,-881,1321
38581,6964,6725,-2816,484,868,1650
38582,-7159,-1851,1333,401,-269,-320
38583,7887,7872,545,394,316,832
38584,-4007,6907,-2881,88,33,-1998
38585,-2093,2812,-3370,23,-197,404
38586,-4293,-1507,7601,533,-804,-591
38587,-7708,785,-3659,463,-259,373
38588,-333,4650,-6550,-891,1261,-1394
38589,597,7906,3780,1599,-1003,971
38590,-1342,4839,2456,-755,-305,-304
38591,-5460,-1694,299,-125,-1337,-778
38592,-3105,-5363,7755,1535,1923,-170
38593,7486,-819,-785,-1693,468,-637
38594,-1795,6263,4569,-1947,717,1749
38595,5240,-4141,2225,1328,-345,1460
38596,5471,-6657,-368,580,-805,1345
38597,3823,-5303,7552,1364,-1544,-1990
38598,6778,-7582,7377,-1863,1200,-603
38599,-356,6648,-5261,949,-87,-319
38600,-4437,-1329,1439,95,1463,1956
38601,-6901,7177,4884,764,1735,-1494
38602,1023,5880,-407,-1113,-404,1742
38603,4067,-7734,-3307,-662,662,-650
38604,4909,891,-1514,333,1971,-1382
38605,6981,4831,652,656,-1144,1433
38606,-4018,-2819,1388,526,514,-1767
38607,-3723,-3330,-4824,1749,248,1096
38608,-1526,-1465,-3218,514,-1963,1492
38609,29,-6164,-6212,-1471,627,-1924
38610,4656,6510,-5907,-906,185,1724
38611,-238,6819,-2757,656,1827,-191
38612,1793,132,3427,344,-1170,479
38613,-275,-6380,-3211,-503,1909,-932
38614,643,-3716,7046,-1609,-752,-105
38615,2032,3471,-4188,1589,-1194,1581
38616,4776,2470,-1294,-1294,-1876,472
38617,4135,-1737,2645,-922,1438,1128
38618,-6815,-6528,6334,1908,-1126,675
38619,6021,-1811,805,-200,-629,-316
38620,3612,-3179,-6079,-690,1877,1563
38621,3056,-682,6696,-1102,82,-914
38622,33,-4718,6814,1242,1298,-534
38623,6231,1445,7945,-1804,-700,718
38624,-7355,-89,-1347,1032,-1874,-539
38625,-562,-3223,-1326,-1169,-1157,1496
38626,-2519,4486,-5902,-1243,1300,-1868
38627,2429,-4202,385,-386,-1807,1828
38628,-3325,-3000,-1039,-858,1325,-1290
38629,-6741,7174,3737,-694,-1295,-475
38630,6700,-217,-4314,-1977,-1555,938
38631,1903,-4249,-3402,620,-374,476
38632,-1614,-1732,7895,-294,-1374,-1280
38633,-4838,7432,6564,-604,-1368,-568
38634,7376,5219,5546,-1321,1317,-1215
38635,-7740,-6980,-4780,1850,713,1
38636,-1157,7024,2426,-1569,-1651,1670
38637,-3699,3840,-4366,-497,1612,726
38638,1080,-7263,880,-1093,551,506
38639,-2045,-4006,-7088,-1320,1909,-1070
38640,-3750,-2121,-7530,-380,-349,-644
38641,400,2742,5797,196,-549,-1159
38642,3570,-1075,-5684,1216,-228,607
38643,7198,1847,458,-395,-86,925
38644,5175,6077,404,-1561,-209,-787
38645,-1440,5530,-3403,1927,-731,1872
38646,1792,-3154,4830,-1304,1197,-1972
38647,4691,4405,-7038,-1748,1793,-1055
38648,5993,6837,-1305,1989,1758,-1248
38649,-4210,-601,-7067,1094,894,1089
38650,-5163,7979,4773,1432,288,-1195
38651,-4051,-7551,7567,-1248,-1462,157
38652,5860,1643,7188,-1127,-958,30
38653,2011,4313,196,-573,-772,-1193
38654,7008,4957,-7619,1708,1308,-1221
38655,3054,965,-6951,1970,277,-353
38656,7217,2302,5045,1945,1190,137
38657,5057,-7737,6400,237,329,-687
38658,4968,-6473,-6196,1808,1693,1729
38659,6663,-7972,-5797,-190,837,1543
38660,1296,3685,5297,1212,218,-751
38661,-6329,1745,1153,1593,-3,-1570
38662,875,-3330,-6434,568,-1824,1236
38663,-5783,3041,5704,113,1863,1705
38664,7474,-3675,-4730,-1576,70,125
38665,-2394,6297,-7151,1982,1759,432
38666,-7469,3332,4231,1417,-1102,-1045
38667,5321,-163,3684,494,1583,1390
38668,-5775,3499,-7623,-1363,602,-1077
38669,6298,-4755,-280,630,792,372
38670,-1272,2423,2044,1883,613,1534
38671,1637,2767,3917,-1716,-785,-1060
38672,-3805,-1855,-6680,-1974,359,1088
38673,1133,-7169,3418,631,-1568,-1629
38674,-7995,577,6347,534,248,141
38675,-4974,919,-2082,-1465,696,138
38676,-1792,-115,6713,-272,923,-554
38677,6340,7982,6444,798,-762,1499
38678,4802,3657,-1181,1791,787,1112
38679,-1226,3777,-5519,842,-71,-72
38680,-123,-6332,-1215,-1021,-1437,444
38681,7800,5907,-2796,-551,269,-751
38682,6703,305,882,726,-791,1217
38683,-4808,4273,106,-1727,-1122,715
38684,3468,752,7372,352,1865,715
38685,2479,-1408,913,-396,-975,-563
38686,5790,7040,-5519,1994,332,1857
38687,-218,5469,5903,1931,-1615,-1616
38688,-7480,2188,4823,-181,1916,1426
38689,-6137,1793,6073,367,-1656,1790
38690,-5294,561,-2446,1793,1877,1471
38691,-5216,-7923,846,-1752,-707,-42
38692,5888,7419,-1763,126,-92,-420
38693,7140,1212,1331,-216,333,1267
38694,3771,-1618,-2596,1291,935,-678
38695,-3410,2790,-4309,-542,1504,-690
38696,-830,7929,467,710,-697,-280
38697,2350,-1873,-4008,-1671,1077,-1816
38698,4222,-371,-712,-332,1703,-762
38699,-634,2050,6041,-1426,-559,1948
38700,-3044,-6346,-1596,-907,-1790,20
38701,561,6700,3304,1136,-1836,-1593
38702,5236,-4053,-1247,-1923,-1971,1921
38703,-5176,2851,3682,1593,103,1433
38704,3702,-2165,-673,-62,249,174
38705,6570,6191,-6051,1806,-124,1800
38706,-4055,-3510,450,33,220,-738
38707,5196,-4445,-4269,-1103,1634,1635
38708,-2187,3606,-1927,542,-1648,-1144
38709,-2529,-3464,773,184,881,-45
38710,-6101,-6686,-5949,1159,-1347,427
38711,-1502,-4375,-5019,-79,1426,-436
38712,4008,4199,2265,-767,1474,-1589
38713,2562,-2876,-7116,973,628,-1554
38714,2356,2468,3741,-1845,-319,76
38715,3823,-6864,-4114,-770,539,-44
38716,-7520,9,-3517,-922,902,226
38717,-1853,-6320,3954,-1703,1350,-112
38718,3855,4764,5995,-584,-113,-1459
38719,-2851,-1565,4147,18,626,1010
38720,4178,2327,-2715,-186,605,1152
38721,-342,6550,7467,-1009,143,240
38722,-6154,-4396,6913,908,1025,-1770
38723,7122,5482,2258,1738,86,1350
38724,755,-3489,-1571,-225,-1105,-1193
38725,-3520,-7762,7197,-1102,902,-55
38726,-6097,3431,-3548,-1039,-1522,-632
38727,-3349,5961,2564,1152,1344,872
38728,-276,4180,7955,-406,-39,-1098
38729,5274,-1437,-7162,1586,269,-253
38730,-5294,-7435,-237,1025,-748,-1589
38731,-1638,-1522,-7018,-1638,1246,-1561
38732,5375,-3735,5820,-824,623,-1651
38733,5203,-2590,1819,1586,1753,-198
38734,-7452,-4708,3720,293,176,229
38735,5255,-2503,4082,242,344,690
38736,7491,-6789,331,-1473,222,-1072
38737,15,5332,5648,-167,1038,-2
38738,-7469,-3196,1514,1479,1540,409
38739,2195,1284,1599,-1494,-113,1278
38740,-2186,6108,-6466,-1611,1508,-369
38741,-5542,4629,3315,-1790,627,-1635
38742,409,4387,6239,-261,-195,66
38743,-2751,-7132,-1249,-899,1814,800
38744,2375,-4994,-189,-166,1020,445
38745,1781,3308,-387,-768,1443,-632
38746,7736,-7934,-7376,1524,1198,-1124
38747,-5107,-1178,7712,1418,365,1447
38748,600,-4197,1146,1985,-1335,1387
38749,-5925,5380,7608,-61,-1939,874
38750,7212,-634,-5095,-1945,-207,1796
38751,5077,7339,-1174,-1068,-1822,1344
38752,-6900,-707,7381,-385,257,-1479
38753,-660,7322,6708,1660,115,-412
38754,-1389,-3281,-3551,176,1633,1232
38755,-1040,-179,7561,-1920,1364,-980
38756,-2226,-4017,-1462,-1936,979,-1608
38757,-1487,1043,-718,1340,-1660,503
38758,5792,-6027,4555,1633,-165,1368
38759,1574,5753,-2451,-290,-1368,-1332
38760,319,-6851,-5257,-1937,-1147,1138
38761,638,7146,3272,-30,1671,-526
38762,5157,1001,-6508,-1550,1641,-1559
38763,-73,6977,6885,413,1266,628
38764,-2471,3222,3189,1400,-543,1550
38765,6819,6451,106,-829,-1853,-1367
38766,7204,-7905,3099,-1727,1885,-1997
38767,1493,146,63,-1245,1545,1206
38768,-2415,-2810,-1523,1672,777,670
38769,-5796,3667,-1955,1362,-1338,-1304
38770,7999,6810,2129,190,959,874
38771,4750,-2528,-4872,-1821,-1605,-286
38772,5687,-107,810,906,-1589,1160
38773,5720,86,3258,1524,-1052,-492
38774,3385,-2516,-1502,1428,-719,1435
38775,7949,6375,2209,-650,-848,848
38776,-7771,5972,6248,586,1502,922
38777,2772,-7109,-4899,508,-1145,614
38778,-4851,-7607,-1069,1582,193,49
38779,-3769,-4159,-5224,528,-383,1026
38780,4892,-2660,7390,-723,-1829,572
38781,-1915,3791,-2356,243,-817,-1603
38782,107,7227,-1530,972,128,-549
38783,-3896,-2171,-3040,-1545,1460,1766
38784,5921,-7967,1352,-39,1653,-493
38785,6146,503,-6524,-161,-746,1177
38786,-4410,4204,1196,832,1476,-6
38787,-3285,5559,-5601,1027,-101,1554
38788,5342,4047,3505,-1274,-298,-1372
38789,4517,-6685,-7153,374,-746,-1315
38790,-3247,-6351,1977,-1308,-738,659
38791,-1064,5871,4211,1875,839,-907
38792,-4609,-1066,5761,1515,-370,-1239
38793,2291,-2739,-2958,1036,-791,1266
38794,-1973,-991,-7039,-38,593,-739
38795,-5682,-858,-6908,1876,-1566,92
38796,5062,2610,-1339,-820,1690,1172
38797,3013,4664,-5062,-1359,1149,1852
38798,4440,4633,-6271,-1646,-26,1828
38799,7642,6946,-2380,-1893,1211,870
38800,-5523,2621,495,-1437,1780,-1283
38801,-5719,-2157,-5518,-1487,-1905,-935
38802,-4177,1556,6551,1895,906,184
38803,6869,1523,5484,-140,-1652,-1823
38804,-3946,-3735,524,116,-243,46
38805,-1149,-1346,691,-645,1023,-1882
38806,-7219,5386,-5184,-1978,808,962
38807,3918,5038,5364,-1729,-577,-63
38808,3225,-724,-402,-1466,-1120,1744
38809,4680,-5114,4171,-547,-479,221
38810,2361,3502,-4912,-455,-1884,-208
38811,-7291,7966,-2834,1600,652,1113
38812,4398,-504,7445,749,-1228,-1800
38813,5200,-2005,-3455,-1624,17,-1284
38814,-6114,3327,7286,-289,139,-691
38815,-3581,-2225,5448,588,263,-1166
38816,-1611,-1454,5582,-1526,646,-1306
38817,-785,6356,-997,-235,-5,1421
38818,7021,1641,7881,247,-157,-736
38819,-415,4735,-2103,1950,585,1925
38820,-7550,-2085,-1203,-782,12,-706
38821,4776,-200,623,1288,-474,486
38822,7046,-4943,-7292,335,-1141,1288
38823,2835,-4765,3908,-434,-300,626
38824,-5136,-4236,7472,-1263,-716,1315
38825,-6017,3266,4316,1883,-1712,-285
38826,-3432,-3046,-6707,-504,-285,-1058
38827,5493,-2529,6872,-1367,1364,1308
38828,-4272,5179,2417,-430,-1504,364
38829,-951,-6474,2457,1394,-87,-99
38830,-572,-6776,4947,712,12,1545
38831,-5689,142,-1454,-1187,-1491,1384
38832,7554,3420,5371,1471,-854,-991
38833,7820,2978,4717,-1085,-1326,-1950
38834,5313,7250,5916,-569,-821,807
38835,-1727,-3208,-4623,910,-1111,54
38836,-1876,7905,-7367,675,38,-984
38837,-2825,-1523,3196,1585,-1975,-1802
38838,7556,-6083,-2711,-47,371,54
38839,1779,1466,6706,88,1071,1979
38840,-5146,-1559,5717,941,594,515
38841,-1572,7951,-2837,-399,-1836,-200
38842,-2600,4508,-5320,-1801,611,337
38843,2220,5575,3486,1318,143,490
38844,6018,-3462,-3450,1080,715,1199
38845,6365,808,2008,-619,832,594
38846,3345,-1951,-3989,-775,-700,-120
38847,-7917,1499,-3340,-1973,1857,747
38848,7938,-5080,724,597,1048,455
38849,-3679,-5263,3456,-1603,-245,-29
38850,1783,4138,-396,-1919,753,1262
38851,-5200,-580,5094,869,1786,-1069
38852,2615,1881,7312,-240,841,-1996
38853,-5776,1709,1774,733,-1157,267
38854,3165,-390,6861,30,316,-565
38855,-7503,5640,6791,-1903,-1373,-1139
38856,-7281,2185,-2558,-42,210,-892
38857,-7225,5837,-5997,1757,-675,-880
38858,-4417,3627,7029,379,937,589
38859,3703,7514,1638,-689,-1260,589
38860,5664,4620,-4119,-672,75,-1192
38861,-1197,6243,-1647,1163,998,-122
38862,-3231,5461,2980,1230,1338,-501
38863,-250,1870,4983,-1217,325,567
38864,5548,-7951,2344,-827,-1319,-966
38865,-7516,-123,-6654,-1087,-1328,1860
38866,-5491,7177,-5989,98,-674,1663
38867,7077,-864,432,-1383,1630,-1423
38868,2274,7296,-1249,-186,538,1627
38869,6161,1650,1344,-1678,1146,981
38870,-1046,4051,-4300,-784,-217,-1619
38871,-3495,1686,3533,-1739,-32,1741
38872,-1589,4740,1618,-1275,-1072,1640
38873,3500,-6935,-3608,968,-1554,-426
38874,2818,2659,-1552,80,222,349
38875,-6321,-6347,-4133,-156,-1342,-621
38876,-6612,3126,133,-1215,-1926,1162
38877,6472,4246,6412,247,-1175,918
38878,-2745,5535,-6945,861,-674,471
38879,-4844,772,-2240,-707,-785,741
38880,1580,1576,-2133,-1576,-1133,219
38881,-1585,3837,3437,506,-713,-1148
38882,-1082,-1781,-2466,-1972,718,-164
38883,4324,7039,6602,-425,-1242,-26
38884,-5887,-5194,-972,-36,251,-1516
38885,-2235,5097,-803,-1036,1823,-140
38886,-1993,6720,3746,-210,-1981,-591
38887,-3901,-3078,-5089,-713,-559,-1867
38888,1527,-7200,6181,1844,1672,-996
38889,-723,6929,1611,1888,743,-1229
38890,-6012,-3771,-467,305,773,-19
38891,4955,1126,6693,28,-1730,-89
38892,-2368,3983,6030,1184,174,1276
38893,-555,-3887,-4963,1960,-431,677
38894,1998,5204,7912,1292,55,-1323
38895,1530,3550,4016,-778,-1010,-709
38896,-7497,-7390,5307,576,-973,-234
38897,3328,7234,2349,962,-1290,-920
38898,1412,4928,1474,-627,1335,-791
38899,-7003,6835,3885,-675,-351,-170
38900,-2081,1295,4638,1892,-1687,-1204
38901,-491,-4863,-2237,1000,147,270
38902,-5304,5896,-4972,980,-573,-777
38903,490,-5642,-1972,750,-480,-140
38904,-1266,-1821,-1365,1367,-1816,1271
38905,-6624,2295,4123,-1062,-1447,1674
38906,205,4280,3376,-1207,285,-495
38907,6074,-7352,-7196,-1896,1955,-1733
38908,5542,-3677,7079,230,1561,1091
38909,2669,-2438,-19,-294,-770,1382
38910,-6592,-1806,-2014,882,-1344,-188
38911,-4333,-7598,6893,1615,-1472,-1150
38912,-3896,6064,-5591,-1495,-1302,1606
38913,6813,77,7679,341,-1062,544
38914,6395,752,-5500,1437,-1993,-709
38915,-6586,2560,-5371,1228,-439,340
38916,962,3128,2117,976,-445,1227
38917,3885,-5782,-4638,-1917,1439,85
38918,3776,-825,-968,-552,194,-637
38919,4905,-3309,-5218,1857,-956,582
38920,-3221,5293,6954,542,-690,1103
38921,-3282,481,-4828,-104,-612,-773
38922,-7911,-4438,-2872,-1563,1941,584
38923,534,-4183,169,-1189,-124,1294
38924,1817,-4229,7887,110,-1064,-641
38925,2562,-450,3155,25,-637,1927
38926,7183,-6365,18,-1243,-182,1122
38927,-7140,7475,-4670,-820,1975,1469
38928,4813,3283,7793,1899,-1521,562
38929,-161,-2168,-4835,-960,-1771,-1384
38930,4389,3949,-2852,1308,-20,-1590
38931,3576,0,-48,-1171,1294,45
38932,-7724,-2312,-4937,-990,-29,793
38933,-5844,7816,4893,-1723,1162,31
38934,7627,-3368,777,510,-1532,-938
38935,1636,134,2893,1294,-659,653
38936,5673,-1126,-1625,-1591,-405,67
38937,4249,6484,6103,-1909,-477,-1632
38938,-7795,5885,-7105,-1328,844,-278
38939,-5068,3391,7217,-1164,-1150,-1663
38940,-3914,-5570,-6974,899,-1228,1808
38941,-1851,7749,4103,-572,-1211,355
38942,-4181,-3099,4704,902,-1514,1503
38943,5408,-2411,1625,-563,1993,1494
38944,2943,438,-3967,-1385,535,-1629
38945,-7711,-1407,6960,150,-392,115
38946,7902,-3393,6071,-696,-452,890
38947,1755,-3485,6812,1577,351,1426
38948,-6424,-7547,-4442,36,-1424,-993
38949,280,-3519,3785,-650,1191,1197
38950,1695,3493,3212,1092,1600,178
38951,-3012,-2393,-1076,738,1974,1134
38952,2889,5357,-2246,-1807,103,660
38953,-2184,-446,-1152,-193,1774,-289
38954,5686,5557,-662,-1270,-1074,-1547
38955,-6079,3796,-3656,-1177,1240,-1752
38956,-3864,-2105,-959,649,1080,-1285
38957,7271,-3560,-3794,279,-267,-335
38958,4775,5441,3390,-849,550,-1304
38959,-9,-7744,-7130,-751,-1350,-611
38960,4740,-4342,-3248,-1794,1683,-1106
38961,-304,7780,-3131,972,1942,1220
38962,-4603,-5812,5242,-204,1904,-1928
38963,-4743,761,629,-241,1713,1512
38964,6822,-917,-2094,-1269,897,728
38965,361,4437,3532,-34,-1625,976
38966,-6802,-7350,3977,1640,-1035,-619
38967,5575,-1064,219,381,1961,1337
38968,6332,301,5138,653,-164,1666
38969,184,-2068,-1720,1244,-506,1943
38970,-6478,-4741,-5644,-1392,-1122,-1725
38971,-6730,-6578,842,-562,-1924,91
38972,-5245,1415,409,-1390,-91,832
38973,-5443,5948,-2599,585,1246,-381
38974,4532,-4451,-996,1383,-734,-25
38975,2341,5938,6573,-1407,1478,-411
38976,-5440,3129,-3020,1201,1960,-734
38977,5443,3486,1996,-1970,-1796,-1879
38978,5645,4781,3194,1093,-1936,1240
38979,-4709,-6843,4521,1596,-778,-37
38980,-5712,-3990,7227,-929,-764,748
38981,-1781,-1917,2565,-706,1058,-1925
38982,-2945,-7662,4524,1692,-37,716
38983,-4763,-4155,4494,1653,996,-689
38984,7306,-5315,6521,261,-244,-227
38985,-990,-4948,2252,70,1877,-69
38986,-3705,3608,-266,-688,769,1669
38987,-1942,-7737,-4856,-448,1847,1115
38988,7853,-2205,-2751,-365,1916,649
38989,3810,-2825,-3557,1552,-157,-1913
38990,-2480,-3423,3768,1172,1831,-1230
38991,-3201,975,-7550,-795,1316,965
38992,-2471,636,7007,306,751,686
38993,2917,5697,6028,-1774,-217,-1038
38994,1398,-4870,527,1768,325,-911
38995,1595,-7336,370,1591,1839,421
38996,7565,1473,-1410,-301,160,1844
38997,-5734,513,4355,-797,-98,345
38998,-3819,-6488,-6713,-924,854,821
38999,5199,-3143,3707,-358,-310,-711
39000,1190,6232,809,153,-773,1013
39001,2344,-2321,-4724,-1418,-519,-231
39002,-63,2696,7213,-200,-1603,-1086
39003,7127,-3372,-456,-657,-681,1833
39004,-2708,-3590,4172,-1242,1935,936
39005,-7340,-635,260,36,-335,-1411
39006,-6365,1170,-1082,-1340,1969,1110
39007,5222,6901,1190,903,-886,201
39008,6875,7304,-6832,300,688,1265
39009,7780,-6631,5245,674,-576,540
39010,-5541,5294,-1107,726,347,1980
39011,5364,-3679,-5434,-1181,-1714,1004
39012,-2034,-4588,-1504,1239,487,322
39013,5553,-2743,-2393,-1933,-547,152
39014,-609,-4688,-1237,992,-1880,1302
39015,4343,-921,7731,1808,1929,-1884
39016,6754,278,7557,-690,-1393,-1476
39017,-982,-3833,1822,-238,643,-1219
39018,1581,1323,7597,-213,-1201,-1912
39019,-1391,7299,7945,1800,1439,1200
39020,-5261,-4568,-3971,647,1050,-101
39021,3387,6208,317,-1910,200,1930
39022,312,-5073,1455,-299,-33,5
39023,-7573,-6204,3121,1064,-1738,260
39024,-3602,6952,931,1287,-670,294
39025,1414,-380,-2662,1231,-961,1180
39026,5570,-5251,7976,-1817,152,-1031
39027,-2459,7413,3969,776,176,1981
39028,-7348,5850,1583,1430,-1963,350
39029,-3464,-211,-3763,-1833,-1033,555
39030,339,-2679,6473,1101,376,739
39031,-4382,-4938,7882,557,-1695,-224
39032,5875,1431,416,738,-1378,1403
39033,3584,-7725,1686,-208,-686,-413
39034,-677,-2853,-2925,1178,-1932,318
39035,1083,-5613,-6410,-663,1988,-364
39036,2444,-308,-4393,-661,632,-1574
39037,-6339,3691,-1507,-50,897,-355
39038,-7682,3206,999,-1995,53,1437
39039,2861,6593,3100,26,-1712,1481
39040,7052,3165,-5440,-480,-453,-1524
39041,4184,-5081,5029,1801,158,-1699
39042,161,7090,2708,168,-1830,-1960
39043,-6758,6680,969,-1580,256,1797
39044,-7023,-7891,1922,701,661,1332
39045,-7093,4832,-5370,1987,1156,1546
39046,2120,7725,6937,1994,-1317,745
39047,2069,2468,6425,-908,715,-1404
39048,5174,5215,7295,1224,-1299,1927
39049,4252,4375,-4888,-1724,247,671
39050,5570,-5028,6495,-1017,621,1476
39051,1389,-1953,-7814,1632,-1973,-1295
39052,-4335,-3371,-1621,-1022,1350,-1442
39053,-4576,823,-214,-639,703,1040
39054,6369,7973,-5587,-354,-43,61
39055,-3437,1,-5329,-30,-1255,-1069
39056,7939,-5165,821,-1638,1814,-441
39057,-1901,-5283,1625,772,-111,-582
39058,3752,-6357,1080,212,-515,-935
39059,6861,-4469,-4033,-878,-1929,-689
39060,4975,-2602,-1931,-56,-1572,1944
39061,-7122,6281,7415,-1462,-1083,-674
39062,-3365,-1296,3946,-530,1533,1571
39063,-3527,-5409,4273,954,-1386,84
39064,6217,2676,-7729,524,-1023,1821
39065,3444,-3779,3845,-455,-777,-657
39066,692,-7011,-2599,-642,-831,-1890
39067,-2004,-5250,995,-547,-1148,1165
39068,6413,607,5641,-1854,-1095,57
39069,-7145,4590,2180,185,715,-837
39070,5309,6523,-1272,-1147,-1246,64
39071,7644,-812,3566,1988,-514,1226
39072,7138,2908,-2162,-1491,1270,-1332
39073,-7233,-3180,-718,1847,-703,675
39074,6724,-6682,3850,-1706,-273,-771
39075,-7881,5860,-7249,227,-817,1622
39076,6023,-3737,-3783,-287,593,1204
39077,547,5335,-2690,563,415,1342
39078,1929,6716,6349,-1205,-1216,-1626
39079,6449,7724,-3379,438,-1270,877
39080,4852,-1552,2591,-592,1142,-867
39081,6827,3500,-6588,655,1740,442
39082,1228,1844,1741,657,147,1270
39083,3337,6244,5478,-1386,34,621
39084,6459,129,2463,678,-665,196
39085,3445,1183,7554,1601,755,-1511
39086,-5150,-5883,-2889,-200,86,557
39087,1790,1129,1912,-1012,-16,1308
39088,-4016,-187,-3491,-1218,-1307,1573
39089,-119,5219,-3525,-484,1558,-793
39090,6698,2549,-659,1863,-1489,-462
39091,-6063,2667,-2668,-141,1958,254
39092,-2746,2933,-6359,810,294,-1680
39093,6497,-3054,-3062,1415,-562,1517
39094,-3959,4466,6009,-1810,-993,-1072
39095,7136,2278,-7934,-1768,-33,328
39096,6976,3167,5023,-610,261,904
39097,1063,6606,-7102,1078,197,-1207
39098,163,1664,-3343,1611,1646,-1198
39099,-2952,-3885,-2544,-825,1718,-947
39100,3030,1949,3279,-263,-1793,-1096
39101,-5690,3453,-5249,-1568,1386,1500
39102,2227,-4563,-3210,583,-1887,-1261
39103,6385,-2962,-4208,1176,1627,-823
39104,1553,-2497,2485,-1427,1275,-27
39105,-6902,4722,6568,-1915,-524,1226
39106,-7568,-4805,-7556,-380,721,-890
39107,-2531,1903,-5249,1090,1884,-201
39108,2504,-5930,4803,1319,817,1583
39109,-674,1024,2678,1374,365,1141
39110,-2050,4532,2870,-537,881,-1120
39111,-3768,4264,-6583,-1445,-378,585
39112,1295,-5072,-7153,1791,-357,901
39113,484,-7935,1570,1931,871,-1149
39114,-7418,-2372,-1766,-296,1154,1797
39115,-6139,4717,509,755,-1946,676
39116,3888,-3076,2501,-285,358,-1446
39117,-2647,6797,-6961,984,-141,790
39118,-2457,-3332,-917,295,779,1812
39119,-2426,-5623,-2750,801,-281,-1529
39120,-88,160,-7561,-1797,-1562,-1379
39121,7125,5455,6861,-985,54,601
39122,4157,-512,4188,844,-1365,-1688
39123,7497,-41,4601,-940,-774,467
39124,-1098,5498,634,-794,1141,1632
39125,1316,2151,797,218,184,1677
39126,1935,1162,1738,393,103,-1698
39127,1577,-7299,-4924,-809,1767,1316
39128,-7722,1324,-3478,-969,-866,24
39129,-4454,-2755,-757,-206,1235,1183
39130,-3742,-5473,-5896,889,968,1000
39131,0,7488,4889,1301,-1383,1644
39132,-2898,-1099,1481,169,1830,894
39133,-3486,3819,-6001,-134,-1093,-324
39134,-6228,946,-5535,-1734,-698,811
39135,-6164,5101,-7888,-250,-1463,-962
39136,-1811,3384,-6117,-1143,1380,691
39137,-3184,6440,-5713,-1508,-1094,-722
39138,3607,-7243,-4933,1179,1016,809
39139,377,-2404,-937,741,255,-1637
39140,-5649,2143,-444,-996,1284,-190
39141,-302,3772,-3980,-494,-1373,-1041
39142,707,-1335,-174,-968,1679,1830
39143,2428,3938,-4385,-690,606,-920
39144,-1329,-2017,-4180,-1951,-210,1288
39145,-913,-4398,-6910,1079,-814,-1156
39146,4154,-487,-3107,734,-478,253
39147,-1125,-1571,5998,1551,-1813,-1444
39148,-3328,6746,-3479,319,1493,-874
39149,1521,6250,7588,1714,1588,-1856
39150,-7134,7702,-6723,209,-611,1451
39151,-93,4889,-7587,635,1687,-567
39152,-6777,2670,2963,-515,601,1787
39153,6224,6688,3782,-435,36,-223
39154,-5434,-3758,1832,-1464,1134,776
39155,-2129,4953,1191,1715,-493,1949
39156,6814,6516,2174,-449,361,509
39157,5573,6674,1869,-1651,-1033,1521
39158,2051,3118,2376,1434,-575,1241
39159,-2820,4921,3010,-385,402,-732
39160,341,-6087,-5934,-642,1614,1351
39161,-7316,1914,2595,-940,1195,-783
39162,732,-545,-239,1051,-227,-832
39163,3937,-6051,6787,-925,781,1303
39164,-660,3438,1060,1396,1036,1981
39165,6573,-3293,-6061,-538,-844,1475
39166,-6703,4163,445,-1127,-16,1517
39167,-727,-107,-4032,-512,46,1583
39168,4908,6107,5653,1181,194,1976
39169,5902,-164,-4127,1372,-1541,-1840
39170,1932,-2284,2237,14,1738,393
39171,-1440,3606,2738,150,966,564
39172,197,-5120,-6829,-1152,1701,665
39173,5848,-5634,1880,-1553,1765,-1425
39174,-1718,-6885,-2426,-1652,-739,-1430
39175,4866,-2857,-5264,-1974,-1362,-561
39176,-1231,2189,-673,-589,-1614,-1674
39177,5303,-3144,2742,247,-1092,-468
39178,514,801,-7065,-1693,-1543,-1280
39179,-1789,3831,3386,-943,1712,-994
39180,5809,7183,5337,-775,973,-1698
39181,7866,-4903,7257,-657,-814,1301
39182,1310,2127,-4437,-1224,-750,-1204
39183,-4050,-6179,-2816,-968,-808,1803
39184,-7365,4691,3695,1755,-210,-758
39185,-6485,1404,-638,886,-706,-235
39186,-4305,828,-627,-119,-1863,-803
39187,564,3513,-5214,1145,1649,1864
39188,3934,915,-4141,-1597,1029,433
39189,-105,3044,7878,1356,-341,-1720
39190,4773,4036,4480,-1762,-180,-594
39191,-7256,-5392,-1070,-1896,710,1023
39192,7685,2768,-2333,-1974,1453,1971
39193,1677,6982,-1711,375,-1883,-1950
39194,-1470,2939,-3903,1992,1909,1592
39195,-4898,7039,5906,1475,-1130,704
39196,-6223,-677,-6237,-328,-850,-171
39197,-236,7204,4912,-1923,-171,-1142
39198,-4665,-280,320,-1300,-200,213
39199,3040,6551,-377,1707,-425,1581
39200,409,-5306,2626,-91,410,554
39201,-6804,3108,-2650,397,86,1759
39202,-4684,5333,3238,-314,-1676,-1042
39203,2796,-1678,6435,1357,37,-1603
39204,7618,-951,-3491,-984,-1635,1364
39205,4559,-3971,7718,1518,-824,1934
39206,-5839,1033,2035,-1444,1767,-1291
39207,-2168,5236,3254,-1121,1209,1892
39208,4218,4781,-3865,1411,1905,-1781
39209,6621,-3989,2493,-1986,1386,123
39210,4445,7456,6647,82,-1431,1111
39211,4036,392,7101,-16,731,-513
39212,-1298,-1868,-7322,295,702,109
39213,3000,-3637,-7673,-629,873,-1493
39214,497,-1287,-5103,26,-1127,-3
39215,-2933,806,2906,-1727,1334,1278
39216,-3953,-7472,139,1703,-539,1108
39217,1759,-755,-231,-521,100,-1776
39218,-3864,-4413,5368,-1579,-508,-1835
39219,4285,-6013,2247,-410,182,1658
39220,167,485,6990,362,-1514,1872
39221,3514,6246,7263,-317,1740,-366
39222,6837,3828,-6017,-764,-1042,1601
39223,6173,-7771,6871,660,1164,1871
39224,-7517,-372,-2846,373,345,1829
39225,-5522,6546,447,-1864,1218,-258
39226,-1638,-366,7275,827,645,-434
39227,-770,-5150,-1454,-21,-1628,-948
39228,2585,-4370,5414,-1152,595,-1971
39229,7901,341,2558,-1676,-1749,1388
39230,-1389,-5357,2812,-1866,1542,289
39231,-4442,704,-3750,1911,-1892,178
39232,-6760,-5601,-128,1876,904,1926
39233,-2149,-3066,-4140,-1053,733,-321
39234,-2506,-217,-7124,-62,1917,1049
39235,1977,-3780,801,605,1588,-1775
39236,-3859,-1676,-5950,-1245,-1071,1804
39237,-4877,4486,1139,-422,1948,-1113
39238,-1075,-229,-842,-1931,1394,-1677
39239,73,6625,-5646,-66,1136,1103
39240,991,7463,-4874,-1112,237,988
39241,1720,2927,-738,-1163,960,1053
39242,-1100,-7396,-5009,234,1005,-733
39243,7444,-7125,-5966,-1293,-1449,-76
39244,668,-7192,-5481,875,756,1509
39245,5801,244,593,-1443,1615,-899
39246,-1172,3184,5562,-229,-817,-1937
39247,-6194,5370,-2548,1924,-1051,1401
39248,-620,-6071,-7158,1055,-30,758
39249,4425,-127,5939,-1231,-1035,-249
39250,7473,-3813,-4272,-1342,-470,1866
39251,5984,-4596,6879,1689,-147,-1938
39252,750,-1257,232,1171,-1319,-131
39253,1757,1900,2894,699,-1232,101
39254,5429,-2624,-5327,-1034,-1376,-83
39255,-4670,-5604,6728,-1019,-1345,-251
39256,5526,2613,7358,-607,-593,-342
39257,7089,-7343,-66,-1719,-435,-956
39258,4208,6738,-4529,29,-1879,1880
39259,6371,6544,6309,92,-1337,-1376
39260,-7139,769,1413,1862,810,-1389
39261,-7048,-4999,-4363,1549,-471,-1846
39262,-7384,-147,-7204,1726,-498,-1242
39263,-1296,3321,4447,-499,1565,-142
39264,1070,-4790,3307,350,1312,-267
39265,165,-4732,1394,697,-1377,1636
39266,1555,-3551,-4491,1229,-469,412
39267,-2863,4362,-1104,-1610,1080,-329
39268,1944,1500,-3684,57,-1740,-656
39269,2323,-6439,-2024,1511,-1720,-323
39270,-1153,6953,3466,-1464,1349,1595
39271,-2184,-5500,-6046,1013,0,-1157
39272,-2433,-5708,-4051,1179,159,-194
39273,-3783,-3504,-5004,-477,367,-42
39274,-2709,4908,-3314,-1757,-1480,-1492
39275,-1818,628,-5328,-575,-1099,1439
39276,2281,-7013,2929,-152,1346,-255
39277,-4734,2436,4438,957,1978,-1024
39278,-244,2397,2861,-1440,-1862,463
39279,5370,-3051,-7825,184,-658,-581
39280,-1095,2514,4639,-1529,-1404,-1308
39281,-6012,-2436,7922,1870,-1067,-168
39282,-5034,-7748,4339,-1989,1396,893
39283,4118,4311,-5172,-1283,1350,-895
39284,7213,-4388,-2078,-564,177,-1586
39285,4434,-6713,7941,1252,846,-1536
39286,-4322,884,-5759,831,625,-1174
39287,2635,-1794,-4408,1730,541,-624
39288,1182,4744,1221,254,-68,-112
39289,-3322,3771,7450,1115,1144,-1136
39290,195,3732,248,-1684,-338,-1048
39291,-7918,3758,4007,-1989,-1134,-1847
39292,-40,7810,6274,1669,-1558,-101
39293,6381,3468,2857,-745,1888,-1234
39294,2198,3436,2886,221,-1253,1202
39295,-6731,-6455,1553,-1260,-1607,-808
39296,4354,-1495,-1927,-931,1862,121
39297,827,1702,-6660,1783,-30,1924
39298,-5859,2341,5497,-726,1866,-1703
39299,5787,-5533,7675,711,-546,204
39300,2639,3198,5281,829,1417,-641
39301,-170,2654,4796,-582,-1752,-1797
39302,4718,1320,5598,-1224,-983,-377
39303,-433,-5318,-2666,1433,-1195,-551
39304,6161,5389,-2750,-190,-53,567
39305,-958,-3806,-3201,-1854,864,-1337
39306,-3758,6532,2968,-511,-854,-53
39307,-2087,-6707,-4823,1109,1349,-844
39308,3006,-5795,184,1799,-1453,-1008
39309,1109,-2589,-6821,1450,-520,241
39310,-4630,-2709,7498,-251,-432,-912
39311,3672,7948,3458,164,-753,1076
39312,-45,3127,1752,153,-123,-934
39313,2909,346,1270,1186,-1090,-490
39314,-4319,6279,3857,-242,551,-515
39315,-2384,-7675,-5450,-1676,-183,-1252
39316,4272,-4416,-5478,459,-1275,-738
39317,-1444,5054,4839,-205,1977,1667
39318,-4323,6286,6134,57,-586,-879
39319,-1973,3969,-2734,-1726,913,266
39320,-1982,6250,-2179,1411,1616,1725
39321,-260,-2440,7443,-1369,-715,-1633
39322,5749,5817,-1434,-1011,-1557,-626
39323,737,7771,-678,544,-1946,1681
39324,-597,4729,3686,11,761,-324
39325,2060,-4852,1865,303,529,1644
39326,-4553,3920,5057,-436,-1827,390
39327,3140,531,3177,-1948,725,-310
39328,-7077,417,836,-1209,1617,-547
39329,-1030,-216,5306,-118,1375,-728
39330,-1920,1900,-7644,-1088,1262,1792
39331,7681,-5777,-7868,-306,792,-1780
39332,-2212,4693,-433,609,462,1418
39333,-2196,-701,-726,-1552,1412,636
39334,-839,-2195,-651,1230,175,1430
39335,-2286,-5215,-7196,986,-500,-1490
39336,-5467,4501,-2214,62,-1585,1878
39337,2381,-6183,-2069,-153,126,-1761
39338,-4843,4893,-6647,-1087,784,-199
39339,6255,-2804,7456,1759,-101,-790
39340,7796,5902,-7807,-1674,-232,1272
39341,7067,5288,5575,-1283,1557,455
39342,3042,-2964,-2990,543,742,939
39343,-7039,-1613,-3476,-1815,-1669,1116
39344,4314,-7360,1158,-413,-1788,-541
39345,2444,3250,-3540,-639,629,-245
39346,-756,3377,-1192,1129,133,-170
39347,6306,-7124,-80,1850,1164,991
39348,-7961,3048,-158,-347,-554,737
39349,-4040,3459,-6425,1047,1877,1622
39350,-5028,6731,-6690,-1684,1746,-953
39351,2770,-7406,-1009,-933,-1874,680
39352,6425,-2646,3808,1459,1647,774
39353,-5479,-3033,1105,1429,-511,1552
39354,-4701,6241,-3563,-1037,-1525,-1708
39355,-4688,3362,4814,1588,-271,-1832
39356,6721,-4557,2552,1518,1757,1853
39357,-4871,1449,1180,-405,166,-1764
39358,-3490,-1297,-3060,-217,-506,34
39359,7371,-1627,-7070,-1880,1921,-1275
39360,-4750,-748,4346,-1647,-1346,803
39361,4671,1029,3935,-1754,-1661,-1547
39362,7368,4428,-4996,-86,-1843,1567
39363,7008,2929,-3447,-1841,-964,-1269
39364,-694,-7580,4113,-1680,1661,-914
39365,-2766,7488,7447,-1780,-325,-1704
39366,-2279,7531,604,-1029,-394,-1116
39367,5123,-4148,7569,-710,-903,863
39368,-1427,-530,-3144,1633,494,1513
39369,-5586,-1397,-6844,-553,1150,-1877
39370,-1840,-7530,-5717,-1003,507,683
39371,-1253,-5934,2129,-1568,-507,-1204
39372,-560,-3344,-6940,-447,1121,372
39373,-3625,3617,-4200,-1511,1672,679
39374,-5219,535,3479,-697,832,1817
39375,4188,4167,-5598,-1094,-24,-303
39376,7592,-1821,-4835,-460,-237,1340
39377,2238,7113,-2549,714,1491,-147
39378,-4816,-5487,7955,1368,1190,1489
39379,-1794,-6684,-5606,-1156,-32,-1860
39380,6786,4530,5251,280,453,1634
39381,3314,260,-1140,-969,1320,950
39382,5478,-6380,-3590,1825,535,-1479
39383,-7155,2885,-7300,-614,-1193,-638
39384,-206,3175,4775,-114,1433,1796
39385,-3261,-5595,942,1189,1874,-565
39386,4965,4032,4640,955,-417,1990
39387,-1045,-6235,-6687,1360,-354,-1746
39388,-4397,1702,3251,-59,1407,992
39389,7105,3861,1187,-822,1923,-1964
39390,7563,4534,-2217,-1543,-1253,1403
39391,5033,-759,-1528,-534,414,1374
39392,-5170,-2342,-1369,1130,583,1752
39393,-2767,-2223,-843,478,1724,359
39394,184,-658,-4854,-1887,-1397,-1487
39395,-2358,-2775,-3050,-1907,54,-296
39396,-2503,-741,5819,591,1445,-1441
39397,6170,-1523,-648,-1041,-83,1979
39398,-3751,-4401,-4785,1366,499,1417
39399,4904,3964,7859,165,1928,-482
39400,7565,-7901,70,-673,1395,-1659
39401,6931,-5834,-2290,127,1996,101
39402,5181,5963,93,1947,72,517
39403,-534,-5027,-577,-715,-1866,459
39404,-2434,-6819,-2335,742,1931,-1205
39405,7329,3550,1136,783,1385,1723
39406,5759,5415,3058,-1650,1200,1859
39407,-6770,3655,-5806,-1229,186,-825
39408,-6945,7593,-4429,1976,832,618
39409,1734,-7661,-3037,1106,-1722,-1750
39410,2877,600,-5975,-1258,-441,-1680
39411,7574,1382,-3552,-754,1771,1617
39412,-4100,1709,-4008,-1384,-657,597
39413,7579,6224,-4123,-1466,991,383
39414,1756,6546,602,-325,-1323,1042
39415,6993,-6525,6718,594,-681,-1253
39416,-1140,-2017,4395,243,225,-573
39417,2273,-687,6353,1272,383,1614
39418,-5479,4317,-249,-1790,-1443,1448
39419,-7207,-868,-1481,-1634,201,1258
39420,-4610,-4880,5648,-1649,-962,-639
39421,6237,-5430,-6556,237,-1376,941
39422,4809,-4242,754,1171,816,-1458
39423,-3374,-3853,-1599,1084,-1521,-892
39424,-2554,6076,-4623,569,-723,-490
39425,28,4420,3173,471,-431,-870
39426,6123,1008,-4538,640,-1567,-1862
39427,-3036,-5343,-4344,-1462,1657,-1558
39428,2783,3162,3414,-1307,-695,-953
39429,-5076,6942,5214,478,-853,1818
39430,7075,2486,1868,1535,-1283,1368
39431,5575,7347,-6202,-32,-1773,6
39432,3899,-4928,7459,-67,671,1200
39433,4340,-4680,6021,-1030,529,23
39434,6052,-2245,-3364,756,-17,1750
39435,-6850,-740,-4505,-467,1082,-471
39436,-5153,-1283,1581,672,-194,-1399
39437,439,824,-3605,1343,1111,-91
39438,3631,-5111,6152,350,168,-1109
39439,-2226,4802,-7208,568,-1164,1678
39440,5967,-4684,-4764,1874,1110,-789
39441,-6543,-3304,733,94,-110,-728
39442,2079,5273,-4677,260,-1205,1957
39443,1837,-1563,1622,-240,-112,-1993
39444,190,-7594,4710,-1216,-1750,1361
39445,-3176,2197,-5492,531,-63,-200
39446,-3767,-815,-2760,1110,-1519,1351
39447,4832,4710,2182,141,329,-392
39448,-1362,-3722,7300,374,-1695,-928
39449,3888,-2662,-4959,-1218,-1055,1472
39450,7214,-7816,-2275,-1459,-1515,1213
39451,5429,773,2099,-198,466,1579
39452,4983,-7953,-5086,-1831,-462,-365
39453,-384,-6131,6704,113,-737,1538
39454,7488,5660,-4957,-549,419,-442
39455,-1133,-266,2397,-1150,348,-318
39456,3316,3148,6575,-1321,-273,1920
39457,5335,-5785,6267,-1927,1510,-1003
39458,441,4009,3719,-1798,360,1614
39459,-7147,-3731,4194,-1583,1460,-1628
39460,-6399,6457,-2544,-508,-547,1288
39461,-4520,-5124,-5389,795,-1534,-1574
39462,-5931,4629,-3125,1635,1937,-348
39463,-6771,588,-7885,1727,-1186,540
39464,3261,6846,-6382,1655,-1646,1031
39465,-7524,-2345,-5551,1919,-1539,-1539
39466,-6066,-3820,5309,-443,-142,-1143
39467,-580,4932,4120,-910,-638,625
39468,-6124,2200,7098,-1057,-74,1761
39469,-5470,6713,2544,1934,431,-1361
39470,-532,5224,-3076,1588,-579,-1484
39471,5893,-5620,-5986,-173,711,-788
39472,4626,-4148,-2223,111,1953,-630
39473,1142,-1020,4560,-1214,1569,765
39474,-798,7025,2566,-1070,-1383,-735
39475,-1211,5460,5670,1112,1118,790
39476,-7447,-2000,5034,1266,361,120
39477,-287,-5035,-7711,1331,-309,875
39478,3877,-1143,-25,1130,-595,1345
39479,-6136,-5955,938,-518,1848,-393
39480,-5341,6298,3783,733,-367,1863
39481,-6365,-3448,2591,1220,-357,1473
39482,-2323,-3967,-7323,-328,-1847,-1308
39483,3596,-6126,290,-737,-1104,-1331
39484,-3762,-927,4213,-1339,-647,-474
39485,1303,6801,-6020,-1603,141,-1830
39486,-6080,-6983,4689,-1469,-1816,-679
39487,-7302,-4048,-3707,296,-178,1151
39488,4449,-5959,5348,-188,798,1414
39489,-3105,-3730,-6172,-525,985,1762
39490,5187,-7968,1926,1510,625,-1047
39491,3067,6214,6861,1592,149,731
39492,2130,-5665,-7355,316,1719,1465
39493,-3786,-7245,-695,-104,-652,-467
39494,1332,-3533,1225,-1464,-1475,-331
39495,7400,7101,-3408,1845,1068,-84
39496,-6374,-2200,1556,1280,-1431,1009
39497,-500,5245,-7465,1662,-847,-313
39498,-1734,1222,-5821,1854,-1550,-740
39499,-2360,7998,6068,82,480,-1313
39500,-3106,4498,2339,544,-776,-413
39501,3861,-4332,2832,665,987,-538
39502,4197,-7728,7188,-1306,-771,-288
39503,-1343,4445,-7906,-1179,-505,-115
39504,5567,583,1817,1030,595,687
39505,-4309,4240,7644,1653,388,1092
39506,-3318,-3148,7071,-233,1178,1279
39507,-6951,3632,2536,-1613,1294,-336
39508,2216,1457,1393,576,433,216
39509,-6797,616,-3001,1932,1271,-622
39510,5726,-3941,7518,-275,-1260,1588
39511,7433,-2183,-6686,1750,606,-1536
39512,2688,5322,-3081,-743,1204,1902
39513,-5299,-3206,-4025,-1613,-1905,-353
39514,6459,-7758,2673,1911,-103,768
39515,4914,4788,7153,-646,765,-702
39516,-3086,4268,-1068,-1694,-1595,-828
39517,5089,-7759,6762,1256,44,-1737
39518,-6217,7359,-3296,187,728,-1562
39519,394,7354,-4686,-866,333,-1841
39520,7421,1035,4293,-211,-1411,1201
39521,-5284,3341,5758,-562,-558,1592
39522,-2516,-6898,6754,1896,-1250,902
39523,-5230,7079,1687,-882,-1740,1345
39524,-18,-7957,-516,-784,-225,-253
39525,2114,3025,-4750,-1845,1827,-1605
39526,7529,175,-399,891,1228,580
39527,943,-5587,-6312,1617,-1238,-227
39528,7412,-113,-7011,-789,784,1625
39529,-2291,5281,286,1977,1181,-401
39530,-6302,6185,1021,1332,-1276,528
39531,3660,-1671,-7197,1591,-1504,1095
39532,-6255,5163,-3282,-303,1316,828
39533,-5361,-3075,2344,-262,1085,490
39534,-1221,-2305,1042,-550,1057,-1743
39535,-7612,7173,-1429,626,794,1814
39536,-7785,498,-4732,1748,-239,-507
39537,6324,-4694,1056,981,1935,743
39538,6662,-5952,7820,-396,1959,-368
39539,4389,-2511,-2590,-811,-303,1346
39540,-996,-4201,-4926,-507,-1395,-76
39541,1793,-4544,5861,-819,-550,-282
39542,6092,2153,-6842,1341,-902,974
39543,1222,-7086,731,-1495,668,1036
39544,7598,2744,7846,-1690,-1780,-1894
39545,-3751,7048,6299,1102,-1076,522
39546,-1784,-7024,1384,-1215,-1437,343
39547,2755,-1388,5019,1957,-1644,163
39548,-6173,-5493,-7825,-1569,-915,-1483
39549,-1829,-664,2321,106,558,-1164
39550,-4314,6161,1193,655,1981,1030
39551,2711,648,-6827,-19,1734,-1493
39552,-3744,666,-2120,-1680,-1824,418
39553,7338,-6449,-3507,1662,-1638,-529
39554,-7005,1167,1459,-1034,649,-39
39555,-3189,4263,-2313,1402,1591,957
39556,-5523,5191,-943,-1534,848,-546
39557,-3563,642,4200,-1420,-1212,-1230
39558,-24,204,2205,768,-1583,-951
39559,-6600,208,-5788,-699,1672,1206
39560,4181,-225,7000,1039,-1519,-1392
39561,-7244,2546,-1932,-1424,667,-1359
39562,2721,-6041,3868,697,-1364,-1703
39563,696,-7667,101,502,1507,1951
39564,3258,5919,279,346,-377,-369
39565,-5848,-2958,-1234,83,-889,1078
39566,2519,5806,5632,-708,-341,197
39567,2212,-1973,246,-1793,723,-253
39568,-2252,904,4223,-1795,-1320,-134
39569,-5328,-2434,-4887,1905,1438,-266
39570,296,7697,-5683,-1854,180,-619
39571,-7114,6728,3068,-235,-472,1384
39572,5679,6866,4701,212,215,1788
39573,-7465,3170,-1477,-1397,728,-972
39574,1416,949,-7080,1951,-948,465
39575,-3475,1574,-6902,221,-180,60
39576,334,-6107,-4311,351,-1226,424
39577,-3900,-3529,-7260,689,1777,-1121
39578,7020,5083,-3395,-731,-771,-1211
39579,-4989,-6127,4886,897,426,1191
39580,-3799,-6466,4671,754,1872,1509
39581,1497,2407,5243,489,1604,-1636
39582,590,5781,-5487,646,-1804,872
39583,-236,-4848,766,935,-678,969
39584,766,-2103,5247,-1316,-135,111
39585,-5385,-5730,-225,-1675,1803,-1343
39586,3207,1367,-5504,-1615,-1455,-742
39587,-6010,-4918,-4863,115,578,-1395
39588,1346,7362,1545,661,1706,-775
39589,4283,6539,4090,-1615,-842,1633
39590,-2275,-4430,1598,-1207,1564,895
39591,2428,-3780,-4424,-1171,1793,1152
39592,96,-5215,-7506,-872,-415,-1289
39593,913,1607,-2172,-1816,238,562
39594,2992,2034,6947,1712,-9,1468
39595,5449,7561,1378,-523,461,1588
39596,-5544,3097,2498,1703,-1750,976
39597,-5825,620,1937,1210,-1608,-740
39598,-986,-2629,-1837,-323,513,-819
39599,-6120,-1547,-1692,-1944,-977,1929
39600,4328,6964,404,-856,-1582,169
39601,81,2853,-6515,-495,-837,356
39602,-7202,-4993,3229,1561,-581,-1764
39603,2409,-2873,7539,-1213,-424,1669
39604,5017,3073,-65,82,-1413,128
39605,-1006,-1063,-4263,1613,-1883,-69
39606,7085,2340,-1412,1965,1921,287
39607,-2654,-5626,7868,1821,-1224,782
39608,6697,5084,5004,1254,1238,-1052
39609,-1119,-594,4650,-977,-272,-1344
39610,2148,1478,434,441,1003,1390
39611,-2748,2426,-7115,116,-767,-533
39612,101,2346,7801,-508,1823,1505
39613,1002,4193,-3425,-327,783,889
39614,7711,7248,1933,1765,1192,423
39615,-7484,2350,5865,1227,832,190
39616,-3463,-4801,-6127,331,-1549,-992
39617,7694,7684,-6852,-91,-381,1643
39618,6340,3,-6244,427,358,-277
39619,-651,-434,-3778,-41,1235,437
39620,-4786,-6390,-1524,-1137,-1951,-1825
39621,-1867,-2730,-394,1154,459,-1187
39622,1876,7105,-1245,-682,-32,231
39623,443,1279,-7958,191,-656,-1461
39624,-2322,4999,2008,1006,-568,-1348
39625,-16,-7788,6887,113,-1538,-1659
39626,-303,4846,-4944,-1920,-1291,-102
39627,6749,-770,-145,-927,276,-1993
39628,-457,2949,5869,-1294,-1661,178
39629,2518,-7475,-3057,168,470,278
39630,-1281,6504,-2183,1990,855,158
39631,7298,5711,5357,775,1953,-208
39632,2540,-1453,-1983,1511,-1892,-82
39633,1441,6451,1077,227,1439,-1826
39634,1922,4759,3258,1018,-606,1476
39635,-5210,-3796,-4450,1304,-907,1820
39636,5400,-5556,1268,1586,-1483,623
39637,-7520,-6918,-7096,554,1638,-1291
39638,7614,-5291,145,1995,-1706,1945
39639,2191,-5321,-7962,379,1751,765
39640,-709,1848,-968,-405,-1409,10
39641,-4259,1013,6247,-486,576,217
39642,6567,-62,-7562,399,665,-127
39643,-4434,7492,-1394,-1518,495,1447
39644,3293,7172,1520,435,532,-339
39645,4863,-1307,-4111,1986,1352,-1493
39646,-1931,-5374,-3842,-26,1311,1053
39647,1958,1690,-5895,-1443,1527,1951
39648,-2508,1599,-3686,-1824,-1010,289
39649,-2171,-433,-3768,-667,-546,1265
39650,6810,-260,-2357,14,-1466,-446
39651,2735,-4215,-6773,-1291,-1451,1586
39652,-6420,-3147,2484,-1102,-675,-638
39653,2382,1147,3975,379,855,-1840
39654,-2455,-2354,-1366,1773,-223,-338
39655,5690,-3343,-7320,1518,1812,-281
39656,4540,-1495,-7797,-486,-643,-1280
39657,-3748,6521,-101,286,92,1856
39658,3997,-5290,1781,-1987,-797,-425
39659,-3084,2089,-385,-628,1810,1531
39660,7114,-4542,384,-494,-898,1377
39661,-277,4440,-7938,-1020,-805,1568
39662,5384,-2153,-555,1329,1999,1809
39663,-4742,-5970,-7445,832,-1063,896
39664,1389,-1451,2776,-182,301,-835
39665,-2961,-6432,-2,443,1425,618
39666,-1142,2063,-4992,-40,1610,-700
39667,-6984,6143,2831,-1316,-1358,-146
39668,1095,4851,5133,291,411,1236
39669,1132,2536,6879,497,942,1126
39670,-192,4346,4426,-999,416,1626
39671,-1356,-4432,6971,-1123,-1379,1742
39672,-2018,-128,4636,22,1944,1505
39673,-153,7223,-4282,-917,-736,-1412
39674,-2705,-2797,4373,914,-113,1026
39675,-7554,2423,6232,-1893,-1615,1392
39676,-6733,6515,-7790,1343,-616,1360
39677,2629,1487,528,-136,-622,-101
39678,-7946,1954,1263,37,-1362,-341
39679,4392,266,5639,763,1961,157
39680,3623,4579,1826,-376,1412,-656
39681,-155,7420,4461,1904,-1263,1192
39682,-3113,5126,7746,-704,-1452,217
39683,-2143,6978,5738,874,1625,127
39684,2685,-4916,-2854,504,623,-691
39685,613,3281,-4649,284,-308,-1966
39686,7354,-3306,1663,1265,1316,5
39687,-126,108,-5580,-1671,-1063,-1730
39688,2747,3979,-4840,7,-708,547
39689,7842,7440,3148,503,-535,756
39690,-5592,7555,1172,-217,-1607,-662
39691,3420,3236,4804,494,-1038,-1108
39692,4411,5314,-7718,136,363,272
39693,-2106,-1691,-7822,-1639,378,-724
39694,-2444,3793,2561,-1030,-1441,-1072
39695,-5661,1144,25,-481,4,664
39696,5675,71,230,1344,-1532,1766
39697,5334,612,-1681,-1584,269,1375
39698,-4843,7496,-5943,217,364,71
39699,-2385,-5589,-6183,1564,-1139,364
39700,-1395,2777,-2585,-1087,-569,1999
39701,-801,-7218,-2923,1425,1832,971
39702,41,4254,-5210,-718,1521,-1829
39703,-6166,-2539,-7517,-1894,1268,-1952
39704,-3386,-5163,6492,-73,62,777
39705,-5319,-4051,3372,-1854,1967,1842
39706,-5284,4715,2150,-1253,-419,-625
39707,6467,6837,5803,-155,36,-162
39708,5182,4694,544,-299,1201,438
39709,-5527,-2248,-3337,1330,-510,-631
39710,-3929,1067,4709,-96,-210,-546
39711,-2335,6898,1731,-918,-856,509
39712,5878,-2542,-6947,-1831,316,1538
39713,-4129,-2116,7349,1680,930,68
39714,2970,-4332,3970,-65,401,1838
39715,1275,-620,-7794,-959,-44,985
39716,-3613,-238,-3713,1667,-821,313
39717,-7489,1209,-2241,-619,-1734,-1225
39718,4984,-3544,7226,793,-20,140
39719,-5412,46,-7538,-1072,1205,1271
39720,-5584,6206,-5840,-1877,368,1148
39721,1483,-125,-835,289,897,-1832
39722,-2818,6565,718,1170,-557,599
39723,829,-1137,5278,-467,151,-1319
39724,359,2685,-953,-382,1182,1832
39725,186,-619,2453,823,-133,1560
39726,-7808,2523,2262,-40,953,1694
39727,6485,-1753,1720,1578,161,-901
39728,7656,860,-4060,931,108,691
39729,-500,-1439,-5467,-344,957,-766
39730,-3269,585,4015,1358,-208,261
39731,-5593,-4416,-122,-1512,1052,-1882
39732,-3678,-6184,190,1186,-416,406
39733,-357,-5137,2654,1432,1252,-1962
39734,-2315,3889,-7483,927,1902,1621
39735,-3312,-1124,-5401,-1726,-1375,621
39736,-3613,-2562,-4854,-20,71,-957
39737,4685,-4419,2668,-1443,-1198,-228
39738,215,3438,-7870,-791,851,1116
39739,-1900,-5537,-7131,-1193,-1779,226
39740,3584,5189,-4893,-1135,463,1576
39741,-3195,-1781,3961,703,507,-946
39742,-6791,3231,-6628,-1580,-1854,-1041
39743,-908,-3523,-7099,820,-166,-73
39744,-3598,-2533,-6027,-1155,1485,-1238
39745,7921,-2335,-7020,237,234,854
39746,-3792,-1611,174,-695,-1969,123
39747,7540,-4064,440,-1018,804,379
39748,6633,-7654,-3270,191,-465,1291
39749,-4881,1724,7306,-499,-1581,233
39750,-7611,1513,-1216,1819,-373,1987
39751,-2742,2388,2070,1094,-1545,155
39752,2712,-7446,1497,-1660,1621,490
39753,3318,1398,-6319,-1486,-278,1512
39754,-3999,5876,6120,818,90,-287
39755,7470,-1605,-5575,-346,124,-1646
39756,-1290,-953,6162,554,1783,408
39757,2724,-4628,4139,-658,1872,-1644
39758,1311,-1595,1652,-1149,408,-585
39759,2592,5087,7352,-1388,33,-1901
39760,-5559,7378,-4550,1877,257,-572
39761,4255,-7710,-7973,943,-1928,1731
39762,-4275,-215,6113,-636,-1768,-1780
39763,6945,2410,-1452,1002,-988,-1227
39764,974,-7323,-2589,291,1080,1296
39765,4904,3916,119,-1576,1825,-427
39766,-1060,-535,-800,1006,167,-14
39767,-7245,117,6156,235,-373,-1137
39768,-1921,-4344,3895,-694,1792,73
39769,-7751,-5061,3828,-1730,-788,892
39770,-43,-7641,2150,-1909,109,1375
39771,-3051,-5522,4287,697,951,1165
39772,1693,7615,-2780,677,325,-962
39773,3546,-6108,-3367,1536,-130,-384
39774,-7315,-3254,-1206,-1782,-1017,-1029
39775,-6034,-4577,6119,-831,212,216
39776,4491,960,-918,1833,-1721,-1374
39777,-2536,-1338,623,-589,-481,1361
39778,4321,-5118,5131,-473,-1199,-421
39779,-4908,-492,2376,1175,-934,155
39780,-7309,-4962,-1109,-819,-721,1538
39781,-6650,-3716,5341,-1202,-1818,-366
39782,-3448,-4879,-4225,958,1384,203
39783,1294,-3419,-4327,-1272,-996,915
39784,6180,-5216,-6800,-356,153,-539
39785,4921,5262,-6558,1896,1325,-945
39786,-661,653,3003,-715,-1373,1588
39787,2070,-2896,7649,-889,1049,-286
39788,4691,2604,-4986,1410,777,1455
39789,123,5902,5506,595,-563,1391
39790,-1981,-7437,3747,-1429,1977,-35
39791,-2397,-5846,-7422,-641,-1091,-157
39792,1977,2584,1500,-1975,1181,1452
39793,-1772,4315,-6348,-23,944,606
39794,-4665,5184,1237,1176,-1699,-1719
39795,6738,-3196,1986,-1344,-305,970
39796,-854,4776,6961,-1891,670,599
39797,-2254,-4309,-7365,1967,89,1946
39798,-5051,7418,7151,291,-1444,-1124
39799,6047,-1608,-7686,-620,1216,1062
39800,-3715,-4156,7999,1917,-126,-562
39801,-5005,1763,5724,-946,1644,-540
39802,6196,6331,-6284,1626,-858,1722
39803,5681,7128,-6565,-893,304,1993
39804,3896,2481,-2100,-44,-1126,-926
39805,-83,4640,120,317,1724,1813
39806,-1565,-589,-5209,1051,-62,-727
39807,5160,-3867,-1149,1590,1280,1097
39808,5095,3414,3978,-378,714,-208
39809,-7883,-1256,-4866,-1021,1598,1598
39810,-3795,2125,-7783,12,-365,-1329
39811,1265,3295,-1474,-1565,209,1649
39812,-3001,-5666,-2749,-1708,-86,370
39813,6149,-557,-6105,1576,906,418
39814,-3382,-3149,-6279,1333,-193,-710
39815,-6953,-1504,-6076,-1592,1303,1513
39816,1716,4799,1204,-207,-354,379
39817,5265,6661,-1257,-1573,-342,-1841
39818,-7103,-1971,-2837,-465,-1666,1314
39819,7379,-2551,-5017,1380,45,294
39820,3553,-2889,-2233,1165,1807,1216
39821,142,1634,4812,922,-1259,-1374
39822,-7848,4844,6180,-1512,1260,-800
39823,-248,1517,7752,-1510,-264,1683
39824,-6947,-457,-4089,1725,-157,-1689
39825,-4387,7974,-5365,-1495,-1537,-44
39826,3229,-3835,-74,1391,952,1411
39827,-7526,-7569,7855,1279,1533,158
39828,6188,-560,5246,322,-1219,45
39829,3718,-5573,5304,1129,-258,967
39830,-5461,3708,-4511,1287,1123,1837
39831,4374,-7095,6272,-1249,-986,1694
39832,-1065,-6154,1627,147,1785,1637
39833,-7617,-6133,2260,-720,-1592,-172
39834,1117,6395,-5839,-1107,-1828,-1045
39835,-7232,-3251,-2731,-1117,-1209,241
39836,4642,-3366,4307,435,-1756,-793
39837,-2778,-1721,4595,1443,107,-970
39838,-6354,155,-177,-1752,-1134,1942
39839,-1021,1186,-6903,-1592,1640,-235
39840,-7742,-6192,7529,-1150,1611,-1539
39841,-4000,-5846,-2468,-1065,1835,1140
39842,-1959,7798,1817,1079,-544,-1060
39843,5188,-3353,-5210,1808,-392,-646
39844,-7515,1864,-7049,711,-776,-1620
39845,3866,-6187,-4191,-699,48,-1276
39846,-68,-2546,3809,-725,-272,1651
39847,3160,-7116,-749,-1578,1534,1619
39848,-4041,-4644,-1049,-265,-172,1247
39849,5759,7351,806,-597,755,-1649
39850,-1781,-3717,-1591,-1667,-1142,851
39851,-3259,-7619,2438,5,-730,737
39852,6741,-3122,-1122,1101,-1470,-1486
39853,1647,2260,3177,-828,-141,-1250
39854,7663,4871,-6518,-1895,639,1344
39855,-3071,5780,7083,1366,-744,-1823
39856,-5619,-6123,-5311,609,1714,-414
39857,-2159,3033,1069,164,-533,-1588
39858,3532,-5766,1662,-691,550,-1540
39859,-3726,5717,-6562,808,1630,-215
39860,4385,-6674,6203,-1188,-1639,1426
39861,-6494,2634,-3231,53,-1126,-331
39862,1670,6787,1239,-757,1801,-1737
39863,1090,2511,-154,-777,-1311,1268
39864,3690,-6688,2177,-17,395,-574
39865,-4105,7406,-7270,883,1054,1764
39866,-313,-3419,7420,1205,1324,-1736
39867,4316,-1892,-987,-424,-1381,-598
39868,-3083,708,-5137,-1345,-1585,217
39869,-6262,5027,-6544,-1052,-813,478
39870,-6560,1243,-6083,-1533,697,-999
39871,6866,-5343,1583,-1528,-124,-1039
39872,4664,-3295,-7690,-1890,1731,85
39873,-561,3319,-2134,-1889,1485,1594
39874,-6342,-3071,7606,1596,103,-1932
39875,395,-7610,1372,-873,-607,1495
39876,2363,-6783,-706,26,-676,470
39877,-5893,6108,-6526,783,-162,771
39878,-6451,419,-4804,-557,-1719,285
39879,3025,-7970,-3922,996,1487,387
39880,-6407,487,-4697,882,1410,-1199
39881,-1091,-6800,-1393,588,-1825,-69
39882,-167,3162,3737,1628,-1897,1371
39883,-4432,-3185,-913,762,-15,1451
39884,5831,-2222,2368,1070,-409,-1421
39885,875,5850,7548,-1665,279,1168
39886,88,2143,-2745,1688,-1579,-1517
39887,-5523,259,7503,815,-1152,701
39888,4240,-1180,-2833,1200,-1655,-599
39889,6910,4925,-7919,-1666,1341,1057
39890,1289,-3054,4474,-1425,-1178,1232
39891,6793,5683,3219,1538,1209,379
39892,1068,-4505,7558,-1711,-1237,-1639
39893,-6472,-7039,-1229,1881,700,-1407
39894,-7713,-1885,-3622,1848,329,1016
39895,-7580,-653,4754,-1249,367,1829
39896,-6235,-4678,4310,476,-1771,490
39897,-7680,-3141,-1162,1577,-1130,-802
39898,-190,-688,-1168,1319,1805,1779
39899,-2329,6908,-6055,-1850,-1339,-610
39900,-4676,2573,-5070,1259,792,1661
39901,-3079,-4186,5511,-1317,-653,1422
39902,-2820,7965,1005,1999,-669,-958
39903,-2621,-2680,5565,1746,-1751,-1042
39904,-3812,3058,4672,-1564,-812,1954
39905,-6080,-7805,2738,1114,-1292,-1398
39906,-5823,2221,4197,-549,1175,1608
39907,-2306,4771,6795,-1305,-750,-1998
39908,126,780,-6617,877,1192,1479
39909,5569,-3637,6587,526,-1185,-766
39910,764,-6604,-3841,788,546,1453
39911,-1273,1803,2362,-1040,1855,745
39912,-4364,-4077,2760,-972,195,813
39913,1375,-5423,-1681,-142,-190,1570
39914,4432,-2810,-2757,-532,-76,-1277
39915,-736,-1516,-6095,-1761,-955,-1935
39916,-409,-3448,660,-263,1758,723
39917,-2354,-1794,5101,-1237,-664,-42
39918,1720,-1903,-6251,-325,-923,810
39919,-836,6618,-7842,-1190,-1998,1341
39920,-7068,-4353,-5472,383,901,159
39921,2089,2722,-945,198,-959,74
39922,5144,-6265,-4609,545,528,1177
39923,7749,6060,4403,-854,247,-703
39924,596,558,4524,1224,-386,269
39925,4420,5476,2980,-644,98,331
39926,4551,-4287,2385,456,-1449,-1974
39927,4753,-6827,4332,265,-1659,6
39928,516,-3737,655,-855,-614,-1516
39929,1173,-371,6479,1234,19,661
39930,4312,1418,-899,175,-1028,692
39931,-1157,-1598,7350,-750,-1691,1218
39932,-2112,-6992,-329,1664,-39,-874
39933,4602,-7600,1320,1167,-668,-1128
39934,-5339,-227,2119,1876,1328,-1131
39935,-4242,-2148,-5655,-593,440,-854
39936,2760,-3357,-4821,-1684,783,-1402
39937,5545,5736,545,1104,-458,-1693
39938,-5495,-1517,1746,-742,-477,-668
39939,-4851,120,-1320,-1067,-598,-1328
39940,-5601,6854,4556,-611,32,-1786
39941,6574,-3439,-3327,-1096,-1710,1200
39942,1336,4942,-1273,817,1870,1131
39943,5139,5830,-7703,1686,1116,569
39944,-853,-7089,7519,-147,-701,51
39945,-5430,-7420,6172,583,1838,549
39946,-175,-3247,-3766,-1554,-1611,-1852
39947,1716,1194,157,-265,-298,1138
39948,-2517,2958,-3521,-1225,-566,-539
39949,-2958,-2836,1899,-1415,859,-106
39950,-629,-1497,-7116,-1306,335,-392
39951,2772,7652,3705,142,882,-745
39952,5326,-2466,-7066,-1325,1993,-348
39953,583,-2795,6767,-1448,-95,-1563
39954,6861,353,-4121,283,1943,262
39955,-7903,-799,7859,639,41,-968
39956,7541,6017,7264,-309,-1320,-150
39957,6849,1263,-6966,1597,1922,1845
39958,-1855,3714,743,1668,-38,-1612
39959,5884,-1672,1410,-1935,1099,903
39960,-3685,6602,6028,-103,-37,1280
39961,4164,-3642,2676,231,-963,-744
39962,2421,-7773,-6739,-241,-571,-241
39963,4217,3507,7980,1547,-156,-100
39964,-544,7647,6236,999,121,-689
39965,2345,7046,-2118,184,1889,-1853
39966,7899,4102,-5820,1553,1939,-1232
39967,-6911,-6204,4124,-219,-399,668
39968,3824,-7516,-567,300,1817,354
39969,5889,1446,224,-622,-188,367
39970,-1140,6243,6088,1696,680,1828
39971,-4353,-2049,-7582,1070,9,-1508
39972,4990,7097,-7798,717,-163,-1945
39973,3260,5105,-2296,-1797,-1593,-10
39974,-820,4488,-1930,-69,-843,-1809
39975,-6587,-6837,6739,-1551,-834,791
39976,-1617,4996,-4969,76,229,839
39977,-2196,1011,6842,117,-1370,-136
39978,-2122,-4127,-940,-1505,769,870
39979,-4538,-4314,5554,434,1410,-1256
39980,-5224,2564,4563,-1477,-1955,-50
39981,-4966,6950,3252,-1391,1796,1034
39982,5538,-5422,7699,-169,-256,1945
39983,1464,7431,-1894,-848,-435,1980
39984,1374,5766,7133,-1061,267,-815
39985,1224,2475,979,706,1803,456
39986,6781,6698,6345,1804,-264,-1596
39987,5719,-5964,1976,1637,185,963
39988,7260,1762,3482,-282,624,1334
39989,7704,1864,-2324,-712,-1028,-1682
39990,-1887,5320,-1509,-845,605,1135
39991,214,3694,345,-155,-242,-1492
39992,-7034,-7737,-768,-429,1084,-507
39993,1704,7165,4096,1507,-1765,43
39994,3634,4408,5702,192,1762,1372
39995,6554,2169,-2236,1780,-35,374
39996,-2062,3322,-7251,1386,-1860,-294
39997,2322,-6634,6153,1678,-1902,1910
39998,-6122,6440,-6851,829,58,-1736
39999,7495,-128,-1253,1148,1312,-124
40000,7396,-4667,4606,351,-877,1765
40001,251,2417,2143,-1703,227,1641
40002,5385,-6922,-5981,1092,-485,1820
40003,6906,-7565,-6484,-708,-1883,-972
40004,4728,6729,-6736,-246,-1356,-525
40005,-2118,4178,55,1435,565,1804
40006,1298,-3223,6923,-512,695,580
40007,-4478,7874,4649,1260,1806,-135
40008,-2170,925,3380,571,512,1381
40009,-5640,-4006,-4824,1938,-527,1067
40010,1367,2114,-6244,1715,522,1975
40011,6009,-6646,-5384,-657,290,1822
40012,-784,3384,6039,585,534,1349
40013,-4503,-7037,833,1596,311,-1712
40014,-7298,-2848,-501,110,98,159
40015,5564,-4232,-7458,1810,-1682,-234
40016,6760,4208,4198,-474,-874,-1608
40017,172,-1101,-7945,-1160,-1951,-436
40018,-7777,-2432,3415,-721,-1782,-1601
40019,-6000,4241,7110,-867,688,-687
40020,-317,1053,-3287,-630,830,1377
40021,4627,6293,-4085,-79,1734,838
40022,-5310,-4264,-9,-155,753,220
40023,-3428,200,-5037,301,1910,947
40024,819,-3061,-7377,-868,-1334,889
40025,897,-6473,4111,1587,144,-936
40026,1877,4278,1012,180,603,-999
40027,1420,-955,7634,-288,1078,1177
40028,1472,-6467,-6048,1367,-1205,498
40029,862,-7163,-2113,-83,-1287,1415
40030,-7330,7427,6541,1178,-185,1265
40031,7761,176,-3140,152,330,57
40032,-2020,2586,239,1874,946,1392
40033,-2225,4918,6396,-1814,-1141,-1317
40034,-7214,6908,2737,-472,1764,-1123
40035,-2660,-5196,-899,1865,1467,-1868
40036,7159,4409,-2381,-1639,429,1399
40037,-2768,-7741,-2219,1762,1823,-1099
40038,205,-5417,-6010,452,-629,-1619
40039,-5196,-2347,-7613,1768,626,-1062
40040,-4466,4515,-3976,-793,458,865
40041,5887,-970,7770,903,379,1901
40042,1552,5600,3311,-352,358,-1881
40043,2112,1119,7117,-325,410,-333
40044,-7620,3290,-4965,405,-1723,337
40045,-2942,-7078,-6975,-810,1631,-234
40046,2423,7784,4868,1840,1745,-1034
40047,734,3844,1312,-1904,-423,-1461
40048,-2783,-7787,4762,-207,766,906
40049,-7032,-7726,-1537,749,420,1237
40050,3963,-527,-2609,1336,1568,-506
40051,-5503,-7482,4507,392,-1397,-994
40052,-7093,-643,3615,-1368,-591,1223
40053,2026,1075,-7597,38,-1434,-854
40054,1420,5980,-7680,1013,290,807
40055,7637,-3642,-1198,-235,-1518,1501
40056,-5419,-5211,-1214,135,-1149,-1676
40057,-1646,1871,3137,1690,1187,141
40058,-7528,1493,-2278,-423,1378,-837
40059,2938,-5842,-6630,-1631,296,-1541
40060,-1755,-3494,161,1750,1513,1169
40061,-4957,6457,-4987,-577,1978,-1174
40062,-7603,-6861,-5677,-344,-432,-1527
40063,802,5067,1162,1860,1781,293
40064,4763,-6328,-2090,-785,-1297,1887
40065,1096,7564,-758,1993,-952,900
40066,-2033,-5437,-258,-1414,-1440,-1089
40067,4202,3570,1647,-1737,-1894,-1437
40068,-6345,-5342,-5644,-462,572,894
40069,2467,-5592,-4369,192,-503,274
40070,1512,-7699,7408,1400,476,368
40071,-2452,-3024,5338,1234,-1938,-1665
40072,-3616,-2233,-1308,-1355,1643,1513
40073,-1357,-2854,-2258,700,720,1315
40074,3148,6715,-1420,1037,-1660,-561
40075,2052,4328,1008,1293,289,1435
40076,6942,344,1379,-359,-611,-706
40077,5898,-3462,3711,-1422,-1061,387
40078,-6609,2532,-3141,1769,455,-527
40079,2909,-6695,1461,-1525,-1518,-1609
40080,5527,1249,-727,148,-1195,1617
40081,5917,2210,-4287,1993,-1,-1634
40082,455,2023,-5249,943,-1946,-1845
40083,-422,4382,5186,1018,1294,-927
40084,-6437,4391,231,2,-288,-80
40085,3282,-2335,-5557,-1347,-619,1712
40086,4384,-7595,-2540,816,1216,1950
40087,-3158,-456,-2099,-1557,-232,148
40088,4850,-2991,-2697,-285,1959,-1473
40089,169,-2512,3803,194,29,-1857
40090,-4993,-6836,3742,33,-1261,-603
40091,3142,-4207,-5103,-23,-880,-598
40092,1636,612,2749,1547,609,-1783
40093,-1288,7484,-3845,1135,-977,-1747
40094,794,-1874,4560,772,1658,-311
40095,-6363,648,3776,-1093,909,-1777
40096,2807,3699,4092,-1616,-155,-82
40097,-3563,-6551,-1466,129,-1856,126
40098,-4335,14,557,-1360,-1254,66
40099,5573,6078,7159,-84,1761,644
40100,2207,1508,1498,-1976,-1749,-804
40101,-555,-172,3943,162,-687,917
40102,-611,1010,2517,1346,-852,-1009
40103,673,4560,694,-1192,785,303
40104,-43,2500,-92,1740,-145,-711
40105,5573,6882,-3697,-790,-1543,-1467
40106,431,4234,-3062,228,-523,-1450
40107,3452,-3590,-226,341,-661,316
40108,-5030,-1272,-4006,-1393,-1359,133
40109,2355,5170,-5597,29,1201,-677
40110,4483,-2418,4162,-1511,1713,-261
40111,-7382,-4168,4043,218,-843,-1883
40112,1064,7049,6780,132,693,-1086
40113,3046,-623,-6282,-1817,-375,-9
40114,-1971,-2839,4474,-645,-1076,1295
40115,7634,1096,-1617,1107,1846,1128
40116,-799,-6691,-7374,1362,-1824,1507
40117,-3898,3835,-3420,-1490,-226,-849
40118,-3706,-1194,-6353,1943,-47,-1486
40119,-4093,-1523,6890,1,1528,1891
40120,4007,4689,-1340,-1760,1576,-1026
40121,3300,-5424,-6674,1671,-719,-301
40122,-6110,-597,5995,-260,129,1442
40123,4764,173,-5481,1517,-1684,1816
40124,7371,-3276,-4510,111,-816,-1750
40125,1402,-5153,734,-996,189,-642
40126,-4288,1688,-5085,418,1534,1916
40127,-1581,-5038,-6877,129,1175,113
40128,2790,5584,7071,-1993,-339,910
40129,-5300,4496,-6679,-574,217,571
40130,6784,-7327,6117,-1163,1339,-56
40131,-4873,3844,-7746,755,842,-413
40132,2927,3354,4731,116,-1806,1636
40133,-6854,7600,-3139,-1049,-822,834
40134,-3222,-3886,-3499,157,-255,1958
40135,-4145,-5899,-4089,1661,612,-160
40136,-979,1146,5301,-1601,923,-1178
40137,-5506,5814,1721,1491,1856,1598
40138,2310,5860,-98,212,187,324
40139,5761,-4953,-4461,1204,1718,-747
40140,3649,6764,711,-683,-988,1
40141,-1283,-2118,1139,-1642,-160,1060
40142,2954,-4742,5011,1933,263,-650
40143,-4747,1521,-2041,367,1331,-288
40144,5993,-1707,-7586,-671,1648,476
40145,6256,-5070,3088,-1541,344,-1150
40146,-6047,4356,5920,-623,1124,-127
40147,7101,2473,4584,-707,-1460,-900
40148,-2503,-7972,-4910,-10,-1752,1963
40149,1155,3214,-1484,1283,197,-130
40150,1906,2126,3682,-614,375,-1817
40151,-7187,7427,2443,-1251,1273,-1092
40152,-1430,-4935,-6706,-1032,586,-342
40153,5815,-5830,7715,379,-1918,1136
40154,-3641,5736,-1743,-1299,-976,1478
40155,5672,912,3745,1483,1855,1343
40156,7,-474,-583,-1718,-1600,-70
40157,2022,-5561,826,1311,391,1444
40158,5048,-1901,-2225,-1777,-924,-775
40159,2423,1969,4314,-1323,1762,1692
40160,48,-5258,-7159,1563,426,1622
40161,3637,-187,-6035,250,-867,-646
40162,1459,3082,-3767,-1750,-1320,-1585
40163,7267,4349,2762,1562,1085,-651
40164,5654,6778,6476,1119,-1294,1820
40165,1613,-6866,-6826,-132,-442,1439
40166,2435,-5691,-7426,1661,-543,1222
40167,-6579,-303,121,-196,141,-495
40168,-4219,6695,-1518,1819,1775,1722
40169,3150,-7859,1849,-1175,-291,-636
40170,6639,524,4285,-70,-844,-285
40171,-3183,-1885,-605,-408,1900,481
40172,6572,-6552,-307,1379,426,-1872
40173,-5642,2903,-1914,357,96,-1654
40174,3929,-1191,-5849,-1959,-377,-1847
40175,-803,-459,-421,-205,492,1161
40176,5989,-5747,709,-1892,-613,1784
40177,-5555,7918,-7097,376,949,-970
40178,-2527,5021,6360,72,-1270,-1605
40179,-7297,-4981,3000,-126,880,1040
40180,2034,-3222,-175,1944,-346,-961
40181,4259,1885,2073,-1029,-1927,210
40182,5054,3319,-3467,286,1988,-1472
40183,5188,-4186,1107,-1654,1555,-95
40184,-2947,2635,7025,322,-1509,-825
40185,7021,6694,1650,-1249,-287,1164
40186,6231,-5117,2653,575,-384,-11
40187,3362,7382,6886,-1725,-1884,-1730
40188,249,-6685,7702,-1353,-742,-1774
40189,-1359,-5459,5901,-343,1914,903
40190,-1059,3521,-1727,-1682,-72,-1202
40191,2584,-7078,5150,1164,1884,697
40192,-1823,6432,-6794,-1943,97,1942
40193,4067,-202,6154,1009,-892,-44
40194,4683,-2640,735,-1606,1353,1580
40195,553,5158,-3117,63,711,-302
40196,5922,926,-3771,648,1533,1859
40197,567,-2680,-1609,890,-1494,1641
40198,1424,3759,7132,502,1261,1144
40199,2113,-3519,-6563,-1943,-1429,-1996
40200,4768,-827,4600,-195,-1945,-1973
40201,6065,-5743,-2249,137,806,-1251
40202,7603,-7501,-3348,1259,-793,1679
40203,6966,-3064,2955,-586,266,-1751
40204,496,7561,735,383,52,-696
40205,-284,7081,-3372,-365,-1162,647
40206,-2311,-6381,5081,1619,-1512,279
40207,6492,7535,-3295,1952,-1918,973
40208,2742,-98,7733,-916,-260,-334
40209,-6436,-3649,2597,-916,-1328,-435
40210,-7931,6915,-7353,-1573,-1230,-1927
40211,1195,-2774,7669,213,518,1506
40212,-7664,151,-994,755,442,-601
40213,1826,-5585,4678,-1540,-927,-866
40214,-2567,-4455,-5191,1476,1019,-547
40215,-6694,5743,-115,-459,-1254,-825
40216,3854,3126,-5983,829,-1326,-115
40217,-6171,7973,7308,-98,-1425,-564
40218,-5982,113,-7384,516,-1096,391
40219,-845,-2925,7995,-1292,-1112,-1597
40220,4429,-1035,3788,-836,687,1773
40221,-2105,625,791,644,-1940,-461
40222,4330,-19,-3631,1721,1056,-1030
40223,-353,-1681,4172,-662,-1070,-574
40224,-376,-2933,3695,-685,1692,-384
40225,-7547,-540,-5405,1835,-63,1424
40226,-4620,-4090,-2854,738,112,1589
40227,-5642,-4867,53,1974,1554,-520
40228,-4168,3612,-4601,-939,1587,1072
40229,3163,4579,-7115,-1926,-534,-1988
40230,-2913,4268,-7611,41,388,-364
40231,7879,-809,-3587,1368,961,-1798
40232,-3645,2983,-7386,-1026,-1686,-1474
40233,-7629,-307,-5610,-316,365,82
40234,6688,-2317,4849,-1671,-1495,1487
40235,2406,579,6853,53,110,1113
40236,-7254,2469,2912,942,253,-521
40237,6570,-598,7080,-1273,1124,1793
40238,-6744,-4623,748,-1133,-1258,1457
40239,6652,673,-3448,756,832,-101
40240,-3554,2635,-3692,-616,-1656,-577
40241,1771,5967,-6447,-1466,-657,-1987
40242,-755,-6541,-5715,-861,-319,1865
40243,-31,-2732,-5136,-653,-209,-1899
40244,5934,-4555,-1409,-524,1771,122
40245,4232,2918,-5730,562,928,-1852
40246,-1573,340,5593,1746,-104,-1095
40247,-4222,-6655,4659,-595,-1246,-213
40248,-5508,-3475,-4726,-120,-1840,-1478
40249,7627,-2157,5148,-1004,-1475,1866
40250,5534,6256,-7586,-828,-1098,-241
40251,779,2695,-4889,-640,96,-1596
40252,-3731,178,1263,-303,-332,-184
40253,-1886,-1645,-3267,830,1682,1969
40254,-5284,1491,-871,1377,979,1742
40255,3553,-4922,5487,1249,19,-1368
40256,677,3860,-2623,-699,805,758
40257,-7940,5146,2353,-547,1668,1663
40258,-3427,-7803,-5986,1689,1142,-604
40259,1854,5244,-4795,-667,701,-1183
40260,-6278,-1886,4393,2,418,38
40261,-7062,-2052,-3901,-359,-1099,1086
40262,-374,1435,1818,-1681,-1779,-551
40263,-5781,-7687,-2312,-408,-1116,883
40264,-2952,-3346,-5547,605,219,1320
40265,5628,-7604,5673,-813,-1148,-833
40266,75,2256,-4336,550,-179,-313
40267,3929,-3460,7758,-1397,-317,745
40268,-4475,1275,-998,-610,-348,-712
40269,-3635,4379,7471,-157,1780,-1057
40270,4694,-4021,7485,-1005,683,991
40271,-5348,7310,-7505,-1104,668,1879
40272,1128,409,7143,1398,262,762
40273,-7096,-2531,3694,1493,922,1176
40274,7671,521,7789,1873,925,1500
40275,-23,-4441,-5548,888,-255,1054
40276,4283,5573,-7452,-947,-399,1460
40277,-3596,4439,-6390,-891,-126,981
40278,-6373,-1136,1072,1149,-254,-1463
40279,6932,-6270,4613,-1759,1200,1866
40280,1253,7660,95,86,1909,988
40281,3550,5166,2593,-848,199,1648
40282,2944,2551,-1037,-1721,1061,164
40283,1484,-7872,3369,704,933,1137
40284,-5247,6732,-4078,1066,-681,-770
40285,6940,-5167,-5028,172,172,292
40286,1543,-2639,-7154,490,973,163
40287,-1343,-692,-6245,-32,-1530,699
40288,4658,2098,5304,1524,-1292,-1882
40289,-6393,-1232,-6088,986,1723,593
40290,5264,1517,-3518,-1769,-1996,-1630
40291,6470,-6809,-139,1356,-28,-841
40292,-5638,6557,1028,-119,1230,-312
40293,-2998,6306,3767,-128,310,-992
40294,-166,5874,-1051,-151,-253,-981
40295,-636,-2733,-6142,-978,1139,1224
40296,3618,5060,5516,1104,-949,466
40297,3044,-4122,4466,-985,-420,1023
40298,-4978,-6438,-7506,1907,985,1141
40299,7992,5906,3734,881,-239,1994
40300,846,5555,4303,1310,1186,-1577
40301,7,3152,7039,-1948,-705,-846
40302,-27,6925,-2945,-974,-141,1572
40303,-1346,-6814,-4433,482,419,599
40304,-137,2173,5192,898,1447,809
40305,2579,-7668,2635,-427,-1924,-1195
40306,-4725,-435,3428,1061,-913,-65
40307,4647,6590,-6841,-1657,1718,1379
40308,1512,5626,-5934,-1590,-68,804
40309,6942,1067,4231,-1108,-706,-1877
40310,-836,7827,-298,346,881,530
40311,4816,-4062,5775,-1994,-1067,-1810
40312,6877,-1068,-3484,-133,1534,1773
40313,4917,-717,4642,1534,142,-1218
40314,6444,-4002,2607,-214,1251,-808
40315,167,2718,-2394,-1044,1131,1020
40316,3320,734,-1852,433,-178,764
40317,-4520,-969,6436,1734,1911,-63
40318,-1443,5233,7483,1479,-851,493
40319,1524,-810,7955,1044,1955,1606
40320,-392,4071,5796,-543,-606,-334
40321,4415,-3783,4461,-178,1766,-1224
40322,-7851,7713,-5240,608,1653,1571
40323,4318,2367,3790,-447,933,441
40324,-3918,5974,-2029,-197,317,839
40325,-1767,-2095,-31,-1771,-733,-925
40326,-2288,-3263,-3648,-1767,610,-1023
40327,1764,-2444,4638,-476,-1755,-1777
40328,-1072,-4753,-7265,-1872,292,175
40329,1266,3512,-1237,378,-186,-62
40330,5291,7304,4561,-942,1550,-22
40331,712,2277,-7675,1253,-1529,1551
40332,-6264,1149,-4883,1354,-235,644
40333,-4842,3483,6915,277,443,-146
40334,611,1346,2957,335,943,1557
40335,-4525,-5198,-3388,-873,-146,658
40336,-4009,-4833,-7825,340,-79,389
40337,2011,-696,-907,728,-187,361
40338,-1963,1036,3297,450,-70,50
40339,-5989,-5120,7314,1963,1823,328
40340,-2482,-6295,5378,229,773,1748
40341,5089,-3410,2580,602,-1169,-1396
40342,6357,-1610,793,1882,341,994
40343,6534,-3692,5890,-1370,1743,601
40344,807,-5553,6179,-189,-1592,-1988
40345,4415,3415,-1787,726,149,615
40346,-5767,7815,747,972,-1692,1388
40347,-1289,6214,-1236,1528,239,1795
40348,-6452,1283,781,360,-1052,-876
40349,7213,3273,378,-735,4,-4
40350,-4752,-2562,5755,1041,-1497,-414
40351,1849,4053,-7028,-708,-652,-1251
40352,5281,4010,-1976,-447,399,1171
40353,731,-2128,-7604,133,-719,-127
40354,2779,4681,-5022,1293,1863,1565
40355,-7998,-2982,5079,-614,1459,1975
40356,5797,-3335,4638,1166,-1755,1463
40357,6999,-2447,-2351,-1316,-1300,-893
40358,5700,6960,2251,164,125,-563
40359,327,5868,1381,-1486,-1312,115
40360,-16,-3524,-6817,-1304,220,1087
40361,-2274,1003,-3736,-1816,-551,-579
40362,867,5554,5775,1998,-1200,-1686
40363,414,853,-7687,-949,-287,1440
40364,-5227,-6240,-2878,-1535,-394,218
40365,482,-133,7916,-398,1442,1513
40366,-1651,4737,-2968,941,511,-1021
40367,-2974,1871,2539,628,-103,-141
40368,7165,-3389,2421,-661,-381,1291
40369,-5089,940,203,-1843,1912,388
40370,-6752,-6041,1298,-1954,1934,468
40371,1626,6920,7925,719,-1269,148
40372,-1145,4295,4564,-742,169,641
40373,585,-7660,-4608,-8,583,-1878
40374,-5628,4338,4723,-1184,-282,764
40375,7955,3856,-2473,465,-1421,1955
40376,-2421,-4841,-1413,-1231,-500,1656
40377,-2375,-6797,-2320,1337,1802,1691
40378,5937,-3674,-5557,1237,-803,-813
40379,-7005,-1847,4490,1435,-1019,1934
40380,-5142,1419,-5144,-1931,1209,-1478
40381,382,-2494,-7410,-1373,-929,1362
40382,5423,2502,-5322,-1772,697,1009
40383,7619,-352,-7620,854,-648,1455
40384,-3774,7721,1220,-1419,1286,1222
40385,6661,-5497,-4582,-362,-617,-302
40386,3113,-7354,-7537,-168,1029,651
40387,-7438,6514,35,370,778,-1944
40388,-3467,3209,-7493,-717,-1820,-49
40389,-2478,787,-4417,12,1719,-664
40390,-7763,1352,-510,-975,-56,1246
40391,-5086,-3691,-679,1497,1335,586
40392,818,1973,-3493,1567,1214,1650
40393,4070,-1254,4370,-526,-1422,605
40394,-2296,-693,4888,1035,53,1869
40395,3685,-523,1744,1408,-1212,-1248
40396,-2517,-4757,-6408,1445,410,919
40397,6700,-1166,1415,188,1071,153
40398,534,1020,6741,-1255,1247,688
40399,3795,-2075,1722,1948,-1867,-92
40400,-53,-1975,6514,647,748,244
40401,1200,-736,5752,-637,886,1408
40402,-5086,-5169,-357,-1758,-1338,455
40403,3924,6871,5350,-962,937,199
40404,-4863,4077,-2714,-1582,-1759,1333
40405,3171,-7650,6587,1233,1545,1183
40406,-1182,-5435,1814,1355,1723,-1536
40407,3527,-4091,1636,1102,-47,-582
40408,-6568,-3776,4714,1121,1577,101
40409,5279,5176,4611,1562,-1768,1083
40410,-4980,-1523,-1432,-1688,330,660
40411,-2312,1781,5079,1670,-1409,-1359
40412,138,1017,-7949,-756,1813,-540
40413,6401,4924,-2828,1031,-729,-1441
40414,-4467,321,-2669,-882,901,1793
40415,6023,2922,-2332,-1652,623,-1450
40416,-7357,-6057,-4126,-698,353,-359
40417,185,-1009,528,-544,234,188
40418,1332,-295,4008,159,821,-376
40419,-2699,-7344,4261,325,535,-1043
40420,5025,4641,-37,1212,1164,-85
40421,-5380,-6680,-743,649,542,-790
40422,4949,2192,-3528,-1986,176,215
40423,4029,-7459,1046,-1886,-1588,-661
40424,7419,-7481,-3574,-512,-1292,261
40425,-1832,-2683,7662,1150,-1891,1791
40426,3258,6571,-4157,489,1513,-1832
40427,-7263,4288,-2025,-553,1210,-447
40428,87,1694,-2144,-635,-1112,-1780
40429,-4797,7552,-4526,483,1260,1161
40430,6610,-293,5193,1049,157,1828
40431,7282,5015,4224,1607,858,-742
40432,-4631,-4776,-5679,762,1393,1177
40433,-3553,572,6849,355,62,-1780
40434,7430,-2907,2722,457,-931,-1383
40435,821,7430,-4594,625,424,592
40436,6026,-2589,7744,1057,-403,710
40437,1067,7768,-5187,-1263,979,1023
40438,6303,-1889,-2876,1830,208,764
40439,-5756,7139,-1673,-787,1465,1863
40440,-5745,2659,-2022,1789,-1877,-1811
40441,7192,-2020,3618,-881,1979,117
40442,-3790,30,712,-1253,-256,-1553
40443,-3566,3469,-5135,1306,-53,191
40444,-4743,-451,-4896,1442,-184,-910
40445,7132,-6082,-3441,1714,-162,-116
40446,1335,-3185,-6011,-350,371,169
40447,7925,4473,7179,-173,1849,-505
40448,-5261,1682,119,-794,-234,-187
40449,-625,-6803,-49,-904,-1092,695
40450,2416,-547,-1373,-1556,1444,-421
40451,7996,-7132,-5985,1375,1504,-558
40452,6661,2873,-6370,1550,-283,-1910
40453,6024,-330,-1084,420,1890,-406
40454,3644,3888,5495,-14,768,-350
40455,5897,-4474,-5943,-1518,35,-357
40456,-3204,-3407,6145,-881,-1254,1987
40457,5330,6683,1153,1667,-374,1670
40458,6924,6418,1197,-1252,-558,-599
40459,5190,4626,-362,-1659,-656,-748
40460,-6217,-6804,-3171,1621,-1066,-1989
40461,-2414,5649,4002,516,1969,-1317
40462,-4974,-2648,-3714,804,634,1930
40463,7291,-7178,5856,-1424,-1646,1868
40464,-4803,-4315,209,-887,-457,1704
40465,6286,7112,-3379,-1517,357,-1740
40466,-3303,-7107,-7360,-444,1503,-309
40467,6886,2493,-3250,1505,303,-381
40468,-3066,-1852,-7864,709,736,1212
40469,-1556,874,-5015,200,-1333,981
40470,-6613,3666,-1675,63,405,-194
40471,-2103,3296,720,-390,1684,-1822
40472,1636,-3040,-7760,-465,307,1885
40473,2470,-3528,-3228,1905,-1677,-724
40474,-3694,5606,-1848,-1088,-1337,-741
40475,351,-2308,4194,1182,165,-1058
40476,7820,-7533,-5397,-1454,-364,1177
40477,1877,-6950,-5510,-1552,-404,378
40478,-6827,-7504,6354,77,-1632,896
40479,-3246,6810,5143,1473,773,-1385
40480,1691,3067,-5586,1885,-454,329
40481,5839,3255,-2972,-1948,662,-1712
40482,6928,-7966,-5760,286,-111,-1528
40483,-6544,-1855,4941,1725,1439,1374
40484,-5910,3419,-6298,-1902,637,-710
40485,-6730,-6785,2552,108,-1069,1573
40486,-6835,-293,-3552,-144,-222,-1803
40487,-3388,-4632,7963,1974,735,1812
40488,-4346,-4705,7720,-397,-790,744
40489,-4684,-6691,-6881,-1559,-900,-1408
40490,6256,-5447,5776,1432,797,172
40491,875,-3889,-3522,-770,1086,1971
40492,-1558,-3066,-7492,1693,1421,779
40493,2749,-7884,-4078,-1452,-1990,-1191
40494,-663,-2767,-7884,270,-88,-111
40495,6780,-6044,3783,-313,696,128
40496,4837,-6403,-5987,-1784,-1870,381
40497,-6150,-5430,2721,-1145,700,-1130
40498,-5826,-5781,177,250,1069,-1581
40499,5609,5669,-4162,-937,-424,1776
40500,3008,-4631,5790,518,1959,-42
40501,-4264,-6717,7265,871,-31,1313
40502,2344,-2890,502,-16,-1179,-732
40503,7617,-7144,-4201,-416,293,-787
40504,-2821,-821,4768,-1173,1067,-286
40505,4604,6368,591,1341,1225,1191
40506,-5778,5708,-6032,331,1286,487
40507,3615,7119,4508,-1550,1967,-443
40508,6551,4798,-7868,1577,-354,-1099
40509,-7309,375,4496,-1233,-1302,-1233
40510,1762,1845,3324,1396,-158,1426
40511,-235,2446,-2514,-783,1003,741
40512,3179,1699,4674,1232,-1320,-766
40513,-6413,6202,-4627,1153,1234,-1977
40514,3146,-4158,-5307,615,-741,-1152
40515,1070,579,7055,-187,1349,-1175
40516,-7232,817,-6293,785,1072,-1633
40517,-7338,-2956,690,796,-1271,-1542
40518,6535,-5291,-2032,-1487,1489,444
40519,305,-1096,-4218,-1353,888,-1761
40520,-5976,2584,4305,1602,59,-1509
40521,3289,-2477,-4830,-1855,-324,-1835
40522,-6310,-5367,6427,1197,-879,-1863
40523,-4482,5317,-1286,-651,-930,-1394
40524,-1187,-4494,-4556,-1552,-400,-1847
40525,614,852,-205,-568,-1948,-1312
40526,6902,-54,-4609,-734,-1474,-1562
40527,-7976,-6921,-2520,1656,-611,-1823
40528,-1009,-1814,2073,-1597,1309,1543
40529,2413,-4009,-713,-139,378,835
40530,-3847,-4426,1685,-1983,1201,347
40531,720,-2926,-5,-853,1672,-1499
40532,782,-3669,-4934,-1448,695,235
40533,6215,-5108,5977,-1478,1934,-785
40534,-226,2390,-4378,1957,-1574,-553
40535,5498,-5925,-4539,-979,747,-967
40536,-5560,-1004,7583,1407,-1395,-298
40537,1266,-2926,7512,-1156,650,-718
40538,5771,-4533,-151,646,1946,1554
40539,-901,-6318,-5015,-407,900,-221
40540,2968,-3698,-2931,1721,-708,-722
40541,429,-6593,3046,1885,607,859
40542,-4021,-1269,-78,-1406,-1769,-589
40543,-1427,-3691,-1680,410,-812,-66
40544,-2769,-1192,392,-783,511,-1257
40545,956,-3231,-2452,266,294,-601
40546,1180,-2967,3203,731,625,-391
40547,-1289,-5010,-3016,389,-69,1376
40548,-4871,3434,-5658,-700,1888,-850
40549,6826,-6457,7514,1461,706,1865
40550,6223,5576,-3605,1517,1206,-1646
40551,813,7281,-4074,929,-666,-1103
40552,-303,4674,2160,214,-880,545
40553,2147,-1664,-7000,-467,-748,1566
40554,4797,3091,7397,1395,-1339,997
40555,-1014,-1293,-1398,-469,-804,-195
40556,2633,-6204,-2213,1613,1532,547
40557,4758,-1319,-3429,1065,-1664,562
40558,5854,5437,398,69,-478,334
40559,-1351,-7483,6135,849,910,-681
40560,-974,3743,-7388,-157,-1355,414
40561,-1744,-3495,-6472,-1065,569,-1512
40562,1675,3553,-7695,575,1453,1874
40563,412,-4855,3846,1954,-729,-1878
40564,6215,1501,1296,1288,-1634,674
40565,-770,-4035,4283,-496,-1561,1
40566,6892,-3432,6312,826,-543,-1528
40567,6858,6617,-7813,-1006,-1762,626
40568,-2159,-3300,4738,-1052,-260,22
40569,-2533,-5281,3784,-1355,186,1616
40570,5557,7307,-1179,630,-267,315
40571,1037,-7082,804,-1659,275,-1104
40572,-5321,331,-4986,-1884,1231,1174
40573,732,6559,-1542,-508,-926,1036
40574,2857,-5133,1474,305,1710,-1383
40575,-4988,2718,3411,-657,-832,744
40576,-7411,-1607,-3121,1948,-1214,1406
40577,-140,-6586,-1834,-1820,463,1733
40578,-524,7825,-7905,500,-1063,803
40579,7980,-2768,7799,995,-361,-1650
40580,3165,7050,2881,-238,376,1541
40581,-7177,-2666,-204,-442,770,-171
40582,-3997,7082,-2189,1399,35,1740
40583,-848,-5099,-1102,958,384,-1990
40584,-6927,-7486,2167,-616,1472,-579
40585,4520,-646,-4929,-1613,1189,628
40586,6904,-4321,-3411,-408,1143,-1062
40587,-5157,6349,-198,1586,-362,-787
40588,-1962,-6357,1600,457,817,649
40589,-3204,743,4077,-1308,292,-1684
40590,4312,222,-5222,438,1057,-368
40591,-2180,-778,-1011,-1504,1487,-1860
40592,4753,4251,5167,1867,399,-1944
40593,7555,-7390,-5286,-999,1040,-753
40594,-4705,2666,3715,1722,674,75
40595,-1618,7927,517,101,554,1467
40596,-1054,-4226,-6634,-1241,-1020,-1143
40597,3508,6783,6786,796,959,1027
40598,7202,6687,-7350,425,-398,1535
40599,-2974,2400,-4162,-271,320,-1000
40600,-6361,6219,-5858,1795,653,-1244
40601,6811,5869,-3147,1447,-1006,1683
40602,6537,-5247,1333,-301,-34,-1688
40603,-293,-4427,-4,1089,-390,-58
40604,1890,3322,741,719,-911,-1731
40605,-1417,-7284,3851,1363,974,1415
40606,-5497,4098,2343,-1390,-1777,1431
40607,4291,-287,2208,1792,-85,1459
40608,-3528,-1588,417,-139,1410,-985
40609,7563,5106,6312,77,-1175,-905
40610,-2727,53,-6856,738,-739,1101
40611,3899,-380,5671,14,-1650,-1394
40612,-5240,-3384,-1900,1672,-1408,-139
40613,-3702,-2623,5,-1994,654,598
40614,169,-7172,7742,-1040,-636,1678
40615,-1247,-6335,1495,-1424,39,605
40616,7339,-226,-1733,1089,148,-266
40617,-7924,-1604,-4205,24,-1860,1995
40618,-5744,-6446,-4517,-1054,525,-887
40619,-192,6148,-7853,-1315,358,384
40620,7390,4756,2093,886,522,-417
40621,-242,2652,-7880,-413,1824,-1516
40622,-6293,-4478,-6426,213,1214,1125
40623,-3300,-3008,-2493,-1926,-434,1820
40624,597,-4085,3716,-1064,1549,-40
40625,2852,142,-4611,-1242,1730,-1003
40626,-6985,5861,1446,-383,1298,22
40627,1119,733,-3520,977,-1595,-1477
40628,-331,1681,7812,1804,-840,436
40629,6514,-480,5420,487,1937,-97
40630,-993,-2864,-5560,-1412,-603,-1908
40631,4558,4144,5323,-1764,159,1559
40632,-1265,6690,7535,-920,346,435
40633,4025,-2805,-202,534,1933,-1046
40634,7895,-1695,4135,825,298,602
40635,3056,-133,5092,-1906,959,1703
40636,-216,3641,-2507,670,614,-1350
40637,-6008,4632,-2811,629,-560,-1474
40638,3172,-5856,3326,1154,1838,-22
40639,-1153,1255,-5492,1687,-398,1505
40640,-2103,-7588,5923,-192,-1752,1433
40641,7812,3314,-3757,376,1909,-1961
40642,924,-4786,7743,-1361,-1174,1457
40643,-1789,-4001,3551,1400,-373,-1233
40644,6073,-1859,66,410,-1164,-983
40645,-7563,-749,-26,-1344,1958,238
40646,830,-3270,-1328,1646,-1154,-591
40647,-3328,2824,1371,1115,-1634,1438
40648,6896,6004,-80,853,-1744,-117
40649,-5571,-6512,1654,-1840,447,722
40650,1957,-2244,6871,1919,1256,-1642
40651,-1585,-503,3137,-170,43,962
40652,2449,2280,-843,1108,195,-138
40653,-1265,1540,-2369,1222,-1609,1210
40654,5822,-4220,-2252,1557,-467,-1684
40655,-2235,-6469,629,1419,-214,310
40656,-1424,-5999,-2386,401,1306,91
40657,-6317,-3789,-2011,1455,579,-917
40658,102,3118,-1948,546,-1000,644
40659,2314,-5716,-6562,-1984,-1321,-898
40660,-4156,959,6280,-1405,593,-756
40661,-1159,2648,-2012,-465,1134,1532
40662,-3976,5241,3504,1927,1428,1328
40663,3095,-5442,-3066,1727,-98,-987
40664,2016,1975,-2267,381,719,-822
40665,2047,-6594,7837,-1111,-113,-1440
40666,-1714,4307,-1554,-1880,-383,1343
40667,5743,7225,-7949,998,-1310,1704
40668,-7289,2343,7796,-1451,833,-1327
40669,-121,-7702,2724,-384,-1683,-448
40670,-3896,7872,6844,1053,-721,478
40671,-4840,5941,-7888,48,-1383,-1767
40672,-2951,-3754,555,-411,71,233
40673,-2274,-2419,454,1546,-1788,-1253
40674,7584,-3459,4751,796,1709,1880
40675,-1018,-50,2801,650,1088,-1962
40676,3080,5652,5708,-1650,-536,79
40677,-1132,-4639,3790,-528,-549,-1189
40678,3910,5084,3593,-254,1232,1323
40679,5986,32,-1830,-1012,-1254,-1050
40680,4653,-2374,7573,-1840,496,-985
40681,-5085,-6586,-2116,1244,660,770
40682,1552,-6469,-7024,145,967,1599
40683,3937,-4810,-1719,-1578,1841,1964
40684,-98,4835,5883,-1189,-366,-1207
40685,5141,-2572,1676,-423,-944,890
40686,1480,-147,438,-529,1209,915
40687,1931,3281,-2816,302,344,-1806
40688,1487,-4518,-1425,488,303,-139
40689,1216,-3447,4429,-746,1744,108
40690,4076,-6797,-6864,175,552,-711
40691,-696,-2046,-5690,1204,176,211
40692,-4275,2582,5393,-597,1489,459
40693,-486,-2826,-1973,884,1918,-946
40694,-557,-2228,2616,434,1507,419
40695,117,-5304,6775,-1589,1780,1932
40696,-1028,-4093,4226,1241,305,-1203
40697,-4911,-6920,-5040,-580,-219,827
40698,6677,6415,-7873,1887,1755,-1472
40699,7731,-3077,3414,-142,-1205,-766
40700,2486,3911,-6828,161,134,-1287
40701,1002,2024,4286,-20,-128,1860
40702,-4946,-5677,-3814,417,-1164,162
40703,2571,-4892,5752,-1938,-1337,-1400
40704,-5413,-3355,-706,-1092,-345,-152
40705,-5571,-3029,-5518,1816,-1885,-736
40706,4172,-2859,6604,-455,-1318,-270
40707,-6346,1876,4582,-967,1792,1000
40708,2222,-3045,2999,-359,127,-739
40709,-4857,-7912,1583,-1454,-1512,-267
40710,-5602,4153,7013,368,595,-1917
40711,-6222,6100,-28,1573,1517,-1900
40712,154,5909,-5180,343,-59,677
40713,-6214,-2471,-588,982,1180,-160
40714,2040,-5429,-2554,672,-1945,-1127
40715,3828,-5843,-7309,-1659,1222,-1608
40716,-3202,-7446,903,-53,1938,733
40717,6340,7947,-919,-789,732,467
40718,-1649,3918,-971,761,-1759,1661
40719,3584,-5408,6223,-64,-1257,190
40720,-3223,5831,-1452,344,-1246,1775
40721,-2075,864,-4863,-1471,-1978,-936
40722,6467,-3398,-37,1750,1424,-1261
40723,-2855,1963,-2631,-686,1783,18
40724,6743,1901,2221,860,1997,-537
40725,4104,-7893,528,864,-1306,603
40726,-3867,2467,6276,198,1050,1744
40727,-7554,-5473,-3648,272,-760,-1183
40728,-2307,-2888,-360,-361,556,1927
40729,2385,4328,-4624,-911,1817,942
40730,5100,4558,3983,-603,1974,-809
40731,-962,-6709,-1289,-581,1095,1194
40732,-3824,7862,-2521,-1075,1839,-137
40733,-7222,5948,-6756,-1214,1320,1088
40734,-2263,-1011,7726,224,-137,-1805
40735,6435,3060,4695,144,-365,778
40736,3525,6684,4007,1852,499,465
40737,6307,-3737,-7055,1225,-1312,340
40738,4799,3318,6597,1384,1639,-967
40739,1658,-3621,-3018,-1158,730,83
40740,-681,-4985,5165,-1659,-1010,571
40741,5610,-5301,3716,-794,-1939,1252
40742,1591,-5454,6640,-1366,30,-1211
40743,-7154,4156,-2600,818,811,-1721
40744,7320,5671,3690,1867,1826,1168
40745,-4937,7475,3989,1458,-245,661
40746,2780,3160,2650,-1317,361,1763
40747,5093,1764,1414,-1063,-689,118
40748,2128,-690,4405,1715,-870,-793
40749,-7073,-1211,-6246,1414,-1418,334
40750,-3481,-3051,5989,-382,1925,1344
40751,-6753,-3201,-6971,-312,-1886,-1135
40752,-440,5797,-6709,452,1367,-71
40753,-1290,-683,4384,-405,1134,1817
40754,-2290,-2346,-4165,1140,-1891,58
40755,-4410,3288,-7676,587,1079,-381
40756,-7019,501,7572,1120,572,-1947
40757,-1997,2899,-6850,-1420,-1436,-1015
40758,-1790,-7147,1096,-1856,-1283,1244
40759,-3479,-467,-2547,724,104,275
40760,-743,653,-3624,-457,-411,1736
40761,-1265,-3347,-5679,-808,-1301,-144
40762,4470,-6565,6922,620,1562,289
40763,-5039,5089,-6211,1611,-125,-1994
40764,-7590,-4353,1387,1959,63,-1401
40765,7966,5428,-2287,1497,1223,43
40766,7415,-187,-4249,-1442,346,24
40767,-1210,-5157,4813,678,613,-191
40768,3675,6393,-410,872,-385,1878
40769,1810,5493,-6012,-1741,-964,-1930
40770,7028,-6621,4659,-688,1840,-337
40771,-2392,-4997,2732,-994,1358,-1923
40772,265,-2939,-5728,232,1734,70
40773,-4683,411,-2602,-1439,-1356,-1010
40774,2778,2666,-7119,-1525,-1914,-602
40775,-5245,-6263,6432,1862,-1341,-1433
40776,-2321,-2959,-5549,-1339,-668,-1215
40777,-6331,-773,-5021,-1891,457,1520
40778,-6858,-4670,4535,-1165,902,1704
40779,5836,-4062,-4115,-1063,1959,1470
40780,-3529,-7605,-1555,-1705,-686,397
40781,6063,239,-6357,-1363,491,1453
40782,2160,-4441,6318,-588,-624,893
40783,-2424,-5107,6513,647,-1341,1847
40784,3111,6622,735,-1140,-479,835
40785,-3509,-3541,4445,-208,1258,-1800
40786,1182,4074,5862,-617,1780,-979
40787,-7072,-6532,1359,-287,1256,-1768
40788,6343,-2982,3635,1935,151,-88
40789,3939,-4753,-7677,-724,482,-1290
40790,-6270,-5809,7314,-1084,1701,-427
40791,-3662,-6113,-1736,1647,-481,-843
40792,-1870,-7912,-48,980,807,-45
40793,1174,5060,6346,-1961,-1625,-1181
40794,326,-5478,7451,460,1493,-666
40795,148,-3933,6181,1000,1219,649
40796,7390,4116,3726,-1919,1438,742
40797,-5593,-2180,-5458,-1222,508,-972
40798,1054,-2826,871,-1690,787,-448
40799,7784,7893,5836,-1014,-390,-1162
40800,1278,-7198,2109,776,903,-1096
40801,-2685,-922,-2455,1536,882,-196
40802,-2768,-4171,3447,120,-185,-435
40803,-7986,777,4160,808,-1120,-444
40804,-4314,3313,-3382,585,-1836,977
40805,-3000,-998,-3532,-1631,-1599,255
40806,-6084,55,-3498,-397,-1053,-876
40807,-6830,-343,-5004,1451,422,-1822
40808,-3908,-4676,7114,-1972,410,-525
40809,838,-3458,-7515,-916,-1111,1492
40810,-243,-3955,-5127,-1575,-182,-586
40811,5156,-2837,4016,1914,1510,578
40812,2307,7177,-3001,-686,844,-441
40813,4475,4390,982,-1394,-221,799
40814,1333,-4232,4885,441,-1837,-380
40815,2645,5426,-6097,1167,-519,-1980
40816,5969,3020,5408,286,1881,1471
40817,1169,1234,-4521,1095,-619,1530
40818,-6014,-2880,-1028,1755,870,-1737
40819,-4148,5635,5227,-892,177,-593
40820,7527,2629,-2195,362,-1296,-1192
40821,-7944,-5213,-7442,1741,742,-164
40822,7528,4300,-2282,-1992,-663,-107
40823,-209,-1902,-2711,1902,0,680
40824,-5420,-4798,-1707,1693,-139,-897
40825,1429,2041,-7439,-818,-179,1421
40826,-7784,-2218,2716,-1805,-403,546
40827,5305,3325,-4980,440,1055,-1581
40828,-5973,-3740,-6973,-1631,-713,1750
40829,352,-5424,189,-1257,1547,635
40830,-4287,-1124,6943,922,1978,1624
40831,-5962,1081,-7564,-393,-1302,-1384
40832,-1697,380,-528,345,-1273,143
40833,-547,-4036,-6063,197,-410,-1978
40834,5970,-6478,-4704,-645,860,1126
40835,-1439,27,1175,-978,-71,1872
40836,-7461,5342,4563,53,-213,-1715
40837,-3311,1095,4688,-767,380,-1789
40838,-3836,305,-6589,1438,-1880,1415
40839,-3771,7549,300,228,1246,1274
40840,1030,-863,4104,527,1864,377
40841,5177,7012,-6525,-720,1550,632
40842,4186,-2386,1626,813,-1120,1271
40843,-48,-3598,-888,69,215,180
40844,-6069,4486,-3933,511,-1172,1432
40845,5162,5132,1614,307,-1631,-1925
40846,-6076,-1201,233,963,-605,531
40847,2854,5245,-1628,-912,345,515
40848,7183,4606,-7681,1220,-1608,1013
40849,-5342,-5636,-7695,-624,1954,-1909
40850,4409,5934,353,1612,718,-1560
40851,4950,6697,-5300,950,530,-1790
40852,-159,-7649,2712,-1376,-1847,298
40853,-7592,-6326,3893,-1062,-833,-78
40854,4053,-7975,2226,-2,1370,717
40855,903,2738,1609,-283,-1546,-92
40856,3099,-3062,-410,35,-1259,-1291
40857,-3393,-4327,-3970,1479,1815,487
40858,5579,5630,-337,706,-1755,-1313
40859,-1378,-22,6576,-202,720,-1469
40860,1345,4677,6950,1428,-348,-469
40861,-5397,-256,-3219,-672,1931,-711
40862,6707,4824,-1522,-1960,779,1470
40863,1867,1369,7718,34,-1969,1606
40864,6240,-2286,2787,-609,30,446
40865,-6181,7860,7549,351,-1574,-374
40866,2615,-3075,5434,-1210,1605,-175
40867,4166,-6713,1691,746,193,-1108
40868,-3975,-6030,-2321,-379,-1541,-96
40869,-2948,6818,-6696,-397,1596,-1461
40870,4869,5493,-5042,-556,1394,154
40871,-2124,-6959,-3700,-628,269,-792
40872,1699,3410,4626,-608,-21,-1121
40873,-1637,6163,-7909,-48,463,291
40874,4621,-7296,6145,758,-649,-127
40875,2904,7588,4361,1113,379,-1952
40876,7081,3007,4990,-1114,1711,-946
40877,-7983,1515,-5477,1263,324,-224
40878,-1672,-6347,-307,1500,604,-199
40879,-6131,6249,-7759,302,-312,191
40880,3797,-7452,-78,409,-1621,713
40881,4874,4116,-4768,1854,69,1085
40882,3825,-1352,5918,486,-890,-36
40883,-6273,-3633,7166,354,1929,140
40884,-959,-5386,-2143,-119,1528,-209
40885,572,5102,721,-148,-1364,-887
40886,-6734,-7083,4392,-1602,978,-969
40887,-7325,-4193,-4825,-1179,631,1904
40888,2140,5585,2495,922,-1720,25
40889,4768,79,156,-1300,-1385,1199
40890,-4844,4049,6087,-1050,1704,933
40891,221,-1291,-4712,-1334,-1441,299
40892,7581,2525,7616,-595,-1549,-1847
40893,-546,6156,767,859,-1888,1694
40894,1144,5665,-1431,-1785,-623,-1352
40895,7465,-7837,1355,-654,-1941,510
40896,2490,-4150,-3751,156,1937,1425
40897,-113,-2644,5617,-1079,1686,-846
40898,-7714,-1408,3317,-965,1860,1543
40899,-1952,-7666,-4149,-61,743,1613
40900,7331,-2757,-21,-865,562,-481
40901,3095,6034,7663,1183,1996,1937
40902,-2283,1143,-7509,-1639,590,-935
40903,-2601,-4649,-5832,-1487,548,1340
40904,-90,-2177,3356,8,-1054,-520
40905,-2389,-7373,3655,-7,713,1798
40906,-3003,-5345,-150,886,1446,866
40907,3542,5847,5373,-997,529,-1720
40908,-5445,-5032,-7459,363,-14,344
40909,-6211,2243,5052,639,-1217,1708
40910,7771,-3552,-7776,1379,-888,-1894
40911,2309,-2166,4370,-625,-892,-200
40912,6120,-4432,7221,1485,-1906,-783
40913,4450,-1473,6601,-369,737,-219
40914,-2992,-5524,-4682,569,-1308,-636
40915,-7041,-2273,5104,-933,1319,-1372
40916,-2228,5613,-4867,-1561,-1414,1376
40917,-6075,-647,7341,1229,-811,281
40918,1796,-869,1626,679,-1701,-1067
40919,-1824,-1784,7618,560,769,1412
40920,4070,-846,4457,114,-422,430
40921,4778,1432,-7995,-399,344,-1937
40922,3168,-3541,-1921,935,1895,692
40923,-3717,-3500,-451,-205,-1759,-1730
40924,-5230,7044,-3029,260,1702,-1680
40925,5956,4204,-4888,-1391,1270,-724
40926,-7861,6670,3601,-1657,-1207,1581
40927,4025,3981,1269,1274,1193,-141
40928,-3294,2131,7042,-774,432,-1115
40929,1502,2888,1277,1946,-1145,-487
40930,-2494,4177,-2276,-683,-214,1000
40931,-1671,3855,-3389,1264,-1499,554
40932,-4326,-2907,5752,1238,1080,532
40933,-1017,1104,2601,-740,-1699,1658
40934,5318,7506,-5929,1528,-177,-1147
40935,-7714,6304,-4697,1831,1431,923
40936,-5392,458,-7816,1495,-864,-844
40937,-5904,-4290,7796,1426,-755,-122
40938,1445,-1120,6849,901,1329,-1760
40939,-2237,2009,7531,151,1342,919
40940,6591,4549,5518,-1433,-266,276
40941,2701,5335,6956,-944,315,-497
40942,-3512,-1402,566,-1697,-370,-784
40943,-5558,-4128,190,-1974,565,799
40944,-6112,-6559,-5252,1042,-166,-1131
40945,-613,6506,-1034,105,851,-1041
40946,6336,-5480,-6465,-184,1870,-625
40947,-1358,-1397,2650,-1797,-1592,33
40948,-5318,7458,-5567,-1037,1654,-529
40949,1119,5687,6636,337,1649,-1122
40950,2891,-4630,-959,-144,1855,1085
40951,4910,-732,7081,-416,1957,-991
40952,613,-606,-7418,1389,-870,449
40953,-738,-4564,-2417,1774,677,-918
40954,2035,1200,7805,-634,-1061,-1575
40955,-5021,-3932,2743,-797,-1174,-941
40956,5703,-971,2739,-288,1538,217
40957,-3628,2576,-6711,-1725,530,-1604
40958,7533,3682,2925,1794,-875,469
40959,7006,6563,1227,-1348,954,1761
40960,-1290,-5667,4171,1175,-1106,-206
40961,2663,2391,5050,687,-1847,1581
40962,-3253,2645,-3355,-1626,-792,799
40963,3922,-2915,-5117,-1727,111,-1813
40964,-1800,6118,-2329,-215,1693,702
40965,3156,2255,842,-1709,1409,380
40966,-1839,637,2866,677,1107,1648
40967,-1484,17,7220,1880,14,295
40968,-479,-3557,-3397,318,1017,-1272
40969,7593,7844,-4910,-440,1615,1261
40970,-290,-1793,-4201,-117,-1003,-118
40971,-1997,-4734,5588,780,368,-1797
40972,-1558,831,5362,-839,-1488,1011
40973,6794,5163,1499,-721,1997,-1960
40974,-6068,-3080,-4160,-1555,-1022,-1452
40975,-7434,1466,6907,1440,-1335,-1467
40976,-6002,-3346,2638,54,1997,-1126
40977,-1329,5575,-1002,-136,1657,-298
40978,-1473,4977,-4727,1053,1286,1231
40979,7263,-1261,-2021,709,-404,107
40980,583,3712,-5816,-1488,-1896,1040
40981,88,-563,1831,418,1691,-1414
40982,-6508,4317,-5018,577,939,-1151
40983,-2797,1135,-3773,1232,1429,909
40984,-4885,4691,2845,-748,-164,-30
40985,-469,5905,7576,1314,-813,863
40986,-3318,2366,-5390,37,317,-227
40987,-1716,243,5499,-184,681,-689
40988,-7132,-2729,-7510,-39,1599,-1121
40989,-7713,-6164,2178,-313,597,-1074
40990,3938,7303,-7231,-520,-791,-1186
40991,-7232,-5180,1056,1509,-1920,895
40992,4342,6854,-124,295,1325,1971
40993,1947,880,3460,493,1426,-297
40994,2757,1253,-2293,-1168,-1484,-416
40995,-670,-2439,3392,795,-865,608
40996,-3134,4718,2888,976,-1722,603
40997,-1208,2542,5861,-1040,-1273,956
40998,1024,-7067,1582,145,658,44
40999,5338,-4194,-141,131,-1400,-555
41000,-472,3120,626,1124,1891,-944
41001,6005,-687,-1890,688,871,161
41002,-1409,7807,2771,-1194,1484,-1906
41003,1516,-1670,-3141,960,-95,-560
41004,-3965,1879,1981,-463,-1722,-1805
41005,2245,7269,-4896,-1981,-1777,1058
41006,3690,4973,-176,-1494,-1731,-1948
41007,-7945,-3894,-3681,1892,-645,1051
41008,6363,-1305,164,185,393,-242
41009,6932,-7368,-4116,425,-353,-158
41010,-2867,4899,1027,1918,358,1944
41011,7084,2303,-1344,-946,1530,-1044
41012,-5815,-934,7273,-797,-229,798
41013,-1253,-4152,3112,72,-1130,-1124
41014,-1327,-2105,407,1451,1118,1730
41015,-7163,-3104,2472,-968,1318,1773
41016,6721,-440,8,-489,1985,935
41017,-654,2603,3906,543,1836,-1051
41018,2731,5923,2120,-243,-1465,176
41019,-680,4217,-4259,-1980,196,1443
41020,-5996,-586,2601,1886,-472,-584
41021,4970,6047,-7897,-931,-612,-1773
41022,-3801,5033,-6787,-1362,1449,-266
41023,4192,-1319,1987,1873,967,-134
41024,1832,1034,-3130,1861,696,-464
41025,-404,-4898,-7207,1183,-1107,350
41026,7783,6875,-2306,-1536,-1099,802
41027,-1448,-4609,-2135,-1110,-1769,814
41028,-1802,-260,-3917,662,-1656,-1378
41029,5331,1826,-6303,-1480,-476,-1205
41030,3539,5436,-3764,1973,-1230,1924
41031,-6727,-7831,-7108,1438,-258,-812
41032,-237,-397,-4865,166,86,-145
41033,-6607,4290,1945,-63,-1514,1235
41034,-1439,-6708,3004,-538,935,-978
41035,2594,3749,-3009,1233,-1179,-996
41036,1974,-4769,5624,1737,-1887,-1781
41037,-2227,7803,-1667,-891,753,-187
41038,4347,6778,-2694,550,-1372,243
41039,1535,-5716,-1641,-1078,-562,-158
41040,-7906,-296,7258,867,-1856,262
41041,-3277,6362,2095,339,-3,-1659
41042,-2291,695,334,-1946,100,-76
41043,-1764,7906,-6539,-1364,1864,-824
41044,6665,-3079,-817,295,251,1885
41045,2206,-2739,6336,1134,663,1334
41046,7289,4107,7893,-729,691,-396
41047,3118,344,-5009,540,1797,1524
41048,6662,-722,-6067,-749,-1778,813
41049,-2598,-4913,7304,-1179,-1654,962
41050,6832,-3996,-1951,-745,1071,1090
41051,-330,-5852,1121,-1867,810,-692
41052,2944,-3019,2531,856,-1953,476
41053,3463,5788,5473,505,-288,741
41054,1189,-1932,-5084,880,-671,265
41055,-3679,5155,117,1704,-383,1730
41056,6462,-3515,2547,-1130,612,-784
41057,560,-1248,6757,370,-127,1285
41058,-1643,-5757,-7692,1075,-235,-346
41059,-4243,4759,-5177,-1800,-1820,-1524
41060,-3746,3154,-4605,-1020,1261,270
41061,-3631,-4621,-6029,1561,387,-717
41062,-1263,-6316,5771,1639,1533,1358
41063,5823,7199,4501,-1501,263,1617
41064,-1649,-6965,-3415,-821,1346,-803
41065,-501,7147,-402,-246,1792,233
41066,1601,3222,7363,22,-328,594
41067,-3687,-7427,2416,-1761,1460,344
41068,-5980,4335,7186,-517,-1583,641
41069,-2196,4646,867,-1061,1176,446
41070,4023,4546,3555,-822,-1449,163
41071,-87,700,61,-1320,1937,-1762
41072,5511,-2417,1443,-1088,1865,3
41073,-4053,-1598,-8,-1719,-151,674
41074,-2151,3846,-2769,-586,-1083,920
41075,-5984,5200,-61,1799,-593,-1291
41076,30,-6796,2595,947,-1699,1152
41077,-6981,-6248,-4734,1904,-705,1376
41078,-3592,-6917,7518,-1748,1180,1175
41079,4679,281,7312,-1202,-1662,-1718
41080,-6551,-5262,6011,-627,-1112,-872
41081,-2589,2371,-3463,-1967,368,-1454
41082,-1962,3234,3108,228,-329,471
41083,7238,2758,-238,961,1641,1679
41084,991,5453,557,1629,850,664
41085,5061,4513,7016,-408,-480,1249
41086,-7435,-499,2870,302,250,-870
41087,-4101,-77,1398,-1738,-1595,-1280
41088,1414,-31,-277,537,1483,535
41089,-441,-2474,133,573,1791,1874
41090,-6120,-611,-3761,-214,-1380,-1147
41091,-3686,-7535,380,-1868,1509,267
41092,-5389,4355,-7355,-1863,-1982,758
41093,2807,6073,-7857,-1631,1949,630
41094,-5416,-3091,-1418,1309,-509,-1219
41095,5841,-2329,4417,429,39,1916
41096,-5529,6958,-5829,1152,-1994,1707
41097,-1330,7903,-7094,29,-520,-1924
41098,-7539,-783,1609,984,1944,-1681
41099,-3178,7834,-6745,1432,1416,853
41100,4154,-1813,-4549,894,-1620,-674
41101,-4117,-3935,2925,-52,-453,-1738
41102,7365,3251,-3981,1770,1789,-672
41103,-3688,7132,-6514,-247,-338,1764
41104,-2320,-2299,-7645,1412,-1778,-958
41105,-540,4040,7230,-798,1820,1275
41106,-7876,713,6020,-431,1135,-959
41107,1841,5354,5098,-1478,524,-1652
41108,-7244,-521,1728,1824,-1231,419
41109,4809,6380,-6947,-691,496,-227
41110,-1864,7392,-112,1862,166,1553
41111,6985,-6439,2188,-728,-213,951
41112,4069,-1587,1264,-666,1639,1305
41113,778,2197,-1460,61,302,656
41114,1930,-3016,4600,-901,-388,1022
41115,-4827,2213,-5164,-390,56,-302
41116,-4703,7055,-1891,1510,-126,-1863
41117,4667,3603,-5619,-777,-1946,-1292
41118,6449,-1148,-1692,531,-760,742
41119,5442,-1054,-1843,-1508,-128,-304
41120,7440,3160,-1646,962,-922,372
41121,2187,-483,524,613,-1495,-1010
41122,6016,7688,-6592,1756,-227,458
41123,-1568,-4321,-7696,-353,1170,1815
41124,-4205,1330,4901,-1395,-851,-694
41125,2763,733,1427,-222,1568,1276
41126,-7573,3041,-6619,-641,101,1135
41127,4998,5853,5372,584,1340,-732
41128,-3062,-4865,-5592,576,1020,228
41129,-6613,-3360,-7608,1725,1952,-797
41130,1851,6071,-5989,1601,-417,1491
41131,1840,1134,1390,568,-766,398
41132,126,-1687,2720,1625,-710,-888
41133,-2152,68,-2090,-1592,1061,-264
41134,4316,-5452,5961,-934,-1301,-79
41135,-4141,-3276,-6231,-861,1243,1431
41136,3142,-3317,6177,-792,-841,610
41137,-2108,-726,-2328,-190,-1964,290
41138,-1599,2835,-6717,-957,-1024,387
41139,7741,-5856,6738,-1758,-344,-1580
41140,-48,-4922,2885,-1199,-1182,-925
41141,7527,-3568,2600,957,-1917,-1974
41142,243,7058,1567,-1630,1738,1778
41143,6997,-4758,7657,-924,-810,-613
41144,-4098,2716,3845,-1444,-924,1716
41145,-6656,7489,4756,538,1526,-1720
41146,-3488,-1577,-4640,762,258,-137
41147,6967,876,-4441,126,1527,-845
41148,4341,-5308,-6427,-626,226,-1494
41149,-7954,-3500,5091,-449,618,1117
41150,218,6381,-7042,953,-7,-606
41151,927,-324,-1243,-808,-647,-144
41152,-2962,3636,3759,1690,-642,-451
41153,-2053,4599,3034,401,-658,-1643
41154,-7985,-4841,-790,1366,990,-470
41155,6866,-5496,5458,1479,-697,-750
41156,1820,-554,-5442,-867,1778,1603
41157,-1239,-1277,-2447,748,-965,-516
41158,-6677,6622,4885,-1523,420,-1684
41159,6748,-6438,2706,-1851,-1824,-1270
41160,-7850,797,4347,463,-652,-1052
41161,-3232,-3570,6766,-733,-1945,-1288
41162,247,182,-1252,722,-287,597
41163,-4107,1392,-7920,-711,-1699,1428
41164,759,6399,7560,-1176,-1185,718
41165,2632,372,-6842,1749,-439,1567
41166,5101,-6294,2921,-1860,-584,789
41167,-749,5284,151,-323,-848,279
41168,-501,7410,-7275,-1930,-368,-1928
41169,-1738,-6548,-4930,821,306,1868
41170,-2389,161,-5031,1120,153,323
41171,5671,1599,1257,207,-408,-432
41172,-2361,-3791,1555,-1280,-606,-1002
41173,6763,1760,6769,-1193,1374,-603
41174,6180,1071,3424,-846,42,401
41175,6063,2278,-996,824,819,-1495
41176,-1079,4199,4062,-913,-1989,1818
41177,2722,-6971,4877,-1989,-1994,798
41178,-6867,-4751,-3879,-1336,625,-524
41179,4944,-6646,-5443,-1692,136,-347
41180,2955,1561,-532,-1614,1230,-885
41181,6042,-1960,-3508,1880,1208,319
41182,-967,-1876,-3968,-111,-666,-444
41183,410,7679,433,251,1297,-719
41184,-2660,5694,-4233,1230,-1523,-1330
41185,5569,-2438,710,-1598,736,-1472
41186,-3442,-2135,-3051,1177,-166,652
41187,1113,7240,-1630,1860,327,650
41188,-7953,864,4672,983,-999,1712
41189,804,-2444,7490,1056,-1217,676
41190,7825,-6345,5959,-1213,-71,-1659
41191,-3033,6512,4588,-1082,680,1273
41192,548,-4596,5375,-1015,-1664,-650
41193,7107,5914,-4240,448,1285,1675
41194,895,-1431,3046,-1503,-1186,1140
41195,-2674,4379,-6040,1242,-760,-713
41196,-5412,1296,3663,1520,1368,-1641
41197,6706,-97,-6746,-1454,-165,-1150
41198,5793,-4212,-6314,748,-594,-404
41199,2633,-188,5769,1816,-1279,-1361
41200,3661,2554,-767,353,1492,-1302
41201,-7599,-4190,-4290,-1045,-577,1765
41202,-806,4865,-797,-1280,-1450,1308
41203,-2214,-2498,6005,-1796,1991,-1166
41204,1415,-5853,4488,-1850,1101,725
41205,1180,-3405,1809,-857,275,1930
41206,-2388,-2596,67,-326,-807,1651
41207,3056,-3821,2226,1672,-1041,163
41208,6442,-4595,-2420,482,1676,1925
41209,-3609,1603,1943,530,1986,284
41210,-4993,2343,-4822,-144,1247,-1701
41211,-3739,3347,-4757,1253,-771,1629
41212,4592,-5166,-2846,-1127,886,-110
41213,-1999,-7610,-3898,1850,123,435
41214,5352,5268,-3865,967,1763,-577
41215,2623,-7267,-2940,-1131,-490,-1449
41216,3619,-2082,2123,-1322,1824,626
41217,-4999,-2697,4368,-1782,917,1205
41218,6256,3337,-4673,-1123,-711,1433
41219,827,1057,-2843,-1981,1134,587
41220,-1651,4511,4061,-1394,-631,-867
41221,6436,-2497,-7579,-442,158,1553
41222,377,-5564,-3639,-1208,-29,1420
41223,-3441,6609,-4701,460,-542,1766
41224,-3154,-543,4744,294,1126,-1794
41225,825,3700,-7269,569,1726,-1488
41226,1769,5403,-6144,-1112,-1453,-716
41227,4176,-5309,6870,-1543,-372,1858
41228,7141,2236,-2905,-1205,-1539,1292
41229,-2165,4011,-5211,1310,-61,-842
41230,-4567,7038,4580,-430,112,-1338
41231,-2256,5381,-3748,607,1233,1257
41232,2173,4953,-5376,47,316,-451
41233,-1860,-6169,6141,-396,1531,-811
41234,4141,-7769,2374,1175,1335,980
41235,-7949,395,-5357,327,-533,-1498
41236,-6998,6317,-5060,383,-1414,-1176
41237,-3058,2381,-5420,1405,943,377
41238,4180,459,1766,61,-1681,-832
41239,-3995,-4024,-3736,441,-390,-23
41240,4192,6240,5022,1083,-614,1423
41241,6525,491,-7056,-595,1979,153
41242,-5352,1393,1240,-731,251,1426
41243,-6760,-3300,-7794,1429,902,-1302
41244,124,-7204,-3837,-1153,-718,-1072
41245,-3742,680,6,-1325,-1183,-1171
41246,-3351,-3220,-6704,-1916,-682,472
41247,-1154,5589,-603,-652,718,-873
41248,5726,6434,-4623,1268,1854,-1040
41249,-2427,1268,-1379,-690,-16,-1086
41250,7165,3375,-3839,615,-180,-592
41251,-5061,-4573,-4971,1755,1939,674
41252,-6404,-6128,-965,1039,-692,1383
41253,6627,-7614,4605,262,1336,-489
41254,443,-7723,-1805,-1590,1385,646
41255,-4861,-5726,441,1384,1267,534
41256,-7586,-6542,-4904,95,-1120,1342
41257,6170,2674,964,1649,1053,1580
41258,-240,7639,3856,621,677,-322
41259,5394,1434,5345,466,-531,-771
41260,7333,-5192,-2684,-72,-1014,1850
41261,-7280,3651,-2286,1886,-520,247
41262,-4809,-4663,-6657,60,646,-1181
41263,1156,5272,-989,1738,862,1415
41264,2818,6212,5443,-1589,950,11
41265,-4694,-5303,-1627,1136,-411,1472
41266,145,-4429,4288,-1562,28,1430
41267,3622,-6104,-1991,1818,1744,-120
41268,1222,-6702,-4399,97,-1026,-1683
41269,-5375,-2425,743,1452,-1533,-1344
41270,238,6776,5284,-1715,-257,710
41271,-448,1781,2501,-1975,-1343,-1590
41272,5183,-6800,121,629,877,1019
41273,-7852,6127,2003,326,463,-1863
41274,7588,-4077,-2800,1660,-23,289
41275,-5365,-152,-2129,496,272,-1291
41276,6765,-2909,-379,-344,-1604,1839
41277,-3982,2873,3038,1713,-1669,-907
41278,6628,-3610,5788,493,-1512,-1027
41279,-3638,-3275,4787,818,1891,-1711
41280,-6955,-3100,-4388,-1287,-349,1038
41281,2223,-4151,-521,1945,-535,-1721
41282,-4430,3188,-7733,1007,-1936,-1510
41283,-6717,-1647,4860,1126,-1982,537
41284,2314,4303,1668,861,-1263,-115
41285,-12,154,-1666,1175,404,-1374
41286,-5396,-4237,-7118,1216,1779,-75
41287,-6657,-1636,1621,-672,1768,912
41288,-1370,-846,409,670,-1252,-1888
41289,-3630,-1505,3705,-1473,1789,-388
41290,5169,-7320,440,69,770,-259
41291,5021,6099,-562,-1716,486,136
41292,-223,-4821,693,1936,-1793,958
41293,-6868,6125,887,-1882,1916,816
41294,-2966,-7929,2589,-841,1802,962
41295,-7822,-5291,147,1035,-1892,1176
41296,2143,5496,-7829,341,-1450,-1457
41297,3448,-1829,-5509,47,298,41
41298,-3121,-7051,-4182,-413,-1614,-139
41299,4178,5880,-2074,1102,336,1827
41300,-6727,5581,-1180,1299,-1570,869
41301,1372,-6866,5026,-203,-203,-599
41302,-4674,-1223,3586,-1777,1300,1426
41303,7416,-5762,-6968,-1979,-112,575
41304,7951,-5608,6572,863,1796,536
41305,6457,-6384,1051,1805,-361,1499
41306,1724,783,4327,998,1543,854
41307,1319,6602,-2311,992,382,-199
41308,5053,3145,5166,-1813,-1351,254
41309,-4551,7682,5021,-1843,-1190,1816
41310,653,-2108,6923,-428,517,344
41311,4083,-2966,6315,1328,707,-664
41312,4448,-1450,-2113,-12,1802,-1884
41313,-2955,-7327,-4178,583,-223,-1127
41314,-1618,-7965,5185,-754,-1625,1189
41315,5757,-289,-4953,-1244,-266,807
41316,-1725,1180,4392,767,948,-1888
41317,-6027,5440,-4873,1087,1615,-788
41318,-5641,6579,6804,-774,-844,1732
41319,-246,-2423,3394,555,615,-1697
41320,-6544,4858,-6598,918,654,-1630
41321,6136,6066,4448,1928,1604,-255
41322,-7096,-2354,-5090,1570,-1822,-1186
41323,-1531,75,5645,635,1488,288
41324,-7543,-2558,-976,1901,-1418,1947
41325,-522,7375,-3169,-172,-1481,442
41326,-4202,4271,7367,1419,1994,1658
41327,-5131,7486,-1249,-183,-491,-1082
41328,-7605,-7196,5206,1493,-1817,-1548
41329,-4927,-1942,6491,-1559,228,1673
41330,4655,-6924,1091,-1014,-756,-945
41331,6761,-1324,1525,359,1530,-1805
41332,1678,-3735,-4096,-1380,-112,-1585
41333,1798,5060,2561,762,1468,-1974
41334,-7687,-7958,3739,1617,1401,1065
41335,4916,-7068,-2807,-345,1762,1044
41336,1424,3102,7954,-1937,522,231
41337,-3914,881,-7451,1484,-541,-1612
41338,-1277,-7572,-4478,-1181,-1553,1949
41339,-3860,-7030,1327,-1420,-324,-847
41340,2919,-5211,3023,271,-407,847
41341,3662,-3372,6218,-1064,-1466,-1262
41342,-4614,5112,-785,-284,1311,-1065
41343,-4550,4573,-3602,1991,1245,-928
41344,-7701,3346,-873,1419,1556,-1156
41345,4415,-5876,7338,1270,1301,1422
41346,-4105,321,3104,-475,-798,1927
41347,6453,-1940,2096,-155,-1206,1767
41348,107,2597,909,1546,766,1322
41349,7884,2602,2994,-1245,-466,10
41350,-2994,5204,-7797,-137,1749,-1460
41351,-2961,-5273,-5075,1286,1879,-1762
41352,-835,-179,6237,636,290,-468
41353,3389,-1694,-2947,1926,-388,263
41354,901,4686,4962,451,-1208,1844
41355,-1235,-4346,3708,705,583,-508
41356,-7934,-853,372,-1476,-378,-1860
41357,-2359,-415,3419,-28,-724,1994
41358,4500,1040,-5877,1,1691,-636
41359,2073,-7366,-1516,372,-787,-1658
41360,-6260,5193,1912,-1004,-429,-612
41361,-4368,2995,618,991,-1933,1734
41362,5630,-1624,-4631,1790,-1206,-786
41363,5227,-4537,1031,-805,4,490
41364,2687,6902,-1295,157,183,-529
41365,5893,-841,7752,-954,1780,-954
41366,-5173,7269,-6782,450,549,343
41367,-4626,-4826,6466,-1348,-528,81
41368,6085,2196,-4684,-627,1493,-800
41369,509,3131,-6511,142,-493,-844
41370,-5513,-1052,1182,-325,1149,532
41371,-2449,-5531,2491,555,-1598,1133
41372,-426,3683,-6814,233,1159,538
41373,3056,6421,-2882,877,1198,-935
41374,-7879,-2742,-4703,1565,1394,-1328
41375,-6235,-3223,-2724,-785,716,-1515
41376,7090,-3751,-7956,1043,-97,1944
41377,2490,-6325,5574,274,-751,-1788
41378,4562,-6693,3944,1858,66,1768
41379,7853,3609,4228,1558,-744,-972
41380,3997,-7016,560,-1220,-94,1996
41381,-6137,5457,-7561,98,1132,-410
41382,2751,1524,522,-954,-1839,-911
41383,-2475,1189,6086,1206,-1590,-475
41384,-6535,7532,5621,-1920,723,-77
41385,-346,-1594,-3498,-762,-1786,-1698
41386,1941,656,4037,-602,-618,-500
41387,-4548,-3413,-6419,1400,1125,-447
41388,-4997,-4829,-3736,139,-1773,-1138
41389,2476,5649,4671,1519,-1042,-971
41390,-890,-3484,4772,-1516,1126,967
41391,-781,6443,-3038,-231,768,-423
41392,643,-2739,595,1374,1075,695
41393,1102,1316,-5123,1019,1921,34
41394,-1735,1442,-1936,-1442,-967,-1838
41395,-2790,-73,4520,-267,928,-1506
41396,663,6302,880,403,470,1043
41397,-7134,-1375,-1467,-1391,-651,365
41398,-7987,345,7255,1970,1176,-1171
41399,4837,-3083,-6266,1405,366,-139
41400,5672,-5657,7175,-3,-1333,-1859
41401,-828,977,7528,-1090,-1676,1842
41402,-7035,-4869,6109,809,311,-725
41403,3889,936,-1263,588,-304,1184
41404,4021,1795,2302,666,397,614
41405,5318,-7402,100,-345,1993,1212
41406,-5762,-1141,-7117,36,-675,-324
41407,-3819,32,3186,-1211,1597,1639
41408,-728,-1230,4111,1879,-1247,-1514
41409,2905,-1202,-743,-1164,1419,-1844
41410,6905,2664,-2140,-1103,-1389,224
41411,-7514,-2818,-6283,555,-378,-60
41412,-7937,-27,-6787,-1027,-327,169
41413,-4655,3882,-3182,1812,263,-1244
41414,7677,-6554,649,221,-1705,-1137
41415,-2228,-483,-6153,1322,1918,495
41416,-5842,-946,2096,-861,-872,492
41417,6150,3574,-3536,1105,1175,424
41418,1479,288,-2831,-13,1640,898
41419,-2728,-657,2997,168,254,177
41420,2623,-6452,3075,-1449,-611,-658
41421,2341,424,-6377,-1088,-1365,-1981
41422,6832,143,4477,1201,-846,-925
41423,-2782,7169,-3437,739,-358,-819
41424,2003,-3902,-938,51,-771,-171
41425,7368,-7296,-4606,-660,297,-1870
41426,4122,7736,6576,1663,-1990,-1314
41427,-3405,3491,3991,-591,-907,-659
41428,-2344,-4858,6988,473,-1685,-1565
41429,-6381,-6610,2473,-804,1059,1167
41430,1169,6966,6989,-687,1607,1050
41431,5770,6346,67,-613,399,1225
41432,-2627,4360,1975,1233,1458,1029
41433,7430,2646,-4902,-1567,188,-679
41434,4714,6616,2067,-1382,1420,915
41435,-5527,-1129,-498,974,1192,-67
41436,-6596,-1069,6272,-578,-1859,162
41437,2316,-391,602,-1518,1088,1550
41438,-4964,-2602,531,-906,857,-880
41439,-6554,7809,2974,-1818,-1749,-229
41440,-3537,7525,-6653,63,-223,1546
41441,1972,1857,4397,-1165,401,1812
41442,1466,-330,-3694,281,-1306,-1910
41443,207,7822,-2833,1725,-745,-1542
41444,2740,-1040,-3250,-582,777,-1380
41445,7764,-543,3231,1855,-121,-1691
41446,-4673,-7300,-6927,1351,1926,-646
41447,-1296,-3935,-7213,-768,-501,725
41448,15,-7484,6676,-882,1824,58
41449,-555,-3118,1552,-41,-1478,-59
41450,2430,-543,-3767,1862,1034,-1892
41451,3103,4517,4004,-1020,-1699,-812
41452,-150,-1540,6477,-1079,-127,64
41453,7774,-316,-7232,-1316,-277,886
41454,691,2761,-3972,1142,1483,929
41455,-1708,-1988,7576,-420,217,-1910
41456,-5264,7641,3193,231,-231,1628
41457,-5093,2173,1042,845,218,1854
41458,6002,5407,6745,1771,-588,-1382
41459,-5870,-6895,5952,-541,1719,1417
41460,4900,-7257,2100,-922,90,130
41461,-3432,-2392,-2167,772,-1521,-1513
41462,-3488,-2629,-6408,-567,-776,-1908
41463,3630,7276,-7679,-720,-628,-179
41464,-4272,1770,-3210,-1327,-1918,-343
41465,4534,5791,-526,475,-573,165
41466,2263,-5366,-5204,1617,-271,-1110
41467,-7353,3385,-1949,1403,425,-1643
41468,5958,-5659,2112,-1221,570,-768
41469,-1881,-5797,-276,943,685,1494
41470,7140,-4263,7255,-1033,-914,862
41471,7556,-717,-199,325,-875,1214
41472,-172,3498,-4373,-1684,266,1516
41473,5652,-7650,-3874,958,689,-1258
41474,5964,-5737,-1003,-1934,-220,1865
41475,-43,969,6872,108,906,-1119
41476,-2931,-1401,4046,-1460,1683,-312
41477,-391,-6931,-4355,1987,-337,-674
41478,2028,4441,5536,1876,-1582,-384
41479,-5036,-2040,3105,534,-1893,-95
41480,3514,6484,899,1358,1623,1930
41481,-5499,-5437,-6436,160,706,-484
41482,-1667,-6591,-5850,-1818,-783,1776
41483,5535,3803,7824,301,-813,-1141
41484,-2519,-5811,6729,-788,833,1102
41485,2410,-5325,-2303,894,762,366
41486,-6498,-4318,-2882,236,-570,1816
41487,4098,-4569,-2942,-801,1194,-1047
41488,-508,-2256,7509,1573,-1643,-1636
41489,-951,-5548,-4707,-6,1605,1614
41490,-7587,7615,-3672,-483,-157,-1261
41491,-5292,-1376,5906,1551,-904,-159
41492,5422,-2830,1908,-1318,-6,-1104
41493,2395,1879,-5530,-1456,1289,1375
41494,-5169,2952,7598,1666,-44,-1595
41495,5158,2899,3837,1819,-600,-1648
41496,-3224,5141,7163,-600,594,-1496
41497,-843,-1348,7587,-1914,1601,-1245
41498,-532,-7578,754,1942,-59,715
41499,-3398,3337,-7329,-584,-1330,1013
41500,-1962,-3672,-1265,412,812,-1043
41501,-3241,-7371,-2199,1868,1557,1885
41502,-4930,-1088,4801,-1052,-896,-1450
41503,-5935,-2505,1519,-1666,1206,1047
41504,4303,-1426,2476,369,-1482,-49
41505,4087,4818,7109,-1047,-1494,166
41506,4008,-7448,-4818,-1197,-733,163
41507,-447,515,-7563,612,-992,1262
41508,-5767,5641,-951,-702,63,-212
41509,2432,-4909,7029,1052,-726,-941
41510,-3837,-912,-7448,1728,-257,-706
41511,575,7428,-770,-1833,1132,1082
41512,-3694,-5769,-5135,1519,-1094,510
41513,4350,-2619,-5380,-1178,1477,-1915
41514,-2148,-6144,-3156,-1429,1441,-1294
41515,-3394,-2735,-5232,-1664,503,1398
41516,-5107,-6836,7360,-1771,1445,-1118
41517,3649,-696,-7710,1790,-359,-1894
41518,7074,-1007,2055,25,-40,-164
41519,2932,-6641,1060,62,1351,-1288
41520,1744,3503,6073,-1978,-1620,282
41521,-6103,-3957,452,-738,-1628,-450
41522,1994,-5457,6791,-583,-1052,813
41523,-4572,3549,-7245,-1666,-510,-954
41524,4706,-3598,6610,1642,-1140,596
41525,-3575,5315,-5110,1541,988,661
41526,-3227,7957,-7774,-523,-1953,562
41527,7036,-1582,851,-1582,-70,1485
41528,5820,-5496,-3663,-712,1179,470
41529,-3141,1593,1400,-447,1253,-470
41530,-4426,5107,-948,-104,-1414,249
41531,-2226,-227,-214,559,-1608,1290
41532,3902,2846,5763,-638,1415,540
41533,-5678,6471,4687,1378,-852,64
41534,2987,7948,-2862,-1039,94,-72
41535,4576,-5722,159,201,-1419,9
41536,6737,4039,5598,-1204,-18,988
41537,6527,6681,6017,-539,-1470,-1770
41538,1680,-5782,-3287,859,1384,-501
41539,5702,1883,6016,-305,901,1911
41540,4680,-1830,-4531,811,1109,-1881
41541,470,-2863,7785,-1898,-1238,1026
41542,-5106,6697,2186,-307,-1636,1979
41543,-1510,2128,3976,-634,-983,1984
41544,1996,3548,-6076,-1522,1979,-1358
41545,-627,-3757,-2052,-240,515,39
41546,-7823,2960,4327,-286,-834,-1074
41547,2582,2191,1728,-155,-1638,395
41548,-5641,-5120,-6638,1504,1064,-453
41549,-3322,-2876,-3282,84,1496,-260
41550,4145,5012,-438,-1198,-1456,-1877
41551,-7416,2673,-1822,799,-660,-1779
41552,-679,-7366,2305,522,892,-1826
41553,-2052,-3164,-4209,-1472,720,1427
41554,5368,2100,-6040,214,597,-236
41555,6027,1578,2209,562,771,20
41556,1034,2637,-12,1790,-1143,1280
41557,-5572,-2728,-6364,-950,-683,-951
41558,-7493,5427,2295,1608,232,1378
41559,485,-3794,1100,-986,-5,675
41560,3101,3965,-3512,980,607,-1332
41561,-3648,6763,282,1924,-1567,9
41562,3899,-2086,-7073,-241,1275,-1229
41563,7629,277,-7811,421,-834,1103
41564,-5629,-3829,-2888,810,-241,331
41565,-1091,-812,3119,-402,-466,-1968
41566,2214,-4239,4745,1259,1766,-103
41567,-5090,-2487,6337,-969,48,-833
41568,1895,-4893,-2582,-1414,768,-635
41569,7187,3227,-378,-716,337,1487
41570,-1483,-351,1034,11,-1767,485
41571,7386,-918,6367,161,267,-132
41572,3084,7623,-6310,1461,1885,-846
41573,-4501,7782,-1431,-1814,324,-110
41574,-5516,3791,4571,-453,1020,408
41575,865,-4278,2030,1227,1582,-317
41576,5477,6201,-5667,961,1746,1211
41577,-5951,-3450,-7093,-1244,766,1237
41578,6050,5414,7410,861,-419,-732
41579,3167,1273,-4655,1312,1894,1985
41580,-4465,2374,-673,310,-1444,-409
41581,-7351,-4135,-6744,1741,-16,-1373
41582,7030,1211,4787,271,-1403,635
41583,5142,-3214,-786,1836,-1848,463
41584,2359,5526,3768,-1522,-991,822
41585,2784,-5394,-929,-1499,319,824
41586,-2389,1706,2311,999,87,-936
41587,6731,-7690,717,-1804,816,-1282
41588,428,1666,1374,-175,-686,1260
41589,-3052,-1334,-5466,1897,379,59
41590,-1192,5170,-7140,-1756,1658,-1191
41591,6574,3596,-3457,1343,-752,-1337
41592,4296,4042,913,1380,594,-1576
41593,63,-5339,3824,-1476,447,1690
41594,-5504,7077,-5810,-247,-1614,257
41595,2576,4741,1492,-492,-1620,1518
41596,-4075,6467,-2217,1962,785,-579
41597,275,5360,1921,1015,715,1057
41598,-4357,1912,3102,1220,557,-1926
41599,-58,-1905,775,-1128,1305,577
41600,-725,-6189,-6085,-219,1302,715
41601,4254,3949,-4928,319,578,-371
41602,-61,-1454,511,737,-1364,-1833
41603,3276,4763,5224,1544,-1998,259
41604,-4938,5699,2197,774,-412,-786
41605,-4741,-5097,-6760,-1400,1953,717
41606,3842,3375,2930,562,-1491,-322
41607,6904,-1112,-7972,922,-1111,1945
41608,4966,-7235,-7269,1619,1378,-1626
41609,-1277,4701,-4987,1400,785,-1284
41610,2222,-5704,-409,1452,-1706,1942
41611,-2431,-2138,-2104,816,-1510,124
41612,4924,824,5822,1573,-916,-228
41613,6149,-6754,-6592,137,246,1122
41614,1320,1400,-365,-871,-1329,-141
41615,5105,7633,-1806,-327,-1764,1388
41616,2564,-5242,-423,1593,298,1221
41617,-7327,4185,683,171,-1659,1619
41618,-4633,1448,-6478,1498,-1746,-1631
41619,4638,1381,3130,110,-1656,-426
41620,3774,421,-2680,-918,-1033,-1348
41621,5303,-106,1743,-266,-1851,871
41622,686,-6842,-5217,1218,-458,-1961
41623,-2562,4957,-6776,575,227,-1202
41624,-2255,-2922,6491,-840,1843,-824
41625,-1752,-3729,-7566,-527,-943,604
41626,-3911,7127,-214,1000,-456,-268
41627,-531,6021,-5835,-1600,415,-1140
41628,-6390,7921,7990,1725,1217,851
41629,-6744,6839,-3911,1101,-251,153
41630,-6582,-3547,1482,-85,-256,1579
41631,7590,-6267,1946,-879,-1397,729
41632,7749,-2187,-219,-622,458,943
41633,-7360,-4210,7562,1140,377,-73
41634,7891,6125,7788,-399,-837,-1184
41635,-2263,1814,7705,174,-1068,1704
41636,638,-3189,-5986,-1140,619,-831
41637,3483,5404,1491,-568,1467,757
41638,1107,-7067,4575,-1059,-224,1642
41639,1664,1626,3942,-1907,299,688
41640,249,-7733,-2432,-760,1235,1672
41641,7507,4835,-416,-1519,-134,-937
41642,-7497,4991,-7667,186,995,-132
41643,-5700,-1148,7980,940,-1721,-1761
41644,3142,-3237,1538,508,1541,204
41645,-6101,1554,-6710,-1015,-1549,1798
41646,5095,5345,4825,-693,-1428,184
41647,1143,-7261,2287,167,1079,-257
41648,-3422,4993,-4270,22,-1920,823
41649,-3196,-5747,-2355,-724,-1940,-185
41650,7342,-304,1314,191,-1315,694
41651,-2997,-7361,1502,322,285,-1735
41652,2647,-4181,-2301,290,1079,1584
41653,4381,4942,5945,-1179,1690,-392
41654,-475,7473,1380,40,84,-1081
41655,-7113,-6023,4629,194,-1745,77
41656,-3945,-5473,-4898,372,595,-87
41657,2200,-3465,4878,380,-1482,-1034
41658,-5648,-7450,5216,894,-115,-1009
41659,-2098,1002,524,-1367,941,-292
41660,3773,1327,-1685,-871,1258,-426
41661,5637,-6415,-644,-695,1209,1035
41662,-3266,-3167,-3350,1410,883,1475
41663,-7612,3682,-5202,-1814,-15,309
41664,-3292,3134,7281,-775,782,82
41665,-5484,-7885,-4097,909,-375,-1011
41666,-929,7282,-3259,355,-1224,625
41667,484,-5790,-2410,-91,1313,1013
41668,-3206,-1471,-3562,1931,-1388,881
41669,-1065,-7992,952,1061,-1866,1436
41670,3459,638,-7430,1290,1387,1922
41671,-5709,-724,-1857,-1055,-416,877
41672,952,5267,-3037,-1857,-1032,-345
41673,6557,5488,-4141,-169,-1455,-1981
41674,-6648,-3032,-2003,-725,-799,-334
41675,5519,480,3533,-936,-479,-1143
41676,2912,-6654,-7663,-1459,1041,1506
41677,3505,-2151,2975,814,227,-158
41678,6182,-3756,-1948,-795,1341,-1845
41679,-2478,-662,-4464,1654,607,-1615
41680,6183,923,-6439,575,181,-864
41681,-7618,5963,685,111,-45,891
41682,6136,-1754,4774,-328,1695,631
41683,-7407,-2854,-7945,1892,-71,852
41684,-7863,5085,4792,1317,-349,-338
41685,-6060,762,711,1546,-851,1684
41686,-7504,-6352,-1897,-434,-1328,1540
41687,7592,-2809,-6857,-1320,1728,1036
41688,7588,-1035,-2974,-566,-131,1994
41689,-28,7934,1677,1306,625,-826
41690,2299,2721,2926,1388,1136,887
41691,-2567,-6908,-6543,423,-765,1567
41692,912,-2667,4050,671,1600,-797
41693,2624,6661,3877,-1475,-1407,1147
41694,-4297,-5364,4174,-1230,1945,-1717
41695,7933,6425,612,-78,-994,-1944
41696,-7905,6847,-1240,784,82,-523
41697,-5736,-7203,6408,1969,644,62
41698,-1154,-1314,4921,1275,-1989,-506
41699,-7564,2780,-1046,-1889,1834,-379
41700,-6829,6814,5454,1003,1099,-1688
41701,7387,-1628,5715,1800,810,-1828
41702,7809,-2010,660,1241,-292,78
41703,-3086,2110,-6075,1573,430,-1838
41704,6157,3875,7851,-444,112,-281
41705,-1395,-5175,-1540,1055,-1061,-269
41706,123,1429,-2369,-101,864,302
41707,4850,6114,-5606,667,-1122,-187
41708,1033,-2868,4211,1131,1381,250
41709,5887,4541,-4536,926,-290,-90
41710,-6953,-752,5106,1208,1162,1799
41711,-3492,4571,-6826,-561,-798,-248
41712,-2738,7321,-4862,-1780,-27,-1136
41713,-2312,2337,-6917,504,721,-1424
41714,-4974,794,5558,860,248,-1206
41715,4167,1299,905,-1143,-418,-1377
41716,799,-4793,7975,-912,1937,-1501
41717,2741,-226,-3430,-577,-785,-1490
41718,1944,7398,7583,283,536,552
41719,123,-1037,1077,-1684,-625,-858
41720,6083,3021,4065,369,-531,1700
41721,3,-4455,-2488,-551,699,1365
41722,120,5336,-1569,1362,701,-671
41723,-3033,3389,-823,132,-1127,1898
41724,-895,-869,-1904,-185,1873,1783
41725,6119,3113,-112,1739,-1554,1853
41726,2682,4134,2564,898,1913,1668
41727,-3497,4029,-5407,-851,-186,1896
41728,2394,-817,-6604,-1279,-1161,-575
41729,-7572,-6459,-5745,1896,286,1537
41730,-7828,3700,7993,-1119,-28,1440
41731,-2085,7700,-1566,403,121,-1922
41732,1776,4321,549,370,-1521,1621
41733,7967,-988,2731,-335,-327,-53
41734,6206,7119,-2142,-1886,1303,394
41735,-1190,-4960,-7578,-1732,1445,-243
41736,5677,-2236,-3236,-374,1083,-17
41737,-485,4462,318,1259,832,-126
41738,6172,240,5449,-1848,148,1100
41739,4887,-1818,7006,-163,1280,913
41740,649,-6667,6614,1906,-878,227
41741,6821,6093,-3584,918,-522,1530
41742,4644,157,1264,-1757,-488,1103
41743,7079,-4685,251,-77,-557,160
41744,-5578,3789,-1669,-1723,1066,-1952
41745,-4106,1624,-5492,1917,-1265,-39
41746,5445,-3463,4081,-1708,-666,-225
41747,4537,459,4143,530,-1733,1012
41748,-691,-439,3244,1393,-303,1338
41749,-3296,-3681,46,-1282,758,-819
41750,-2999,3046,6995,1018,-953,-1459
41751,3125,4516,-7153,1308,-512,-1134
41752,-7188,-7735,1568,-1930,1252,-790
41753,-5952,6633,-1879,249,-180,743
41754,1751,7169,7679,-805,291,1484
41755,4115,5007,2766,204,-1467,-864
41756,6028,-3416,-1841,779,-1289,-258
41757,4414,1998,-3305,633,-1697,1480
41758,-6839,-2873,-5972,1264,1337,-1203
41759,6648,5352,7173,-1374,1092,-1644
41760,-6036,-1978,-6077,455,-5,-1139
41761,-4689,-4895,-4151,-450,998,1178
41762,1908,-6671,1158,-1890,-1034,1355
41763,4813,-589,-6247,637,639,1635
41764,-7207,-5254,3980,-698,1787,1951
41765,6694,2058,7765,-883,-815,653
41766,2139,-1840,-4051,-137,691,-1377
41767,624,-6982,-2870,-582,399,-1979
41768,-1781,-114,7265,407,-1614,474
41769,7967,-1564,-2000,1081,346,-1696
41770,-7199,4906,-3393,-1028,1644,835
41771,-4591,-4053,3736,755,-1574,54
41772,7845,5569,-5877,-446,241,919
41773,-5624,-1652,-3408,-419,-1491,1387
41774,6378,5674,3272,-390,-1343,-691
41775,6671,-6709,3609,-1921,-241,1860
41776,-3239,-1787,893,-1430,-268,-1592
41777,6621,-1508,6559,-72,-1637,100
41778,270,-7227,6588,-1657,541,-1592
41779,7292,-3104,-1112,467,-260,-630
41780,-3994,-2848,-4389,-511,-168,665
41781,-2004,5824,302,1974,1943,-1069
41782,-6312,207,7704,1136,-2,-1791
41783,-931,692,-4436,-760,872,955
41784,-7881,7477,-7670,1225,-1023,937
41785,-3420,2757,6781,477,-1580,-931
41786,6117,-2083,4672,1067,-425,-1288
41787,-929,2036,-2978,1017,594,-392
41788,-119,-2345,-804,-1350,1221,1486
41789,4389,5033,-3023,-73,1543,1135
41790,5892,4203,-7072,745,-510,-1566
41791,-2135,-1135,4555,1732,-636,1592
41792,-1676,-2296,7012,850,-1482,-1213
41793,-4098,-102,-44,-76,-1177,-1342
41794,-916,1536,-1321,-1989,-1460,1962
41795,-6425,1446,2266,1252,-386,-1308
41796,-3293,7497,2503,493,-1224,1468
41797,5623,-7566,-1947,-1250,896,913
41798,3337,5236,-132,-127,126,-320
41799,7615,-241,-3386,373,1521,1602
41800,-5561,-258,-5913,-757,1940,1684
41801,-6395,-2015,-2844,1972,-74,496
41802,4565,-2356,-5237,-382,-244,1639
41803,-1667,3523,6068,-1469,-420,747
41804,-3113,6081,-4186,284,-1144,1791
41805,-3897,6582,5177,477,1171,-1692
41806,918,1393,-1795,1885,1658,1956
41807,4590,4102,5435,1524,-631,1415
41808,4382,-3424,6301,1452,1219,-921
41809,-5784,6734,3152,373,-1243,-711
41810,-5883,-6560,-2369,-123,1973,-1159
41811,-7864,3237,4063,1749,1896,1301
41812,-5818,2018,-5650,1522,-1315,-1252
41813,4312,-4086,-2117,881,1695,0
41814,5438,-5480,-1112,-1642,945,-1068
41815,-5124,7387,7698,234,517,514
41816,991,-7582,1793,-843,1051,363
41817,623,-5232,-5939,-994,1073,-566
41818,2138,2109,-6122,-836,1957,730
41819,5649,-696,64,913,-550,1061
41820,-6425,-1267,-7064,1212,-1232,-621
41821,-159,7846,-6628,728,-1265,1465
41822,4823,7468,5291,-1882,-517,981
41823,-6521,-257,-5745,633,-264,-116
41824,4315,-5063,5007,-246,53,-866
41825,-23,-6226,-1829,1864,506,-467
41826,-6267,7421,-7026,1425,1181,1137
41827,-3875,-2722,1229,368,1631,925
41828,5030,6230,5100,-1910,878,1685
41829,5718,6456,69,-507,1606,1486
41830,151,4868,-2446,1943,850,-406
41831,5596,2305,7818,-1192,967,-864
41832,-7617,-3121,-4869,-1571,-1654,-641
41833,6459,7529,4723,1249,223,-280
41834,490,6692,-7762,1975,885,1217
41835,-4350,-6729,-4957,1676,-1016,978
41836,7185,6801,-4970,-332,-1453,371
41837,-6784,3482,-5747,1943,168,885
41838,-7868,-6989,911,226,1128,203
41839,3978,-6665,-687,-1255,-1300,-1302
41840,1696,3920,2436,586,-1091,-1335
41841,5494,3219,-4581,1740,65,1152
41842,7603,-5125,2293,337,895,1569
41843,-2767,6060,-7923,-608,-724,1339
41844,6613,-4966,2530,-1236,-1899,-343
41845,-2719,-5278,2943,-672,-176,-591
41846,6504,2450,-6308,713,354,-116
41847,3978,6783,7583,258,-1727,-379
41848,-6725,-7476,-7350,-1459,1425,77
41849,-5667,-5527,3549,651,225,717
41850,2546,-6659,-4542,-1725,1207,-1912
41851,-2053,1112,-4924,1054,1795,1800
41852,-4502,691,-1365,-5,-1227,-841
41853,-2721,-3107,95,1181,-1618,1075
41854,-5658,-703,2501,-655,1909,-1290
41855,-305,3039,992,807,-1923,-813
41856,5744,-7148,-4903,1199,-96,-194
41857,5045,2515,-2591,270,-1727,1822
41858,1711,-128,-3826,811,1861,-806
41859,-424,1958,-7396,-1414,-1150,-1090
41860,142,388,-3395,1063,-676,1519
41861,4252,6723,-5929,672,27,584
41862,80,-736,-5025,108,282,-246
41863,6681,7510,2890,255,-1047,594
41864,7047,-3476,-1849,1310,-1904,-1215
41865,4084,111,-1259,-1864,-1706,129
41866,2081,4928,-687,1000,228,-1675
41867,735,2322,5837,-15,-1211,-1364
41868,5815,6029,-3446,29,-1420,1354
41869,3883,4213,-7720,1217,-602,-247
41870,-5320,5021,7859,329,592,1110
41871,-7511,-1850,-2928,-1337,1035,-624
41872,-1906,7178,-5353,-455,-1550,-958
41873,4733,-7315,1927,420,-1019,-1339
41874,-6069,-1213,1512,-1297,-605,-249
41875,-845,1575,4484,-959,1163,-160
41876,2661,-4558,-4945,1983,469,1649
41877,7578,5984,7989,-1712,483,-341
41878,-5488,-7757,-2118,-729,-1158,-205
41879,7177,6962,7398,1430,1281,1772
41880,6121,-604,-1373,-121,-1955,1177
41881,987,3654,-1678,-800,795,-29
41882,-3583,-4077,4981,-1829,407,41
41883,-6703,7382,-600,1165,1351,5
41884,-997,7222,3446,900,415,-955
41885,2722,-6383,-5908,-892,-1039,517
41886,-1335,3588,5995,-1184,-1744,841
41887,6334,-939,-7023,1558,167,631
41888,-2778,41,5327,966,29,-50
41889,-5169,-2628,-986,-1559,1917,1471
41890,-4258,-1748,-6110,-585,-865,126
41891,-642,3831,-5763,1891,-622,1603
41892,5784,5747,-2543,-854,1965,641
41893,4393,1466,1243,-892,869,-1189
41894,-6387,-1076,-1150,769,1733,1618
41895,5350,1296,-2585,1507,1704,1977
41896,986,-5742,4703,-1265,1776,-1753
41897,-856,6596,6902,481,-537,1701
41898,-4779,1895,-4415,1602,1447,-187
41899,3885,-559,696,1445,-1167,-1857
41900,-5809,4344,2557,-1817,131,194
41901,4736,-4609,-1377,1064,893,-1020
41902,-2570,3125,7491,-737,-448,-756
41903,6599,230,2496,-531,192,1995
41904,-6268,-1413,5379,1706,-779,796
41905,6490,-1073,-6734,752,1350,1306
41906,-3212,6988,-6773,1888,1718,-645
41907,-6540,2953,-4041,601,1716,-1957
41908,7441,6382,3730,971,-684,-973
41909,3180,-6705,-1050,-1108,895,758
41910,5022,-4707,6843,-464,1414,415
41911,-3648,-3227,206,1884,175,922
41912,2011,7657,-7703,344,1844,161
41913,-3122,-7793,3638,-1109,382,1770
41914,3265,-7973,7151,-1547,-1662,1375
41915,1219,-414,-4736,513,8,-1759
41916,7169,-5184,3852,1955,-1833,996
41917,-6611,7416,7515,1283,-163,1551
41918,-5303,-1289,179,-1386,1073,-907
41919,-6476,-2920,2537,-932,-686,-992
41920,-2524,-616,-7908,259,303,-1805
41921,2902,-3788,7908,-947,-1096,-478
41922,-3161,2804,3687,-1180,-1264,603
41923,1653,2370,7493,-1460,1659,-165
41924,5608,988,-3288,1237,1311,381
41925,-3278,2518,750,-1846,-1683,1444
41926,-3159,4266,3468,876,681,-1278
41927,5735,827,-2976,-1211,-6,-1278
41928,4084,3014,-6693,1429,1583,1264
41929,-2368,1439,-3019,-28,-1596,1113
41930,-552,795,2106,295,-1812,-674
41931,-5669,-1306,6620,-1619,-1147,-1087
41932,5829,-2310,20,-642,689,-319
41933,3915,1160,-3073,-1677,72,-272
41934,5758,-442,-1995,558,377,-448
41935,-3201,1558,912,1443,808,119
41936,-5148,-7672,-6473,36,293,302
41937,434,-6361,220,1678,-1960,87
41938,-517,-1104,-6481,1906,-977,-1656
41939,6433,3563,5046,-1118,-1446,-1872
41940,-649,5157,-656,266,121,-238
41941,317,-344,-6009,1169,-1730,-363
41942,-3124,-3476,-1443,502,-510,1218
41943,1018,3611,2446,1524,1123,-1523
41944,-1453,-16,-6758,374,-1409,-1510
41945,24,-2924,7027,260,455,361
41946,-2142,1840,-3868,109,691,623
41947,-4445,-2725,2819,-1123,1286,1168
41948,6796,-3320,3732,-1822,1204,1869
41949,-2760,-2315,7067,184,-929,-899
41950,-6797,2949,5778,-1779,834,1465
41951,433,-743,-3813,950,-1641,1780
41952,-4393,2958,3004,-765,1089,1000
41953,715,-1579,-3960,-51,633,-1388
41954,-3570,3456,2778,-1780,-1089,-49
41955,-712,6163,-4575,1153,-1879,353
41956,2887,5830,-4501,920,-575,-591
41957,4571,5764,-7427,1276,-722,1644
41958,705,572,6595,-577,-1390,669
41959,-5933,6535,6356,-1756,1036,-1276
41960,6644,300,-6614,-1580,-313,152
41961,-1916,-6047,7389,1420,-1917,1523
41962,3412,-739,4031,1787,693,-1174
41963,-2025,1432,5296,866,260,-1378
41964,6697,-3108,-4275,-1749,80,1738
41965,7576,4926,7112,701,-122,672
41966,-7888,-2839,3998,-1608,1809,1497
41967,-1599,1096,-829,1108,1678,1309
41968,-1556,-468,6556,1512,-485,-1306
41969,-1239,-6638,-3327,47,1458,-1619
41970,-744,-582,-3833,-1709,1604,1331
41971,-5775,4347,3008,-268,-1293,-1701
41972,-122,-6058,-1268,1186,1956,-511
41973,-5056,-2055,265,-680,-298,-1409
41974,-1218,1772,4841,-452,-512,286
41975,7305,-4145,-1186,1792,-1160,-619
41976,4891,7647,-4793,1027,1373,-1132
41977,-2696,-4855,-6553,-1061,770,462
41978,-7650,-3801,-5352,801,-1597,1395
41979,-3374,-2393,-3638,69,1346,1684
41980,-6108,2443,-4226,1817,-1764,1561
41981,-1917,-1580,7036,-1953,-752,347
41982,2941,6637,-660,735,697,1556
41983,-7560,3790,47,1780,1254,1743
41984,754,6420,-4114,-1263,-526,-667
41985,6648,-5037,890,-1312,-754,276
41986,-956,2034,4981,1322,709,195
41987,4937,3058,3166,-516,1347,-1464
41988,-592,-6201,577,-1078,513,670
41989,-1255,-4505,1742,391,236,1211
41990,-5207,2914,3540,-1087,-1530,1876
41991,-7104,1222,4175,10,1523,-1808
41992,-4797,1355,7105,1489,-80,1659
41993,-6406,-3484,6225,446,-1586,-1955
41994,2647,6413,-2259,-1414,30,-1788
41995,-7719,2964,6921,84,-786,104
41996,358,6519,7111,-765,618,-1322
41997,-3254,727,3044,-893,-1379,1312
41998,6221,2358,7414,1120,1118,-148
41999,-5066,-5896,-4172,-562,777,-1287
42000,-5868,250,-4799,-1134,-1148,1474
42001,-6140,4547,1912,1435,700,314
42002,-162,5450,4926,-238,-511,1874
42003,-5034,-1863,5910,1569,1679,1255
42004,7766,4420,-7827,-1848,-1880,-1668
42005,2801,-6122,-4645,985,645,1814
42006,53,7667,-558,-630,-1938,-1408
42007,4122,-5432,6812,685,-349,1057
42008,-1817,1536,-6869,-1844,1736,-1851
42009,966,-1091,-2920,1516,192,-1322
42010,3211,6923,980,-172,-562,-1835
42011,-6709,4464,3518,340,1922,-1649
42012,-4084,6081,-1340,818,-71,1114
42013,7718,-3095,4830,-1523,-1957,1068
42014,-2706,-1736,6285,546,1265,1460
42015,-1778,-6748,2931,304,-490,1653
42016,6061,-7535,5820,1460,-1609,-743
42017,996,-7427,-4576,-33,-722,1808
42018,5691,1494,-7971,1896,1758,-1646
42019,-591,-2917,7732,21,-1794,903
42020,2366,-5852,4506,1081,1146,-799
42021,-5381,176,3265,1011,1344,200
42022,2674,-6545,628,-599,1773,480
42023,-5914,4009,5120,-887,-371,-735
42024,1087,-5704,-368,-1546,-124,-957
42025,-1664,-6323,2082,860,1003,1702
42026,7487,-6308,-317,-1152,660,1110
42027,-7174,-1942,-2069,1354,-1677,1909
42028,-5233,1492,-3881,645,-1912,-1407
42029,-548,-491,-6994,331,-238,-221
42030,-4911,-3814,-1418,-1378,544,122
42031,2571,-4123,-1141,-12,-875,-533
42032,-2726,7791,1071,-1861,-921,-998
42033,878,-6276,-2299,-1302,290,1540
42034,-2978,-7409,1267,959,177,-985
42035,-6434,-5508,1958,452,242,898
42036,7330,-4510,6173,-609,-11,-1417
42037,682,4185,-442,474,789,-645
42038,775,3645,251,1080,1166,88
42039,-6289,-7572,-2159,-1267,191,661
42040,1005,-7292,-6772,1009,-1768,1961
42041,3918,-7963,6927,1906,-1284,811
42042,2232,5603,-4406,1853,-352,-1887
42043,-5188,-6527,-5477,-1923,-1579,-935
42044,-265,-1337,695,-1374,-1478,-1828
42045,-4998,-2457,-2552,1183,1908,1165
42046,-5616,6637,10,1567,-920,-571
42047,6740,-2969,7554,309,803,1383
42048,1165,6297,946,-1135,-1469,-1304
42049,2985,-680,-4335,493,-1826,-1930
42050,-7603,3135,2204,1912,182,1848
42051,7788,-4368,-7334,-708,1913,-1479
42052,-7128,-7569,7266,-1841,1011,-1331
42053,-4082,2733,6590,-1280,-1664,-257
42054,-2822,7864,-1962,314,-989,-1846
42055,-1223,-1299,6512,-1369,1997,-1749
42056,7008,-1506,6794,-1703,652,-712
42057,-7463,-6616,-2253,-1237,-1773,985
42058,-3928,-1171,2907,-125,-1012,-1853
42059,-233,4806,-7545,-1733,-198,-220
42060,-537,-7196,-6945,92,-433,-897
42061,-2814,-6032,-6917,433,566,-1347
42062,-1454,1343,-1322,-441,1392,-168
42063,1488,-5148,5727,-565,-1845,1035
42064,6093,7521,-1248,1772,-816,-279
42065,3678,-3579,-161,-391,-1241,774
42066,3997,-4253,1633,-90,1796,-1048
42067,7322,7083,430,477,1914,-1320
42068,1758,7387,2539,373,-77,1271
42069,7157,6169,-7201,297,715,-1883
42070,-7727,-5276,657,500,665,-1541
42071,7706,-7036,-4109,-648,-58,1314
42072,2350,-571,-1373,1038,-21,-451
42073,7463,-4435,-6479,800,-1550,-1941
42074,7149,5762,-1145,-1205,1886,1224
42075,-5196,-3934,-7706,358,-1097,-263
42076,4253,-7948,888,1986,1578,-1527
42077,6948,-1731,-3027,-1452,-477,-942
42078,-6127,-5534,6597,545,1724,-586
42079,-5079,910,-7118,1404,1443,-1518
42080,-573,4842,3836,-551,-860,1652
42081,1826,4609,5961,-556,-525,352
42082,-5940,3559,-2397,-1630,902,1730
42083,5456,-2423,-3804,-1493,-1381,1116
42084,-6654,6703,-3488,1811,1361,232
42085,1763,5652,-6276,1873,-1828,-351
42086,7676,-7119,7173,-322,-40,-1033
42087,-4392,1958,-7936,283,924,1549
42088,-2978,-1578,6857,1711,-567,-1144
42089,-6924,3310,-3400,1947,-1956,1699
42090,-6930,988,-5420,1269,-1909,1716
42091,4632,-1166,3536,1960,-1730,-1852
42092,-5118,-4888,-6708,18,1481,-684
42093,6550,-2363,-3543,-966,244,-1182
42094,-2642,6162,3480,-918,-1667,-230
42095,1525,3974,-3711,-954,97,1263
42096,-4559,-6941,7515,244,-510,-14
42097,-3312,5159,3192,1180,-1497,-712
42098,-365,5423,-4365,-1696,1449,1104
42099,1605,-2556,5819,1256,1634,1960
42100,5254,41,-4408,1878,1169,1585
42101,-6443,-3322,-2411,594,1087,-1643
42102,360,2433,2853,1882,-1556,-10
42103,787,-6860,1213,454,1285,767
42104,-3969,-6706,5406,-757,-1548,-1601
42105,-7115,319,-265,-699,1769,479
42106,-489,-3744,1414,-213,-1581,-706
42107,-5304,7266,2835,-1491,-1241,297
42108,4883,590,6111,-164,804,-355
42109,-5607,4862,4678,-1666,969,1880
42110,7634,-303,-4099,-1527,1044,-199
42111,-4437,-4919,1609,679,926,810
42112,-4936,7348,-3533,-235,385,1274
42113,631,2909,-1350,507,1179,1490
42114,1147,6384,6385,1901,1054,-1108
42115,-573,3541,1581,-1374,1937,1680
42116,1909,-5629,248,181,-584,-1925
42117,-2064,6464,1538,168,401,1004
42118,-2782,-2478,-2230,-1990,1475,1904
42119,2198,-1044,-2410,-289,-852,1035
42120,-670,135,4947,1249,318,1530
42121,-1224,-7,7826,-406,422,1788
42122,6640,-4142,-3810,-856,1004,515
42123,-4104,-5052,-7924,881,369,1905
42124,-155,-6256,-6799,246,1240,1898
42125,-55,-7020,900,-249,-1898,924
42126,7670,6576,-5899,-858,-40,-1537
42127,-5352,-4329,3127,-434,640,755
42128,6037,-5138,6728,-1741,1787,-1972
42129,-5228,466,-3683,1979,-90,-1153
42130,5691,3674,-5358,-134,15,171
42131,-4351,1444,19,-1735,-343,1534
42132,-5683,1796,-5481,-1701,-1649,1930
42133,5886,-2145,-6204,-316,234,-216
42134,-6535,-1444,-1640,-1953,-951,-479
42135,6393,7674,3078,1462,1326,-1093
42136,5076,4984,-5023,1296,-143,-687
42137,4557,1075,4046,802,662,-730
42138,-1205,-3467,-5577,-1668,1029,1764
42139,364,-692,320,-740,924,-907
42140,-4868,-311,4924,1914,-1711,-582
42141,-497,4793,3953,1146,-711,-745
42142,5554,7625,3074,164,544,824
42143,-624,4862,-4108,1709,419,818
42144,-2992,-1303,-4745,604,1189,-1838
42145,4949,-6713,-4222,-1398,1733,1873
42146,4400,3380,7444,-1621,278,533
42147,-1363,-7449,6779,-406,-457,1305
42148,-3174,4086,-1066,-1083,-13,-158
42149,-3126,1499,-7021,1973,-977,725
42150,4544,-930,7442,-1887,-1748,-1795
42151,-5197,-6907,5311,-376,1145,1337
42152,-4672,1233,-11,-1057,54,590
42153,632,1211,313,-1243,1588,1515
42154,3043,2296,1539,-1637,-296,-1671
42155,7152,7043,3751,-76,1943,-256
42156,4423,5259,1551,-1379,-674,1992
42157,676,7761,5231,-1396,-48,-927
42158,-4700,5495,7576,849,-555,1926
42159,-120,7684,4521,749,1802,1983
42160,-1362,6058,-4481,1143,-1202,10
42161,1052,-3382,6659,-1240,-1782,740
42162,-575,-750,6755,-440,1630,1302
42163,-3519,511,5469,1039,-1593,-1498
42164,-3209,-4062,7470,-7,-619,1918
42165,4173,5266,-557,1351,-825,-353
42166,-4546,-5926,-7948,-873,1700,1651
42167,-6184,1140,6625,-827,-417,1713
42168,1415,2398,-7859,820,989,1
42169,-1356,-2156,-2168,-575,457,1453
42170,4822,3300,-7876,-746,-1598,-1929
42171,-6763,-5210,-4276,1996,1069,-1093
42172,4568,-3904,-499,1259,1441,-376
42173,-185,-6692,1687,-1779,-1381,1128
42174,-4375,-1003,6,-83,234,-3
42175,-4096,6345,-4945,-626,990,1972
42176,7680,-921,1564,762,187,-1263
42177,5256,3016,1253,-1334,744,-1405
42178,-6453,7780,-1232,1997,-441,632
42179,7807,7620,5974,-626,1023,-1467
42180,-7760,-3296,6169,1968,-187,365
42181,-6438,958,-2283,53,1616,-1530
42182,-6245,-5080,-1426,66,1604,1188
42183,-4181,-3444,-1835,-1338,610,-1898
42184,4288,4296,-4189,-1317,-243,-1464
42185,-7449,-6536,-2867,-1545,712,148
42186,7690,3017,-6853,-1596,1251,1092
42187,-6343,-4085,-4115,-483,-1484,1861
42188,-48,-690,-7780,1868,1394,-1365
42189,-4575,-6178,-3807,-1012,-336,-842
42190,3557,2203,6947,1952,-774,141
42191,-6573,-2851,1359,-595,-13,-1872
42192,-5349,2223,3136,1502,1332,-1952
42193,4361,7384,-6193,1498,-970,1343
42194,4648,4430,643,584,-453,-1167
42195,4531,5821,7406,-635,477,881
42196,1957,3782,-2508,288,870,-296
42197,-1029,-4609,6247,695,1424,1366
42198,-5371,-2510,-4500,578,137,1762
42199,-1904,-2702,4555,1890,-880,-371
42200,-7005,-7529,6913,1883,1756,1681
42201,-4046,1367,3622,-711,-767,-958
42202,6191,6686,-45,-409,-1795,483
42203,-2936,4283,5622,1844,1254,1144
42204,-6898,6893,1384,-109,-1990,-911
42205,2376,-2984,-1948,1954,1089,427
42206,-819,6476,-6715,-1292,-1855,-1524
42207,-3572,2418,-7919,1030,-1553,-1814
42208,1448,-7867,6988,-1471,1937,-418
42209,-6726,3572,-3701,454,309,-1473
42210,2049,205,7140,442,1687,392
42211,-3167,-6355,-296,-1278,1528,1264
42212,312,6237,-7776,-463,-1052,1564
42213,5232,2914,-5667,943,-1155,1342
42214,-5777,4303,1501,398,-869,1913
42215,-1090,-4510,-3663,244,-1231,-1709
42216,-208,6452,-3406,-1127,-355,-1733
42217,6666,1347,-2742,-1888,-104,-1666
42218,-6275,-367,920,-37,968,1193
42219,5494,-776,-2667,1378,1430,260
42220,1988,805,-7889,1804,-69,-1392
42221,6469,7574,6334,40,168,1696
42222,1351,-3198,-1963,158,-1478,856
42223,-779,4317,-3147,914,29,514
42224,4753,-3108,-4617,-134,-1549,-1403
42225,5639,-7532,3713,-1899,-222,-1970
42226,-2765,-828,-2304,1060,-1355,-554
42227,973,-3674,-5924,-1586,-1355,-467
42228,4019,-6320,240,1320,854,-923
42229,-851,-6369,-5256,560,-273,-1284
42230,1031,-16,871,-381,179,-1067
42231,-736,4623,5999,1108,-1136,1725
42232,-1437,-5034,-7576,1995,-1,1325
42233,-2665,-498,-1624,-1373,-1852,-798
42234,5044,-6026,-1442,856,1974,604
42235,-1694,4689,-3481,1796,1502,-1794
42236,-4937,-6715,-2699,333,1454,-165
42237,-5937,-6157,4342,1402,1531,561
42238,3406,321,6364,-1513,-762,-1290
42239,-2293,4260,-3161,898,-1563,542
42240,-4410,7878,-2532,1940,117,370
42241,2754,-1609,-6939,191,-1179,530
42242,-4932,-1489,-3489,-813,612,1518
42243,6980,-4067,5684,-1871,-809,435
42244,-4278,2919,1199,-1181,-1848,-696
42245,5542,-5303,1154,738,-29,-460
42246,-3446,-4356,7360,-989,368,-583
42247,7553,5300,-4051,-1220,-1031,464
42248,2486,-723,-1159,-1543,17,-1767
42249,7287,-1645,-1745,1780,552,1320
42250,-5170,3527,1107,-706,1114,137
42251,-1966,-5985,-1517,-684,-1562,-352
42252,-4886,-1217,-6959,178,1420,-1
42253,7034,5794,3651,91,774,-84
42254,-2691,4376,-3017,-1537,-714,780
42255,-7960,2559,-2273,1243,-1370,625
42256,403,1720,-645,1829,1253,-910
42257,5338,7814,-5920,954,-1017,-1717
42258,-4682,4521,-6649,1991,-439,-771
42259,-7397,-1366,-7126,-1729,729,-514
42260,-5525,-5515,-1636,1648,553,726
42261,6814,-3202,-197,1142,1395,1752
42262,-1879,-3621,154,380,-1321,957
42263,-6520,-5829,4530,-30,8,986
42264,5952,-7412,887,-491,1651,1796
42265,7203,-3370,-7904,-628,1806,-424
42266,7618,5412,-4913,1412,-602,1548
42267,-7385,-4657,-1991,-522,-1835,1972
42268,2536,6655,-5288,-950,983,-929
42269,-5819,4924,6655,-793,1743,1760
42270,-5433,-4570,4591,-1687,-702,-790
42271,-5631,-2814,2604,-1969,-67,-1518
42272,-2274,4480,-4490,-1125,-1856,-1110
42273,4946,-7240,5360,-1754,912,1546
42274,-4619,4807,-288,1977,-212,-482
42275,-3459,7016,7685,811,-924,-1674
42276,-4637,4574,-517,-768,1423,-40
42277,-3919,6477,5999,-1428,1691,-778
42278,-1135,-7031,7115,-1211,-1390,1708
42279,-3113,-5014,-1771,-879,-1473,-1546
42280,-6354,2927,4021,1975,-1975,1017
42281,-5718,-3591,-6961,-1306,1586,714
42282,6409,448,5167,-551,1247,-1047
42283,1168,6079,1880,1961,-636,741
42284,2025,-6010,-2005,-626,1289,-1844
42285,-3906,-7359,196,1218,-358,1660
42286,-3519,-2038,6525,-1705,-169,1718
42287,3539,-6038,3571,515,1107,779
42288,-7386,-1943,-4571,-3,-335,346
42289,-1909,7344,4804,1947,-912,460
42290,2465,-4029,-4796,-136,-771,938
42291,1482,3777,7598,1353,152,1643
42292,7663,3192,-2035,454,1926,-1444
42293,6419,-5476,3478,1361,-700,409
42294,2797,3067,3661,-454,420,1289
42295,2933,4358,7594,1045,-1991,-1894
42296,6368,6985,-4638,-1031,839,43
42297,-3938,-1896,5161,305,1953,1364
42298,-2044,-7851,2524,664,176,-1993
42299,2392,-1159,2057,-1255,378,-152
42300,2917,447,6798,-139,-1909,537
42301,3360,6344,-5120,1299,1910,887
42302,-930,-373,-3505,-1719,788,-649
42303,7854,5315,-5899,-13,-126,1156
42304,6951,911,4121,-1212,-1020,-1656
42305,-6692,5472,-4890,25,-1397,504
42306,4577,3096,-6005,-1251,-1337,-1677
42307,98,-5186,-6443,-1813,480,81
42308,1608,-4600,6577,-70,558,-186
42309,-6220,-2010,7350,1270,-846,1436
42310,2450,1340,5002,-405,-1884,-1612
42311,7576,7280,3639,-753,1681,237
42312,-6122,4596,6225,1602,-1811,-1170
42313,-6047,4454,7430,1239,-470,-1322
42314,-4542,-4669,-2271,-614,1839,1817
42315,-3932,2852,3991,-1754,1908,-461
42316,-3189,-204,6653,-739,885,-240
42317,-6206,-1890,-262,978,-220,-149
42318,2147,-6616,3129,1400,1067,-495
42319,3842,-3047,-6295,713,803,421
42320,-5877,7027,6350,1147,1148,-995
42321,-4545,5235,4961,1404,-592,405
42322,-3632,6085,-3040,1964,473,814
42323,3731,3159,-6078,-1818,-1262,965
42324,-3445,-2641,5627,-1614,489,1237
42325,-465,-2591,5694,-505,1742,-1212
42326,-5628,1784,3607,-555,280,1282
42327,-2495,5986,-2313,153,1759,1308
42328,3710,-1179,-1130,-1469,1034,1261
42329,2314,-2397,3330,1176,-1836,1491
42330,3494,6181,2157,90,-323,1964
42331,-1612,5309,3559,352,-478,-52
42332,4364,620,-1184,1029,-415,-1938
42333,6019,3056,1630,181,-994,-1490
42334,-599,-6883,4429,-663,114,1817
42335,-7824,-7269,7565,1814,1708,918
42336,-7336,-7315,4225,1056,822,1066
42337,-179,1726,2673,1479,-933,1474
42338,5828,-1398,323,217,-1144,437
42339,1405,4808,-1311,850,-141,-716
42340,-4372,5517,-1726,-32,-1730,550
42341,1602,7999,-2325,-881,1455,1221
42342,-7190,7205,2704,-1992,785,1761
42343,2949,-4681,-4084,-1430,1051,-1715
42344,-5352,3389,7758,-853,-892,444
42345,61,7721,4750,-757,256,1990
42346,4934,4741,7302,-1396,1229,1725
42347,-2844,7816,6133,1385,394,-1720
42348,3188,4727,-3456,-655,178,-422
42349,228,-9,-199,-955,1505,-377
42350,219,-7223,-5420,1306,866,-1767
42351,6016,2037,-900,-152,-891,679
42352,5520,4076,-4963,514,60,-1190
42353,-2283,7249,3912,-1923,-1095,-834
42354,-3104,-4367,-3989,725,1040,-1821
42355,-5636,198,-3915,-822,-905,72
42356,703,-2528,-6186,739,1401,-1088
42357,6582,1351,-5159,1182,-67,-1768
42358,5420,-5989,538,52,-54,-84
42359,7698,7154,-4905,919,-1467,-1212
42360,-2082,-7260,-6856,1103,-1062,-577
42361,5209,5527,5108,1205,-529,99
42362,-7801,-1592,-4966,1075,1728,-2000
42363,-309,5173,-3638,-1730,-1856,-1599
42364,6273,-2507,4876,1295,1881,-1288
42365,-3487,5885,-7255,1249,313,-1443
42366,-7166,6820,3191,1275,-225,253
42367,4382,-214,-1413,779,1081,1504
42368,-1581,5836,-533,979,938,874
42369,1918,3315,-7007,1699,56,119
42370,-5796,-5869,-4745,-1398,1342,-73
42371,-3491,1917,7719,-12,1245,1929
42372,-2804,-3832,-1546,323,318,692
42373,4521,-1739,3238,291,-993,1322
42374,793,-6206,2286,-464,-1958,-1225
42375,2455,-3473,-6390,1998,-1847,-220
42376,-2999,-5274,5768,-1323,-258,1982
42377,6632,5866,7250,-84,90,-1439
42378,-6865,-2970,117,557,1087,-1591
42379,-3407,2816,-7428,-1588,-888,145
42380,-6582,89,5967,1972,1363,718
42381,7911,-2093,240,1808,300,-1451
42382,-148,-5300,1106,421,1368,191
42383,5815,7235,1446,1521,1524,-1840
42384,6508,-5896,1396,215,1456,-472
42385,-3610,3864,-2558,163,-822,-772
42386,6917,5382,-2630,1411,1458,1802
42387,2598,-1401,-6596,-1295,-1589,1484
42388,1192,3138,1170,-557,-1430,243
42389,1139,-7619,7761,1598,691,-150
42390,6377,7518,4452,-1865,-209,-1266
42391,-6304,-5159,-4851,-1635,1968,1520
42392,-6628,-2841,1633,-1991,1369,727
42393,6885,1924,3679,-1533,515,-181
42394,7667,4372,3617,1893,92,-1976
42395,-6961,1725,4606,-1477,-172,-94
42396,-1595,-3795,5677,-1476,104,-1873
42397,-7906,-4213,-1910,1513,739,-1482
42398,-7026,-7899,-2074,-1564,-1837,-1900
42399,69,922,-5264,110,366,1011
42400,5688,2673,333,604,-1540,1401
42401,-618,-3553,7535,199,-172,-884
42402,2517,-1207,5602,75,-22,1269
42403,1572,-4590,-653,1789,821,1707
42404,952,-4592,-2888,-1584,945,1174
42405,-3056,701,-5283,767,-770,-507
42406,-3973,-6069,4980,-1659,-788,-1741
42407,2304,-4711,5907,165,40,1425
42408,-2063,-6048,-2078,1586,-1864,872
42409,4959,153,471,690,-1376,-12
42410,3908,-7550,-1952,-1799,855,1465
42411,6366,4506,1465,252,-1805,1727
42412,3062,-5724,-448,-1481,86,-939
42413,3839,-2575,-786,303,-1859,1016
42414,-4354,-6045,-2502,235,-93,-1595
42415,-6217,5395,5394,1924,1885,-645
42416,4457,-252,-5619,1919,-1220,67
42417,5607,3470,-2921,-1633,720,1302
42418,-3300,-6342,1915,1734,1909,-1898
42419,-5707,2319,-6162,1420,-1618,956
42420,7028,-256,-3112,1214,-563,215
42421,-1083,7191,-4286,563,-1060,-603
42422,-2883,6189,86,1715,1215,-1238
42423,-553,3809,-3786,-1801,-1023,-282
42424,6814,-1346,1037,-1432,1340,-1850
42425,-3463,4382,2411,-1816,-846,557
42426,1904,-5174,4536,1059,764,1949
42427,2775,-5935,6365,1373,-454,700
42428,1564,-6610,1917,-1179,1145,403
42429,-7211,7198,2476,-1037,-1044,-554
42430,7764,-764,-1621,1167,-590,-919
42431,933,2596,-1065,-1756,1685,621
42432,522,-7250,7292,-1872,-851,-1584
42433,950,-2511,4200,-1735,-919,1790
42434,764,-1341,1089,364,47,871
42435,-1918,3800,-3522,1605,599,-54
42436,-3903,-1248,-1510,1801,1069,-701
42437,-5025,2474,-1894,139,-725,-1564
42438,-5703,-5235,-4275,1705,-1811,1628
42439,5502,14,-550,1776,226,-620
42440,5374,-213,6961,-65,-121,-1059
42441,7626,7041,-4033,-1680,-629,-481
42442,-2219,3363,7191,-83,-607,-445
42443,-5069,-4110,-4895,-1892,1074,1919
42444,-2758,-3036,4015,1915,115,-1556
42445,-2674,1090,-3374,1327,451,-1050
42446,-5708,-2555,2014,1663,1903,-1272
42447,2824,-5578,-7576,195,-44,-328
42448,4192,-6850,-3843,1219,-639,-428
42449,1263,-947,-3380,1591,-456,605
42450,-2899,-749,5050,766,1529,-1976
42451,-6784,-1118,2814,-1521,335,-1574
42452,-7124,6503,-1169,-1344,1365,-1404
42453,6777,-4049,2254,314,146,967
42454,-2204,832,778,-1779,-172,1332
42455,-72,-3599,-3171,749,-1269,1672
42456,1575,-357,-2610,-857,-1715,95
42457,7833,-1430,7833,-1449,200,-454
42458,4816,-757,7365,1905,1210,1572
42459,-840,7041,1314,1200,1601,-1802
42460,-6129,-94,-7741,1416,426,407
42461,1185,5039,1361,-1714,-45,-1038
42462,7247,5066,-5712,1996,-146,669
42463,-6621,6857,3721,1470,-943,-927
42464,350,-3630,6271,221,-305,1971
42465,-16,4737,6675,1348,1084,304
42466,-240,-3744,-1632,-65,852,-74
42467,-5105,3179,-3591,843,694,481
42468,285,4099,-1062,-1644,192,-1360
42469,-664,164,-1407,-1250,142,1507
42470,4181,-96,1059,-1083,1505,1989
42471,6496,95,-3402,1438,1240,165
42472,-7041,-6904,-5507,-1599,296,430
42473,4879,-7837,-7956,-1416,-514,-774
42474,7961,1340,1350,-79,-1268,1903
42475,5833,-4264,-82,-1850,461,-1516
42476,633,-7380,-5072,155,1131,1793
42477,6225,-5899,3298,-1602,1379,-728
42478,2120,-1967,-3327,304,-1769,441
42479,3262,-7996,-5459,-306,-481,473
42480,-7678,-217,-1653,-77,-1548,-1133
42481,5775,2661,-1457,393,660,-1149
42482,-5692,278,-1853,-1909,142,1544
42483,-1393,4100,-5317,-547,1409,1964
42484,7491,5513,7126,1769,-1457,1887
42485,-7366,-3308,3292,-1221,-229,357
42486,-4573,4551,3797,-282,-1289,1868
42487,-563,-1239,-3790,1420,1138,296
42488,2414,-248,6313,-614,-1189,508
42489,1254,1066,-5168,-204,246,-106
42490,-2840,-3496,-3502,-578,1633,-427
42491,5614,-935,804,-1152,-148,-477
42492,5847,3133,3585,-923,-1293,1221
42493,312,-5127,7523,-1915,642,1901
42494,-3690,-3546,-457,-59,-1024,1684
42495,2322,-2804,6879,-1002,88,-511
42496,6911,631,2733,554,-1678,299
42497,-4935,-850,-4227,-1271,-1904,1542
42498,2030,959,2929,99,-1844,-1680
42499,-3770,6127,-2532,840,-1544,-1971
42500,-7545,-5736,6825,1593,-1468,1754
42501,-2166,2941,6147,1321,588,1976
42502,1716,-7097,-5411,458,-1830,1436
42503,-4959,-4001,2163,-145,-893,-769
42504,1118,-6501,-4186,1634,-1052,1552
42505,-463,-2685,5619,1787,1605,-1810
42506,-5164,4136,-1557,451,1674,-1472
42507,5712,2736,2673,1662,-920,379
42508,7091,1155,-4316,-1501,1908,-1461
42509,4814,7507,-6638,59,525,1649
42510,2161,-4272,-735,822,620,-1513
42511,-2145,-3878,6849,-1266,-1772,-820
42512,1691,-1185,5832,-684,-516,-380
42513,3837,-2357,-4746,1299,1490,482
42514,4983,-2682,7198,1543,1313,1674
42515,4215,1816,7428,1594,42,172
42516,-6281,-6551,3944,751,-1351,613
42517,-6796,1851,-1132,-1078,-600,505
42518,114,5792,4495,-1251,-1337,-1732
42519,2030,-2312,2212,771,852,-275
42520,98,5444,2490,-1717,381,-824
42521,493,-1516,-2928,113,-1821,-45
42522,-535,2807,-3751,845,13,-186
42523,3049,-6141,5179,-767,-1830,-701
42524,7963,-7263,-3162,838,838,946
42525,-7964,-35,6500,-399,876,-178
42526,-3606,-1517,5567,500,-1530,-1942
42527,3220,-5607,3173,606,1443,1124
42528,5797,-3196,5406,1229,1851,-189
42529,-5973,2731,-631,-1598,343,342
42530,-2755,6855,-5326,78,-734,726
42531,-1193,1616,6609,353,-621,-92
42532,6806,-2632,-2645,1200,665,-378
42533,3045,-1690,-4291,-349,-941,-934
42534,6406,7629,6865,-858,-1295,524
42535,5580,6535,-2621,-1099,-769,-231
42536,5118,255,6761,404,1365,1558
42537,773,6317,-901,72,732,597
42538,1683,6041,7132,-1895,1337,-414
42539,2222,6830,743,-787,525,-1061
42540,-3676,-7041,4565,1805,-119,-1673
42541,-3003,-4644,-3729,-347,-1034,1695
42542,2328,363,5600,-1960,-1837,1039
42543,-6526,-1402,-619,1587,1684,854
42544,-3567,-6563,-3843,235,-1870,1041
42545,-6671,-6399,-4905,-699,1667,-1241
42546,-1637,-3350,602,1549,-757,-6
42547,-4748,-4239,3050,-909,-1837,-641
42548,7234,-7374,5200,1933,293,-1241
42549,6333,-7512,-2524,401,760,1940
42550,-3209,5284,-6785,-722,728,-1300
42551,-3983,-3075,2056,-1332,595,-1404
42552,7745,-7993,-1272,1041,68,-1169
42553,-6148,-6937,-4277,1181,-1094,1332
42554,-6324,-141,4512,581,276,710
42555,2805,2141,1082,-326,1233,1298
42556,-4615,354,-2881,-1444,1549,251
42557,1528,1641,4181,1477,-1133,-423
42558,-346,4045,-2172,-565,1012,1819
42559,-1674,-728,5472,-601,-925,-319
42560,3957,-3267,709,1193,-1030,191
42561,-7701,-7908,-5412,-1231,455,1148
42562,2692,-365,1332,-141,575,-1677
42563,143,-6495,7951,-1396,1167,880
42564,6421,644,5689,1117,-1404,-749
42565,2067,4830,4436,1059,-1481,57
42566,-751,-3656,-1742,-326,-819,-665
42567,4460,-6456,1930,-945,1438,-442
42568,-205,4014,7666,-1981,-980,1206
42569,-3913,-968,-1801,1692,-545,-1663
42570,-5519,173,-7386,932,1291,-709
42571,2655,-2979,3183,-354,623,6
42572,-6646,-5874,2957,844,1996,715
42573,-7592,2607,-3556,1406,1146,302
42574,-6595,-284,3051,884,1003,1355
42575,-4953,7697,-589,-620,-1292,-1216
42576,-2052,-4571,-7263,1973,1252,-131
42577,-3215,2832,5700,-1121,-1460,-1046
42578,-5399,-2788,-7245,1607,498,1217
42579,2995,1234,-5207,-554,-1601,-1328
42580,3938,232,-5919,735,1101,1764
42581,-3712,2166,745,360,1630,-680
42582,-6851,-7637,-6057,23,-1274,-152
42583,6801,5818,-2343,1034,-1209,-1357
42584,-6779,-4072,-2023,-1360,1100,1840
42585,1314,491,-6605,-1174,617,1318
42586,-3212,7088,4534,1108,758,-1387
42587,2401,-7872,1370,-1091,-993,-1136
42588,4605,1631,-7379,-1987,-465,1097
42589,-1963,7692,2488,729,-1630,-1939
42590,2871,-7562,-371,1168,-908,-560
42591,2238,-2039,1538,-1861,1221,-81
42592,595,5794,-2685,488,-711,1966
42593,-499,6700,-6193,-1543,1766,-1831
42594,5177,1513,1288,98,-764,-867
42595,3202,5725,-1877,-1310,-790,184
42596,-1674,-5380,7855,-1775,-370,1660
42597,553,-5722,-1437,302,1713,-390
42598,3243,3456,6888,-577,761,471
42599,920,1404,3268,-1556,-1016,-1143
42600,-891,-3230,583,1312,797,577
42601,1620,-734,-5599,362,1871,1211
42602,3262,5984,-5203,-28,-1191,1235
42603,-2900,2893,5667,-109,805,-969
42604,-2401,7851,4128,926,311,-1115
42605,-1475,4665,-1827,-1614,-749,-1374
42606,6466,385,-7908,-1832,-1683,-1923
42607,-6270,-1901,1248,280,-1824,388
42608,-2391,5351,-6764,-169,-455,1936
42609,-13,-1025,-3412,722,1758,-271
42610,7090,4571,6271,-862,300,-1003
42611,-5344,-7570,-3867,1652,-999,-999
42612,-3750,-5158,-4622,-1659,-626,396
42613,-3,1159,-7939,-1296,-1029,1063
42614,-7187,3931,173,-1024,1670,329
42615,-699,5154,-2844,-1752,891,176
42616,1733,3897,7456,1286,1206,-420
42617,6905,2015,-6453,1023,-1273,-1952
42618,6144,2495,3603,-1184,521,924
42619,2002,-7206,2711,-210,1517,-764
42620,5874,-7603,3345,1881,-386,1477
42621,553,7911,-5160,-1817,-1395,785
42622,-7227,-6541,-6632,1767,-1642,1084
42623,3604,-603,-3594,771,1711,-975
42624,-4488,4746,4276,1978,668,-224
42625,3825,5239,5688,-1673,470,-1043
42626,-6137,-3122,-5561,270,302,1226
42627,-5206,-1980,7041,1155,-1714,293
42628,-5455,7667,7936,-867,-1179,-1265
42629,-4428,-5127,5197,-1869,1157,1746
42630,-5349,811,-3251,1537,1874,903
42631,-5892,-2821,7541,643,-1678,-633
42632,-6375,779,-2491,14,-1346,-1341
42633,-4111,-5517,-3662,610,252,727
42634,4785,2477,-6540,733,-835,1706
42635,5386,-3263,3190,938,1258,1598
42636,-412,7319,748,-1816,-949,1669
42637,4721,2699,3164,-379,1872,-1281
42638,5086,-1957,-2946,311,1879,1640
42639,-4804,7493,-522,-1242,1426,-1151
42640,-5806,4528,2877,-792,598,993
42641,-3714,-4993,4989,-548,-304,-167
42642,-1893,-5092,-3195,1379,800,1575
42643,-1043,-5637,-3911,1124,-567,-1711
42644,841,7197,-3212,-1988,463,-915
42645,-5432,2830,2435,1706,618,1
42646,6476,-6707,-36,1584,-905,1153
42647,1026,6024,-877,1464,-1425,-1025
42648,4032,-3708,-4074,-20,-350,1719
42649,5903,7751,2902,-1403,-1095,-1218
42650,7482,-3835,-2286,1457,-1715,589
42651,3436,-7399,3124,-1884,-1549,-535
42652,3144,-6735,-1537,-1121,143,-859
42653,-3861,2455,-810,952,167,249
42654,5794,2645,-3337,-601,1312,277
42655,-1624,7764,1944,203,888,574
42656,2533,-229,966,1050,673,657
42657,3256,2126,-3710,599,547,-1962
42658,4438,-3643,4202,53,-697,1568
42659,-2765,-5765,-7001,-1379,-1306,-1288
42660,44,4093,2042,-724,-154,-1208
42661,-7254,1306,147,-26,-422,-49
42662,4207,-3777,-7892,-767,-1460,-1710
42663,-5657,6104,4480,1437,-1608,-1394
42664,-5987,-5733,-4813,1019,1685,1336
42665,-6582,6312,1708,359,-535,-1962
42666,7930,-6894,2099,-907,740,-1370
42667,-7743,7637,-6945,-514,-258,-890
42668,4562,-2140,-1969,1245,-1440,-1954
42669,7378,896,6842,-1841,188,1480
42670,1057,-1659,7055,1655,-1945,511
42671,7264,3193,1513,-1939,-15,-114
42672,-6297,-787,3813,-1041,1107,1058
42673,-3596,1186,1387,895,1929,995
42674,3648,-2374,5412,-307,-680,-305
42675,557,-4255,-5786,1446,-546,1652
42676,-5474,-5031,-4872,322,-1961,-543
42677,7155,-1321,-2331,-1128,-282,-1749
42678,-2156,2659,-6331,-509,-976,-260
42679,3666,-3120,-5345,1719,-460,-386
42680,-3608,4805,-2058,-971,168,-14
42681,-5945,-5982,7484,1411,-825,1131
42682,-2471,-4362,-7667,1701,-985,1790
42683,-3074,5579,2442,-1405,1967,828
42684,1518,428,897,790,671,147
42685,1338,-642,4939,1845,390,1500
42686,6930,2135,-1833,-800,-1058,1994
42687,7366,-1386,-2644,-1055,-510,-1504
42688,2844,912,7411,569,490,535
42689,-6005,3853,-3924,1964,1279,-1157
42690,959,1954,-6028,-1404,-259,611
42691,739,4712,6671,-1934,1645,1253
42692,3932,-1560,2789,-166,-776,-643
42693,741,4396,4516,411,-1940,-1142
42694,7705,7573,6069,1605,-1239,1388
42695,-729,655,-7134,-1879,1231,-678
42696,817,-263,690,194,-249,-900
42697,4150,7395,1703,199,1400,1597
42698,-5719,-3931,-3446,-526,259,-766
42699,7239,5757,-7109,-387,-1989,257
42700,-3239,-5256,6728,1012,-1413,-1531
42701,947,4364,5369,-1745,-1550,850
42702,-5411,5728,-2626,1771,419,547
42703,-4905,-3529,-7207,-1166,-822,838
42704,7270,5039,588,-1477,1116,909
42705,6935,3610,2412,1313,510,1905
42706,-5454,-2297,1012,-730,788,1777
42707,-3083,-609,5427,-1652,-1894,436
42708,6276,7192,1675,1506,29,-189
42709,5537,-235,-4944,1825,146,978
42710,-4564,1723,-5397,495,1527,-790
42711,-2592,4561,-728,-149,-1032,-1167
42712,69,5985,-4740,-26,-773,-1460
42713,-2201,4044,7781,-1593,-638,672
42714,4116,-549,-3546,1629,-1164,-1322
42715,-3417,-331,5077,1324,-199,632
42716,-7560,-257,1004,450,-439,1382
42717,4563,6287,-1024,749,786,178
42718,-4867,-6181,6971,295,-679,105
42719,-4325,-4005,5257,-1320,1094,1806
42720,4135,-4498,-3543,-1898,-1890,135
42721,-2910,7599,7347,-85,-389,513
42722,-7860,-3117,7777,356,-1596,175
42723,-2942,-7037,948,-1847,629,-1230
42724,3220,5238,-6641,-1902,1531,-193
42725,-6624,1981,-6648,912,1959,-293
42726,-1284,-6629,1472,-588,1170,-1670
42727,-354,-6510,-7458,-815,-1818,747
42728,2014,-3407,3355,-695,-1656,89
42729,3446,4409,3578,115,-169,-946
42730,-7026,-2766,5435,-490,326,1033
42731,-952,-5513,-2230,274,-1341,-928
42732,-2977,-2376,2361,1200,-1416,1100
42733,2574,-7900,3292,123,-1946,-1327
42734,6530,-6050,-4773,662,-286,-538
42735,7736,-3514,-685,71,-194,-14
42736,6861,3709,7166,131,1636,-1220
42737,-6400,-2248,4506,711,-1895,-1082
42738,3797,-1302,-374,1927,289,1091
42739,710,1909,6245,-211,-1422,947
42740,-702,-5966,665,-1469,-1160,-669
42741,-2914,-1092,6703,87,-854,-1760
42742,-1424,-4403,4299,-229,1466,1529
42743,-6716,2230,7511,-119,-977,-954
42744,-6836,163,-753,1927,696,-790
42745,6261,-6181,-1933,-1148,1094,1831
42746,3336,-7497,827,-1681,-1492,-308
42747,5396,1445,1447,-669,-550,1300
42748,1786,4530,-1030,698,771,-68
42749,-4969,-7307,2871,-1450,-41,1021
42750,-310,-4326,6660,424,426,-967
42751,-661,3398,4627,-1543,-1982,-1147
42752,1301,-7187,3445,1122,-1409,344
42753,4967,729,-6531,-1699,-405,961
42754,933,1580,-2554,1056,-909,-1267
42755,2616,-5716,-3458,1761,-835,-1692
42756,-6932,4756,-7351,32,1717,209
42757,-3821,2707,-2753,312,230,1783
42758,5618,-5565,-7568,-463,235,1580
42759,-565,96,5136,-79,-172,914
42760,3348,3100,250,-722,-921,-568
42761,4191,1072,-1245,636,1611,-1584
42762,-6346,1782,-3929,-1080,-1159,-943
42763,2573,-7280,5807,1827,877,1946
42764,-5315,1414,7594,-968,-563,1031
42765,-551,6158,2065,1062,1621,1719
42766,4770,7088,6439,-348,1126,-156
42767,7364,2899,-7312,-246,-1425,-875
42768,-4979,5296,-5257,-693,-499,-766
42769,-3062,7404,1333,955,255,-741
42770,6320,2840,-4789,1382,931,-86
42771,-5409,-5520,-959,1073,-240,624
42772,5083,-1090,7689,-599,-1715,-371
42773,-367,-803,-7949,-438,-358,-718
42774,6376,-627,5085,132,-683,-1054
42775,239,-1149,7373,741,1613,-799
42776,-6116,6979,-6781,-300,-1157,-1205
42777,-7349,-3875,-6415,-1447,673,-1020
42778,3510,-4853,96,-1495,1160,-474
42779,-7436,705,7013,665,-1625,-407
42780,2624,-1630,3061,-803,1306,-1249
42781,-4141,6916,7181,-615,382,-1810
42782,-4583,-2515,6000,-918,-1947,1598
42783,2256,1232,-2055,23,1252,-255
42784,-2089,-5159,4817,215,578,909
42785,-2720,4807,-2280,-1615,-888,-1675
42786,-7394,-6679,6160,-279,122,-1766
42787,-1128,-4145,4387,854,1087,-994
42788,-7298,4979,2186,1776,-1070,783
42789,-6003,7025,4837,-335,865,-1976
42790,-5498,7627,4928,244,1807,58
42791,1347,-3081,479,-1094,1367,-402
42792,-2178,-1765,-7640,143,299,1476
42793,970,3541,6736,1477,1890,1987
42794,-3835,-3371,-4363,825,1678,-1184
42795,5934,-2408,6208,1027,-1271,725
42796,-7966,-2328,-5745,-171,1454,-482
42797,2572,-3473,7901,444,-491,1023
42798,6723,-3361,-6523,573,-1537,-1822
42799,965,968,6868,-1511,277,-395
42800,6773,-2369,-512,-446,-130,-1793
42801,5236,-4692,5086,288,-514,-670
42802,1269,2202,1495,-688,1064,1692
42803,6496,-3336,-4627,940,-1609,-1083
42804,-6972,-3613,-1408,-1638,-288,-180
42805,265,3020,-1261,-1751,-1825,1992
42806,-6046,-5712,-2113,1921,-1473,1155
42807,5416,1676,7131,783,-1424,1930
42808,-5938,-1394,6768,-307,-1682,371
42809,-4727,6756,7633,-850,-1062,-603
42810,-2043,-2300,3482,178,-519,-698
42811,-7619,-4541,4531,-892,1229,138
42812,6184,6573,-359,76,-792,1357
42813,-7243,-2458,-5542,160,-94,-974
42814,-2505,-1227,7555,1108,-1063,-1375
42815,-5521,-5721,-6273,1428,-1366,-1310
42816,-1591,4638,-1478,-1033,1370,-1393
42817,-518,-999,3246,-973,-9,-449
42818,-7745,3672,6810,978,-493,-669
42819,7272,-4779,-1139,-1906,1135,703
42820,7390,2029,386,867,-1780,987
42821,3840,-1050,-4866,-1829,790,1796
42822,2131,4086,-4310,-960,1816,-385
42823,5307,-7301,3548,-1224,-1626,1058
42824,4387,-7975,-773,1019,-637,152
42825,5345,-1976,2086,-966,237,1248
42826,122,-810,-1771,-880,1925,9
42827,-5789,-7133,6035,466,-551,-942
42828,6157,-1861,7359,25,1079,284
42829,5205,7389,1054,-805,-1702,517
42830,5672,1773,7726,1688,-110,184
42831,-4467,-5127,3908,1016,23,-1876
42832,-7893,-4013,-5038,908,1209,86
42833,2237,-4774,416,1338,868,580
42834,6855,4748,-6407,-33,-831,-1376
42835,-1856,-1611,-7827,1160,478,-1495
42836,-2091,5246,-83,-1183,-1782,-622
42837,3810,683,-1361,1552,-1594,185
42838,-3569,7713,-5655,-468,1533,-470
42839,1155,6158,-3724,-180,-1342,1395
42840,-7195,6463,422,-369,1173,-81
42841,6148,-3730,-6544,-588,-1948,-1177
42842,-1958,-5409,2434,-1857,1223,237
42843,7107,7089,-697,-1217,-1044,948
42844,2926,3534,6207,1890,450,-522
42845,-2860,-2093,6477,-828,1982,1274
42846,-7156,2858,-44,-505,-1244,-1930
42847,3978,7253,2193,-186,659,1069
42848,1894,-338,-4931,441,-1259,1773
42849,7171,5372,7923,-1087,-297,1618
42850,275,-1933,4648,-980,628,265
42851,-6766,-1962,5007,315,110,560
42852,22,-2862,-3147,-119,-1910,-442
42853,-7726,4819,-1787,-1589,1346,170
42854,-4484,254,6846,1458,-1164,294
42855,-791,443,7930,1174,-316,-139
42856,4170,-2475,1605,1855,1540,-294
42857,6712,-2478,-3958,1871,-845,443
42858,-3243,-3398,-6317,-1717,-893,-109
42859,-993,-2634,5722,1677,1374,495
42860,-6375,-7535,3808,924,-1663,566
42861,-1983,7641,-795,-1214,-1585,1702
42862,-4616,4753,5834,-1474,1614,-1550
42863,6267,-4863,2142,-1000,-1343,402
42864,-7183,-240,6564,1081,760,-1503
42865,-7454,-295,5757,-881,-1937,538
42866,-5737,3356,4983,-254,156,-1851
42867,330,2840,-1615,421,-1878,-917
42868,2098,6065,5420,355,-608,-1649
42869,-513,-7678,-7947,-965,-1010,-516
42870,-4874,-7359,-3589,-1041,-160,-195
42871,-7204,-7220,-4983,410,1686,1732
42872,7938,-323,6505,1282,100,1366
42873,6617,2824,-1379,182,185,147
42874,1872,674,6505,1294,-861,-1492
42875,-7372,-7144,-2092,1263,-502,-313
42876,5961,6401,-2198,-196,1374,1063
42877,4199,5963,-4548,726,-104,-916
42878,-5225,6002,-5280,754,-1955,1375
42879,6297,-1605,2191,-299,-1731,-1832
42880,-1470,7787,4485,-700,1012,1059
42881,7534,430,-2631,-1896,1462,1953
42882,2389,-7957,-5811,1160,847,-1336
42883,-4225,-6329,-1596,1903,1355,-380
42884,5963,781,-3915,-540,1674,-1355
42885,-6588,5794,4680,665,-1573,489
42886,-3609,7660,-230,-1457,-1813,-793
42887,-2827,-2177,-7140,-670,-1315,-278
42888,4418,-5841,428,-1567,-1550,-1262
42889,-7805,6530,-2210,-1023,-769,194
42890,-6784,6848,6997,-857,-394,-1067
42891,816,4146,462,-720,368,-1062
42892,-4334,5587,5375,1627,-209,1898
42893,-4320,51,7847,-102,-618,374
42894,-7963,-4487,-6690,552,-76,-1858
42895,6277,-2658,1554,1647,-348,-1888
42896,2879,-5428,-2682,556,539,476
42897,-4009,215,7532,-1979,-43,533
42898,2361,-4056,-1198,-696,-1156,-1984
42899,-5112,4838,4629,970,-1186,755
42900,-1297,669,-7408,-1816,-53,-1336
42901,-2921,-5112,-5393,216,-1975,-1286
42902,-2391,-4913,-425,-348,382,122
42903,-2586,377,-5708,-1082,-1595,-1577
42904,-6440,2240,3932,-1636,586,1186
42905,1306,7867,-5655,1492,-904,982
42906,5427,5842,-2777,-256,484,-615
42907,-3553,-3651,7673,276,445,-1696
42908,-2741,-2483,-1904,1658,1434,-1979
42909,-6602,-3864,-6674,1901,-139,-591
42910,-358,7013,7116,-249,-1685,-636
42911,1367,114,5333,-1107,-1623,1711
42912,-1714,1088,-5688,1339,-245,-546
42913,-6255,2746,-647,981,1691,-398
42914,-4230,1728,-7617,-253,-1475,512
42915,-5508,-4137,-4881,-1497,-1311,-1195
42916,2845,6347,2102,-459,1522,116
42917,1481,-1218,5460,-1871,82,-1100
42918,-2003,1828,4252,-1243,-240,-1866
42919,4283,270,6738,64,1715,1768
42920,6228,-5934,-561,-1124,427,-1626
42921,-4450,-729,6887,-1952,758,-735
42922,-6280,3824,-3256,-1549,1202,-843
42923,7411,5048,4440,-1577,-1167,-18
42924,-231,1530,-17,572,1730,-559
42925,2584,-5972,5931,739,-911,-1301
42926,1065,4629,-5245,-231,-1880,1226
42927,-4897,6551,6444,-1147,1688,627
42928,-7611,-3234,-5828,1329,1327,-1836
42929,-4854,-5901,-5592,-274,709,-14
42930,-5746,7147,358,-94,929,-577
42931,1337,-6245,7479,-872,563,-1531
42932,-1568,-1912,6719,900,-117,536
42933,5889,-5614,2345,-430,-1349,1935
42934,-1159,4300,-7377,832,892,-1005
42935,-973,-1721,7799,1700,1919,770
42936,5604,-7861,-5231,-844,991,-488
42937,-3117,-7964,3717,102,-460,346
42938,-4848,-5077,2183,53,-1453,1498
42939,-815,-4796,767,430,-1397,699
42940,5920,3501,-172,-194,678,-1786
42941,-1228,6122,2100,1219,-802,-1328
42942,-6008,1450,3679,354,-1913,940
42943,5116,-3070,1903,1237,-684,-259
42944,-5880,6440,5432,-153,467,-445
42945,1344,-3580,5179,834,107,1237
42946,-2644,7782,4716,-1733,835,-267
42947,-3726,-7817,2586,102,1175,-1236
42948,1122,1961,-3697,1200,-1551,-134
42949,-460,-5253,2786,922,1666,-375
42950,3743,5103,-569,431,-225,1668
42951,-525,6304,-2194,-642,1537,1732
42952,4094,6775,6700,-122,-717,693
42953,-3679,-4937,-409,-914,964,-1244
42954,-4334,55,1868,-675,1016,-653
42955,-5936,-6299,-2339,-1764,91,-1162
42956,-111,3172,712,-1295,-1384,-72
42957,-3440,-2024,-936,-1209,1539,-1625
42958,6669,3272,-7556,-194,931,-1305
42959,3548,-3388,4031,929,-1671,-855
42960,7641,6987,-2965,-1799,-1099,732
42961,-4832,7382,-2891,1520,1151,1703
42962,-2021,-7070,-3347,20,1963,1305
42963,-3955,-1157,6356,777,-231,628
42964,6473,-4436,-5060,112,-1212,-729
42965,-3420,-2234,3122,1941,1781,-406
42966,-1474,-6263,-2810,1904,308,292
42967,-7702,1179,-154,-771,-664,-80
42968,-770,-4125,-6879,-113,-1404,1736
42969,-1224,-3732,-1958,733,-1755,1700
42970,-4570,1805,-4166,-1446,-627,321
42971,1142,3271,-2894,1755,1855,-605
42972,-4206,7299,2520,-844,-718,836
42973,-77,-5330,5580,525,585,1078
42974,-3938,2805,6326,-498,-1757,-615
42975,1462,1445,-1808,115,1225,-769
42976,3983,1022,7950,-842,1092,-1038
42977,-7760,4484,-6128,1847,-410,25
42978,7609,525,6767,750,1318,-1436
42979,-4819,7357,7118,1468,-1254,28
42980,-529,6464,7713,-432,1994,760
42981,-2274,-4202,-1001,-1654,1036,1579
42982,5216,-3526,-6398,-1088,-809,-1052
42983,4621,-3006,-5322,-606,1581,-1240
42984,-1088,-5601,-4685,-43,-529,431
42985,3558,-7311,2142,1518,1921,-847
42986,-3477,-5565,7495,1889,-1257,-1868
42987,1284,-6836,4109,-517,1300,-423
42988,-1121,-7506,7962,-1426,1412,-1509
42989,-1479,-3596,-3977,-89,-1269,-1813
42990,2221,2846,7272,-24,1536,-1166
42991,5157,5614,3597,-518,-1841,-820
42992,2386,-4806,-2711,1281,1142,-903
42993,-5647,-405,-5781,1777,1253,-1072
42994,-4797,4032,293,-1179,751,-165
42995,-4451,6887,5878,-378,-1474,866
42996,-2862,6606,550,-807,1760,-1382
42997,-6544,-4194,2517,-578,1111,-308
42998,-2271,-2500,2625,-624,-1799,-1697
42999,3493,654,4097,-1667,-1130,-1831
43000,7894,-4421,1848,-371,-1780,-1968
43001,6781,1972,-1393,-1223,1140,-894
43002,7706,-1460,-5176,-1848,-636,-584
43003,5992,4031,-6951,-1113,-1252,-1614
43004,3593,-5481,-3217,85,-712,1598
43005,-3658,2805,5291,-1886,-1701,-447
43006,1320,7605,-5729,1810,1322,1480
43007,-5086,-1998,-1778,965,-28,53
43008,6766,-1329,-7988,-1648,-532,73
43009,3272,-2476,-5309,86,-698,-486
43010,1326,5940,502,-1792,328,-102
43011,-409,-2761,-4439,921,262,-1265
43012,772,-2150,5087,-923,-1089,1688
43013,-1195,-1645,3420,-1802,-1209,-1295
43014,1706,6659,-2402,654,472,1036
43015,5457,872,-5238,-1867,1222,1010
43016,6906,-5169,5137,391,262,-11
43017,7557,6627,5552,-1626,607,-636
43018,1956,7279,5842,-1061,-1455,-1241
43019,5210,348,4305,-1947,455,1101
43020,-5676,-6616,-3343,1940,-409,-474
43021,6849,-1447,-3504,1699,1676,451
43022,1558,7167,7690,682,-1776,1548
43023,-5554,512,4323,-994,-1368,-1404
43024,-409,-445,349,-1150,164,-1906
43025,-6974,7088,327,1708,1485,339
43026,6497,-2004,3454,1336,-1045,-368
43027,-2553,-5447,7316,-1247,1953,-1049
43028,-639,-4791,-7107,339,-126,796
43029,-6899,-5351,1241,1480,1317,-114
43030,-2569,-7638,2779,609,-834,-1516
43031,1091,1001,5067,412,-1466,127
43032,664,-6626,-3415,-1237,397,87
43033,1597,7201,2354,1917,-75,1128
43034,3843,989,-4320,-39,1508,1807
43035,248,32,3084,-523,1568,1660
43036,2026,51,1714,-1286,-74,1595
43037,-6326,7438,-5042,-405,611,-67
43038,-1841,3293,2911,-1318,-227,27
43039,-3161,1773,-3958,-1615,-802,-564
43040,-2524,896,-3593,-387,1500,-334
43041,-515,7917,-5544,-1310,521,1455
43042,-6029,-200,-4349,-1371,1786,209
43043,2127,5996,-7861,1431,652,314
43044,-5524,-588,1170,-562,-59,107
43045,877,3233,7032,-1116,-399,-1483
43046,-1986,3825,1561,1026,353,894
43047,-5513,6609,-1058,955,-1460,1755
43048,-5050,-4405,415,87,-1686,427
43049,-7807,-2077,-2637,-884,1697,1896
43050,2678,3717,-7633,-1833,-520,1667
43051,-1243,6229,-5295,-624,-663,-917
43052,-890,6159,-3177,-511,346,903
43053,6770,7470,1312,-1929,1159,776
43054,2452,2679,-925,315,1150,1132
43055,7539,1394,2089,-1282,1536,217
43056,-2241,7415,-6121,447,204,696
43057,-1062,-5815,3278,-1771,1419,1814
43058,-2232,-5378,-3142,1756,-289,-1194
43059,-7441,-2259,855,-1195,-1047,-1811
43060,5726,6719,1084,-727,-269,1006
43061,-2785,-1045,7010,-468,-1066,-1019
43062,-5273,4550,-2757,-1478,-1702,-464
43063,618,4985,6196,778,-1549,-407
43064,-2234,1831,59,1719,1112,1279
43065,-1864,1316,6139,-628,-1467,-1230
43066,5506,-6241,-7432,855,1160,856
43067,-3381,1859,-6299,922,-731,-1865
43068,-703,-4361,1732,434,266,47
43069,-2992,-286,-568,655,-244,-895
43070,-3051,-2615,-3775,-871,-1211,1738
43071,-4589,-2741,7132,52,171,1471
43072,5183,5261,-7506,-1753,-7,-445
43073,-5549,433,7965,-1708,780,-632
43074,7940,7945,-1112,1168,286,1936
43075,5475,-7920,-4898,-1856,823,-821
43076,7177,-4859,-1082,-845,-639,-1991
43077,1502,5920,-7435,1740,-190,-1056
43078,4342,-4054,-5839,-1961,-1653,30
43079,-6646,7482,-1441,-1244,-1671,-151
43080,6864,-697,5506,102,-1791,-1197
43081,-3117,1278,-2412,-168,-763,440
43082,-5254,-6775,-6550,1312,-1382,1110
43083,-3255,2963,845,1378,-1185,1386
43084,-3683,-5194,2540,691,-1290,1203
43085,7195,3714,-1713,800,-2000,1709
43086,4613,4267,-7260,-641,1543,1696
43087,-3038,6438,-7992,-695,1227,609
43088,-2832,7239,343,-402,-303,1356
43089,2551,-7609,2000,-1651,-1675,-548
43090,-3466,-3658,4071,-417,886,1372
43091,-6415,826,42,1603,-166,334
43092,5877,-3156,6874,1843,1950,1705
43093,-2037,-1179,-4019,906,1687,-1105
43094,7740,6870,5708,470,1427,-525
43095,-423,-557,7111,397,-58,-850
43096,-4478,-5635,-3474,-1146,-1568,-1311
43097,-609,-335,-6439,-754,-323,1852
43098,2523,5332,-1069,53,-236,-863
43099,-7660,6413,4247,-1016,-1319,999
43100,-5293,923,-5000,1738,1021,-1339
43101,470,-1857,4517,1563,-1405,-337
43102,597,-5164,-952,1975,-1814,-709
43103,1973,6522,6548,-1987,-1200,1332
43104,-421,-7850,-1246,-1505,-1390,1286
43105,-704,300,5701,-1153,-1830,-916
43106,-3287,3923,-5189,1280,-919,1943
43107,-4000,2325,-3801,259,32,538
43108,-4063,1635,4519,1126,1986,1132
43109,-3333,4519,4277,1050,1329,1404
43110,1403,-7586,3343,111,1762,-457
43111,5842,1483,-7048,-372,-105,-1632
43112,3451,-2807,166,1944,609,-1161
43113,7996,-2512,-6004,45,1022,1271
43114,1150,565,978,267,-1971,-1934
43115,-7553,3671,6863,1800,-1717,1977
43116,-5692,1540,6094,448,-1189,1052
43117,806,-7435,-7431,645,-89,1702
43118,5560,-6399,-2058,-638,-268,-1126
43119,-1967,252,2042,-1565,-265,-968
43120,3341,165,-6396,-1670,-1214,391
43121,7515,4378,6564,306,-1785,1033
43122,-2003,-3194,-1671,-806,1160,644
43123,2824,1852,6706,-146,1271,-1363
43124,-6642,-980,580,-1138,-367,1201
43125,3065,-6538,7543,625,347,1883
43126,-6304,-6964,6347,1554,1394,151
43127,-2048,6488,-4282,-168,-65,1507
43128,1578,-7032,-4645,1276,-887,-1833
43129,-3270,219,-842,981,-1825,1628
43130,266,-448,-3831,-1275,-171,-586
43131,-1681,-6810,6633,-1381,1427,1708
43132,7243,-1651,-3474,1911,738,1618
43133,-4210,1715,7920,1277,-2000,1156
43134,4297,3245,6226,1160,-506,-544
43135,-5224,5599,5195,14,-305,-113
43136,6550,-6291,-4801,775,1245,-67
43137,3156,4062,7181,-290,314,-1314
43138,-6373,1103,-1915,-928,-1934,878
43139,157,-5089,-3634,973,915,412
43140,5674,-7520,7949,-400,377,-206
43141,-5622,3510,5773,1802,-1528,1540
43142,7788,-2365,1811,1041,-472,-1836
43143,6036,-7971,6660,456,-1399,1888
43144,-2178,-7583,5806,-842,-1987,1404
43145,2491,7470,2899,-234,-175,1190
43146,-4406,2016,1100,775,902,-441
43147,-1563,-596,153,-673,940,-1620
43148,-4982,4868,-7688,1675,1469,-1129
43149,-6739,956,-7933,1265,676,-358
43150,666,1395,-1404,-1535,-626,912
43151,7814,-3915,-2681,1732,-1532,-1796
43152,2163,6455,5420,1456,1368,339
43153,7474,-6544,3604,-1649,-1634,-880
43154,2388,-7628,-6204,1653,966,-1666
43155,7206,-538,-4032,705,803,86
43156,-1719,-7245,-7637,97,-1734,-783
43157,1775,-599,-1461,-1067,1200,-807
43158,5466,3241,7932,1058,-873,1137
43159,1216,-1420,2465,-83,1163,-286
43160,659,-254,7350,612,1958,-1009
43161,-5798,-862,-7398,378,484,531
43162,5753,-7273,-1603,-836,-883,1899
43163,4315,2439,-4436,859,904,-608
43164,-2577,6203,2087,-1416,1485,-1514
43165,6937,455,4401,1424,-1363,-572
43166,3029,2295,3316,1917,-1039,1557
43167,3251,3428,-495,-1880,-13,-1194
43168,3782,2072,4022,-148,1201,1241
43169,-1410,6086,2828,1621,1656,1445
43170,1961,2258,6527,218,1063,-1167
43171,-658,517,2527,1212,1412,1656
43172,-6233,-5712,-7927,1294,970,-1165
43173,-3819,-2524,-5355,1497,669,-653
43174,-99,1174,-4053,-764,-1660,1048
43175,1319,-7202,3436,1845,1146,1604
43176,-2129,151,-1257,-1898,-1133,1338
43177,5818,-6694,7830,240,-44,1047
43178,4626,5281,5028,-1436,-874,-84
43179,-5365,-5237,295,604,-800,1396
43180,-520,6474,2295,1194,1126,-650
43181,1579,-463,7216,-71,927,-1760
43182,3860,-6374,3003,-632,148,1907
43183,-4290,-6309,-2817,544,-1901,-947
43184,-2175,-6715,-505,-1753,643,1366
43185,3530,6674,5501,-1599,-794,585
43186,4287,4072,-1312,710,1514,1106
43187,-3087,-4093,-4812,762,-18,380
43188,-6928,7401,3914,1090,116,1883
43189,3844,-4636,-6728,872,734,1439
43190,-3754,-4592,-6493,-234,425,-813
43191,6410,-6273,1894,8,-1941,68
43192,6582,1851,469,-807,-1465,-311
43193,-6471,1497,-291,-879,-1882,812
43194,-4612,1604,4414,348,-901,-777
43195,1526,71,5175,1756,118,-1623
43196,6603,846,3636,1647,941,-579
43197,-3422,-2423,5147,-1511,1637,1167
43198,982,2753,4163,-228,-841,-775
43199,-1304,-3214,-3102,-1836,-974,-504
43200,3851,7748,-3402,-1786,-449,272
43201,6039,-456,3832,-201,1373,-434
43202,-3241,3110,-7294,-825,1419,1179
43203,1708,-476,1221,-1528,1355,1594
43204,-7995,3634,-1521,-272,-1748,939
43205,7301,6464,-6555,-1698,1829,824
43206,-2449,6259,-2325,-711,1339,-1527
43207,-4725,-4315,-3824,-31,1811,1156
43208,70,-6403,7678,-1073,60,-1027
43209,-2049,-6153,3819,736,-520,1109
43210,-1430,-4856,-7014,367,1943,1752
43211,-2775,7543,6166,1110,447,546
43212,1499,3520,3617,1659,-409,1221
43213,-5858,7663,-3850,-912,1245,774
43214,4681,7078,6986,606,357,1749
43215,-646,-727,-5171,-166,-210,-190
43216,-1203,-6099,7377,-1814,847,-1478
43217,1263,1961,-3825,168,1778,-967
43218,-2970,-1236,-7488,1827,504,-1002
43219,3636,6263,3599,-657,1732,57
43220,-1404,4317,-458,1681,-330,1262
43221,701,5666,-6566,-1972,1935,-286
43222,-2009,6329,-4863,-450,1305,208
43223,-2814,2708,-5038,513,-1382,0
43224,4425,5031,-7737,1162,237,1532
43225,-2458,4996,33,-504,1645,969
43226,-3836,-5033,-3594,901,-121,-1876
43227,1969,5215,3191,1581,1425,-785
43228,-5234,-5493,5017,-1808,-1546,1342
43229,1771,7137,-3727,1557,773,922
43230,-1817,-153,-5276,46,-203,-26
43231,-264,-6578,-6374,-17,-1812,1791
43232,-645,6751,-7702,1315,-1558,-1256
43233,7232,5404,-3578,-1270,-756,689
43234,-4227,-6090,1314,451,592,-905
43235,-6125,-173,7506,-573,-1101,-1249
43236,4676,1238,-2633,-1860,661,897
43237,-2960,-7873,4191,-1699,-1397,-1393
43238,4960,1994,-5107,-1191,913,829
43239,-722,-7156,2120,1198,-1147,1569
43240,4571,6851,-5184,383,725,673
43241,-112,-4830,7473,-1304,1534,1809
43242,-4561,7503,-5443,-259,1799,1375
43243,1087,-7099,6759,-299,80,974
43244,5527,-7760,-1151,1489,587,1193
43245,-1652,-949,1254,-1027,1451,-1744
43246,-2438,-7954,-3930,-53,1470,-258
43247,6687,1364,-1116,340,489,-1469
43248,4570,-5608,2256,1128,-1738,-1029
43249,-6885,-3840,646,1325,1647,-364
43250,-623,7564,1286,-1723,-1463,1272
43251,998,-7280,-2136,252,326,173
43252,7787,798,-477,1382,1741,49
43253,6635,-579,2699,-696,1702,937
43254,3610,-148,-707,-1848,-1462,361
43255,3281,7682,-3135,-1121,-1918,-1383
43256,4008,4047,2668,-1299,161,1469
43257,-1587,-6226,-6510,375,226,-537
43258,3921,-7082,-526,547,1754,-1963
43259,7768,532,6920,-1896,1543,-441
43260,-2717,-539,-3814,1513,-936,753
43261,4213,-5613,-3728,-638,-521,-297
43262,-3637,-7670,-6572,1793,340,-1143
43263,-1496,-5496,6313,-784,427,-90
43264,7260,-4332,6768,-896,1244,914
43265,7534,5279,-449,703,-464,-668
43266,-6011,-4201,5024,386,552,1986
43267,401,-832,6086,-1465,1347,-1088
43268,5652,2541,-3517,1937,-51,-15
43269,-6582,-3661,3741,-1274,1853,1121
43270,4558,-4601,1480,455,-84,-30
43271,-7538,-1368,-4087,436,719,-1558
43272,-6534,457,5127,1201,-1139,1536
43273,-2544,-3958,-3894,1188,-1684,596
43274,-5534,-6388,161,882,1087,-424
43275,7644,-5955,7030,1792,-1879,-1944
43276,7655,5137,-146,783,-728,445
43277,6810,6641,1795,368,1068,-1010
43278,1646,-1950,4348,623,56,273
43279,-3832,-616,-2888,1507,-1048,-1180
43280,6502,1112,-6184,-365,542,-1192
43281,-1445,2344,-3982,1811,953,-1908
43282,-1929,-6456,5215,850,-1030,1185
43283,1664,-1229,4516,551,-682,409
43284,1254,-2135,-3442,1953,791,-1091
43285,-1034,7244,1868,817,-408,1995
43286,244,5007,-7896,1045,-1265,-1172
43287,4720,3255,-6527,145,-1957,1181
43288,5806,-6785,-3637,-1978,-1199,-853
43289,-2874,3371,-5485,-1702,-1556,-56
43290,-6241,7173,-405,550,898,-323
43291,-27,4992,-2032,1446,1947,-61
43292,-5465,-1694,-2597,1634,-944,1389
43293,6306,-6029,-4079,1703,1513,-1906
43294,7115,5276,3807,646,-85,-1613
43295,-3610,-7784,-5459,-1268,1200,645
43296,4363,-7251,871,1503,606,-1442
43297,1812,-214,-7269,-242,1281,1268
43298,-418,5510,-5884,485,-1023,-947
43299,6336,2071,5305,981,-1929,-1115
43300,-551,-3321,5878,-1465,975,858
43301,-4032,5851,-3901,1685,1101,-1777
43302,-4612,-6225,7887,1514,-261,314
43303,840,5137,-5479,-1909,-642,-1060
43304,-7947,-7195,-7269,758,-730,-1606
43305,4440,6929,5860,-114,-1494,-360
43306,2898,-2354,-4725,-884,-260,623
43307,-5941,4227,-6469,-896,1758,802
43308,-4314,1742,-6455,-1251,1518,-1184
43309,-4349,-381,-1058,1323,-588,-1299
43310,-7621,4937,1355,-1171,-1681,-1660
43311,-3797,6389,-4657,-1105,269,-181
43312,2352,5797,1419,1279,-374,-713
43313,4759,860,-3518,1848,189,-1729
43314,-7710,-5645,1363,552,1200,123
43315,4511,2169,-374,-169,1716,265
43316,-7882,4974,7215,1645,-1008,-947
43317,-1382,2093,7930,1579,80,-153
43318,3697,1165,-3367,1552,1202,-1943
43319,4088,-2265,7019,993,-1519,-1398
43320,235,-1527,6050,1036,238,1937
43321,-4892,-7439,-3252,234,1353,1878
43322,-331,-3187,-98,-97,179,-746
43323,713,-1773,-4405,-1078,1544,-1513
43324,-4539,2173,4309,-886,343,-1838
43325,-6306,-3240,2924,838,0,216
43326,-651,4144,4916,311,-1017,-1990
43327,-4454,567,-2810,1990,-1198,-1775
43328,-6172,-1401,-3473,-1451,-1074,-787
43329,4458,7413,-3421,-1828,-477,-1469
43330,-86,5324,4353,1492,1192,-1710
43331,-4389,7293,-5510,-1427,1517,-702
43332,3754,7399,-1025,-1841,838,-55
43333,-6665,3056,1890,-1729,-368,-513
43334,-7303,5990,-4671,974,688,-779
43335,-1723,-6929,4748,66,1967,284
43336,-5711,-3768,6691,1467,-264,1572
43337,1410,-6000,4289,1123,1353,1162
43338,6988,5090,-5973,1783,-115,5
43339,-206,2415,7621,-1290,665,1243
43340,6166,3935,1660,1318,-563,483
43341,-1064,-7194,626,-1752,-1503,-926
43342,-3716,1226,-7122,-1315,-520,1825
43343,-934,-4350,-713,1745,-1330,612
43344,-1841,-6890,-7953,1970,-1026,184
43345,4422,-6021,-229,1521,417,-663
43346,-3458,-1,3824,-832,1780,1496
43347,-2570,6710,981,417,1052,-1959
43348,-4416,3959,133,1777,695,1534
43349,5947,3806,3863,-1210,-627,-1884
43350,7917,4771,-3212,1671,1013,643
43351,-3313,7556,-1590,-1838,-1191,-1838
43352,3406,357,-1518,-1491,1189,1908
43353,7795,1981,7177,-192,-1988,-1626
43354,-5138,4514,6074,1709,-1806,-1080
43355,-2554,2607,-1311,769,-1197,1615
43356,-1605,-651,6930,-1054,1289,1774
43357,-7983,-3854,-4287,-1796,1769,1473
43358,3502,6300,3847,-35,-978,837
43359,-4660,4916,-2360,692,-542,-938
43360,-4118,-667,-5499,250,-1358,1270
43361,-990,-4098,-6471,-167,-757,1944
43362,-3399,7771,3725,-1691,521,319
43363,-5159,4999,-4512,23,1142,668
43364,-5004,3236,-2004,413,573,1244
43365,100,-5172,-1931,-904,397,-1708
43366,6963,893,3169,1741,1437,843
43367,-690,-607,5135,-304,608,-1617
43368,1607,3109,-7895,-1420,-718,-1349
43369,4683,-4195,-1609,836,-806,-1122
43370,-5703,969,4138,806,582,-1403
43371,5097,-3994,3583,1769,1359,1072
43372,1701,1118,5884,-494,-1561,-1900
43373,6382,-4837,1667,-1685,1786,1588
43374,-1847,-4591,6262,1183,-1177,1835
43375,4699,5646,-189,-1268,270,857
43376,-151,2678,6981,862,-1621,-1893
43377,-1254,5401,-7595,142,857,719
43378,-4829,-2655,2303,468,-584,256
43379,-7487,-6828,4130,-1036,-398,1717
43380,6315,7369,-6997,-1702,-1422,980
43381,-4058,-6318,5235,202,-345,1203
43382,-75,3555,7427,-577,1993,-1354
43383,-2814,3458,-5936,-635,316,-1966
43384,-2312,-4977,2839,448,-867,-1424
43385,-3268,-2682,5218,1211,-1718,-1836
43386,-1180,-2198,1214,-1629,406,1030
43387,-1281,1746,-1259,391,-1277,1722
43388,-714,-658,-6966,502,-48,1494
43389,-7714,523,7694,1665,-598,1695
43390,5628,-6094,5462,-1637,-1470,-1498
43391,-4073,7646,2839,630,109,192
43392,143,-3406,-5223,-93,-908,341
43393,-3428,-5425,-6283,-336,-1650,1048
43394,-1806,1587,5972,448,-1815,-38
43395,5021,-6433,142,-718,1267,-512
43396,5707,4724,-5048,-118,1720,-328
43397,2817,1962,-6874,948,-847,-115
43398,6333,7781,4848,-773,-392,-1518
43399,-4914,-6220,2241,-433,836,1571
43400,4757,7980,5393,1139,45,-758
43401,-1546,2527,6424,-1455,1859,-1518
43402,-3847,3822,-925,494,-587,-410
43403,-2720,4852,3103,-887,-447,-154
43404,-351,-419,-7872,-242,343,873
43405,7639,-3141,5570,-1812,-1494,451
43406,-5705,-5257,5565,-191,1943,-1608
43407,3432,6453,7486,830,-129,-1814
43408,-5981,-5559,6347,-1430,851,-1218
43409,-5572,-3706,7625,1453,622,-1267
43410,3785,-1305,-2306,127,-1554,496
43411,4142,5693,-2243,177,-1186,1081
43412,7507,2370,2175,-1671,1409,-1677
43413,-7814,3181,5342,1363,-1009,-1725
43414,-1039,6284,4312,490,-831,-824
43415,-3919,-1464,4887,-1576,-1961,-1599
43416,1339,-1429,-2188,-1187,-199,925
43417,2554,-3050,6446,-1511,1682,-743
43418,-2768,-7627,-3932,-1282,1825,-1294
43419,-851,5490,-6419,1713,601,1383
43420,-2654,4694,6277,-1190,1496,-31
43421,-1060,6426,-456,1513,-151,-304
43422,6941,-5472,3408,1773,341,494
43423,-260,6413,4362,533,-1667,-411
43424,-3891,302,1109,1448,-1158,-1806
43425,1929,4271,-5190,-1670,771,928
43426,-1163,-1455,-632,-203,-626,-13
43427,4959,5382,1991,521,-579,1032
43428,5568,1347,5407,936,268,-1106
43429,6709,-5792,1127,-1890,1319,378
43430,2929,3236,-4445,1088,733,-659
43431,2684,3176,5220,649,45,68
43432,536,7528,1224,1146,-1908,-410
43433,4099,5798,2105,-1474,426,-65
43434,-4188,-2053,7600,580,-1616,389
43435,4697,979,-5678,1673,-1462,489
43436,2103,-749,154,-1218,238,-1250
43437,-3557,-2491,4028,-492,1405,1534
43438,1714,-693,4917,-742,169,1641
43439,-6214,-720,2171,314,1623,911
43440,-358,-4365,-4256,-429,1198,868
43441,6515,-1672,-2805,1899,1387,488
43442,4639,5329,3697,1747,188,-1273
43443,5506,-229,-3956,604,454,-794
43444,-77,740,-3470,-393,-1403,715
43445,3610,5819,-6302,-38,-434,1813
43446,-893,707,-1183,1460,963,-961
43447,249,-3829,3732,-933,1843,1637
43448,-3243,-7725,-6553,1846,-1271,1974
43449,-6003,647,-7085,-74,1480,1101
43450,1949,-4893,-7952,-423,214,-898
43451,3192,3014,6200,1105,-1035,1438
43452,725,4159,7422,-180,-1418,659
43453,582,77,-2365,-1501,986,1002
43454,6364,233,4136,291,-862,712
43455,-2911,-1178,5511,-1153,-1596,-707
43456,-73,-5779,-1264,-1926,959,77
43457,7601,-2342,4425,-498,1845,-1048
43458,-3390,1085,-6744,763,122,1209
43459,-1334,-2394,-7320,382,1681,187
43460,3552,-3459,6132,-1681,739,594
43461,-897,6625,-581,-304,859,-1962
43462,-5063,-3870,4567,734,1385,-360
43463,5107,-470,-633,-1726,-198,-360
43464,-6925,5634,2111,-1057,-675,1160
43465,2039,4576,-2751,-1857,932,-1292
43466,-2480,-7000,-6363,98,-1500,615
43467,174,-3969,7673,-1302,-1512,-1524
43468,3806,-7123,-4814,-1322,-802,1103
43469,-1767,2849,-5532,-1061,-217,-356
43470,-1515,-1925,-1349,25,-28,691
43471,-7392,2443,74,-102,-1726,-864
43472,-657,4339,-4812,-1469,52,643
43473,-21,-2545,818,-1047,-238,1265
43474,-5802,-2165,-144,1140,723,-1824
43475,-2511,-7663,3209,444,303,1645
43476,-6229,7890,577,-437,261,938
43477,4789,-2368,-5240,1567,1582,-1036
43478,5559,-3440,-7720,-270,-1542,658
43479,-7594,-5382,4377,912,-1164,-918
43480,-1217,-1964,-202,1556,-436,-1811
43481,752,-4776,-6078,-676,1237,-57
43482,3497,2562,-1466,-1249,119,-855
43483,5743,5374,5149,-1692,-1903,553
43484,-2703,4661,-2698,824,1036,-466
43485,-2325,-416,540,-1835,1011,1412
43486,1997,-2546,-700,538,-872,-779
43487,1794,6974,1418,671,-876,577
43488,2393,-4451,5532,-1488,800,-124
43489,1547,3018,182,1239,-1123,1447
43490,7909,-887,-5031,-1440,-165,145
43491,1194,-4342,95,1345,-1593,1888
43492,1221,-4340,1496,-1512,1682,1397
43493,-1397,7920,-1084,1449,1545,-423
43494,-7360,6113,-1554,-1143,-244,-1977
43495,3392,-684,-3616,242,242,-1779
43496,-4194,-6506,4577,456,1549,804
43497,2089,-6129,4351,-1719,-1310,-61
43498,-7397,7662,5906,1300,-287,1417
43499,1257,5633,4860,1006,-1486,-1454
43500,2330,-4206,-1120,-1491,-1200,471
43501,6281,-1942,-2779,-1307,826,-467
43502,7625,-5413,4336,-1870,-502,274
43503,-7884,6872,-7976,-248,-47,-1982
43504,4307,-4383,5997,-1180,1819,-1012
43505,4797,4474,-2190,-1406,1743,845
43506,7881,6691,5174,-1721,-1557,205
43507,-5700,5435,-7628,1650,-1630,1076
43508,-4029,5984,-2302,1748,-652,-969
43509,4089,6472,-1874,-962,1449,-1376
43510,1118,-4276,7386,-685,-447,555
43511,-1616,-7878,-1254,-461,-1096,-1256
43512,-5830,6189,-795,677,1617,161
43513,7726,-176,3275,-20,1047,-703
43514,-3794,-4269,1688,305,-335,1612
43515,-7083,-5932,-2337,-1449,-46,-419
43516,4663,-909,1471,-157,1285,-404
43517,-3581,7238,-909,323,-1898,254
43518,768,-6155,-3248,568,-178,-310
43519,4841,-457,-3185,1387,867,-1490
43520,5477,7663,4432,1072,-1820,1608
43521,-7105,2602,-1194,-1173,-444,890
43522,3087,-6589,6161,766,1457,-1627
43523,4854,-7323,1480,91,-943,358
43524,6596,-6304,5762,-906,191,233
43525,-4408,7575,-4094,1067,-494,-1030
43526,7895,924,6085,1690,500,268
43527,1692,4685,6581,1711,-1606,324
43528,-7720,-7302,-4349,179,1348,422
43529,5965,3179,-4469,-608,968,-306
43530,-489,-6415,-5681,-505,1426,-1216
43531,3256,-7475,4763,600,-1280,-334
43532,7656,-7940,-6252,719,-885,1085
43533,-159,-5852,-5915,1818,-1644,-504
43534,-6898,-7072,-5932,-1556,833,-1183
43535,5468,-5504,-4864,-99,-1707,-1382
43536,2250,-6629,5272,351,-1133,-555
43537,3218,1837,-1393,1522,207,258
43538,4234,514,5660,-1076,-2000,1120
43539,6214,-7869,3886,-1516,770,614
43540,-129,823,-6808,455,-790,-1522
43541,1191,3493,-3625,-969,1506,-816
43542,-6765,-5898,7335,-276,1808,-1497
43543,5193,-2623,3810,-771,1040,1763
43544,-4470,-4126,-1724,702,-1884,1154
43545,4991,-662,4375,214,-987,320
43546,5995,-7509,-4244,-1409,588,1845
43547,-4789,5386,5683,421,-451,1343
43548,7565,-7724,4702,-748,-1427,-1744
43549,4504,5521,5290,-712,-1500,-609
43550,7062,1451,-3329,-1575,-1842,-493
43551,-4165,-463,-3208,939,-1456,720
43552,-4995,-5571,6874,1465,1459,-1497
43553,-4899,7130,-5049,-1187,1433,-571
43554,-1810,6594,-2825,-247,-320,1802
43555,-5723,-4773,6515,-837,-1385,-1724
43556,5544,2051,3723,-963,-799,-726
43557,6274,-5658,-6763,-598,-1845,-814
43558,3811,764,340,-112,1178,1966
43559,-360,1323,-6208,-1751,1644,-1049
43560,7164,5552,3158,-1326,-1143,425
43561,-3157,-2943,2325,140,1308,123
43562,-1051,-3704,-1106,-1857,-953,1232
43563,-7016,-1686,1256,-1611,733,-1043
43564,7256,-910,1220,-376,-1575,1701
43565,-3977,3082,-7507,370,-1690,-777
43566,-6925,159,-3354,-1699,140,-1552
43567,5477,5505,4428,1,-1802,-179
43568,1577,6729,-2529,285,-498,546
43569,-4833,-1713,-3778,1077,-1877,-223
43570,-4435,-3421,-3697,568,-102,-1098
43571,-259,-3842,5715,1380,1346,744
43572,-1141,5292,-7955,-166,109,127
43573,3195,4727,-5221,640,-381,356
43574,6584,145,-6457,-1178,436,95
43575,-5411,-3824,3547,625,1454,-315
43576,1948,6161,2836,356,514,-1596
43577,2072,4757,-2183,1449,-541,-1010
43578,-3712,-3857,5363,-989,-1438,-1786
43579,-2182,-4777,-1771,443,-355,1760
43580,661,1626,2349,1329,-263,1106
43581,-7281,-482,6326,408,1418,-538
43582,176,-5980,-5955,1825,882,-1694
43583,4089,7707,-3733,1453,1228,713
43584,5786,7928,-2550,956,1013,-1120
43585,2011,-7240,5921,1000,-360,257
43586,158,-3087,2522,-631,-1088,510
43587,6832,-2438,-2649,-1828,98,-1399
43588,7667,1528,3438,340,-1880,880
43589,-5277,-5305,3867,200,-1468,830
43590,-1411,-6460,-2526,-488,-1418,1101
43591,-2219,-3481,5614,315,13,-1517
43592,-2451,1854,349,231,-1917,-1283
43593,4131,3419,-6696,1428,-772,-321
43594,-118,1051,5803,1464,531,692
43595,5250,4154,-255,-1500,-1319,1859
43596,-2011,5626,-2864,-1853,-1066,1349
43597,4984,-4718,-7326,250,1944,-665
43598,-99,1440,7826,-1341,1530,1039
43599,-2208,5097,2971,1230,1042,-1081
43600,-5251,7361,6259,1994,-242,-362
43601,888,-333,-597,-90,240,699
43602,6376,-4260,7176,-48,1936,156
43603,-543,2028,-6447,1171,-1559,-184
43604,2619,-5467,-5485,1200,57,-163
43605,3984,-2740,-4648,186,-1573,-1008
43606,2450,-7165,4251,-416,1732,-1464
43607,2564,593,5223,-172,1560,-1488
43608,4594,-7886,-6504,-1631,1803,-1831
43609,6670,-4400,-2673,1931,807,256
43610,453,6484,-4331,-1587,308,1857
43611,-5042,7232,1076,54,-880,976
43612,1494,-4514,-2062,1333,693,-882
43613,-4100,-1374,6625,-1716,-133,1317
43614,2514,-1231,-264,-226,-1376,1162
43615,4842,2604,-690,-1806,-423,988
43616,5259,-2344,-5553,-818,-575,-282
43617,4099,4234,4535,644,681,440
43618,4393,1745,-2355,-801,-1357,-1161
43619,3703,-4459,4408,-1102,-429,1001
43620,3840,7328,5770,-567,1512,678
43621,-1125,-5050,-471,-1724,-1449,-1950
43622,-2953,817,-6683,-39,1122,-421
43623,-6652,-2274,-3690,1506,657,1881
43624,4228,3151,-5251,915,-658,1004
43625,-974,-5193,-928,187,-918,-718
43626,204,-341,1628,1946,-653,11
43627,7334,909,-5075,-1146,1059,-428
43628,6107,-1029,-4042,-263,625,-380
43629,3618,2146,-2997,-706,565,-1708
43630,7976,3947,-7382,-1871,-263,1726
43631,-7943,3382,273,1971,498,-1099
43632,-7334,2052,5660,851,-1941,-1020
43633,-2061,7436,8,-1819,1694,-624
43634,-6984,1553,7175,-897,443,-861
43635,4228,-6053,-1605,-39,-1869,-143
43636,-2382,-5383,448,371,-3,63
43637,7445,-7618,-6740,-799,1512,1054
43638,-882,214,3991,1373,552,-1501
43639,4740,-5302,3864,-857,1636,-737
43640,1166,-5486,-1063,1791,1322,-1251
43641,-740,4382,-6854,364,-1671,-627
43642,-2965,1405,104,-1656,1715,-92
43643,5471,4343,-1798,798,928,-1025
43644,-5934,-4779,6063,41,-187,-59
43645,-7560,-6677,-7956,351,-992,864
43646,-4300,-2547,1428,878,1860,801
43647,-4869,7164,-2599,-339,1535,1154
43648,1838,2698,936,169,-197,723
43649,-2379,-4344,-1680,-316,-1532,-1713
43650,-689,-2426,2277,-1965,-1274,688
43651,-3598,-5518,5416,-1159,-1261,635
43652,4156,3050,887,-1195,-1382,1126
43653,-1621,3970,3672,-375,-178,529
43654,-2107,2739,-2796,-1458,-93,1433
43655,6411,6638,6981,-1706,-139,544
43656,443,-6860,4290,1965,1032,-1425
43657,-5069,-3392,-7934,-1917,-223,1903
43658,4591,6740,-1922,1259,-1850,848
43659,3271,4142,7290,-163,-612,1318
43660,-7515,2846,1173,-181,-196,-1263
43661,-1510,-2089,4225,-859,376,20
43662,6590,5261,-3897,-701,1420,1036
43663,-5003,-4475,-1867,852,-1246,-931
43664,976,7061,1770,-18,-1509,-1996
43665,2029,-1425,-5850,1932,-1225,1755
43666,5592,3681,865,661,341,1903
43667,3660,-2121,2550,-218,-793,1306
43668,1338,7526,-4003,1751,-416,-542
43669,-6158,2562,-4078,-369,478,-1743
43670,163,5434,3805,-878,-1062,283
43671,4866,-5182,2065,998,-1190,-534
43672,-1237,-3903,-801,1402,-1646,-1368
43673,-6996,671,-218,-1724,-1440,-1438
43674,-4763,1731,7073,592,-454,-904
43675,5094,-2535,-5119,1372,1980,727
43676,5304,-1451,-2248,932,701,541
43677,-2266,-3137,-928,753,1835,-113
43678,-7359,2659,-337,-443,-1765,311
43679,-889,2477,-771,877,-1361,102
43680,-2130,5161,2351,738,-1351,-1306
43681,5909,-5797,3023,-431,-1551,377
43682,1271,7345,115,-733,-474,-627
43683,7764,2258,7278,-1418,-116,-1356
43684,-4569,2623,-4646,998,1282,874
43685,-5226,6470,6340,1130,787,357
43686,2732,-3843,-4920,1148,-1318,-778
43687,-3774,-6426,-7575,-460,1982,-406
43688,5570,1097,-2111,740,-640,410
43689,-6990,-1113,143,-731,573,1471
43690,-5683,7794,-2667,687,1131,1842
43691,-2251,-4925,-911,523,-715,515
43692,1262,-3026,-3772,566,-1882,-1136
43693,-2824,-3417,-6596,-1065,1315,64
43694,-7196,6812,-7771,-1274,-311,631
43695,7184,-5379,-2458,-308,50,-277
43696,2581,-3541,4803,-579,852,590
43697,7922,5251,7704,-872,-1096,-806
43698,-965,-4409,3550,-886,874,1058
43699,-5544,3992,3830,324,111,-118
43700,-871,-1734,-5010,-107,-1297,942
43701,-1468,5135,-5289,1955,222,-1840
43702,5008,5292,-1180,-339,-1556,-513
43703,-3134,-4296,3765,-712,-825,-25
43704,-6220,-64,3448,167,79,1261
43705,-1310,-7754,4855,-1447,-310,107
43706,-1257,-1965,5841,1492,-1583,557
43707,-323,-352,7711,-1446,1486,-281
43708,-4206,5261,5757,-1698,1745,1902
43709,3630,-5649,7851,-957,92,-1376
43710,-720,90,7319,-135,272,-145
43711,-7229,4572,3381,1683,1204,1671
43712,1183,6971,6454,-461,1545,-1511
43713,-5684,4431,-7919,-1345,-1305,591
43714,5759,245,-7,1413,1941,760
43715,5287,5110,4469,-1660,-1975,-54
43716,1593,-4351,1119,-1528,-1549,-459
43717,-1888,-6106,-2997,-1612,1720,-1230
43718,-4382,134,774,-1271,407,1006
43719,-2521,4319,1518,1211,25,-765
43720,3121,4797,-7452,665,-1581,1006
43721,-5243,-1951,7679,-600,-987,153
43722,1360,-754,-1820,1287,1003,-953
43723,-1500,-1609,-4961,601,566,-29
43724,-7907,-6234,5411,-1809,-338,-1660
43725,-1450,-4916,-7886,-1487,-1653,206
43726,-1198,-2360,-3435,-110,-1903,-1862
43727,-3851,3812,4118,-1401,-1263,-1114
43728,4247,-4859,-24,-1466,690,-1056
43729,-7719,1361,-1718,-1423,-1348,-1394
43730,3835,-1717,-3196,1876,-264,1140
43731,-828,7547,-2285,1791,1459,961
43732,6889,-6510,1719,-797,-495,-1091
43733,-499,-2061,-5984,1873,1054,1005
43734,2783,-551,657,-1471,-209,1879
43735,2964,5429,-7749,1564,1839,1145
43736,-654,-438,-6154,-907,81,413
43737,-4093,-1362,-388,1827,-834,912
43738,2354,2070,-6432,1407,1255,868
43739,-6300,-2160,219,493,1649,1127
43740,-3541,-7265,-3855,-1763,1865,1805
43741,-921,6000,6907,1328,68,-1414
43742,2988,-7905,-6288,1625,1015,1324
43743,5083,-5738,493,1781,4,667
43744,-5600,-6021,2230,1879,-74,240
43745,-1915,-398,1301,-1606,-1831,-6
43746,2356,4211,106,-1290,715,-537
43747,5014,-4381,2300,-158,1261,1215
43748,-4563,-2987,-6145,-351,-637,-430
43749,5856,-4155,2820,-662,1897,-143
43750,-4233,384,-1541,-1475,1861,-1735
43751,3602,-4847,-3918,1698,1670,-1853
43752,-645,-3069,6697,-1593,-1840,-766
43753,-4964,-7662,3951,924,1013,719
43754,7039,-4186,5666,179,395,1792
43755,3021,-4932,-1233,95,-1141,-1491
43756,5919,5823,2381,-129,-540,1960
43757,6058,7194,-3992,1982,-326,-637
43758,-6116,6648,-7686,-1164,1955,217
43759,2038,4616,4413,-1821,-1137,1545
43760,7117,-4131,-976,1570,929,-62
43761,-4338,7392,-7696,1399,1278,333
43762,986,-6295,-6650,-977,-1904,-559
43763,6865,-5661,5364,-1800,1993,-37
43764,528,-7084,-3563,815,636,840
43765,5957,-2363,3795,1422,-1680,-1934
43766,-3913,6934,3225,1739,-1800,-363
43767,-7289,-1824,2461,-347,1542,762
43768,4388,5764,-900,1670,1601,-509
43769,-5104,6529,-7796,-279,201,583
43770,-3685,7348,6069,-1453,1255,1115
43771,6533,6381,-4695,-1958,-1705,-1835
43772,6850,-3623,-2033,-96,-130,703
43773,-5438,5064,-1501,-1154,-576,553
43774,-1565,7878,1340,706,1832,547
43775,-7639,-1525,3526,-1591,1810,506
43776,2530,-1426,3725,-415,-1729,1983
43777,-2876,-627,-263,-17,748,-964
43778,-5655,-723,-4306,-1851,-755,-963
43779,-872,-6384,3498,511,859,-723
43780,6328,1640,6969,-705,715,-967
43781,-5581,6083,-2732,1180,-1846,970
43782,1699,-1060,6045,-750,-369,1430
43783,1903,7839,-5776,1351,-1049,857
43784,7879,1074,-5594,189,1678,447
43785,-7034,-4323,6927,-1125,1764,-1235
43786,-887,-6570,2104,-1029,1012,-1521
43787,5256,812,-1490,1421,1292,-1520
43788,5085,-892,-3956,-588,-1980,1184
43789,-3331,8,-3302,1803,-2000,-368
43790,-2982,240,-788,1106,-259,-427
43791,7570,-660,1116,81,-1067,1730
43792,7722,-7188,-583,1278,1214,1228
43793,4710,1106,-4616,-1491,153,-135
43794,-3851,4684,6421,-1609,1139,-1512
43795,3448,-328,-3507,-973,-958,3
43796,115,938,6021,1015,1503,1383
43797,6094,6203,-4416,-1833,-1563,1813
43798,1318,261,-1675,1430,1520,185
43799,-5141,-5505,-1441,-109,280,-1420
43800,-7066,5156,-5228,-1814,1552,-1813
43801,5394,471,617,1589,-887,-871
43802,4818,-3167,-807,-1884,-450,-1869
43803,7639,7876,706,1550,442,813
43804,6643,-519,6636,214,1582,1353
43805,6649,6442,-2054,-1235,1244,1328
43806,6107,1544,-6934,282,331,-226
43807,-6774,-5265,-7559,-949,-1049,727
43808,4885,-4097,-3593,767,-1140,118
43809,2413,7079,-663,-931,-1742,-497
43810,333,-7329,4226,904,-5,922
43811,-5169,-532,6526,814,586,1267
43812,2464,5400,3531,-779,-757,1715
43813,-2626,-4418,433,-992,-1057,613
43814,-2808,2541,768,-1,1265,-1443
43815,3053,-7779,2382,-1085,323,1792
43816,-794,7822,7252,-1527,-301,195
43817,-2472,-5319,3915,-1144,691,416
43818,5492,-7445,4588,1789,1833,-230
43819,-284,-4186,-4256,-62,47,-1919
43820,-3786,3870,-5208,176,827,-1096
43821,7600,-7364,-6929,467,1243,1991
43822,-1772,17,-3063,-1294,-821,-1309
43823,7815,-3746,1002,1636,519,-143
43824,-3606,1926,6758,-1150,-1582,-715
43825,-6724,-6130,-1157,-1509,-1995,1743
43826,-481,5106,-6098,1156,1878,-1203
43827,-528,5781,5680,1664,23,1935
43828,341,-7205,-6882,-1505,1128,835
43829,434,4182,-2959,-1738,-446,-966
43830,1938,-6964,-2933,-1965,-1434,553
43831,52,2382,3368,-134,-1728,-1041
43832,83,2603,-5004,-551,-566,1675
43833,7820,-5551,-5055,507,1918,-989
43834,5363,-4175,2068,-659,761,1406
43835,-4418,462,-3976,1631,-1288,1714
43836,-3358,762,5241,1888,-1545,1404
43837,-2083,7668,-645,-1468,1263,73
43838,2555,2109,2234,-395,-1299,-1652
43839,-5197,-5816,5117,342,-1297,1723
43840,-546,5690,3237,-1451,1430,655
43841,-2420,-3078,2969,194,1829,1256
43842,4738,3530,7277,-1747,-1894,1000
43843,-4738,-442,-6508,-1630,524,1759
43844,3247,-7909,4646,115,-1912,-1144
43845,3119,-6202,-4388,1395,-1299,-1985
43846,4819,4193,-76,1935,-320,166
43847,-1921,2988,-4500,229,389,-586
43848,2633,4596,1652,-1555,269,-551
43849,-2626,7236,3123,1883,1662,4
43850,-1822,122,3477,-1310,1515,829
43851,-3349,-4678,-5933,801,-1090,1640
43852,-4245,5938,2824,1944,1729,-1304
43853,1891,-436,-6438,110,-99,798
43854,-5691,5885,-6259,934,1346,-1502
43855,-2568,-1275,5863,689,1683,1705
43856,-3677,261,-6799,1854,-323,1945
43857,-5635,6788,-7531,755,-1351,1775
43858,5592,5608,5864,438,-951,304
43859,-1877,-4572,-256,1504,-1107,-759
43860,-7975,1761,-6215,671,-1972,-483
43861,-4734,-7536,-5808,1810,-621,-1583
43862,-3161,858,3935,779,-1866,-1717
43863,7357,-2324,1179,-1571,-391,-911
43864,1336,-4832,-1319,-1728,-1314,250
43865,3468,5768,-4396,1785,-802,-597
43866,7639,-4509,2752,972,-1433,1363
43867,-2050,-7541,-4543,1598,-864,-351
43868,2395,-2297,-5031,-1013,1304,-1179
43869,-1567,584,-7411,-247,-842,368
43870,-7780,-7632,-2069,1165,-1194,-2
43871,-6418,-1718,-2057,-684,-1631,-446
43872,5081,-1168,2919,-484,518,-211
43873,-577,1399,2647,-85,-1642,-1066
43874,7363,-497,4744,-1961,-1064,-332
43875,2143,349,4864,803,1180,782
43876,-4234,4651,7653,-443,-870,-1307
43877,4054,5102,195,133,1762,-1513
43878,-5061,-182,3734,-790,1992,-732
43879,-1051,5647,443,-205,-307,-408
43880,-2575,4353,2962,-1071,1484,-1582
43881,-3346,-2731,-3434,718,1434,1196
43882,4719,-2925,-1877,-1702,280,-451
43883,-2313,-7162,-7759,1306,1740,-1355
43884,-3171,2756,-4215,-8,-345,-1566
43885,892,6491,-473,-581,345,1038
43886,2073,7511,-765,73,732,-1177
43887,-7165,7093,4600,1697,-139,171
43888,-4386,1794,-6698,1916,1766,-155
43889,-6882,-2691,-1436,1121,-1711,-865
43890,6508,-3368,-6535,-833,714,-1925
43891,5664,-5766,-5758,56,-369,-1789
43892,1943,2981,-6565,189,1676,-1484
43893,-313,3930,3778,1808,-1457,432
43894,-1064,7667,-3453,-1593,-1412,-1473
43895,-6417,-2303,-2455,1462,-1804,-87
43896,-5396,-1777,-2132,-708,-1970,1665
43897,6721,2548,7041,-1466,-1724,1978
43898,6602,-4420,-5694,-1560,-121,-659
43899,5140,-2496,-545,-1132,-924,-1646
43900,-2183,3475,-2866,-1605,-729,269
43901,-2734,3849,-3954,-1790,-1442,-1692
43902,7976,7699,7420,152,950,-1542
43903,1171,861,-5811,1159,-568,-1939
43904,-2344,3728,-3534,-337,-956,-676
43905,358,-5610,6859,-920,-1070,912
43906,3502,58,-4615,-171,241,69
43907,5744,-1874,7458,1451,-6,96
43908,-6408,5520,7307,415,-1527,-941
43909,6952,-2710,5103,593,-600,1021
43910,-3505,2601,7333,-1488,-111,1646
43911,-6238,7141,4589,1758,45,79
43912,6958,4716,-1751,-1306,111,-199
43913,-1301,4998,-662,-1559,-1312,-1129
43914,-2267,3251,4515,-35,-1414,-1110
43915,-1192,-504,2012,-1717,-913,-1711
43916,-6469,-6562,-5813,-1813,-1962,-363
43917,3519,-930,-2902,-824,601,1096
43918,-1579,5110,-5497,-710,1035,540
43919,1617,-5457,-5602,-1123,-367,1322
43920,7710,-372,-2108,65,1192,1395
43921,1268,5,-3950,778,355,-455
43922,-5880,-7826,-7073,-1825,661,548
43923,-125,2432,521,-1640,-723,1011
43924,-2337,-7371,-2636,1082,883,-557
43925,3185,-4954,-6759,-352,-1256,87
43926,-6511,-2815,-4201,-479,-1145,-34
43927,3901,-4845,-3539,-1306,-1211,460
43928,-2749,-7785,810,-338,348,774
43929,-1095,-2441,5506,1499,446,46
43930,-5135,1963,-2915,-945,-404,474
43931,-2542,-738,3849,-738,721,446
43932,389,2745,1571,-1971,-20,384
43933,1557,-2647,-6982,163,631,874
43934,-801,-6703,-7840,69,1646,1851
43935,-6011,7381,3475,1573,1937,160
43936,-3768,2779,3208,143,301,-988
43937,6501,-6767,7021,1327,690,1481
43938,-6633,-2581,-1897,-522,-453,328
43939,-1741,6946,7202,-1601,1202,521
43940,-4001,5580,7500,1851,614,-27
43941,-769,-47,7405,-1810,-365,248
43942,7488,2379,6800,-454,485,1940
43943,4513,-7333,4929,-1112,75,1632
43944,-4846,3275,3601,1254,92,825
43945,1093,7150,-2393,987,1369,1076
43946,-240,6065,856,838,387,619
43947,884,-87,5186,1741,407,-1291
43948,706,579,-3047,-1675,-140,-1805
43949,505,-3490,-4612,-142,299,1478
43950,1087,-1398,-2815,1713,1932,1360
43951,4281,7882,-7992,991,1437,-1433
43952,-1514,6981,-6925,-679,-559,312
43953,7573,5037,-5217,-1005,1686,-1518
43954,984,-1457,6228,625,-211,982
43955,-5295,-2016,7710,902,-379,-167
43956,-7938,1086,-3873,-745,-878,-1833
43957,6028,7519,1673,-935,-1776,226
43958,317,-6202,7224,-11,160,-1839
43959,-301,-2887,-2677,-1984,-1133,1707
43960,-2705,3742,-2777,-978,1981,-1449
43961,3124,5254,-2629,-1041,1935,-947
43962,2823,5587,-48,1024,506,-1316
43963,-4890,2328,866,1854,257,-1859
43964,964,-2419,4288,773,-662,-1449
43965,-3937,-2845,7304,-302,18,363
43966,-3322,-7413,-6870,1218,-795,919
43967,4341,2751,7585,382,-215,913
43968,-3733,-5050,74,96,-1118,-611
43969,7236,4639,7191,1107,1912,257
43970,5651,2205,-3329,1121,1355,489
43971,6672,4936,-7057,-1469,1608,-575
43972,-10,-7307,-1750,-216,1619,-1740
43973,5029,-3558,-7229,1521,779,-1848
43974,-6613,-2980,-3997,-10,-1496,-266
43975,1416,1311,-4759,-471,-1601,1861
43976,5457,-6414,-324,-1037,-1131,-28
43977,-5427,3601,5024,-815,-933,-14
43978,-3257,4984,113,750,-1973,-736
43979,2502,-7101,-7437,364,1356,-1725
43980,7579,2034,361,22,-1851,274
43981,3118,33,5213,1226,1915,1241
43982,2908,7850,1994,1504,137,-546
43983,-4440,2823,666,-677,1613,1079
43984,-5950,7140,-5566,880,-1790,-732
43985,3869,6410,-3927,-1510,-50,-1036
43986,6299,-421,4996,1501,225,1947
43987,4590,-6342,-1788,-1736,264,415
43988,-7378,6008,-7495,1667,-1366,529
43989,728,5440,-3842,-1271,-1550,-533
43990,2861,4949,-1972,1292,-1905,482
43991,-4152,5418,-2514,1412,-1470,1572
43992,-6769,-7747,-2229,-826,-1589,824
43993,-2404,-1869,6893,-1836,-1433,242
43994,5775,6237,126,829,-1287,655
43995,-4345,6140,6784,-1985,1345,-965
43996,4323,-3352,6082,1291,-164,-1860
43997,5122,-5311,-2581,1555,747,739
43998,-6780,-755,-7978,-1922,-1303,-158
43999,3260,2786,1271,-567,-1261,1753
44000,-4266,-3741,6578,-1911,-1961,1788
44001,4673,-3255,3464,425,-1261,833
44002,-5931,-2565,3101,-760,-552,-1354
44003,-5534,-1233,-960,-801,662,-1170
44004,-5830,-6546,5901,-1769,-1280,-243
44005,-5889,-7583,-4860,-1788,1313,-465
44006,7083,2321,-6996,-237,-1950,1625
44007,652,1735,-4460,330,1344,1634
44008,3757,-7635,6778,857,531,1860
44009,-3469,2651,-1507,-848,1728,1325
44010,-6025,-1436,-3908,1495,-395,151
44011,2242,1054,-2296,-858,1618,-1714
44012,1573,4027,4278,-1438,-1766,-545
44013,6092,6915,7173,-1885,518,-1992
44014,176,-6613,3872,1852,892,52
44015,2059,-2356,6253,45,1665,875
44016,7887,3607,2446,322,-74,-1282
44017,4614,-3645,-3816,-1357,530,-1925
44018,2493,6123,6897,1898,923,-1731
44019,-3056,-3454,-7300,-824,1678,1811
44020,212,6295,-2687,-1949,-1731,-766
44021,4004,102,-5037,-1635,-507,-1307
44022,1986,-425,-2052,342,1527,1917
44023,6941,-6478,-212,284,943,-899
44024,7375,7613,-2243,-537,1242,561
44025,374,-2564,2465,-788,1962,1477
44026,5744,4045,4449,722,519,411
44027,-7223,-1645,2306,916,-435,-1685
44028,-3571,5362,1852,-347,1109,1473
44029,-7021,-3984,6491,-647,-389,-888
44030,243,-1657,126,1150,-559,-1846
44031,-5322,-3328,5601,1719,-431,1742
44032,1805,-7424,-4116,1452,1504,1499
44033,-2519,3090,-1919,-1262,1422,387
44034,3068,-1362,-2887,882,-414,217
44035,5150,-3456,-1867,-705,-175,1707
44036,2276,-6931,2360,845,1372,1080
44037,4197,-4604,835,1601,-37,-1311
44038,2374,-3352,63,-1499,1158,7
44039,1888,4114,3167,1383,-1416,-691
44040,2326,6710,7783,-1853,-1809,-1543
44041,1008,-6628,3573,1596,438,627
44042,-3221,-1493,5471,-398,16,-205
44043,4085,-2283,-5291,-570,1273,954
44044,437,4555,-3857,-586,-1603,1262
44045,3992,-6227,-6365,-399,-599,-855
44046,-1107,2100,-7493,1157,-1739,-1017
44047,608,2166,-4967,-1996,-575,-1920
44048,6914,-1745,-5681,82,1126,-599
44049,-6907,905,-2339,1012,205,1396
44050,2605,-3629,7437,-1533,1357,1399
44051,-1151,891,4227,1105,1299,1740
44052,1110,4622,1468,-580,1699,290
44053,-2686,-6307,4751,657,-662,71
44054,7198,2299,665,-1932,-1274,164
44055,5015,-3810,-5293,1311,13,89
44056,-6454,-7357,2524,1460,-1509,-1504
44057,-1394,-2250,7426,-156,1031,-1038
44058,4140,5289,3451,252,428,1437
44059,4986,4239,3635,-874,205,324
44060,-1374,349,2455,-1315,1270,108
44061,-1962,-6105,-4822,-1500,-119,1699
44062,-3333,-3709,6534,913,-1169,-1913
44063,1005,2997,6769,-559,1081,457
44064,-4117,-6046,3183,-699,621,-371
44065,-2322,4691,-4521,-268,-960,-1508
44066,-1867,-4406,-1671,230,-1299,1820
44067,1535,-279,-4200,-1120,-951,-1314
44068,-7236,3446,-2723,1988,-1803,-284
44069,-173,7112,912,770,482,477
44070,3833,6031,-5800,766,1890,766
44071,4927,4958,2769,-1214,-1990,-223
44072,-3241,-7197,7732,1869,833,-1346
44073,7982,1294,-3592,-865,-913,-1108
44074,-133,-308,-2162,-1604,1646,-484
44075,6499,4374,1162,1783,-1526,240
44076,7320,-6209,2656,1815,411,-1492
44077,-1848,-7399,1201,1807,-1509,-1661
44078,-6452,1716,6422,838,-429,-209
44079,3168,-6903,15,796,858,1747
44080,-5010,-83,-1007,-239,-1323,-671
44081,-1155,1433,1980,-152,143,1277
44082,4042,-3867,-3448,-1764,-1119,-129
44083,-6037,5885,926,-1179,470,-1944
44084,-7945,3422,2312,-1683,-309,931
44085,2292,-3981,-1972,674,495,-1252
44086,1747,7512,2858,1912,-992,1114
44087,-7223,-5819,5049,-1121,-206,362
44088,4923,-2438,-7223,19,-1330,-68
44089,1469,1489,6442,258,-1538,-401
44090,-3383,-890,3498,486,891,1027
44091,2383,-4328,6692,1194,-1537,-1559
44092,6499,232,893,708,1909,-1140
44093,-4796,-682,3143,1636,800,-875
44094,-5564,-3839,-6404,202,-580,-174
44095,4646,7179,799,1275,747,-836
44096,-6855,-7765,2840,-679,552,471
44097,-6386,-6208,1661,-1722,-527,643
44098,-3278,7082,3860,308,480,-71
44099,7757,4715,6716,606,1050,862
44100,-7611,-1264,-263,655,-467,-1442
44101,5505,-1807,-1690,-1604,-1705,191
44102,-1382,7065,3913,372,923,-1580
44103,631,4485,-3121,1724,164,-1645
44104,-898,-1845,-7396,1093,-1448,-945
44105,7739,2159,797,1353,-1983,1948
44106,-3497,5835,-5525,1288,317,1675
44107,-7153,-2718,4909,-325,1299,-1480
44108,-2171,2114,-985,1714,-1964,-859
44109,-7763,-3713,-952,1206,917,1001
44110,7399,7561,-5717,1702,750,979
44111,1031,-2626,-7733,757,-1849,-27
44112,5363,-3334,2099,-1792,-321,-199
44113,298,-1673,-6989,1729,-1967,115
44114,-1519,339,603,1010,682,173
44115,-3642,-3055,1525,-1339,1100,1439
44116,5466,-5353,-5277,-445,-939,-244
44117,-2813,-6298,-2758,291,643,-1453
44118,6720,-7842,4006,1409,-1999,1335
44119,2590,-1371,-7331,835,-1164,264
44120,3653,3865,-2070,1510,-810,-178
44121,-6129,-3025,-2180,-1952,93,718
44122,-2981,-7075,7189,1377,1315,670
44123,3604,-6628,1275,-1868,-605,530
44124,7111,6022,1881,1899,-1555,1175
44125,6289,7890,-949,-415,-1088,1460
44126,-2139,-4915,2153,-525,-1799,-1847
44127,-207,-4631,1360,-364,1511,514
44128,-4161,6451,-467,-1382,-419,-1770
44129,-2032,3193,-1284,1431,-109,707
44130,-5848,-374,3747,1596,-430,89
44131,-3610,6459,-211,-1132,-1235,-34
44132,-746,-6909,-2940,-901,-1687,-565
44133,3025,5638,-3137,1704,691,750
44134,4058,4759,-2582,-1274,-660,1608
44135,-1404,-4440,-543,324,1972,856
44136,6454,5023,5411,1948,-836,450
44137,-338,-1810,4166,1951,767,-765
44138,-5689,3100,4053,-992,-824,643
44139,1193,-7826,902,1303,-1938,1995
44140,807,7169,987,1080,-1424,161
44141,6936,4058,983,826,342,1259
44142,1825,4257,5687,-1034,1527,-994
44143,-1944,2328,462,-242,-321,-1656
44144,3565,-5018,-4312,1150,-1306,-1765
44145,2768,1513,2461,99,1761,-382
44146,-7610,6634,4861,597,-239,688
44147,1878,-5978,-3550,-1680,374,1948
44148,-2715,2841,662,1802,-1972,-985
44149,-2791,4728,7777,116,-43,-518
44150,-4328,-4518,6802,1026,-1563,-474
44151,5317,1613,-1210,-633,-1497,-99
44152,-7004,-2094,-533,-1995,-378,1194
44153,6776,5980,-7640,-1275,-1587,700
44154,-1947,5459,4970,-838,-949,934
44155,-5514,-6361,685,-553,-1912,-30
44156,-1182,4803,2991,-1748,-59,1498
44157,-6912,2258,-6759,1780,1558,-1375
44158,-5750,3478,1744,467,1609,1814
44159,7082,828,7669,637,658,-196
44160,6788,-2467,-6204,1428,-992,-1362
44161,-7344,3443,-7438,-288,1785,-1004
44162,4596,-3412,-432,-855,-1546,937
44163,206,-2194,-2389,-964,265,-27
44164,6657,2895,2292,256,-270,224
44165,3262,-3241,711,338,-1077,1511
44166,6962,-3755,-7697,1876,831,-1827
44167,-7191,-7262,4408,467,-1810,1632
44168,-7442,-3644,7042,-1859,-660,656
44169,-6691,-4795,4993,-367,-502,1214
44170,2196,-877,-3807,-57,1011,-1191
44171,6678,7717,-3956,-1345,-1462,444
44172,4653,-7178,5632,-983,-1668,122
44173,-1475,5081,-260,-1468,693,270
44174,-7216,5736,4274,-209,1636,-1803
44175,-1495,5384,2240,1723,-599,1983
44176,6443,2187,-1368,-892,399,-717
44177,-2348,4304,7106,949,1569,-307
44178,127,-2325,1912,-961,854,-190
44179,-4914,-6350,6144,-777,51,-1432
44180,6234,3223,-2591,1251,-1424,-324
44181,1731,2256,-7009,1611,155,-595
44182,1844,-7634,4221,827,-699,1842
44183,7996,4618,-698,670,-1195,-520
44184,-239,7633,2479,-350,164,572
44185,3152,7229,1491,188,1306,-274
44186,-5571,7161,-2422,1235,-807,1256
44187,-528,-5174,3096,-320,1522,-1706
44188,2833,-3768,-846,-1624,-723,5
44189,4645,-1729,-1006,401,85,1392
44190,-3448,-7672,903,55,1795,-759
44191,-2142,3986,-5020,-481,1253,1070
44192,-6771,5992,969,-1931,-1740,-103
44193,-3287,-857,-7165,-46,-1319,1904
44194,3912,-1441,-1826,1183,-1790,347
44195,-1156,1041,7778,-1962,-1648,1449
44196,-7120,-7774,-6160,1738,-857,-1636
44197,-2203,2388,-7205,1325,508,-322
44198,-4346,-6449,7427,838,1248,1412
44199,-3275,490,-6680,37,665,-246
44200,-5674,2038,-3673,-1935,-281,1318
44201,-2850,-507,-990,-984,77,1559
44202,-6531,3513,-6413,1323,-575,505
44203,-2205,6930,-6401,-1500,1579,-220
44204,7356,-3194,-4542,1088,-1753,407
44205,-3304,-2884,-7788,-382,-719,720
44206,-5481,-6942,3381,1139,-991,-1151
44207,7661,5533,2798,-522,-1599,-1589
44208,-2174,-215,1436,-57,-491,587
44209,6654,669,4253,-633,-1901,1760
44210,3877,76,2638,-397,1815,-1897
44211,-4373,1850,5521,-1863,665,-325
44212,-2010,5896,2725,1650,-1371,521
44213,-3393,-3443,324,234,-126,-1521
44214,335,6391,-362,122,1170,-1019
44215,-4160,-2004,-3702,1252,-1744,770
44216,1659,-7239,-7359,1169,1423,377
44217,-5759,-5162,-413,-261,-1727,1475
44218,1041,-6356,-6788,-846,295,831
44219,1350,7675,661,-262,1963,-1406
44220,3724,-265,0,-1104,-1849,-1477
44221,2691,828,286,-171,5,229
44222,-6915,-5773,4625,-1495,118,328
44223,-6728,-1072,5641,-806,1228,668
44224,4079,4237,1476,932,132,-1122
44225,-2852,-6151,-6775,1670,479,-333
44226,-5546,4574,-7389,601,-952,1140
44227,-3579,-4073,2131,1648,-1337,591
44228,-4524,3066,5024,-483,-798,-915
44229,-4396,-2790,-1360,492,-1859,-802
44230,615,-47,1592,1570,-1495,590
44231,1351,252,-7979,-1877,-1589,504
44232,-3675,7559,-625,-748,830,-203
44233,-1003,-4696,4958,1899,856,960
44234,7066,6969,-6267,144,-1366,-948
44235,7737,-7705,2319,1663,-56,-282
44236,-3355,2384,-937,-1498,1875,-810
44237,5288,793,-7753,-63,-1808,330
44238,-4711,-383,-2012,577,1951,1009
44239,-1643,5177,247,1938,1968,-1167
44240,5256,-3969,-4781,1450,1837,469
44241,-1237,3324,-4362,-709,-1251,-1033
44242,5877,-2240,-485,-1609,1285,750
44243,1987,2582,142,-1287,714,1645
44244,2055,-2563,1779,-1275,-1314,1942
44245,6933,1672,2981,-1098,-1572,-1924
44246,-181,2029,184,-1238,-1072,1096
44247,-942,-2186,-2693,-84,-202,-196
44248,6950,5327,5657,1852,91,-161
44249,-6439,-7636,-4490,-255,1266,1837
44250,5458,5428,-720,1789,1769,781
44251,6582,-993,5008,-1248,-1879,326
44252,-2833,-5134,185,1416,294,-242
44253,-4921,1279,-6156,-144,-487,1488
44254,7934,3272,-7702,1753,-895,-306
44255,-4998,7769,2080,385,-1842,-1947
44256,-2590,-404,3058,1621,-1750,-764
44257,-3590,3571,5610,-51,-1111,512
44258,-1421,-3353,6240,1644,95,14
44259,-471,1730,3940,1580,-817,-775
44260,5324,-852,-7827,1298,1014,987
44261,-3027,-2612,-698,622,-1092,-1704
44262,-4150,4697,4198,-472,533,-1748
44263,-2965,5329,5432,258,1639,1662
44264,-771,2645,-541,1545,-1824,-238
44265,4693,6548,-5311,895,677,1407
44266,-47,4322,-331,-129,-1144,144
44267,-5523,-1051,4930,-440,77,1198
44268,-3338,3355,4439,1806,600,399
44269,269,-7047,-2145,-736,1241,1773
44270,-3594,-6117,7089,1643,-402,972
44271,-4809,3047,-4089,620,-380,-249
44272,-7497,-2084,-7760,1260,-1902,-993
44273,-7413,7498,2731,1782,125,160
44274,-5116,4640,6180,-546,853,944
44275,1999,-7146,-6237,609,144,1678
44276,-1475,-7639,-1633,-1458,171,-959
44277,-503,5211,-7496,1001,-1754,1810
44278,3943,-3228,1421,650,-35,-1195
44279,-5373,6202,6979,1023,1196,-229
44280,3596,2996,3427,1132,408,-831
44281,859,-1153,-413,-1437,-222,-224
44282,6553,7066,-5835,-412,992,-741
44283,4288,-4139,-3690,660,1863,423
44284,5240,-4893,4527,1115,1324,1675
44285,-2475,-5437,511,242,-695,805
44286,2241,1665,-5689,-396,334,1386
44287,-1178,-3648,1507,-287,341,1867
44288,1489,2412,-6634,-1942,-1575,-1256
44289,3755,2563,-2947,-18,1009,-1082
44290,3168,-3440,-5192,730,704,542
44291,-84,4630,1609,-1075,-1914,-277
44292,7008,808,-5229,1011,921,86
44293,-2463,-646,3796,-1668,1345,-95
44294,4995,-3434,-5091,-188,-1326,-277
44295,-3115,-6573,-776,1750,716,-39
44296,6898,-60,7543,-1099,705,-184
44297,-5386,182,7661,-44,-1321,885
44298,-506,-4756,-6198,-1688,1024,-1826
44299,6316,-7962,782,313,854,-587
44300,2783,-1927,5348,-642,-1197,1671
44301,-3315,7492,-100,-1931,484,1191
44302,1446,-1110,-2537,638,1191,-748
44303,5771,-5538,-4837,1979,464,780
44304,3107,-1984,-1188,-1788,-1463,1913
44305,-5336,-5560,-4220,-1601,-1243,-1167
44306,-3701,6228,-6814,61,1953,-1521
44307,-7296,3005,5231,1382,-836,-642
44308,-2127,-4253,3454,-1143,-1109,1502
44309,5484,6795,-7098,-1499,1885,77
44310,5649,-6528,-7395,859,-65,-1086
44311,7688,-5717,3620,-1969,-249,-1578
44312,-2540,-585,3641,787,-1722,-164
44313,3693,-544,7079,-541,511,-867
44314,-270,4805,2185,1291,-639,-20
44315,-7241,6277,6467,-434,1714,1581
44316,3193,609,5528,1490,-1228,1224
44317,7071,-7762,-4019,-1009,1643,-1494
44318,-7519,-615,-7680,39,674,1158
44319,-4482,-3506,5372,1453,-1654,-1672
44320,-699,-1051,-6248,1232,-691,-1666
44321,6658,6272,6704,-564,-405,-1565
44322,-1028,-3139,-2721,680,799,84
44323,7796,-7408,6175,306,1602,1132
44324,3981,-3362,-6255,131,-1377,-1206
44325,-6186,5000,5635,-869,-536,509
44326,-1644,-2641,1890,-1801,-606,-911
44327,-4554,719,2617,1888,-1679,-1620
44328,-7673,2079,-2413,1986,-1383,1409
44329,-3342,-6260,7444,1060,720,281
44330,-487,-3853,-5032,757,-706,1388
44331,7110,2087,-3490,-703,842,137
44332,-6892,7058,-5868,1602,526,198
44333,-7419,1008,-3210,-101,-1720,-1862
44334,-236,4589,1344,132,1376,-1086
44335,-4715,-6743,-1732,-50,-1453,-352
44336,7776,-5320,-126,-1032,887,-1590
44337,-5704,6113,-3696,960,-554,1145
44338,6211,-5129,1607,-1144,-298,1915
44339,1921,-2999,5069,-95,-1149,-1805
44340,-5081,7880,-599,-102,1083,723
44341,2081,7205,593,-1946,1711,437
44342,-4535,-7515,-2732,-874,734,-611
44343,1773,-1445,-7169,1585,92,-444
44344,7727,2000,2411,1237,-306,-679
44345,-1055,6589,-3244,-162,-1114,763
44346,-1432,1871,-6402,-476,1419,-438
44347,-3672,110,4248,-1698,-213,-1793
44348,5894,6851,4907,-1231,-95,-60
44349,4443,917,-3945,-1085,906,-1394
44350,5296,-2025,-7919,-937,1583,392
44351,-7102,-2401,-4282,991,-1888,1923
44352,1660,4848,-6896,-9,154,-1584
44353,-1782,395,-5493,-393,565,339
44354,6109,-5648,-5656,-445,-188,911
44355,-2117,1706,7245,-42,665,1762
44356,1637,6148,2782,-1954,-1175,1680
44357,-6264,6164,-6948,-658,-969,1464
44358,7579,5153,5924,668,-298,255
44359,3946,-888,3515,734,1769,-1812
44360,1332,7888,552,1689,-858,-454
44361,-7340,531,-4614,-408,-664,1067
44362,108,-4248,6093,847,-1545,1650
44363,-3822,6025,-7923,84,928,1486
44364,-1906,7226,-1283,568,1356,-1569
44365,-6986,-6131,-4230,-1325,38,1683
44366,-557,790,-1255,-1070,1641,-1348
44367,-46,-3533,6323,1188,-1080,1136
44368,6981,2351,-7751,-975,-1350,176
44369,6031,4201,-952,-572,1658,1211
44370,592,6971,7253,-358,743,-443
44371,7982,3697,6359,1367,-1879,1252
44372,-6505,1192,-5696,1723,-1258,-1115
44373,-3881,-7802,4562,-669,-463,-744
44374,1733,-1493,3241,1340,-1711,-1521
44375,-5953,-1533,7386,-1965,-1812,-342
44376,5512,2814,-5521,-1905,1730,1216
44377,-1608,-640,7576,-1201,1941,1645
44378,6355,-4002,3528,-1090,652,1632
44379,5650,1624,-2002,-771,-1043,-373
44380,-3803,7252,2597,820,85,264
44381,-2741,2774,-4571,1048,791,-524
44382,5809,-5230,2498,-1788,260,-675
44383,-5481,-6464,-1611,-569,355,91
44384,255,-43,-4013,-1378,1753,-1423
44385,-1720,-6561,3497,-1631,1240,-408
44386,7791,-2543,605,-149,-722,414
44387,3592,4959,-4748,-255,1340,846
44388,-7683,-889,5508,-1,1100,165
44389,-6643,7822,3694,-1804,1523,1266
44390,-5841,-7510,3062,968,-865,270
44391,1065,-5477,-167,1297,941,1998
44392,-393,-7889,6581,812,337,1962
44393,6346,2196,7323,-847,1695,-303
44394,5222,6261,1531,1799,-661,351
44395,1646,5485,4803,-1022,287,-652
44396,5380,-5024,-4578,616,1359,618
44397,2233,-6519,2033,428,606,1744
44398,1662,-5255,-3294,1700,1675,1648
44399,-832,2510,-6257,-1609,1701,-6
44400,-4355,-7700,-2973,-1877,-1180,1189
44401,6360,-5522,6803,893,-1161,639
44402,2388,5046,-1437,938,-1336,-1133
44403,2778,2102,-6286,663,1296,1891
44404,-2736,-192,7694,1079,-1641,1748
44405,1197,506,5807,1591,910,-1717
44406,3969,3488,-5905,1227,-684,1317
44407,-4130,-1306,2891,-263,-1338,-1849
44408,4731,7343,6933,-1875,-1961,11
44409,-6533,3191,-6892,-1887,-1227,-645
44410,-2580,-683,-3536,-1325,-1493,-1375
44411,-4406,3603,4990,1261,-1592,1556
44412,-2761,1260,4267,-1809,1070,-760
44413,-3079,-1352,6811,-1469,809,890
44414,-562,1305,7020,-1204,1164,1449
44415,2315,-1825,4859,-80,198,-424
44416,-4193,653,-1676,388,768,1054
44417,5772,-6056,1562,-444,-457,187
44418,-5754,1957,-2399,-258,67,1511
44419,-4416,242,-6697,-1323,-506,54
44420,6269,873,929,-1642,-624,1078
44421,1728,3346,-5908,-700,85,838
44422,1714,1738,5016,473,1875,1798
44423,6809,5726,3916,-657,-1597,1154
44424,-4863,-3312,-4817,-1198,-236,-821
44425,-3331,-398,-5632,-1788,-1119,-1688
44426,-2818,1813,4893,1625,94,1747
44427,5015,-3451,2433,508,-1151,331
44428,3715,-3476,173,323,1708,-571
44429,-1018,-2351,5969,1406,233,1747
44430,-2486,-4630,-5059,-1928,-165,898
44431,415,-6313,-7668,-1818,-471,-1076
44432,-5759,-216,-1768,-1152,-1027,-290
44433,3342,-7052,-6763,1271,-268,-708
44434,4549,5031,-2048,1919,-8,-237
44435,-1924,1941,6034,-870,463,-500
44436,3457,-1930,-3196,46,1752,1561
44437,2373,-2546,1286,-1654,-1368,-1064
44438,883,3814,-5038,-794,-494,-944
44439,701,-5993,3832,-181,-586,1815
44440,4524,6508,-6431,1508,-1097,376
44441,-4259,2690,2893,-1380,-1014,1396
44442,-4779,-3746,-5601,714,781,-1935
44443,7357,6477,682,650,647,946
44444,-7540,5072,3738,-648,-979,1496
44445,-6777,-4835,-5454,-321,-236,-770
44446,6652,-1587,-2454,129,-735,-885
44447,-5847,4788,3329,-298,91,550
44448,1825,-7095,5944,-857,333,-1249
44449,1034,-5569,6502,-164,-1086,815
44450,-4966,4456,129,1510,1975,-395
44451,-6902,-966,-2390,-890,-141,-1497
44452,6303,-1448,1240,-1728,-394,-1361
44453,5087,-6171,-3397,1694,-1348,627
44454,-1092,2334,5115,-1588,-96,7
44455,6144,-6866,-2858,-900,1899,1457
44456,7379,3634,-2797,1062,-10,1306
44457,-5163,7668,6089,-759,-1295,147
44458,-4332,-6205,-2363,-267,908,1487
44459,5272,-6882,-602,1198,1645,-109
44460,142,-4773,635,-1618,-209,1299
44461,-4130,-498,-7511,1670,1686,273
44462,-5860,-3853,-7087,75,-854,-282
44463,-1731,2947,5153,53,-440,1279
44464,-3103,-1353,7154,-1128,89,-1111
44465,6174,-1871,-6178,1130,-148,-31
44466,-6116,-6902,-3779,-1552,1125,1851
44467,-4434,-4260,3477,-212,603,-208
44468,-7062,4642,-4703,830,1552,1905
44469,-857,6291,3473,-489,-178,314
44470,-5301,5940,1305,1048,-538,-387
44471,-7459,5194,5428,472,178,1783
44472,-6026,1946,-3539,823,446,-559
44473,7499,-2367,-1305,-1225,-1796,960
44474,-1496,-693,7351,-838,1308,1685
44475,4291,-5012,6266,135,-470,488
44476,6196,-1915,3104,1570,-302,-1480
44477,-2132,-7326,-1127,483,1341,984
44478,-1157,-2563,-4467,-524,-1417,1073
44479,2057,2981,-4490,1438,1874,1004
44480,3208,7146,-3677,484,404,343
44481,6478,4043,-416,-751,1983,-1697
44482,3900,-455,-2303,517,-1859,-509
44483,2310,-4067,-4927,141,173,258
44484,3442,3144,7715,-1544,1503,1444
44485,-7760,5309,-4351,544,177,-801
44486,-6305,-1094,3773,-669,-639,267
44487,6461,835,6814,807,552,1254
44488,-6232,-7456,7886,16,1171,-923
44489,7606,-6169,3579,994,1272,286
44490,2285,2968,1954,-1894,892,1295
44491,-2370,-2100,-7955,-997,-1867,163
44492,2630,5116,3550,-1210,-711,-1291
44493,4049,7375,-6980,-216,1390,-757
44494,-5869,-6195,-6400,667,1776,1818
44495,5661,-3232,-3338,1232,-28,1211
44496,3839,-1492,2153,-934,1193,-1924
44497,5465,-7199,-7953,-1593,-564,-1828
44498,-1841,-7675,-5955,-670,-1730,342
44499,-3677,4250,-567,1176,790,-1929
44500,-6916,-808,-3270,-632,1222,-554
44501,2640,-683,2722,959,426,-1390
44502,-7626,2487,-4226,-777,1838,-96
44503,-6725,7352,4621,-1808,-1005,-1144
44504,-4400,-5447,6692,1074,1617,1416
44505,7776,5507,3137,-537,1084,614
44506,1740,6339,981,712,-1137,-1358
44507,6974,7500,6348,1812,-870,282
44508,7377,112,-4291,1633,1932,-262
44509,-2310,-5338,-2092,467,2,1962
44510,7658,4739,-6341,157,-1570,789
44511,-4236,1387,-1691,-1204,893,1677
44512,2016,-6987,5193,1674,-53,-287
44513,-3921,-2729,-4606,-1167,-1856,304
44514,3681,-7688,2487,-1164,1581,821
44515,-1649,7271,-7596,1476,369,-1789
44516,2034,7027,-3099,990,-161,-931
44517,5683,6997,7859,1914,1242,1618
44518,-1152,-5393,-7760,-1934,410,-946
44519,1466,622,-7450,-1580,-882,197
44520,-7835,6436,-3352,-1599,398,1332
44521,-1762,1815,623,1107,-1524,-369
44522,-6339,1896,-1167,1457,1002,-437
44523,-5486,7734,6593,-1872,-519,1249
44524,3140,-6227,-4230,1526,-1357,507
44525,-3819,6320,3809,1832,-1838,-577
44526,-5640,3023,1822,-1206,669,340
44527,-1084,5978,-7602,-1532,-64,1643
44528,3137,2526,-1471,498,-1402,656
44529,-1674,-1482,7426,-596,-983,138
44530,6095,7084,-7064,1542,-36,-157
44531,-2730,-3490,-5900,-1207,504,1569
44532,-6474,-5310,2451,761,-278,-1878
44533,-653,7346,-5704,1886,581,-1431
44534,-3063,-6716,3958,173,-1848,-1644
44535,73,-5224,-5564,-921,1761,1974
44536,1402,-1703,6791,1899,458,-387
44537,4560,-2805,4744,1051,-323,101
44538,-7435,7475,4308,-1026,-14,-80
44539,5292,175,591,-1232,562,427
44540,-1613,4536,-296,-1782,-755,-1570
44541,1965,1152,-3762,265,1049,1306
44542,4794,417,-2448,-1944,87,1714
44543,3980,-1963,5003,1277,1905,-926
44544,-7778,4230,3878,646,-726,383
44545,-6835,202,-6702,1816,-1288,-1357
44546,6823,3792,5552,-1676,-1399,1259
44547,842,-2573,4293,881,-523,-296
44548,486,4681,-2643,796,-979,1928
44549,-1421,2348,-3883,-553,-1878,357
44550,-5281,5225,-1944,-565,175,1934
44551,-2190,1767,7135,-1317,1186,896
44552,-3759,-858,-6346,-1706,1195,-907
44553,-7976,-300,1028,1356,-1572,1464
44554,-5492,7915,-7172,1688,1493,1540
44555,7550,-4672,-1169,-1977,-59,767
44556,-2098,5980,-3272,-149,1297,1134
44557,-6597,-1625,498,1114,-794,1301
44558,3520,7661,5892,1794,-794,60
44559,2357,-3748,-235,-1420,1803,1444
44560,-5915,-7803,-7193,414,-916,1391
44561,-6267,7858,-7976,1993,1446,-1406
44562,5506,4504,3575,-40,-1269,1489
44563,3365,3761,7453,-797,-33,1124
44564,6729,-2488,6180,899,1900,-590
44565,7191,6460,2904,-1759,1494,506
44566,-6315,7573,-6770,-1482,-1667,674
44567,-6185,-4497,-7339,-509,642,67
44568,4246,-4327,-7870,-1735,1382,16
44569,-6720,6100,3708,-1792,-1751,-919
44570,3054,-6268,3406,1338,-14,1511
44571,1843,-211,-2019,1547,-911,-1915
44572,-6607,-4935,5682,218,618,-715
44573,1532,2170,-6353,-1805,1462,-1271
44574,7699,-7014,1075,-934,-1749,-612
44575,938,1387,-764,-945,-1486,-1981
44576,1323,-343,4539,-1801,1858,-1010
44577,648,-3103,-7148,-1909,-1562,-1014
44578,7627,-6171,6834,1971,1277,1729
44579,3841,2254,4287,-1400,-1592,1824
44580,6607,6430,1664,22,416,727
44581,6005,2874,-1765,1558,1303,975
44582,-1523,-1101,-2575,1762,253,-1361
44583,-7269,-2726,-6554,1248,1215,370
44584,5166,-3955,-3340,-1625,-1362,-706
44585,-1471,7819,-6954,-989,-1102,1947
44586,-2371,-7809,6736,-1713,-850,385
44587,6494,-3881,-6647,1759,1116,-1091
44588,-6195,-5754,6329,879,724,1349
44589,6999,2665,1079,1224,-240,1807
44590,1870,7344,-2101,-1490,-263,1491
44591,-6294,-5876,4708,-1514,211,-1575
44592,-6102,7526,5063,-1294,417,160
44593,-7683,2829,-2607,-1698,-357,1728
44594,4823,7974,498,-569,-1948,302
44595,-72,-5586,4903,-1039,901,78
44596,337,7077,6382,1815,1419,-1771
44597,6730,2421,-7555,-573,-1116,1106
44598,-3278,760,6924,124,-689,1534
44599,1089,1898,-6117,621,1741,976
44600,-4740,3719,-2702,261,-1224,1875
44601,6072,4805,-4128,-1792,-283,-1158
44602,6770,-2440,6078,924,986,-483
44603,-355,-3372,-5393,-461,1682,-279
44604,1323,1283,-1133,-1708,-1279,1570
44605,-6030,-7476,1802,1902,1094,976
44606,-3342,810,1454,1375,1228,279
44607,7913,-1729,2745,-849,-271,819
44608,-6426,-1604,839,-494,199,336
44609,788,6400,3103,777,-1939,-1990
44610,2607,-5362,-3334,-210,-1549,1652
44611,3713,-2528,3268,-297,884,-513
44612,4617,1175,-6434,-49,-580,821
44613,-7835,-6783,-2800,-1663,471,107
44614,5224,-4818,1309,1439,-233,1155
44615,3049,-473,2888,-352,-575,606
44616,-2854,3102,-6390,1948,1101,523
44617,6812,7658,-7413,910,1617,215
44618,6666,-1885,-7326,-1930,-650,-590
44619,6876,-7739,7977,-1069,-1687,-1818
44620,4469,-1966,6932,-1575,-1041,1275
44621,-734,-1704,2399,857,-1764,-167
44622,-1006,900,-6951,-1119,1764,386
44623,5514,704,5962,208,663,-1864
44624,5005,-5026,4813,1452,-1618,-1493
44625,-7256,-1917,-1988,-907,1821,-1862
44626,-1345,492,6623,680,-209,-1841
44627,3008,-5733,1048,-108,-939,-977
44628,446,4309,-2857,-1914,46,-601
44629,4175,6029,-2050,-228,-974,-1148
44630,-2557,4215,-7316,863,-1361,-1536
44631,2651,-2496,-6715,-976,1690,274
44632,-4748,-1412,12,-1365,-88,-1093
44633,5156,6719,4448,-1357,-604,-300
44634,5155,6455,-569,-1509,-1643,-525
44635,-7737,-6953,-2682,-1012,432,-34
44636,4777,-1234,-2396,1868,-578,-1340
44637,-5630,4767,-2388,228,-1217,-1256
44638,-2208,928,765,-1487,-1691,-546
44639,-3497,-1382,5263,1238,-1023,1420
44640,-2096,-6777,-6034,-751,177,-785
44641,-2261,-1291,4371,245,1954,-1366
44642,6107,-7534,3492,1712,1037,1971
44643,-7927,-5176,-1119,1973,-439,-670
44644,-3806,3089,-5209,411,1006,1948
44645,-7361,876,5408,-1067,-1486,-990
44646,4635,4052,-2026,947,1552,1030
44647,-1665,-1941,3323,-91,1581,-549
44648,-7859,6425,2889,10,704,-203
44649,7429,158,3422,664,-176,1629
44650,-3850,-4482,-4074,-1410,-306,587
44651,7906,4451,-3265,1176,406,-1522
44652,-3320,6839,-1770,1325,-118,-1916
44653,201,4527,-6118,-1208,-1460,-1527
44654,-1759,1443,2926,553,23,1503
44655,5693,-6667,-3193,853,1805,-1925
44656,-111,-4403,6034,512,1049,-808
44657,1636,-1041,-3272,-871,-1830,1478
44658,3346,4065,-5405,-1244,905,-209
44659,-1111,-3611,-4952,-1831,1647,1700
44660,5117,4186,-6261,1273,-1827,1625
44661,-2984,2519,-6418,490,-1327,805
44662,-4392,3753,5570,1886,86,-13
44663,-6558,3832,-2732,1001,116,581
44664,3239,6090,7008,1551,-1541,-1684
44665,-2396,3471,-6292,-972,1330,-1110
44666,-4712,550,-5418,617,1577,723
44667,-226,2209,5863,-1602,-1129,1742
44668,-1432,1364,3317,185,-1235,1320
44669,-7667,-934,-6263,-1076,-916,829
44670,-6011,-1083,7295,-1852,587,-1579
44671,-4981,-3419,4501,-874,-1785,1258
44672,103,-4672,6341,923,981,-1735
44673,2118,3592,6732,291,1257,861
44674,1912,-6270,2009,-1950,-1046,-1794
44675,-4822,6602,-7485,-1629,1799,1959
44676,-5551,-2060,4125,-495,138,129
44677,-1687,948,-6613,-1997,130,-1849
44678,5767,-2955,-6809,846,-766,888
44679,3506,-2897,-1401,-991,1975,-645
44680,-2841,-7383,-519,1137,-1172,-128
44681,-6051,-3645,6937,-575,78,272
44682,-3762,7273,3464,1430,257,-1665
44683,5098,-1614,4770,372,-468,969
44684,-7483,1286,-4306,-1477,1681,1454
44685,-6587,2283,-4070,1638,-432,-615
44686,-5049,610,4702,1589,-337,772
44687,-135,-7391,5273,-1515,-197,-307
44688,7376,503,-4684,-1704,1532,700
44689,-5762,2728,3460,1596,217,384
44690,-7019,7040,-1554,1458,-415,-95
44691,-731,-7,-6880,-1480,1379,-1641
44692,-1850,-1349,-5008,1062,1322,-798
44693,7032,-1962,6346,897,1382,-421
44694,5691,-3103,638,656,-356,-1662
44695,-7628,-2587,-2052,286,660,-1067
44696,3090,-1734,5754,668,-479,700
44697,-6077,1979,-2958,-1100,-1727,1125
44698,-638,6265,-2906,-55,501,-1779
44699,1165,467,3903,546,290,1255
44700,5367,5274,5568,32,1325,86
44701,-3302,-121,-1099,1987,916,-910
44702,3933,-3307,-1523,450,-1601,-1407
44703,-7790,-532,-5692,751,121,-1486
44704,1034,-4880,186,-1236,-1353,-1318
44705,885,7628,-3781,321,-1773,-726
44706,-6326,-4057,6165,-44,-1384,650
44707,-6220,-4397,-5165,1466,375,1113
44708,-6250,-1707,3096,-1567,1697,-1382
44709,1681,7941,-3903,-1657,-661,521
44710,4294,-1426,-1271,-1500,1366,-1910
44711,2570,3781,-4536,-708,-20,1338
44712,7379,4239,2613,47,-14,1255
44713,6759,-3898,609,1109,1602,-580
44714,4106,-4071,1786,972,-1101,745
44715,-740,6055,-6795,524,-3,-1151
44716,5563,1417,-1856,-1420,459,1418
44717,7439,7866,2748,1129,-1369,1987
44718,-3918,1501,-2663,1042,433,1427
44719,-1041,-704,-2587,-848,1370,-13
44720,6224,-6111,-4008,-1040,1053,-1934
44721,-1012,4623,3329,1739,1485,647
44722,-898,-2718,380,1038,1919,487
44723,-7599,3403,-4896,456,-921,-1582
44724,530,6818,5830,632,-1036,1554
44725,7553,6307,915,-1222,1216,1127
44726,4316,2887,-5580,545,-333,-162
44727,-4028,2728,-1971,414,-350,36
44728,-5195,-1548,4423,-1234,-1188,-925
44729,2712,3535,-858,-1758,-1661,-1249
44730,5631,1178,7990,1954,-1963,1551
44731,-3552,-902,-5138,-1267,-184,-313
44732,1321,-2709,523,913,-586,1278
44733,-71,-1980,-3146,1465,387,-1234
44734,4322,-5344,-2576,-691,862,975
44735,-5534,4472,5283,-909,-1141,1124
44736,-3101,-2981,3285,-262,-562,-179
44737,6040,-7361,3616,-726,-280,-1087
44738,-7087,-169,-2392,575,1363,-1446
44739,4419,3247,-4460,-938,-613,-593
44740,-5729,3516,7384,1584,150,-263
44741,6675,5916,-3771,1358,-662,1831
44742,-7195,593,-4338,-1202,-811,85
44743,-320,7661,3572,-152,875,251
44744,-6608,1421,-5812,1978,1407,1890
44745,-5322,-4071,-3653,1907,-1048,1332
44746,-119,-5751,7189,1901,-1853,-212
44747,5004,-2234,3970,-407,-677,-591
44748,-5048,-7370,1565,1040,1748,-187
44749,41,6437,1639,-1998,1309,-1515
44750,-4975,1481,-2090,1404,1869,-1319
44751,-4034,-666,-2976,243,655,-1371
44752,2060,-1379,6905,-707,135,593
44753,-3155,2287,-208,657,816,1930
44754,-3135,1643,272,-1578,-565,736
44755,-7900,2482,3845,-356,-781,748
44756,-2508,-5166,-2993,1703,-1050,-62
44757,-1811,5093,-4842,832,-1907,-968
44758,-7516,-3066,7207,1334,-1578,-882
44759,135,-3466,2034,-1397,974,-1470
44760,6215,1683,6651,-329,-1775,-275
44761,-4579,4540,3784,-1588,-1882,-1545
44762,-1238,-5671,-883,1775,-1071,-592
44763,7190,-849,-7526,935,989,-444
44764,-2096,-4334,-94,-531,-938,1085
44765,4375,4745,-5225,1902,-658,-1861
44766,5184,-1351,1505,847,791,-1968
44767,2726,-5431,-6213,327,-1947,-1812
44768,-5606,-3101,41,8,78,1894
44769,-1810,4401,1506,25,115,1447
44770,3255,5903,-6510,1939,453,-786
44771,-748,-3654,-1814,157,1956,250
44772,-7882,-3199,2251,-219,1959,1780
44773,-1267,-5881,-2619,1316,273,-805
44774,3276,6968,-5066,-1880,1025,1585
44775,-6138,-7337,3371,-140,1786,-1840
44776,-3602,-7149,-793,118,1229,-268
44777,-7573,3899,3661,1427,-504,-1220
44778,-4402,-7862,6458,984,1917,41
44779,6178,3028,-2244,1239,-1229,844
44780,202,-739,-1362,-36,-954,586
44781,-2090,-7998,-6812,274,-1397,20
44782,-88,2936,-3672,1090,-1316,-1389
44783,5991,2655,5776,-1330,31,421
44784,3788,-946,3687,-1971,-1922,-1562
44785,6301,7042,6360,1968,22,-478
44786,-4518,-5661,-155,-586,-808,-255
44787,5877,-6947,4134,616,1848,6
44788,5501,7347,-1395,817,-1164,43
44789,-3456,7964,-2379,-1789,-701,248
44790,-6059,7608,-7639,1131,-693,-177
44791,669,6434,-4188,1637,1171,-1714
44792,-7188,-6417,2940,-753,-1814,587
44793,4901,-6059,161,-1734,-223,1940
44794,-988,-2202,7890,1928,1721,73
44795,-4509,5116,7155,-1976,439,1135
44796,-958,-5902,3132,-199,-101,725
44797,2280,-49,3049,-823,912,-929
44798,6018,-3023,1174,456,-1093,1951
44799,317,2755,4546,1459,1389,738
44800,6931,-4258,5843,1965,-1136,552
44801,2020,-3826,4525,202,1893,1940
44802,-1409,-353,-229,-628,-551,-773
44803,-2256,6088,2196,-299,35,573
44804,3079,-2100,-1524,283,-1665,-664
44805,5790,7586,974,-1644,-1143,1834
44806,325,4763,-4314,-311,839,-1039
44807,3550,1529,5569,545,246,1069
44808,-5628,6564,5260,737,-410,-27
44809,-1132,-3463,6717,-1067,730,1346
44810,2451,-3480,-1394,-314,1970,1174
44811,-5587,6391,1498,671,860,-1317
44812,1082,-5454,-276,1616,512,-941
44813,-2310,1802,-64,1406,1074,-361
44814,562,-2763,6025,-245,1137,1658
44815,-2951,5643,-4131,923,1455,-1928
44816,-1655,-1941,1554,1693,1116,1391
44817,3423,-7027,1953,-1709,1714,-713
44818,-1113,-1069,5271,-443,-1777,-1844
44819,3486,1002,-7807,1038,-1959,265
44820,5197,1547,6770,1497,-602,-1337
44821,-305,-868,6028,1400,904,743
44822,6964,-4881,5595,-1986,-233,1285
44823,5481,3771,-6559,1124,-106,530
44824,-1332,4080,2999,-1578,1692,-1465
44825,-6788,2149,-6612,125,-794,-1190
44826,7333,1602,6286,322,-791,-1514
44827,3373,2704,-4309,-657,1745,1888
44828,-7294,-7591,-5537,1198,-724,1907
44829,-7175,-2466,5521,990,1363,-615
44830,5812,3834,6733,124,1006,460
44831,-7429,7142,-5449,-941,-724,-809
44832,2876,4001,-7489,1145,959,826
44833,3291,6849,1322,1676,1134,-69
44834,7118,6053,2863,-937,544,-685
44835,3177,6776,-1980,-1700,-1901,927
44836,1681,-3847,-6627,1494,-1791,700
44837,-720,-7103,-3916,1726,-1555,802
44838,5893,4267,-2323,-123,1494,-703
44839,-2248,-3996,4442,-1048,-830,-519
44840,-6327,-1720,-2226,-257,1232,-1842
44841,-3407,41,3957,-219,437,-968
44842,-7572,2982,293,706,-827,-9
44843,-7974,-5730,-2348,64,-1763,136
44844,1216,1533,-5940,-816,1486,-1460
44845,1376,556,-3002,-221,34,-839
44846,2085,1132,-577,-50,-486,1746
44847,7139,-5028,5898,1359,-471,-1746
44848,3188,4680,-6426,-1636,1321,-1698
44849,174,-1410,4485,-293,-1288,1735
44850,-4682,4183,2568,-213,1252,-1818
44851,3416,7281,5470,1217,-1543,-376
44852,1020,5456,-1626,-1721,1793,1958
44853,49,7728,-530,-1218,1748,220
44854,1199,4526,-3107,568,-447,-534
44855,-4093,7729,-109,-1790,117,-857
44856,-3344,7601,-2816,922,333,-1447
44857,-1184,7815,-1833,319,-854,154
44858,5058,-1216,2778,872,-1208,-544
44859,-1988,4203,4009,762,224,304
44860,4271,-1416,-2397,600,-1107,-893
44861,7561,-2468,4818,-1720,-1632,-39
44862,4457,-5430,-7943,-332,865,1482
44863,6197,7636,-6781,-1898,-1019,1192
44864,-3008,3955,2928,1715,-628,-990
44865,-3387,-5146,7765,1096,273,-362
44866,-6992,2366,-2,-1611,959,451
44867,5604,5908,-5365,544,-1477,1519
44868,884,-1710,1561,-901,848,1530
44869,-2156,1612,-99,-1689,-497,1571
44870,583,2926,-468,-395,-712,148
44871,-342,-6605,6025,166,1457,44
44872,-6636,-3664,4402,-1344,-282,-718
44873,880,-1998,3712,789,-110,1651
44874,2707,5224,3671,-327,164,-1919
44875,3695,2434,2041,-943,1483,-802
44876,3713,928,5951,103,711,-1148
44877,2091,3691,-6996,1978,808,1576
44878,6737,5658,-1076,-1722,476,-905
44879,-1360,-6305,1059,1813,-1302,-1355
44880,6507,2330,-57,-567,-1933,-1233
44881,38,1099,3486,-1833,-926,1401
44882,-5404,5103,7015,-1469,-854,1429
44883,-2412,1079,-1954,753,1930,120
44884,-1431,1805,1780,-1996,-661,-187
44885,5565,-1608,5048,-1900,-1048,-41
44886,-5435,7089,5132,1485,1889,-933
44887,-425,-725,2795,1002,1580,1571
44888,6824,4732,-1881,-21,-1969,631
44889,6766,6404,-5936,-872,737,-654
44890,-4474,-3928,-2695,1614,1648,970
44891,-2677,-1131,3791,-1787,1722,-24
44892,2107,1414,1003,-831,-1271,657
44893,3468,4308,4805,-1058,-562,-409
44894,-378,-7492,-5972,1609,-1013,283
44895,-6744,4366,-665,-1921,542,280
44896,1803,1658,-5833,-491,-861,-1833
44897,-6203,4950,1037,363,1190,909
44898,3523,2185,-6095,-447,-558,-147
44899,-4224,-1803,-3709,-1946,-1090,389
44900,859,-6638,7256,258,750,150
44901,-1106,800,-4896,578,1145,-223
44902,7889,1163,-2219,-879,563,-1772
44903,-5574,7840,1154,-1137,-869,-1327
44904,-4959,2757,7189,-1369,16,-624
44905,-5116,-6181,-3019,31,1738,1968
44906,6399,1728,-7484,-1915,-242,-351
44907,5899,2889,-7716,918,-1875,-959
44908,-4870,2506,6008,-1300,-1604,-638
44909,-5713,5634,-6721,19,280,-1674
44910,-2972,-2764,5226,300,-1432,1145
44911,6357,-121,4422,141,-117,1781
44912,-2729,-3828,7320,987,1618,943
44913,-821,-7612,-1359,247,622,-915
44914,1904,-469,4073,1048,1656,-1873
44915,930,913,1776,385,1731,849
44916,5678,-6944,1644,-199,607,1945
44917,-1367,4772,-1241,1627,-1321,435
44918,-523,-6232,-7265,190,-195,-1497
44919,2316,7187,-906,-1399,1837,538
44920,-6370,2694,3418,1795,-320,1678
44921,1247,-6978,-2602,950,26,362
44922,-4133,-2943,4207,-929,941,1409
44923,-3229,-7302,-6573,-39,339,-841
44924,-1044,-6737,2061,-1478,11,-1428
44925,-6452,-4991,-6065,-932,1214,-985
44926,668,5488,-3843,320,-284,-1770
44927,-3649,2626,4406,1503,287,-403
44928,-7285,5341,-7309,-605,-1223,-1185
44929,-3630,-389,4922,-270,-1263,-1570
44930,-7856,-1290,7561,1731,-235,593
44931,-270,6715,-6801,-1953,213,-84
44932,3638,-591,4192,1298,-903,-284
44933,-7390,5959,-7605,-1399,802,1369
44934,2774,-2634,-7097,1907,1020,1694
44935,3995,-2381,-2036,-1191,-839,792
44936,4977,7049,2857,787,1224,-727
44937,-402,1646,1726,1670,688,-1700
44938,2855,-5017,6387,-1697,-373,-1535
44939,-803,-266,-1228,-835,-806,-1122
44940,7844,-6164,2385,-1654,1458,-573
44941,4350,3328,-250,-678,1227,-1685
44942,-962,-7210,-2525,-1816,1961,-1408
44943,5404,-7817,-5133,1951,181,460
44944,395,-7058,6131,-621,1000,-1871
44945,-5504,1993,-19,426,-364,-1512
44946,6485,-3647,-6365,-1557,-140,1797
44947,329,-4765,-4070,159,-1810,734
44948,-2208,4827,5163,331,118,-246
44949,-4727,6303,1935,967,-1900,-1413
44950,4526,1473,2585,-1537,-1691,-1116
44951,2792,-6598,-1779,1197,-1484,-1922
44952,1595,-4463,409,-1768,-1402,-1147
44953,7864,2533,2833,-1349,-360,528
44954,1806,4157,1322,1382,-375,1465
44955,4221,-7821,1525,1571,898,-227
44956,4755,1064,-7033,553,919,-143
44957,1525,-109,-3027,542,-1877,222
44958,3748,5209,2302,-1654,1879,-665
44959,5505,-5244,-7681,-1608,-1571,1079
44960,139,1820,-3977,-1764,1649,1083
44961,-6979,782,7485,232,-239,-1212
44962,-1491,1441,2533,-1329,-1655,303
44963,-6370,4129,5493,-1079,-221,-1922
44964,6537,-3891,-1827,-290,1779,-306
44965,5728,-2387,-3601,-1548,930,1084
44966,-4836,-4219,-5431,62,-925,-1744
44967,4399,-3668,-3149,-777,-545,-780
44968,-5020,2726,3710,10,-77,-763
44969,-7998,-1817,920,384,-1922,-1647
44970,-4738,-915,6917,-1343,-1365,-1623
44971,-3458,-1363,-189,-1441,1904,-1362
44972,-1712,7771,-2728,389,-168,-1770
44973,1270,-2686,-3310,-1725,48,1638
44974,-757,350,-3291,-848,147,-1487
44975,236,-2217,-1441,272,1392,-1734
44976,73,-106,-3649,1080,1356,-1023
44977,-3278,219,-2628,-246,1918,756
44978,2885,-107,-7757,1945,-1176,-1625
44979,117,-263,-822,-1307,307,-1016
44980,5665,2502,-312,-567,-1862,267
44981,-3591,6949,2919,752,-496,123
44982,7891,-1676,-5127,1992,-110,854
44983,-214,-1377,1194,-769,-1956,915
44984,-5560,2354,1991,-1669,-1400,1745
44985,3120,3279,6415,-1205,-588,1411
44986,1801,-7799,-3645,-1838,1724,90
44987,-4446,-2786,4496,172,358,1384
44988,-1704,-6082,6836,1589,98,-517
44989,-2161,2767,6219,-1353,-62,-1878
44990,4436,-4981,-6910,553,1513,401
44991,2858,6554,44,952,-1885,-78
44992,4727,5704,-2439,698,222,908
44993,-6558,-3634,7842,-1868,-1739,-1594
44994,2705,2761,-4799,-934,-1122,1796
44995,-4529,753,1783,1503,859,952
44996,2573,-3197,2731,1537,876,128
44997,6008,5280,-2553,213,-1279,-388
44998,3993,-4430,320,-666,1592,168
44999,-3137,5255,5756,1592,7,1247
45000,-7771,5140,-565,-1913,1998,405
45001,4923,-3025,1470,-958,-1821,-31
45002,-2179,-1784,6937,1556,397,1599
45003,-3444,-4535,-6493,-737,-1993,1603
45004,-3935,-3070,1229,330,-1160,825
45005,3039,-2157,-3496,-1291,-1175,819
45006,-5550,-3932,6745,-107,340,783
45007,-3267,1722,7002,9,-1825,1980
45008,-7549,-7,5639,-871,1576,1276
45009,-1741,-3815,-3083,-965,-231,-336
45010,-295,4484,3281,-1581,-1948,-524
45011,5285,-6948,578,-70,-185,435
45012,-6141,-3897,-4234,1319,1496,1599
45013,-3671,-1197,-113,-1171,-1261,-1714
45014,-4379,-5501,-4868,968,-1496,676
45015,-2420,-4644,7599,-689,297,1390
45016,-6697,6477,-3364,-1843,412,-1536
45017,5301,7017,3318,963,1803,1671
45018,1097,-6990,4924,846,947,-680
45019,2249,-5186,-6979,1140,-1413,881
45020,4703,-4451,-2627,124,1742,668
45021,1077,4857,-1136,-864,-1444,584
45022,1319,-101,3881,396,-1695,-1725
45023,-1236,-601,906,-804,-822,-86
45024,-1084,-3753,6808,-1319,1846,958
45025,5834,-1337,3049,434,-1041,897
45026,-3768,7890,-6871,163,1624,-1020
45027,-216,7631,-1295,-785,1233,-419
45028,4978,-4964,4725,-1438,-111,-1673
45029,2767,-1015,243,196,1314,-1134
45030,-1922,-4207,1804,-704,-1710,369
45031,2252,4312,1719,-345,1248,-1044
45032,6907,5585,5242,1591,931,1083
45033,638,489,-6145,7,-105,-1470
45034,-3016,7480,-1658,137,1212,-346
45035,-5807,4629,-3956,1757,-1766,-166
45036,3896,5383,-7785,969,952,270
45037,-2292,-478,957,407,-1490,393
45038,-2664,-5738,-3337,-460,-1673,1411
45039,6433,6509,6341,1220,-1458,1439
45040,2236,-13,2721,168,1393,445
45041,4769,7259,-3444,1316,-118,-632
45042,2821,4277,-391,999,-113,-166
45043,-1872,4947,-54,-294,-203,732
45044,3549,-5297,1931,513,1847,-521
45045,-6819,-4016,-1474,286,879,-1783
45046,-6705,-4720,-4292,1148,-799,-1387
45047,-5659,-7198,2141,-1486,1546,1226
45048,6870,5640,-5530,-1839,-1626,-833
45049,4541,1156,974,-1250,-1181,-1436
45050,179,5104,-7620,34,907,-1009
45051,4091,2088,7026,1422,-435,381
45052,7991,1132,1849,-992,534,1537
45053,-6491,1680,-36,-1018,-1249,1989
45054,3546,5321,6990,1657,1470,1884
45055,1334,-2310,-1878,1675,370,-1524
45056,-2082,7074,544,1640,-1388,-1621
45057,1939,6647,-3359,1515,-716,448
45058,-5516,1969,5412,-84,1477,-523
45059,1486,-5166,2877,-1041,-1064,563
45060,-3315,6672,6124,1950,-1955,-1234
45061,-5578,575,-7147,-307,-889,-1271
45062,3323,6396,7326,-138,-1971,456
45063,-800,-4406,2443,-1220,508,-182
45064,6792,-3903,2476,-357,629,592
45065,-3761,-5119,-3536,-245,1507,1193
45066,4350,755,-4193,1001,889,-1471
45067,-3664,919,-3774,1944,-636,548
45068,4029,369,2483,638,-1474,-1943
45069,1399,-3077,7069,-62,1774,723
45070,7530,-357,6478,1614,-215,317
45071,7559,5917,-1979,110,1341,-1850
45072,-2942,2065,5933,-1757,-412,267
45073,7155,-1213,-5309,582,554,133
45074,-2444,5214,-1191,300,-868,-1346
45075,2456,-832,-4906,-1372,514,-724
45076,6256,-3363,-5746,-1630,-748,-1179
45077,-1900,4407,2754,1701,-335,-207
45078,427,4872,2764,-84,1410,-1706
45079,-793,682,-6321,-330,1015,-628
45080,5878,-2731,6990,-659,270,1389
45081,-4244,-6231,-5027,187,-1481,317
45082,-1018,-6801,-5128,1900,1995,-59
45083,-2296,1086,-483,-1505,1500,-573
45084,7563,-5785,-3940,-543,1530,1795
45085,4437,4373,877,359,-386,1914
45086,1672,-1898,3074,905,-262,-185
45087,-6336,3289,2994,451,-1888,470
45088,-1141,-4139,1207,1343,1827,-54
45089,-1294,-5896,6064,1125,-288,-692
45090,1903,1844,-4485,274,351,-302
45091,3052,3779,3798,-1578,-1598,889
45092,7960,-7317,3834,284,1553,-1922
45093,-349,-871,758,397,207,-1453
45094,-1993,-4331,-7263,1643,1221,-1592
45095,362,1951,-1097,887,144,1111
45096,-487,679,3916,331,-1530,1515
45097,1062,-5764,-5867,-268,-307,-1520
45098,-4882,7661,4819,1727,673,-692
45099,2554,-5376,-7032,809,-508,-1006
45100,-4430,-4236,-1852,181,-1568,151
45101,-3772,5381,-930,-1393,-735,1261
45102,510,-2982,871,1677,-941,-1833
45103,919,7889,-7585,606,-1037,411
45104,3599,-6612,5102,1599,785,1692
45105,-7763,1146,307,-1036,1065,-1970
45106,4736,5494,3267,666,1891,-1263
45107,2548,1119,-4598,57,-567,-691
45108,2777,-324,-5428,-970,-318,1261
45109,4552,-813,-845,-1596,-1201,1083
45110,-3492,-2465,7876,55,-1319,-1958
45111,180,-6292,6700,-36,1639,512
45112,-7671,3413,-387,811,-581,1859
45113,4040,664,5122,1251,527,727
45114,-239,848,3747,-1500,1320,286
45115,-2372,-7953,-4404,600,569,-1999
45116,4743,-6818,-4370,-96,1616,875
45117,4271,-4596,-4152,-78,-175,445
45118,3770,6933,3776,-256,1658,1773
45119,6576,256,968,-1731,-155,-1967
45120,-3547,-7124,7627,1545,-1214,1725
45121,4951,-6556,-5022,-798,1187,19
45122,7788,3248,-6167,1234,-710,40
45123,-5942,-5025,-5124,1980,-790,-1681
45124,5521,-2610,-6668,-1385,-841,-1761
45125,-4270,7627,-2895,-694,289,1110
45126,6637,2998,1358,1504,-1978,902
45127,-5887,3783,-3844,1130,-1965,-353
45128,-5740,5135,-5124,730,-99,520
45129,4558,6855,4547,1093,-1383,713
45130,5561,2759,-403,-1033,1376,-975
45131,-7651,269,-6181,1652,712,-1545
45132,2788,-5541,3114,1467,-843,-219
45133,-7343,-5641,-5888,-331,-1217,-1481
45134,1346,298,-1735,-140,-1419,1218
45135,5749,6265,-6537,611,1115,-1122
45136,5912,2801,5857,-1449,-565,-1689
45137,5523,-5633,-581,-401,1833,-804
45138,4231,1607,-134,1286,-1091,1126
45139,-5575,-7299,2570,1383,1958,-507
45140,-6192,5391,-111,1289,-1452,-1781
45141,5893,-874,-5423,1807,288,-665
45142,5316,3721,-7937,1670,-1063,-86
45143,1698,200,7513,754,1145,-222
45144,6545,-5749,7010,-1933,-1998,438
45145,-6871,-6644,3390,109,1300,268
45146,-4850,7026,5844,831,-807,-578
45147,-7004,5854,-6331,-1558,11,454
45148,5617,-4525,3402,-1018,878,-1706
45149,1663,-2446,-419,-1521,-807,1863
45150,1915,4899,-969,125,-185,709
45151,4694,1330,-5506,294,1575,1338
45152,3030,-577,1491,-1711,-1824,-474
45153,2548,3643,3423,183,1295,1272
45154,-1948,4053,1320,232,352,1705
45155,106,6925,746,-552,-1688,869
45156,-6300,-3016,76,1416,835,5
45157,-3094,338,6535,623,1483,-48
45158,6129,3162,-6455,-936,136,-1052
45159,3716,6012,943,1040,-1892,-1888
45160,-2915,-1964,277,-148,1395,819
45161,7283,5825,4826,-862,-124,435
45162,-7498,-7841,-706,-268,-1993,-1050
45163,-5684,-7645,-5414,703,1148,-474
45164,-5227,-1984,2972,-437,1107,370
45165,1045,7608,-4587,-1245,-1066,-572
45166,-2694,6765,-6108,460,666,-741
45167,-1602,7637,945,1231,-487,-1445
45168,4693,6146,-784,1412,-830,1431
45169,1974,-4507,-4934,575,-219,-1664
45170,-3628,-7561,3240,264,-337,-598
45171,6081,-6758,4113,507,1479,-1589
45172,-5160,6479,5832,-1315,223,525
45173,4099,-3856,-3160,1625,1581,-253
45174,-187,-2873,4687,1170,161,1027
45175,-4156,-4625,5578,-479,1293,1923
45176,-7884,-223,3493,-465,1625,459
45177,-2977,3492,6690,735,-241,-853
45178,-4461,4620,-1657,-512,1764,-1379
45179,3837,739,2432,1837,-624,1860
45180,-4620,3911,-5139,-316,130,-1210
45181,288,-6047,-5409,-1681,1715,916
45182,5270,2780,1402,793,604,-947
45183,1983,3365,-3085,-670,-233,16
45184,3160,-5526,-4585,-695,-3,1308
45185,6189,-2669,-5619,-1257,-1263,1802
45186,2733,-4210,7593,-1144,-1413,-1159
45187,-6954,-262,90,70,262,993
45188,2557,-1390,-2351,1182,371,-1173
45189,3499,-2903,-7496,-891,-1145,1431
45190,3457,5155,-3177,-345,440,-1793
45191,-3007,-4353,-200,-1923,670,-433
45192,-2850,-6251,-4342,-1610,1685,-1463
45193,-6278,5155,-1640,246,-912,-1296
45194,-5229,3359,6250,-1717,684,-1439
45195,4283,-589,7200,1822,1479,-1871
45196,6270,-2817,-3861,842,729,-678
45197,7842,-3850,-6522,1681,-1403,-406
45198,2403,-802,-2289,1264,518,-1009
45199,7731,-6802,6968,372,-755,132
45200,4582,4306,2339,-1059,-1336,1263
45201,2596,-1635,4121,1480,-1869,154
45202,1994,3928,22,543,-648,-61
45203,316,-2107,6359,1749,-1311,-1143
45204,816,-2324,6667,-1086,-1780,-1918
45205,-6899,-5362,963,612,-1487,-844
45206,4158,3202,4328,-683,923,1799
45207,-2303,-967,-1663,-1627,1994,1358
45208,100,5589,6162,150,471,-85
45209,3664,271,6437,-1942,1314,-23
45210,-3329,-3480,174,-1588,-940,736
45211,-3345,-5126,4543,1362,-198,-240
45212,-5860,-2126,-7927,1026,807,-379
45213,2167,4144,-43,-222,-979,1825
45214,-5967,6469,126,-1192,387,-1043
45215,-946,-6384,3497,1427,441,-1784
45216,-7963,3129,-2410,433,911,-1167
45217,4964,3924,4640,762,1170,1481
45218,2750,6216,-2265,47,-256,43
45219,-4705,-2869,-6657,-1168,-589,1642
45220,-5090,-26,-6659,233,736,-1768
45221,3145,6433,-1662,256,8,-1745
45222,-605,2604,4223,496,1049,-1573
45223,5691,-3818,7087,-532,1977,77
45224,-5641,-6966,4629,1443,1309,262
45225,-970,2174,-5682,-475,-1079,762
45226,3580,3210,3040,923,340,1021
45227,3715,2539,705,-489,1510,1104
45228,-5744,5454,-3533,932,1958,1036
45229,3162,-132,-1005,1604,756,-1576
45230,5343,-5167,-4771,1733,880,-425
45231,6513,-780,-2771,-702,-113,247
45232,2560,-131,-1672,1251,450,-202
45233,7061,2562,4247,1709,1987,-987
45234,-263,-74,-1064,-1153,-886,525
45235,-2208,-2872,-4835,-14,-304,1744
45236,-308,2901,7776,382,352,-1919
45237,-7161,7601,-3595,-1438,1471,11
45238,198,6890,-5480,1603,-1489,819
45239,1163,2412,-5764,1867,1994,1464
45240,-4609,6957,5447,1868,-113,1400
45241,5010,5639,7353,-1941,763,-1079
45242,3881,-4519,6074,1260,-395,-1260
45243,-333,-141,3939,413,-274,1893
45244,1843,3214,-2323,-1797,-483,-1758
45245,-1592,-7030,6121,-18,1356,1539
45246,-2507,5030,4271,-1693,221,159
45247,-165,-5000,-6992,1121,-1929,-1776
45248,7044,150,3294,1038,36,-1182
45249,-869,990,-6521,573,-1098,-1083
45250,-6179,-5504,6940,995,-527,102
45251,7350,2263,2752,1332,-647,-207
45252,6710,-3949,-6752,-353,238,-1187
45253,-2453,6974,4946,225,1687,-1989
45254,7162,-3907,2713,1122,-910,-892
45255,-5623,1260,2199,812,1279,399
45256,5425,-2297,3235,-1396,1946,-1797
45257,-4229,4326,-4267,430,-1806,835
45258,6079,-4403,-2995,493,-753,-433
45259,-1371,2,-6105,1946,797,-469
45260,4108,801,-3302,-1955,-1600,-1634
45261,606,118,1697,-1376,-1943,-518
45262,7419,-81,-78,118,-446,-1777
45263,-421,-3062,-6234,802,598,-1025
45264,6674,7488,4936,-446,1622,-1722
45265,-4097,4925,-5972,268,1427,6
45266,-5260,6709,1260,431,-227,-309
45267,-3274,-4200,6397,171,1709,1232
45268,1418,-3957,-6387,-689,-1485,-66
45269,-1398,3473,-4194,-240,117,1801
45270,7746,-1062,-5712,1015,-795,1370
45271,4168,-1551,-6341,-1112,184,-73
45272,7224,-47,-7602,936,-1190,-1947
45273,6818,5130,2166,1769,1113,1599
45274,2365,-1289,3867,568,-402,-1657
45275,4756,-7591,-1969,1730,-1317,577
45276,1732,2782,1143,69,145,512
45277,-3766,7951,-424,-1569,442,-359
45278,-2774,-6210,6179,782,18,-151
45279,7167,7682,848,19,1516,-834
45280,-5391,-4946,3307,1219,-892,-382
45281,-5342,-753,7189,-1313,-1676,1660
45282,3363,-4382,4136,834,1666,1607
45283,-1703,3910,-5552,280,929,294
45284,-2318,2427,-907,460,-774,-807
45285,1594,-2776,7860,539,1578,-57
45286,3856,657,-1239,225,1017,-868
45287,-2156,7612,-29,-843,1095,933
45288,7855,1137,4384,-847,-56,-547
45289,5842,79,4484,-521,-1532,-1039
45290,-3656,7544,1724,241,622,820
45291,-3179,-2367,1802,226,1230,291
45292,-54,7202,-3708,-1172,-467,-1605
45293,896,-3407,1710,708,-1963,992
45294,-5666,4584,-4336,-630,1267,589
45295,-7850,2678,-1166,608,795,-706
45296,-5590,4388,-3224,1194,-1498,-1664
45297,-7295,5767,5551,-838,-113,-597
45298,-631,5256,3022,744,-1304,35
45299,-7322,-2924,1384,-1550,-1153,-1055
45300,-2098,-2186,2658,1118,1851,857
45301,1218,-7196,-1800,-1379,-1429,629
45302,6485,3550,2440,-550,-1469,92
45303,1495,4192,139,-1270,1759,-1726
45304,-5044,4157,1681,1570,-1541,1844
45305,-7824,-1344,-6657,-374,1589,-993
45306,-4735,7917,-6821,-1956,-401,1345
45307,-5762,-2680,3069,-1480,-510,-15
45308,3629,5372,-3309,-1891,-580,-1040
45309,3349,5955,2226,-719,611,-926
45310,-5942,3842,-3243,1324,291,-1269
45311,4825,-4796,-2812,551,-1469,1901
45312,-1796,3031,1077,21,-1264,-1013
45313,3888,-4465,-6732,-1998,-628,-1291
45314,-7269,7151,4730,329,-1275,-1326
45315,1741,6233,-7020,957,1744,-1849
45316,1230,7883,4202,-719,-1055,-1173
45317,-3601,2722,-2970,-856,864,702
45318,1607,1265,-1403,-727,998,-1397
45319,-3931,-6087,-7648,-1278,824,-797
45320,4176,-695,6663,1442,-1864,-837
45321,6900,7513,7036,-43,-1,-1761
45322,-7491,-4463,7475,307,-259,1710
45323,-5330,1280,-7385,-1709,-306,1675
45324,5341,853,7770,1796,357,1550
45325,3949,4939,-6636,824,-1405,1238
45326,1577,989,7545,368,-1833,-1596
45327,1830,7180,3325,-1040,-767,-1311
45328,7602,-6582,4918,1335,444,397
45329,-1827,3046,5678,1973,-654,-1134
45330,-7620,-1579,-6658,-1852,-259,1823
45331,-5158,-1263,7788,-1817,856,-1201
45332,-3661,1427,-1609,-782,-1038,-913
45333,7973,1931,-2420,-292,1634,-729
45334,-7864,-3449,-6687,1130,-161,1055
45335,7257,-1195,-5047,1350,908,-607
45336,-3262,-5048,-1240,451,-33,1086
45337,-6318,185,-7240,1676,-1876,-1057
45338,6927,1532,6749,-735,-687,-869
45339,-6552,2394,7378,416,108,-1052
45340,-2512,1420,-7535,-1534,1066,-1931
45341,-1614,-2232,-4450,-1179,-207,-108
45342,-4566,6977,-1034,1698,-718,-1284
45343,518,-3394,-4390,1393,1802,617
45344,3116,-1824,-2486,-178,41,-569
45345,-6301,4064,6158,1709,-839,-1862
45346,1898,-2093,7506,222,1349,-500
45347,-2453,5052,1617,-1704,376,-336
45348,-1947,-463,-2731,580,844,998
45349,5622,-434,-904,-254,-97,1287
45350,3951,594,-3209,1116,-88,-1702
45351,946,2766,6034,32,-106,-547
45352,1217,5021,111,-1162,1639,-432
45353,-4076,-3481,-4645,-246,-1454,-1962
45354,-6513,810,-6202,988,-675,-1367
45355,3569,1826,5471,309,1419,-548
45356,6504,-3724,2943,-1390,-22,-663
45357,2753,3938,-4831,-336,357,-697
45358,-988,-4871,-6019,1664,-134,502
45359,5062,-4520,2441,-1709,-120,856
45360,1138,1982,-6181,1613,-1643,-979
45361,-5747,5771,-1101,-854,-1614,-941
45362,351,-6567,-4329,-1780,-1754,1183
45363,-6642,-1136,1577,-711,-1873,1204
45364,-2175,-4604,-2825,1181,-1499,1378
45365,-7525,3175,7705,-1783,-785,-483
45366,3060,-2160,2027,404,57,-1790
45367,-6029,-1421,-1905,1862,378,895
45368,-3214,237,-2263,-1359,413,-1031
45369,3048,-1586,4242,-1130,-91,1390
45370,5297,6072,3060,19,-795,-258
45371,-2709,94,7832,889,-1919,1961
45372,5052,-3808,677,1507,-779,241
45373,-7026,4069,-7010,-757,-784,-1244
45374,7940,-592,2199,-1227,-508,-452
45375,-5265,-2822,2688,-876,-461,-1942
45376,6679,-2962,4575,1211,-1446,819
45377,3054,-3712,-2065,-1663,-12,-1319
45378,5829,3465,5194,-1008,-1309,1795
45379,7221,-386,-5174,-1073,836,1573
45380,89,-7313,7758,1900,891,-1917
45381,906,5539,-6547,489,924,-977
45382,-6520,5118,-3172,1528,-350,1529
45383,2297,-2631,-629,-1335,1039,-1630
45384,-6407,4889,-5800,-1992,-930,-1544
45385,-1828,4740,-6915,-1445,-64,442
45386,650,-6730,-6507,837,-435,-1992
45387,-7928,-261,-1142,256,89,-1118
45388,-346,3500,6332,-566,-47,-196
45389,-1262,5573,6364,1053,-1802,822
45390,2555,7134,-4672,1090,-1481,479
45391,-1934,-3951,-2045,368,1233,-1370
45392,6115,-6637,4557,75,-1751,-1946
45393,-3850,2547,-3209,825,-466,-1440
45394,2642,-3476,7425,-74,17,3
45395,-2258,-6361,5894,-997,-1845,1840
45396,-1568,1539,5010,-1538,101,341
45397,3715,5156,-1326,-1952,-1517,1881
45398,-1534,-822,3461,-1540,1660,-1626
45399,-6975,3088,-453,258,637,-158
45400,6539,-7182,-7986,492,-985,72
45401,2365,-5783,1822,-945,-611,984
45402,-5466,-1819,5981,-1668,-435,-1571
45403,2494,-829,-2853,-1487,1608,-1473
45404,7353,-4031,-6775,-1835,-530,-1614
45405,7404,-1339,6130,-1456,-1431,1942
45406,7902,1893,-5229,926,-121,1618
45407,-1060,3812,-6697,-1454,-402,-1825
45408,-782,4325,4655,-56,1236,-1180
45409,-664,4155,-6978,-218,1386,1845
45410,4719,-7838,7130,464,1266,-23
45411,-6190,-4306,3962,-175,-559,-1377
45412,3271,-3425,6048,1424,420,-3
45413,-1110,-2453,-7719,-1977,-174,-92
45414,6978,-6854,2940,1499,1183,1244
45415,-461,6034,-6365,548,-1339,-497
45416,-1118,14,2012,-1138,-548,-1459
45417,7199,-5317,-3682,929,1898,-723
45418,-693,5233,6095,820,-964,1457
45419,6714,1704,-6781,883,1087,1473
45420,3426,2036,2566,-1148,-919,-1382
45421,1090,6629,5904,762,1866,949
45422,701,-5945,5729,106,1686,-1845
45423,2402,-405,-6935,-798,1975,-70
45424,1643,4612,7901,-1595,-1223,-1480
45425,-3232,-6905,-1974,390,1742,-415
45426,6927,-984,-3795,1024,729,154
45427,7656,2156,4579,1806,13,1595
45428,1142,-597,3335,724,-559,689
45429,4190,7694,-5472,-1171,-560,249
45430,5668,-343,4152,-1052,1918,-805
45431,88,-3939,6739,-273,-238,-883
45432,813,-1955,-7222,1024,582,786
45433,-6237,5201,7771,-411,1148,1051
45434,-3998,-6671,-1216,897,-986,-1173
45435,6247,6670,3257,-1762,678,1518
45436,373,-141,4700,-434,-626,1656
45437,4684,-3491,6458,-278,-1872,-500
45438,6873,-2961,-94,1551,-1390,1907
45439,-7286,2217,2179,-1155,654,-327
45440,-2797,6744,135,1021,-771,-1960
45441,7553,6411,-1721,1640,1558,-1808
45442,7792,-4206,-4169,-781,140,482
45443,2804,-631,5825,1934,711,237
45444,-7094,-2678,-7968,202,125,563
45445,2819,5587,-5608,137,677,27
45446,5392,2663,-5595,-1325,1216,-1895
45447,3530,1450,4882,-1827,107,-1827
45448,-3928,2121,2480,-563,438,-301
45449,-6327,68,-2502,-1080,645,1270
45450,-3662,-5822,-2411,299,-1844,-761
45451,3432,-3687,2968,1489,-1109,-147
45452,-7394,2699,-6476,673,-509,-989
45453,4964,-4510,7869,-1597,1094,859
45454,-7189,7466,619,-927,-467,-782
45455,4730,-5436,3214,911,-1675,-1322
45456,-4986,-3705,7939,1659,537,1457
45457,1070,-2136,1559,71,-599,-1773
45458,-583,-6036,-6573,328,-680,-781
45459,-1201,6992,6864,-1374,-1918,1793
45460,-4212,1126,6159,1109,-461,748
45461,740,6309,568,-598,-551,1134
45462,819,3386,-3007,-871,-430,1054
45463,-286,5479,5569,351,1447,159
45464,2529,-4975,-5463,367,1004,1214
45465,5123,-6202,1923,-1875,700,742
45466,-2676,-5055,-2940,-304,-884,-268
45467,4301,-2457,6738,1489,-706,1640
45468,177,-1531,4087,-1516,1686,-275
45469,1390,-3798,5135,-1377,841,1655
45470,4157,5548,3463,-1447,1581,-1675
45471,-1948,-7571,4149,368,-1866,776
45472,5379,-2120,7731,-809,1696,1168
45473,1627,5871,416,-4,738,458
45474,-401,-3401,-2074,477,-269,1452
45475,-7261,5154,542,166,-1550,1848
45476,-194,-7864,5433,-1209,404,960
45477,-3099,2952,5446,1942,-1152,1363
45478,871,1632,-6005,1146,913,-1292
45479,7169,-1436,-1070,1271,526,354
45480,612,331,4999,75,-1289,-1192
45481,-3764,2798,-2075,1845,-1563,-1848
45482,-4230,203,20,1352,446,-806
45483,2432,-4734,4338,-1714,396,-1451
45484,1750,-5622,522,1642,1587,1007
45485,2180,235,985,-1794,-629,1099
45486,-2810,-6866,-6016,-85,439,-367
45487,-896,5593,-6784,-1981,802,-98
45488,149,-7373,-4277,1034,-221,-621
45489,839,5418,7742,1753,105,-1667
45490,3306,7755,4342,-85,-1126,-1790
45491,4489,3700,-1362,1483,1080,-232
45492,-5288,-1216,2141,69,268,507
45493,3662,539,1452,-104,1026,1056
45494,-6542,4290,-3618,-1560,-1753,384
45495,-6793,-3707,3763,-25,-316,1855
45496,-6916,-2794,-2059,1098,1970,524
45497,-3026,-4326,-3710,-1685,125,125
45498,5433,-7029,7871,-1072,-203,-1116
45499,-1642,5798,1414,741,725,-244
45500,-4630,-1126,3247,1854,-7,-1759
45501,-406,-7271,-1239,235,-1915,1627
45502,7452,-4633,5478,-1519,-1229,-1495
45503,4146,-5414,-1921,-456,1372,-1415
45504,2697,-6196,797,-1001,46,-1902
45505,-241,4811,-6326,-132,1092,-112
45506,-3842,3502,3463,1720,-1645,-1993
45507,6268,-2417,-6442,-1419,-1446,-1016
45508,2363,6051,7007,292,334,427
45509,-7448,4525,-7079,-1452,447,-404
45510,-3917,-3316,2225,1009,1252,-1896
45511,7376,1283,7227,-1330,1771,-1468
45512,-7994,-4899,5183,-27,-731,-227
45513,3214,7617,1327,665,-1115,834
45514,2468,3754,1709,-374,741,559
45515,1820,2618,3625,773,-1123,1064
45516,-3664,4985,-6685,-1523,1060,-1054
45517,3170,3255,-321,1086,-1439,664
45518,1479,3253,6409,-1052,-1454,-1805
45519,-7399,1854,-6219,-1323,-1082,-1746
45520,-4975,1066,-5678,-1626,246,-291
45521,1408,3243,440,1360,-179,-889
45522,108,-4381,6540,1564,608,-1173
45523,-3685,-2516,2123,977,-1332,337
45524,715,3028,-5918,-224,-1350,1542
45525,-6299,-2314,-7956,-1324,-1219,599
45526,2415,5432,132,-1279,-873,531
45527,-1166,5032,7691,-1143,677,-263
45528,4119,-2210,-2705,-1341,238,1594
45529,-4751,6010,-4915,1262,37,892
45530,1893,4353,5194,-1881,690,1107
45531,3691,-2328,-2833,106,407,-1219
45532,2303,-1720,842,-1730,-1535,1829
45533,-6598,-7695,4187,423,1165,1162
45534,147,-7497,5762,-1734,777,586
45535,6949,-7690,7710,1352,944,575
45536,-802,371,248,1778,1246,-266
45537,-6257,-5658,-274,78,-1090,879
45538,-3618,-7375,-807,38,-777,-444
45539,-7676,5200,-1831,1735,-759,653
45540,-1840,-183,-5750,-825,865,-1956
45541,-3177,2781,-172,-305,-236,-1256
45542,-1706,4867,-2906,-218,1407,-814
45543,3612,-1453,-2298,1668,-1359,1331
45544,6438,4771,-6984,-422,-28,-1011
45545,6894,-983,-2774,1924,979,363
45546,4462,7438,-3121,493,-1928,863
45547,3930,-6922,6686,-1369,1114,779
45548,-2066,-7962,4160,-25,-642,-339
45549,5472,-7378,1329,628,-721,-1172
45550,6399,-3057,6858,-896,1365,-993
45551,-5631,2989,-3770,-1288,1792,-572
45552,118,-5998,6020,1570,1158,-1284
45553,-660,-5342,4464,-630,1434,-1291
45554,-2449,-6799,-7144,396,-1542,-1750
45555,2329,-230,1164,435,-99,-312
45556,-2040,3693,3990,157,-420,542
45557,-5859,-7695,809,79,1842,-1446
45558,-2412,6848,-7814,-1224,1324,-1182
45559,4805,-239,844,-906,-1659,-482
45560,4207,1039,-1331,218,668,130
45561,7302,2837,5065,-734,-1145,-64
45562,-5189,-1056,-7531,-1724,-1627,484
45563,-7909,-7997,665,158,1933,859
45564,-3151,3706,-7576,-860,-674,-66
45565,6483,-4112,-2431,-959,1675,867
45566,6235,-7423,1396,1624,-1045,-377
45567,777,4854,-4281,-1569,997,-914
45568,5126,-3145,3750,-1157,1589,-476
45569,-4651,-4291,1982,1520,-1358,-622
45570,-1219,2845,-2925,-1583,1932,899
45571,-4415,-6885,-5550,-1011,1355,-1379
45572,2855,-1836,-3740,1173,-1257,1613
45573,7637,-995,3487,1348,1196,-943
45574,7676,4976,-2623,841,-137,201
45575,-6184,-2210,6057,-512,456,607
45576,-6682,5434,-1663,1060,1091,-242
45577,3351,2388,-3566,-1548,1934,-935
45578,7043,-6907,-758,-1069,-1329,551
45579,-6174,7403,7936,-1197,774,-1436
45580,5620,2859,-3781,1768,-1866,-1786
45581,1308,2253,-4586,905,-227,897
45582,5831,-6808,-557,809,462,57
45583,-1847,-4789,-4567,602,-121,-1844
45584,3881,-7611,1174,-495,1144,1820
45585,2350,-6216,4782,1640,376,980
45586,7695,-2499,6731,858,1447,394
45587,1342,5774,-5808,1832,-1476,-1330
45588,-3895,1219,6846,315,-1517,1501
45589,-514,3829,-3727,1542,1916,-38
45590,-7095,-7282,-874,-689,186,-1453
45591,5718,1325,5217,-139,-1844,-1361
45592,-6775,5370,-4911,-886,803,-900
45593,-270,-2789,3151,-773,306,1132
45594,5260,5983,-2371,1983,376,-601
45595,483,5289,-5901,1521,-793,-761
45596,-1887,-2932,-7295,317,-1535,293
45597,4219,1503,-4765,-177,79,1914
45598,-593,4098,5877,433,664,1111
45599,-1308,5952,-5884,1688,1703,1349
45600,-7242,7711,-3721,-633,-1295,1320
45601,-1795,3603,-221,-489,-1140,976
45602,-2881,-4208,1347,-297,-8,1467
45603,-5934,-2852,2007,372,822,1249
45604,-6625,7804,-3141,-834,1439,-1561
45605,-6960,-6687,-595,-124,1002,1022
45606,7812,-3219,-5273,1019,1701,-173
45607,2038,3523,7536,-276,-356,408
45608,7011,5663,-4619,311,525,-466
45609,6867,-1543,-3570,905,-1145,1315
45610,-920,6442,2951,-1451,-258,1719
45611,-3548,-1934,-3871,-759,1101,-1013
45612,4273,1824,6732,805,781,150
45613,2046,-3952,777,1181,1414,1545
45614,2622,5164,2655,768,-720,-693
45615,7671,4670,4097,954,824,-1153
45616,4699,-2635,184,1681,297,631
45617,-1306,-6654,2812,-1007,1696,-961
45618,-1397,-5416,6447,-1732,1695,1231
45619,7285,-7509,3579,-892,380,768
45620,849,-2423,-3488,-1825,513,754
45621,678,7452,7112,1053,1672,215
45622,-374,-7499,5315,-1469,1899,-805
45623,-2807,1646,4856,68,864,1730
45624,7473,3846,7031,337,815,1546
45625,816,5481,6835,-1259,-950,1365
45626,1385,7244,2660,-1924,522,-1230
45627,4055,3998,-6298,-310,474,1396
45628,1021,-7868,-219,-443,741,1021
45629,-1925,-7612,-4718,-1110,1164,-78
45630,-7324,2675,-3753,-1821,1776,608
45631,4233,1766,-4738,-260,1078,-344
45632,3598,-4024,-1256,-564,-1536,-194
45633,-5248,-5429,1783,-1651,-559,1761
45634,4018,347,-5241,-675,-1906,147
45635,-4010,3732,-516,-683,-621,331
45636,-994,-7366,-156,-402,-641,438
45637,-4896,-5253,-2782,-1506,1420,-188
45638,1303,2739,948,-1876,1557,797
45639,4758,266,-7778,-1303,-1751,1942
45640,2642,-4057,918,1741,-222,1057
45641,-2329,6448,4712,1241,-1660,-1300
45642,-6834,7585,-3408,-1513,1742,-1339
45643,1860,10,-399,-426,-1417,545
45644,-2306,603,-3984,-960,667,-583
45645,5725,3154,-1906,-772,626,-859
45646,-493,7662,-4268,-397,393,1203
45647,188,2806,6766,-115,-1557,893
45648,2472,5406,-4691,-9,-680,-650
45649,-2321,-540,-7788,1141,-1130,1849
45650,-4717,5500,6194,-344,-651,1154
45651,1489,2682,-7772,-64,-1022,422
45652,-167,5389,-653,1653,1012,-731
45653,7778,-6417,3354,-552,-1418,-24
45654,-1635,-5159,-443,-785,1394,1792
45655,-3285,-6257,-5338,-234,-877,-791
45656,-3105,-3249,3149,1134,484,1235
45657,-2140,-4579,-7256,-1912,995,-639
45658,-6887,-1592,-902,1590,1891,-1923
45659,-3035,5498,7753,1647,-1442,-1055
45660,-1891,-4490,-4603,-49,781,-995
45661,7086,789,2561,800,-1590,485
45662,6009,4867,6605,-1671,1214,-1545
45663,470,-4222,-205,-425,-354,-459
45664,6418,-2260,-1879,1197,867,682
45665,7980,2971,786,88,-1331,1223
45666,-1794,-1090,-3828,1830,-282,-1900
45667,-6495,793,-973,-1774,497,-1603
45668,-3713,-4092,7784,-1426,-1972,-240
45669,6399,2619,3368,-285,-880,-268
45670,4173,-1787,5233,-794,295,-1755
45671,1591,364,911,336,-355,-943
45672,3327,-7485,1279,-545,375,45
45673,3435,-6638,-7524,1114,-1434,-1258
45674,3556,-3838,4954,915,1799,164
45675,7180,6090,3653,-882,-830,584
45676,-7669,-772,921,1727,-1657,-347
45677,2463,7296,7292,-782,-1444,484
45678,2187,4786,-830,1437,-1297,959
45679,7664,-3947,-2694,1722,1316,1553
45680,-6368,-4987,5094,622,-483,972
45681,6970,-6481,440,925,1263,-730
45682,-5090,-7434,-7628,423,-259,-1122
45683,1640,3379,-5468,1150,-319,-1147
45684,4981,-6351,6751,-59,-1002,1149
45685,-1740,-3266,-4091,1697,-836,-171
45686,847,-7879,-1365,-1588,158,128
45687,-7070,7067,-1137,1689,393,-1385
45688,-2087,-29,-7642,241,377,1529
45689,4701,7409,-6384,-1326,1701,1039
45690,-5206,6133,2586,369,1412,-1943
45691,-1481,5072,-2230,-305,-130,608
45692,5804,2146,1777,1942,-397,387
45693,-3653,-1919,-6570,-1376,-1436,1191
45694,381,960,7378,-145,-1196,1506
45695,-7255,-3651,7974,-28,537,769
45696,2352,-2705,-5887,-1193,1228,-1946
45697,5134,-6956,-4580,1466,1212,622
45698,-7301,-6433,1321,1296,-347,668
45699,5085,-1367,1727,187,-559,-492
45700,-5495,-7695,-7851,-530,331,1459
45701,-970,331,-4724,-413,-1171,-450
45702,1194,4204,2529,117,-1701,1337
45703,-3357,-4569,3741,-791,-738,-123
45704,2664,-2661,2649,77,1883,-968
45705,6805,-760,-6732,-535,1851,635
45706,178,-2556,-4721,-77,-988,189
45707,-323,-5887,4555,-1660,-927,-719
45708,4716,-38,-6669,-316,-384,260
45709,-3836,2579,6887,998,-797,669
45710,1143,-7903,-7458,-1357,878,-713
45711,-195,-7819,208,1804,-651,584
45712,4095,6359,6967,491,-410,947
45713,4545,-2652,-4720,-75,-1555,621
45714,-896,-5563,4626,-639,-1599,211
45715,-6654,2785,-5396,-1961,-661,1680
45716,-7781,2283,7545,1806,-414,-1205
45717,-3142,-4818,-385,-609,-1891,811
45718,7988,-5884,-2643,1596,-1003,885
45719,1339,-6829,-6298,-224,-1686,-1504
45720,-7886,-3603,-4110,-1342,-871,-573
45721,590,-2943,-482,1943,1865,970
45722,-7838,-4040,-2443,-1372,1343,1253
45723,2717,-626,3474,998,243,-824
45724,-7884,-4136,6655,-1571,-1572,-661
45725,1516,3242,-2911,1724,-215,-776
45726,-6576,-6784,-7739,1104,-1433,877
45727,6122,-2942,6202,776,-411,-426
45728,6192,-3228,3507,1682,149,-664
45729,3587,2726,5732,-626,1199,1136
45730,2925,-2648,5397,1531,-1762,1332
45731,-7497,-3599,6037,1570,-1039,-1023
45732,-61,7567,-7407,-1613,798,-1517
45733,4518,-562,-538,1122,1798,373
45734,964,-6371,-4909,-1433,-1075,-628
45735,-7555,-2773,-3824,794,-1367,1071
45736,1900,2431,-3745,1061,1015,913
45737,-4210,3354,991,-887,-1707,-385
45738,-2179,1710,3698,825,-419,-867
45739,-7295,4377,-7103,1057,-1471,646
45740,-773,4500,2950,-242,-1801,1374
45741,-299,-4104,-6343,-1711,1280,-788
45742,6112,-7211,1003,-595,-932,-1004
45743,-5749,-5681,7524,1667,1435,191
45744,1973,-37,-7104,-1306,-294,463
45745,-3521,-4542,-4407,320,-282,-1172
45746,-7204,-7525,7029,1122,-1207,86
45747,-5984,6188,688,725,-1232,190
45748,-999,-7775,-6035,436,476,-1978
45749,-337,-6423,-2934,-771,-1130,947
45750,-1411,6563,1815,632,-1842,-824
45751,-1413,-1375,3116,-1397,-533,-1176
45752,4701,-4717,6794,1757,304,-1827
45753,-1528,4663,2708,816,-886,924
45754,6374,1116,1954,-918,-643,-769
45755,6482,5116,3570,-1868,-1083,1191
45756,-5640,-3173,-778,766,813,415
45757,1176,5042,-1643,843,-345,-383
45758,5921,5322,4387,766,-1325,919
45759,-1043,3913,-2036,-1119,1854,383
45760,7677,-5433,-3645,842,-672,-1787
45761,7149,-437,1942,-1546,1431,-1049
45762,-6639,-6473,5191,-1695,-1249,-1977
45763,392,-5549,5711,-1549,1691,-390
45764,3271,448,-5781,-1168,-1970,-806
45765,-3733,7601,6338,-1455,-1582,-307
45766,-5891,-7896,5750,-1965,586,-921
45767,4960,-2738,5695,776,1462,-854
45768,1269,6509,7788,-1875,444,880
45769,3731,420,-3095,-1996,345,784
45770,4046,-7728,-1946,-1197,566,866
45771,-7130,1952,-6707,-707,534,-1376
45772,4692,-2212,-4566,1097,824,1051
45773,-5367,331,-3007,458,119,-1331
45774,-375,-7214,-4207,613,-1302,-730
45775,-6892,-5103,-415,1872,-690,-20
45776,2908,6075,7087,1558,-201,-443
45777,-7715,7673,-2025,140,1225,95
45778,2474,2354,5845,165,-335,1217
45779,2539,-5286,-5943,-1194,595,133
45780,-6312,4039,-5261,-161,1620,-1113
45781,-1290,3682,-5565,-897,545,-1385
45782,-5244,1041,4556,-1533,-1140,-1426
45783,-2021,2212,-7711,-864,-1960,705
45784,3138,2935,329,488,1067,167
45785,-612,-6713,-5791,779,-1123,1090
45786,4807,7682,6798,-1473,-1531,-1194
45787,-786,513,-2425,-550,-21,-520
45788,-6950,1994,-3566,796,1306,-1165
45789,-1140,2444,2057,1922,682,1260
45790,-7938,6040,-241,1702,483,1865
45791,-6715,-5754,2394,1412,-1567,-1811
45792,6372,-3455,5261,-712,-729,1474
45793,-7661,5854,-7470,-40,-1013,-1238
45794,1419,-7846,-5488,1376,-665,1645
45795,-2680,-5409,-5240,-1000,-1199,806
45796,2661,1222,7090,-315,-191,1162
45797,6099,-5258,-7310,-1154,-1635,315
45798,-388,6838,903,1754,-1208,1222
45799,2471,-7428,6103,184,1294,1878
45800,-3132,2473,2205,299,-929,1335
45801,-1720,-6118,2135,-320,-907,-1461
45802,-5590,-6358,5070,920,421,782
45803,-585,-4670,7686,-780,-1186,-540
45804,-6461,-2334,-6974,898,118,-330
45805,-560,-4515,-3491,-1667,-1461,1212
45806,-5569,6689,2463,404,-1270,549
45807,-2494,5306,-7287,-1432,-1292,948
45808,4168,-56,2252,1197,285,-1016
45809,6723,-1129,4979,-252,-1824,-765
45810,-1819,-1252,-1403,-1044,-1192,1145
45811,-3888,-6160,-6979,255,1896,-1376
45812,-2607,-3942,-150,1712,1125,1627
45813,-7555,2453,-5191,-1345,434,516
45814,-1107,-5415,43,574,-906,-497
45815,-3941,5176,7785,927,744,-1601
45816,-6529,2964,-2900,-1956,1680,3
45817,-6332,-4553,-612,938,-1461,981
45818,2703,-3074,-6114,1377,868,-247
45819,2959,-2392,-5266,-1463,155,1154
45820,-7897,1956,-4409,1556,1533,1699
45821,-2176,-821,88,810,597,1940
45822,-5911,7815,-1453,-136,-1995,-891
45823,-6587,3125,-7478,-1977,334,-387
45824,-6,-3931,7691,969,623,1843
45825,-3657,-7669,2313,1773,-1624,-939
45826,-2653,-6475,-7098,-283,849,1620
45827,-2169,4383,-7583,-533,-1776,635
45828,-7753,-7641,-1612,-1483,1038,-1989
45829,6033,2073,5956,-300,-988,-281
45830,-4943,6636,-3325,-1099,-960,-1274
45831,-2774,1944,1457,-30,1863,-381
45832,-4843,-391,3263,276,-808,-1766
45833,3727,-418,62,-1094,1258,-1297
45834,3781,5947,5266,-354,-873,-818
45835,4705,6700,-2630,-1460,-1974,22
45836,4896,-6745,1393,-1909,321,1715
45837,17,-6075,7106,-513,-540,621
45838,5393,-333,-2612,-821,-1364,507
45839,-998,7190,2268,-929,1220,-92
45840,1161,1383,4310,1712,-1276,179
45841,5194,6673,-6102,-1054,815,443
45842,-1978,-2944,-4354,-366,524,-1483
45843,1972,740,-4357,486,321,1733
45844,-2766,7881,-2126,1903,691,-340
45845,4641,5305,4224,688,-669,-756
45846,5444,5625,5126,-1910,-1402,766
45847,284,-392,-5680,532,-1864,-722
45848,7243,-3238,-982,1836,-521,-529
45849,4358,-6441,4239,-1661,1810,1840
45850,5670,-6622,-4019,1829,628,-369
45851,5152,-4267,-6208,-13,-1327,-1834
45852,-5248,807,-512,-960,1770,-1384
45853,-1624,4117,620,816,-947,-1294
45854,-7607,136,100,-520,969,29
45855,-6929,-4078,4237,551,-811,-720
45856,-2166,-1419,6829,-269,-459,460
45857,-1087,-3623,-922,1178,1084,1063
45858,-4085,7711,-6229,-1822,-519,-481
45859,1278,-3241,-1839,-549,-868,-1207
45860,6133,-6215,4955,-195,370,-703
45861,-6369,-915,-2910,-286,1949,-72
45862,-3360,5295,2693,-1565,-820,-1397
45863,442,-1488,580,454,-1190,1173
45864,3185,-119,-4744,-553,-1211,134
45865,-4110,-7791,-1734,522,-936,1573
45866,6308,-2511,7358,-1812,1455,-1801
45867,2410,6218,3958,-1007,1859,-1659
45868,2770,-1901,6856,1731,-21,-1194
45869,-6007,3929,1413,1327,-941,471
45870,-7755,6529,7854,713,-145,-1011
45871,-7357,-7825,1413,-1000,-301,1537
45872,2513,-1761,-2502,-1679,799,1868
45873,-948,-7876,5479,974,-7,-1877
45874,-4421,7040,-3315,-1851,1704,-1452
45875,-7875,-6138,6613,754,14,382
45876,-7867,1034,-7996,446,-743,-1671
45877,-5647,-5674,7494,823,-626,-105
45878,3019,960,-10,-759,1726,-1037
45879,-3359,5093,3915,59,164,1691
45880,-4205,2034,6514,-1237,-587,1879
45881,-4589,4283,7912,-1077,883,392
45882,-7075,-6129,2169,611,-1218,-1165
45883,-4079,6432,-4095,-1548,-874,1306
45884,-5824,1182,-7482,203,58,-1627
45885,1672,-4453,-162,-1951,706,-390
45886,4735,4985,-4035,-752,-1118,-543
45887,-846,-6508,-3981,513,-1444,1250
45888,5371,-1634,5570,-972,1830,-803
45889,-6460,4221,-644,1726,1779,-743
45890,1729,-188,-6205,-637,-240,-1236
45891,-7304,4123,6086,1322,64,299
45892,5151,6939,-3915,1738,1322,-849
45893,-6070,-6205,-63,1529,-1284,983
45894,-2548,-3515,-6620,-431,-1257,-1890
45895,-1621,1929,-5638,1032,454,1400
45896,7724,2164,-5049,-342,1225,15
45897,-1988,5220,4989,-242,-632,-700
45898,2347,5889,-7869,-682,-450,-168
45899,-7265,1207,4130,1958,-1029,615
45900,-4200,-3964,5992,1984,-1443,-683
45901,6307,-443,7358,1724,1576,-428
45902,6364,-6247,-5920,-1511,-438,1511
45903,4561,2731,464,686,443,1448
45904,-6192,6092,3103,-899,-266,1425
45905,-2953,3735,-1197,-1793,948,1476
45906,5348,-2993,-6196,219,-577,1846
45907,-2673,-1285,3439,188,-648,321
45908,7000,-1754,5792,555,1134,1610
45909,-746,-6490,5421,1452,778,-1666
45910,2300,99,-6139,-325,128,-901
45911,-6078,-7157,-2818,1340,-99,958
45912,-2500,-2321,1970,-1667,-1460,589
45913,-3021,5677,-5464,837,1034,-367
45914,-4270,-5054,3807,1171,-685,-1522
45915,-6173,-4725,2151,1723,1333,1431
45916,-4015,7541,-1756,-545,681,-1799
45917,-2875,1314,-1433,561,-1291,1094
45918,-5869,5584,-4384,756,448,-115
45919,-6123,-4071,187,1506,-324,-1079
45920,-6434,5090,762,746,1336,-649
45921,5524,-4433,5465,-1871,829,-323
45922,-4609,-6051,-1231,1027,-1826,907
45923,7658,-3025,7092,-1075,162,1973
45924,7380,1041,6215,1687,520,-1895
45925,-3913,-1526,-1232,921,325,-1856
45926,-5290,-2282,2758,-1549,-872,1537
45927,-218,1642,7745,1971,655,-1830
45928,5959,3658,-5412,1299,711,1925
45929,3949,-6636,6762,296,409,-758
45930,6585,6232,2501,-146,1088,1082
45931,5043,-1497,-5828,1362,-1948,-327
45932,-2073,-3086,-7060,-268,939,1250
45933,-1629,-4616,-5888,-1282,-484,328
45934,-700,-6126,3622,580,1080,575
45935,3552,-72,2585,902,-1537,-197
45936,3613,4615,1506,1744,1289,1942
45937,5176,-7289,4349,815,-944,1172
45938,-5225,2581,7647,1756,1474,-78
45939,-5490,7096,-6291,-33,-353,662
45940,-6603,563,-2420,-1144,1917,1965
45941,-3248,3532,-4965,147,-31,761
45942,1802,4412,-7236,-1688,-1389,1589
45943,-5824,-5812,7811,-1680,228,-1029
45944,-5303,4041,-2803,685,-1824,1512
45945,-2707,-5106,5520,-487,11,-367
45946,7068,-4444,-3004,1509,397,1208
45947,-7395,-7222,-2472,-316,-1471,-1732
45948,7526,2327,3229,-305,1430,333
45949,-7643,-3599,-6732,83,-1838,-1556
45950,-2898,7004,-1188,-969,1672,-376
45951,4584,-2964,-2741,-1455,-780,-1665
45952,3821,-895,-7481,-1664,1899,-698
45953,2758,392,-1588,-1328,1184,339
45954,-7088,-1090,6856,-270,883,864
45955,-4991,-3331,5611,1204,-1265,24
45956,7414,-3359,-4765,-1762,-1507,862
45957,-7732,-3398,1876,-1099,97,-1578
45958,4483,-334,-2717,534,-1214,-967
45959,1766,4876,5937,-1697,1597,-41
45960,-4708,6183,2380,-1660,-1456,-381
45961,985,-2879,-133,919,1607,95
45962,7296,-5407,1676,221,1560,-406
45963,-4308,807,5219,1988,1839,-348
45964,7021,1652,-5235,-159,-1108,-1173
45965,3799,-4138,-3715,-156,-95,11
45966,7738,-7457,-2425,-673,-1451,-358
45967,-1774,5395,-4433,735,-858,-1283
45968,5990,820,-1593,-789,711,-1100
45969,1988,-5372,-4173,119,-645,1285
45970,-2566,-3967,-5387,1831,-492,-1339
45971,-7297,369,-2742,175,-898,-651
45972,6933,3711,5460,-175,-1317,1566
45973,4552,7019,-4152,1764,702,1463
45974,-4915,-5166,7635,1757,-533,139
45975,-3544,5034,-5559,412,886,-418
45976,6865,4880,5119,992,-1219,-183
45977,1650,5966,5330,-86,-1673,1609
45978,3212,-6741,6901,932,-1659,1255
45979,-7485,-981,5275,-641,321,-602
45980,-3487,-2579,-1160,1956,-944,1799
45981,-7455,-1567,-2685,539,-1508,-1830
45982,7454,5919,-7311,1670,-1891,-287
45983,4903,2548,1674,-370,-1470,-1426
45984,-490,3732,6984,-597,838,1582
45985,4701,-1798,5638,851,512,-1149
45986,-6074,7231,-3909,1058,-865,1490
45987,294,6621,-6480,228,-362,1388
45988,-3572,2804,-6326,-812,953,674
45989,4548,5168,-2862,-1940,997,-1515
45990,-3163,5449,1565,-562,-308,-706
45991,3668,-3334,-6212,1833,-441,1277
45992,5473,-4755,301,677,1635,1373
45993,4195,1944,-1352,-1975,-1137,-1897
45994,-4431,1734,-3226,1303,760,1994
45995,2671,3537,-1309,1726,64,826
45996,-6766,-3016,5471,-1829,310,1400
45997,4996,-6101,-3763,-297,-223,-292
45998,631,-4526,-3188,1838,-1907,53
45999,-3309,-5257,-5300,1293,-904,1874
46000,834,6632,-6043,-1402,-1099,-1823
46001,2977,-599,-741,-1303,-1899,-1610
46002,4570,-2427,3817,824,1268,1680
46003,7856,-6970,-6793,1295,-562,707
46004,-7683,-760,-7420,-979,-264,521
46005,3700,-2214,-6320,1885,-740,1219
46006,-6451,-6700,-4474,-963,565,112
46007,1022,6938,-2289,-1211,-1371,-1607
46008,3736,-4224,5628,1029,-1533,1899
46009,2121,1230,1303,-509,205,316
46010,4134,-2460,6137,570,896,-1792
46011,-4650,7099,-334,-317,-1226,-812
46012,4815,6598,3736,543,-1324,161
46013,7950,7364,-591,517,218,1402
46014,-546,5688,-3799,-613,-1688,-150
46015,6433,-6404,-6476,517,932,638
46016,5183,7210,3880,1945,1086,1594
46017,3778,1407,-6298,1895,38,1758
46018,6522,2269,-1277,1278,674,1836
46019,-6773,7588,1176,-1008,16,-894
46020,-7465,3633,7997,625,-33,-913
46021,-4865,4076,7020,-1020,112,-1731
46022,-617,4588,-195,-18,5,-840
46023,-390,-2340,7754,788,117,324
46024,3418,6037,3260,-1231,1391,-1290
46025,1686,6583,-3823,-1496,-635,1604
46026,-2314,-6068,-959,875,-1530,-443
46027,-5169,-940,-6991,-332,823,-51
46028,-5258,-7323,-1839,-1963,-1500,-1814
46029,4112,7682,3602,-53,1343,-236
46030,-1637,-4441,-2402,1694,-1584,-1053
46031,-2748,285,6310,-474,-22,724
46032,7160,-6966,-5247,-1558,-1903,-256
46033,-4067,4522,-1307,1278,-710,1220
46034,-891,-3114,-4158,-234,686,-568
46035,-664,-66,-7945,-1452,-1603,-987
46036,5503,1856,-4620,-608,-1342,13
46037,3596,1525,-4601,1642,-1551,763
46038,4133,-5314,3601,-993,-931,-1680
46039,-2746,-7417,1357,-694,299,1549
46040,315,2785,-5078,-1810,1495,299
46041,4116,3086,-316,-355,295,1129
46042,-7408,3735,-7262,607,-1915,-1870
46043,-1507,6118,-7052,-231,714,-1806
46044,7270,1680,-981,-1807,-901,-1204
46045,-7531,1076,-3224,-378,900,-1715
46046,3447,-1375,-663,-56,-1757,-1226
46047,-1656,-4297,-7580,-1784,-152,-46
46048,-6085,5662,-3550,-1795,-1118,-1837
46049,723,-7183,-6730,-743,-1332,-1447
46050,6975,-4842,2080,545,-1410,990
46051,1271,7275,7171,-959,-586,-42
46052,-1816,1882,-1992,1823,-162,637
46053,-4325,1814,1164,565,890,-720
46054,1941,-6973,-345,-1938,-340,135
46055,6174,3584,113,-1058,-1503,778
46056,-5374,861,-7994,1448,293,1128
46057,-2641,-283,5051,-718,-1633,73
46058,4867,7426,-1041,-402,339,1330
46059,1952,-4848,-6157,797,-1644,-316
46060,-962,7594,6841,1946,1869,1013
46061,6538,-5520,3171,-591,817,242
46062,-3279,6328,-7499,-468,1699,-1055
46063,7783,5399,-7461,315,1325,1794
46064,220,-606,3641,-1813,-1537,-1994
46065,-1987,-7490,-1212,-1713,-121,885
46066,6568,-574,-5437,-1506,-791,-1042
46067,-3886,7480,-5417,1850,885,1379
46068,-6756,-57,-2964,-126,1395,990
46069,6746,-3012,6519,-114,1039,1044
46070,-2323,-7934,-4076,1669,-1873,-1402
46071,-5972,3584,-3971,1823,-1583,-1760
46072,1734,3324,-2326,-677,-371,-1314
46073,1128,-899,-4485,1520,-1040,1746
46074,-2110,-2825,-1356,604,532,-65
46075,3658,-3544,3321,222,-150,-204
46076,923,-6778,-1833,-1544,-577,-1283
46077,541,-2372,-6680,294,1515,1367
46078,632,648,-7233,417,457,-621
46079,4904,3910,6697,-1031,1838,575
46080,-6579,-6348,-1672,-466,-1167,-2000
46081,3934,1430,4067,-1410,1556,-1169
46082,-2323,-4546,-2314,-1127,376,943
46083,7485,-5031,5332,-323,1369,-696
46084,-2995,4667,7391,-752,-1973,-849
46085,-148,5355,6406,1205,1044,-62
46086,-7697,-6850,-4226,492,-627,988
46087,-7921,5465,5848,-1475,1628,146
46088,7067,5486,-3724,-350,-79,1429
46089,-4317,-964,1537,-117,-1230,934
46090,7065,-1614,6695,1736,-945,1664
46091,5630,-5901,-633,946,-1182,-220
46092,-1357,6391,4377,455,1289,1329
46093,6198,4667,-6291,1663,-241,-1694
46094,-4807,705,1796,-446,-951,-1047
46095,1929,-378,-4204,1323,1563,586
46096,-6155,6872,-345,-52,-22,-829
46097,-4701,-7736,-2462,153,-1928,-894
46098,-3656,-6867,5082,1281,80,-843
46099,4951,-6358,5740,1042,1861,469
46100,-4827,-212,-4333,1000,-1859,207
46101,7417,-6483,-3979,-1000,-718,-768
46102,-1284,-7109,-1859,1749,1788,-734
46103,-589,1238,-4902,-694,-1693,-295
46104,4499,2816,5287,-589,94,-8
46105,-685,-7632,-691,916,-490,1896
46106,1265,7711,4643,-313,-350,-1167
46107,-6031,-5705,-1092,1416,-1131,-638
46108,-5779,-3202,763,-1410,563,-392
46109,3656,7353,6893,874,-1571,1598
46110,5480,3053,-4052,-469,282,-946
46111,-6772,4587,-5849,409,-1996,-183
46112,2967,2762,-7205,-592,668,-1750
46113,-6582,-2550,7338,-813,-1709,88
46114,-3693,740,4986,-1223,-649,365
46115,5179,-7811,900,-1745,-975,-203
46116,-5829,5483,438,1171,-191,-1238
46117,-261,4097,1203,-1221,-1684,-1824
46118,6252,696,-3060,1257,-842,1855
46119,-6841,-3566,1533,-844,-1145,1138
46120,6027,-439,3636,513,-652,-176
46121,-3449,2434,4406,1468,1125,-582
46122,-1198,-3769,6294,1522,889,-36
46123,-2994,-4202,-4342,-537,-1583,-1617
46124,5096,-4571,324,348,975,-1574
46125,5887,6400,-823,1467,-1411,-676
46126,4763,5853,4675,-1122,1894,-1436
46127,-4880,-2666,-5708,867,968,-552
46128,-6343,-1552,-7599,1774,896,-1043
46129,3805,-856,3942,-169,-1956,1823
46130,-5945,2077,7573,-1522,-1207,-512
46131,-5901,6922,5809,1051,1788,1974
46132,-3964,1017,338,1644,893,775
46133,-99,-6048,-1458,53,141,-1546
46134,-6518,3382,7375,-846,1380,-62
46135,-5991,4756,5103,1890,-114,1429
46136,-3555,5501,-4396,-691,-379,596
46137,5948,222,1709,1636,-962,904
46138,738,6880,3107,1540,-1134,1132
46139,-6998,7922,6558,141,1321,1669
46140,-2850,-3947,200,-599,-66,312
46141,3789,-5532,5546,343,1230,1955
46142,4182,-5054,-968,-1813,-1951,-50
46143,1938,7751,-5054,1547,417,-902
46144,2650,-1944,-6480,-103,1639,1760
46145,-7740,-6589,-2125,1437,-812,343
46146,-109,-6938,728,-609,347,-647
46147,870,-5084,3999,-272,1958,-424
46148,-7954,5123,-1245,1854,357,-441
46149,-1446,6170,4730,-1019,-1242,-1467
46150,2664,-2633,-519,-1401,-847,-375
46151,859,-7715,-4860,-1353,912,106
46152,-6901,5843,-6336,-265,-1566,-884
46153,1802,1027,-7162,1618,-1996,-1323
46154,5946,-4624,-6226,-599,-671,58
46155,4035,719,-2184,-1632,-545,-991
46156,2208,-3074,-144,202,-794,1688
46157,2862,7645,-7968,697,462,192
46158,1273,-4322,5223,-9,-1696,91
46159,4437,3593,5624,-1696,-499,1311
46160,4344,4405,-4550,-1794,446,-787
46161,4881,-4727,-66,-1130,-1822,1665
46162,2208,6966,4811,491,1855,-1775
46163,2324,-3466,5346,-705,555,-652
46164,-4092,2375,-7498,-626,694,1149
46165,691,-4165,-2232,-529,548,1660
46166,4849,-5609,-7000,-1674,-669,1734
46167,5003,5959,-7661,-1117,592,-1471
46168,7670,-3813,3636,-1778,1691,1950
46169,3788,-3322,-1743,-1477,-1852,594
46170,418,4388,-627,-1171,-1636,1911
46171,1702,-427,-4643,-1547,1866,656
46172,-6491,-5905,-6569,-959,1376,1035
46173,6792,7830,965,931,-543,468
46174,-4015,-2983,6648,-1737,-1389,880
46175,-6708,-1453,-5257,-1277,21,1387
46176,-5223,-1834,-5026,1960,-348,1155
46177,-6381,5473,-1738,1919,-1984,860
46178,-4864,-4404,-2229,-1936,668,16
46179,5866,209,1973,-467,-1870,-248
46180,1581,2178,1215,521,751,1304
46181,-39,1131,5708,-560,1507,-3
46182,-5505,-3836,-6415,923,539,-1755
46183,2934,-7434,875,-193,-1743,1665
46184,-7491,6679,3652,-1125,1597,-375
46185,-6318,-7911,-6091,-1827,1663,-675
46186,-7066,6086,7959,-540,1268,875
46187,5587,-1731,2431,1647,-1248,1739
46188,5863,-1637,-5252,-1205,-539,94
46189,3289,-1231,6625,1850,1295,-1718
46190,-3659,3120,-2401,272,-1461,826
46191,2946,-2945,6632,-145,-1438,-814
46192,1582,-563,-4688,1925,1637,119
46193,-4262,-2090,7856,1580,1016,-1772
46194,-7223,1379,-7967,935,-611,696
46195,7925,7542,549,1396,279,902
46196,-4701,3370,5100,509,-718,909
46197,7168,6094,7705,-449,-1086,-861
46198,1128,-1946,1547,-216,517,-596
46199,6129,4552,511,-201,1701,-221
46200,-2665,4417,-3544,-587,-1800,1533
46201,-7271,-6998,-1230,-996,187,-1389
46202,-5849,-6365,-272,933,-1997,-1448
46203,1001,5647,-1201,1255,-1961,1155
46204,4373,-4516,5926,-317,197,-1854
46205,-4566,6798,-969,-204,1463,-1542
46206,5847,5069,6472,597,-847,942
46207,-1080,-866,7040,1431,213,639
46208,-1679,-4895,-2051,-1889,-1980,1512
46209,-637,256,-6796,1691,1697,-811
46210,-764,2953,-6633,-1395,-1625,932
46211,6814,-3841,-795,433,1158,-1794
46212,1518,-7874,-961,-1882,-1519,1345
46213,1088,-6256,6606,-1210,304,-757
46214,-7327,6003,-1710,1075,1761,265
46215,3676,3491,-226,-1810,-141,1469
46216,7851,3683,-7521,1833,-931,-906
46217,7897,5786,-328,-335,-450,-649
46218,-247,-7944,-7144,536,73,-515
46219,4668,2923,-3260,305,-1479,753
46220,5337,-1450,5451,-612,1541,-1608
46221,-1179,1744,1404,983,1690,-47
46222,-2050,-2309,6811,-817,375,411
46223,-1966,4005,3827,1198,-1087,651
46224,-1022,1048,6099,859,-796,-1015
46225,2213,7426,-5989,1056,-1546,104
46226,109,-2571,-5540,-1788,1319,-1705
46227,1730,6357,744,1263,1083,-734
46228,7944,-3369,5712,1320,-1541,-246
46229,525,1233,-799,-1767,-677,-183
46230,6649,1054,6625,1561,601,-335
46231,-4430,2888,-7644,799,1779,-120
46232,1460,-2329,984,946,123,-176
46233,-5132,-7231,6022,-1233,-74,1000
46234,7342,-1003,-136,-1401,-44,499
46235,-5895,2320,1519,1103,934,-424
46236,4556,5074,5230,-386,-466,532
46237,1623,-6505,5475,-1165,1037,1356
46238,-3210,-7534,-7621,-598,89,264
46239,-2476,2833,-1049,-1055,-1336,318
46240,-2804,653,-1987,1042,-1830,488
46241,227,-7852,-7930,54,-1560,-1972
46242,6656,2755,-5185,15,358,-909
46243,4690,-4848,4778,-1395,629,-707
46244,-7651,5122,2775,363,410,-744
46245,-869,4677,4402,1222,1088,1843
46246,-953,6546,-649,837,-513,-1870
46247,-7522,-6879,3133,91,-1397,-1526
46248,759,-250,1537,-425,885,-1982
46249,-295,-1706,7232,-967,1436,1581
46250,5521,-795,-3993,591,-628,-1726
46251,5128,-4935,-7489,995,-692,1184
46252,-5831,159,5034,-1433,-281,-1249
46253,-7603,-7536,3329,-398,975,1893
46254,5377,3193,-81,210,-1878,-255
46255,-1890,-5217,-3829,-1410,-1129,-1157
46256,-4154,-6061,-28,-1973,-298,916
46257,-1353,87,-2293,-1127,-1075,1971
46258,-7427,-2843,-2409,-989,-1985,-1631
46259,-5422,-21,-711,2,-702,1457
46260,2094,-3539,-4722,659,-1159,243
46261,-3890,4736,363,1941,746,-107
46262,7592,56,-3299,784,-1547,686
46263,-4579,6997,22,-1179,-1302,1397
46264,-3523,729,1830,1275,-174,-1693
46265,1120,1444,-5097,1133,83,1343
46266,-6418,5498,1765,1693,1992,-789
46267,-5627,-7092,-2603,-1750,456,1201
46268,2111,-4988,487,925,-906,-277
46269,6278,7047,7480,654,1997,1333
46270,-6160,-1361,-7409,903,1636,326
46271,4274,-7418,3834,-1486,561,-278
46272,7739,1879,-2745,31,-440,-1214
46273,-4954,-5209,1497,1435,1651,1643
46274,2347,-4900,306,1942,1711,435
46275,332,7342,-6161,-1791,1707,-457
46276,938,7649,2899,749,1459,311
46277,-4721,7051,4189,204,-789,1815
46278,-2404,-5019,-3861,668,40,-1358
46279,-2675,-1312,-4048,337,-1717,-313
46280,6703,-1818,-4870,-1992,1237,212
46281,-346,4539,6812,-123,-1116,-733
46282,612,2295,320,417,-587,-934
46283,7832,-2745,603,-849,-1252,1408
46284,-5535,-1287,-7882,-1820,1396,735
46285,-3857,6902,6863,-49,1557,791
46286,-2469,5693,-7432,-1272,805,1938
46287,6578,6530,-7371,-1770,-384,1894
46288,6161,-2706,-6682,1777,-477,-931
46289,1334,1739,2886,-1102,-1688,-1238
46290,778,-976,-1213,995,-1976,278
46291,-3446,1894,-3817,-1309,-1228,-1458
46292,2368,3090,-1636,1538,-496,-1759
46293,-3759,-1968,7466,-1444,-1162,1697
46294,2796,4303,-4266,-1831,293,-345
46295,2535,-7906,5406,-1253,942,1815
46296,6716,1884,-5693,-903,1326,-1411
46297,555,-2022,-910,422,245,-278
46298,-4544,-1657,-1852,39,-724,-890
46299,4254,5665,7627,340,378,47
46300,7469,3676,-5384,1918,-594,-585
46301,5549,6782,7634,-996,-965,-692
46302,4652,2297,-3821,-1346,1463,358
46303,708,-4298,-276,-1325,1594,-339
46304,7877,4346,4176,-460,564,-1700
46305,-7434,6853,-265,1365,1949,-1932
46306,245,-6005,-3702,-1615,-1293,598
46307,2660,7451,-489,-79,-1601,-82
46308,2488,726,4895,185,-1321,596
46309,-5508,6192,-7855,1888,1592,907
46310,2596,7003,2686,566,-1036,-625
46311,667,6880,-904,-1700,522,-81
46312,7857,1695,618,986,-1185,-1921
46313,2000,1140,955,14,930,-1466
46314,5317,5190,-2155,-1263,921,640
46315,-2994,-4380,5378,619,-1058,882
46316,7289,-4599,1200,-1446,-167,1699
46317,7059,1393,-6154,1208,744,1388
46318,-6554,-372,-7171,-613,-179,704
46319,2220,-7870,-1776,78,536,-250
46320,6453,-578,-91,-1634,788,-321
46321,2884,3045,6908,-1251,-347,-510
46322,-2461,2330,-4747,-1964,298,-1568
46323,-7612,-6608,5325,-1822,-1123,42
46324,2775,-3240,2132,-878,-950,433
46325,-1919,6298,-275,-393,-613,669
46326,-2009,-2653,-3081,-1936,276,1624
46327,7581,-4712,-1794,-954,-1274,1434
46328,2697,-287,-7925,937,-1165,201
46329,-4283,6258,-3325,-654,347,1830
46330,-4913,7174,5292,350,-1475,-1232
46331,7107,-2189,892,269,-1742,-963
46332,7700,-4106,-3967,-1738,-899,1748
46333,7493,-3898,2142,741,-142,-42
46334,7316,-2964,1727,-616,335,1233
46335,807,-2198,-6194,-566,990,1178
46336,-4809,6108,7574,137,701,1637
46337,245,-2711,2271,1188,1167,-76
46338,5570,-3049,-4863,-215,251,173
46339,5253,1050,-1860,159,478,-921
46340,-27,-953,6727,-694,-1392,1527
46341,1910,6526,2221,1558,-1607,-181
46342,-6283,-2139,-6588,1029,-479,-1599
46343,-3829,-6799,-656,-1566,1818,193
46344,3360,-697,-2411,1104,368,1366
46345,1838,132,1275,1057,-572,1298
46346,5900,-879,3419,-1032,1930,7
46347,-7681,-4780,-4811,-352,929,-1677
46348,-3287,4722,-6374,-318,1917,-189
46349,1826,6959,-7050,-1834,-1111,-633
46350,542,-2189,-5527,-820,1768,1272
46351,-5285,-2680,-826,222,1311,1714
46352,6842,-5954,-5199,-1570,672,576
46353,3594,-7680,-1080,-1774,1119,-1228
46354,-1678,7993,-7498,377,-1789,-1687
46355,3686,-6733,-1920,1283,1338,-1602
46356,-3157,-953,1340,158,1589,556
46357,-5132,-4523,-4611,-192,531,-1837
46358,-3376,5257,3611,771,1489,-864
46359,-5383,625,-5917,1220,-923,895
46360,7100,3666,-3153,-1049,-1977,-1470
46361,687,6537,971,614,-292,-542
46362,4150,-7183,-2792,-1912,-640,630
46363,-1213,5328,-6291,1254,410,-1296
46364,5253,4951,-4331,-226,-983,690
46365,5444,5502,-3226,-541,1212,-557
46366,5951,-6136,-7661,41,-29,506
46367,-4911,7662,7023,-1275,-1296,-1064
46368,-7769,-5268,3076,1143,1108,-1305
46369,6381,7270,4845,-950,634,-544
46370,3441,-4115,2716,1941,237,-556
46371,2707,-5089,-3089,-1751,1749,-1135
46372,1242,-2280,398,-1224,-1961,-399
46373,1989,-5830,3142,-344,-1401,-398
46374,-2507,-4034,897,1461,-1110,161
46375,4316,7059,-6576,72,1144,-1968
46376,1251,7439,-3824,-1045,296,232
46377,-1209,-6537,5277,-154,-467,-1345
46378,5130,1748,5088,-759,-1001,1786
46379,-2506,-1541,-1839,1380,-1050,435
46380,-1272,-6732,1439,-1651,689,-1518
46381,-1264,-171,6759,208,-1099,1665
46382,7703,-1397,2212,-493,-1575,720
46383,-7168,-6549,3647,422,-1093,-1180
46384,957,-7801,-4478,816,1154,1021
46385,7981,-2384,-749,1746,899,-5
46386,6544,3398,-7478,-1481,-1925,1727
46387,3752,-4656,-5015,-1583,302,1982
46388,6629,-7187,6328,-1792,105,1526
46389,-5035,6240,6299,1275,-741,-360
46390,-2444,1483,3907,1848,764,-15
46391,-632,4486,-3724,1955,1314,-1895
46392,7100,485,739,-400,85,349
46393,-715,4565,-7239,-83,1927,740
46394,-7564,3438,-7061,-1338,219,-1136
46395,-2012,-1814,3222,1496,-1869,982
46396,-2798,91,1376,329,1478,-1840
46397,-6932,7692,-1941,-1408,-1705,-768
46398,976,-5345,3942,-1798,-859,-1742
46399,-6346,-4622,-3545,848,1154,-39
46400,3241,6557,-7572,-1009,1113,-1229
46401,6049,7330,4931,-927,986,36
46402,117,3304,-3864,-1303,-1306,-4
46403,-3031,-4898,-1778,-905,1427,-1098
46404,-1735,2174,-6225,1971,-719,1458
46405,-2979,755,2093,-1497,-1188,672
46406,-3006,2995,-909,-1566,-1235,838
46407,4864,2156,-6131,-1219,-940,-1534
46408,5545,7682,6988,-1519,1709,-1180
46409,-1955,-251,-4750,-1697,1823,-1775
46410,-2402,-7719,5351,824,88,1360
46411,3597,4144,5793,-987,-1249,-1266
46412,-181,4879,6523,683,1282,1870
46413,-2793,-862,6065,-296,-936,1984
46414,-1229,4809,-3382,-81,797,150
46415,-1210,-5921,7652,-1002,-371,1805
46416,3626,-439,6833,115,-29,-986
46417,5713,-93,1514,-558,-1350,-432
46418,668,-5295,-1091,747,350,-202
46419,4653,-2088,754,-567,-1036,306
46420,-5466,-7562,-1363,812,44,273
46421,7013,-798,-3033,1425,833,-179
46422,-5774,-540,-1836,1652,1341,1920
46423,94,-1687,3299,-480,-1361,1643
46424,-7103,1131,5918,-1266,-529,-963
46425,-6901,-3431,-4969,1107,-1154,1107
46426,4286,-7655,7337,-383,-348,1202
46427,1509,-4697,-6548,1821,-1052,1396
46428,2943,1652,-3287,1506,-1096,-1174
46429,-6310,-7655,-7291,853,-1916,-1665
46430,-7861,3980,1863,-1712,-523,1255
46431,-7198,-897,-2769,1094,1741,1688
46432,-7826,7235,-4085,72,379,-1122
46433,-3977,-1538,-2753,-1936,-269,-429
46434,-6942,207,-7266,-606,-1028,-921
46435,296,-3989,-4046,30,727,-1241
46436,-6324,6758,3355,1290,1054,567
46437,2530,-2713,-5793,-977,-654,-1184
46438,4794,-484,-5369,-1963,-532,1043
46439,4318,-431,-2355,1286,-1512,-1502
46440,-7432,4479,1205,-284,305,-31
46441,2471,-815,-118,-130,-899,1178
46442,-7761,-3703,850,469,-185,1271
46443,-7111,6821,6750,1076,-1748,463
46444,-6675,5492,3671,-1742,1430,1415
46445,-2459,-5191,-5614,1844,970,-1240
46446,-30,7143,6053,1293,1996,564
46447,6524,-3596,7390,207,-1479,-1414
46448,-6710,4142,-2564,1088,-46,1812
46449,-3919,-5847,2611,-787,-1074,1114
46450,6077,5425,-2278,-1032,-397,57
46451,-867,-3015,-2169,1587,-628,996
46452,-1636,2752,7060,1023,235,-312
46453,6883,-2658,2747,-1896,-1477,-1591
46454,-4938,4655,-1827,-1690,-1485,730
46455,3663,1730,1672,-898,167,-547
46456,4961,3611,-3269,256,1543,654
46457,5258,-4904,-1818,882,1375,1941
46458,-7319,-1678,3888,223,-1993,1378
46459,3261,-6097,-6938,663,-620,1571
46460,-5661,6139,-7429,1049,1951,880
46461,2771,4805,4145,1394,-290,1201
46462,2329,-1789,6957,1337,1303,-517
46463,-37,5897,-6029,-1882,-1373,-1676
46464,-5596,-2262,1454,-684,-572,-596
46465,-701,-6269,5565,-900,1943,423
46466,-2814,-1195,4165,476,1941,-1078
46467,5528,-1648,-1784,-311,-1463,660
46468,365,5518,-6099,1101,-1997,-1243
46469,-2041,7925,-5445,1262,-574,-1097
46470,-4236,-2516,-3070,-1077,97,-74
46471,-7539,2208,7325,-1021,-1008,1785
46472,6033,-2035,-7045,-1408,229,-1403
46473,3,-432,3876,-236,1518,666
46474,1785,-4542,5034,-636,1853,1031
46475,-7218,-4273,883,224,-859,-661
46476,2161,7126,7107,-454,456,-1978
46477,-6671,6926,-7309,1709,-3,-885
46478,-4297,-6768,-3891,-831,-558,-1348
46479,4441,1613,7329,1313,-679,-756
46480,4068,-7754,1283,872,663,150
46481,1977,3663,1387,-795,-722,-1638
46482,7409,7799,1993,1097,1349,-1715
46483,-7585,4955,-7166,1766,-1011,-591
46484,6321,7436,2069,358,-372,1584
46485,-3851,-3382,-7012,348,-513,374
46486,-1622,-3752,4745,474,-1493,-933
46487,-3284,-7192,3737,1411,1963,253
46488,1781,-3658,1038,-1751,497,-787
46489,-3479,-4720,-2798,-1045,-1626,1578
46490,-7838,-3436,-1562,-551,1382,1147
46491,4139,339,-735,1695,-1662,-41
46492,-6269,-3071,4674,-226,-1915,-136
46493,3165,4058,6682,301,1484,1040
46494,-4099,-3648,-7975,618,1058,-1203
46495,-4391,-1599,-2999,-1804,592,903
46496,-5791,-2744,2056,827,-1386,-776
46497,-5689,990,7543,-602,1283,-1857
46498,984,2976,-6832,628,-206,323
46499,-7724,-4647,4445,-641,-1917,1623
46500,-2059,4883,-2000,-447,-838,-1875
46501,2262,-366,-6529,1533,-1326,1285
46502,2759,1296,1272,-1770,-444,-1014
46503,-568,-2714,-1559,-1303,195,-1430
46504,836,4950,-2501,-1892,56,-1378
46505,-3640,-6077,-4192,1586,299,-27
46506,1330,-156,5146,-1776,-1252,102
46507,107,6757,7485,-138,-1171,1843
46508,-4945,879,6777,158,334,1217
46509,-5411,-7462,627,-1639,881,180
46510,-282,1440,808,-965,578,-1248
46511,6701,-7025,-931,-680,-1500,-1869
46512,4135,-6099,-6302,1364,-1861,-992
46513,-410,3503,6475,-424,-169,1444
46514,6480,-5272,-4680,-431,620,1756
46515,1318,-4586,-4429,-11,1405,1817
46516,7049,-4790,-6899,-566,1638,583
46517,-4442,1749,5466,930,1392,-593
46518,-652,4064,-1381,477,-1234,249
46519,-4760,-2548,-862,1185,1792,-1587
46520,-670,-4453,-7593,425,1760,508
46521,3098,-399,1648,806,-311,77
46522,-2802,3147,-2727,1837,883,-462
46523,-3979,-7077,6446,1089,1859,-1357
46524,5789,5714,-4418,-690,1708,447
46525,-571,-1818,1382,1377,1480,-197
46526,2683,470,-5834,428,424,1545
46527,1406,5205,4700,1263,-352,1757
46528,1884,-92,1113,406,357,-1137
46529,4070,-1183,-7575,-281,1228,1133
46530,580,-1538,7161,1545,1642,-643
46531,7440,-6671,-713,-1421,1485,761
46532,-770,-7837,1373,-649,-1681,-1178
46533,-764,-6322,-7044,-136,1468,-23
46534,-6645,622,-6584,796,-1179,850
46535,1767,-90,-7182,294,1343,1956
46536,-7269,7741,-1094,895,-540,423
46537,-2387,-2627,108,1840,-673,-462
46538,1136,3664,6616,1144,1025,1327
46539,-3247,-4676,7094,1920,1211,-1226
46540,5053,4891,2369,1037,-1915,-1552
46541,-6523,4418,-774,-1733,911,1545
46542,-4609,2345,4054,-1100,48,730
46543,6,-2774,6118,-437,-1152,1019
46544,-5067,-6435,6499,1134,-1268,-1700
46545,-6429,-7895,-4561,887,-754,-579
46546,-2681,6683,-1450,-1042,-1183,649
46547,6058,2060,-6120,1131,1842,1555
46548,3105,2903,-7666,-1492,-1852,885
46549,1000,4048,7011,1364,-350,878
46550,3505,3341,6736,246,1712,342
46551,-5301,4035,1375,-540,-144,-1980
46552,7134,2939,5756,1603,1328,-465
46553,5355,-2883,3306,-95,1325,1534
46554,-7471,3911,-687,-1383,-1198,-744
46555,-4205,4235,-4562,-775,1172,210
46556,3973,1995,-2971,1672,1095,-866
46557,535,-2578,1900,-1500,-304,-1703
46558,-4310,1763,-1337,1356,-632,-1402
46559,-3269,6961,-3957,-1782,-204,1124
46560,-5531,2674,7684,-1016,135,1507
46561,6239,4736,-6149,-564,1269,1214
46562,-2968,-1614,5476,1637,699,529
46563,-2058,4671,4701,-1909,1385,1819
46564,-1575,7074,4377,1973,-98,942
46565,-795,-6892,-1758,1800,728,269
46566,2180,1537,2329,-664,1438,-1275
46567,-2437,5972,1290,928,1517,-133
46568,3422,-5935,-5966,-754,1955,-1125
46569,-4980,-2772,7338,1587,-1679,-1831
46570,87,-6713,1306,-1244,1670,-1152
46571,188,6999,6939,1624,621,-668
46572,-2810,7095,3962,1907,100,-421
46573,-3148,7764,2928,1931,-663,-750
46574,6514,-24,-5623,597,757,145
46575,-6280,3136,4141,-1015,129,1917
46576,6181,-5799,-6165,-794,934,-797
46577,6453,4935,-4826,-562,-1038,-95
46578,-4744,1775,-2876,1680,1613,1587
46579,1279,46,374,548,952,-1965
46580,7331,5386,-7829,678,640,431
46581,-282,-6455,-3664,772,-983,-73
46582,-7915,2842,-7240,804,-1964,1196
46583,-6624,6468,-1768,-954,-1026,1202
46584,5559,500,6172,-38,736,344
46585,-2672,-4842,5626,410,316,-1427
46586,-2839,-4562,-2498,-1581,1574,-1244
46587,7970,-3644,5337,1734,-1175,1229
46588,5299,-5896,-3174,-768,-1506,1302
46589,-1395,-1974,4667,-1307,1448,1324
46590,-6009,-231,-3681,-488,-1188,1862
46591,-6665,-7012,3110,-1284,-1280,-530
46592,-7559,4365,4710,-1992,-1456,3
46593,4119,939,-1662,1571,-836,1657
46594,-1114,5981,141,-1467,-1816,-183
46595,3152,1246,-5071,-974,1613,-17
46596,5126,225,1391,1163,-1480,-55
46597,-389,6154,1295,30,-1279,98
46598,-4130,4827,-3673,318,1519,-540
46599,5179,-2857,4062,-1673,-1547,-1541
46600,6857,-1329,1000,1923,1421,-342
46601,-3504,2311,-5240,375,1352,-575
46602,-5341,1898,351,1315,-423,-1694
46603,7160,1601,2911,619,1171,-773
46604,-824,-1728,-5950,-1560,1380,-90
46605,5287,1827,7254,-929,-1347,-1155
46606,-7008,-497,5655,784,-677,-519
46607,-2482,-634,4273,-355,-1622,-8
46608,4425,3565,4044,1078,-102,21
46609,-3691,-4987,1211,226,1335,-990
46610,2400,-5876,5093,1120,-593,648
46611,-7327,3280,-4866,-760,1670,1929
46612,-3846,-6660,4557,934,-374,-1766
46613,2614,-1844,-2694,-926,722,1916
46614,2527,-4545,-3708,634,864,-692
46615,-6634,-2913,1712,-341,-114,185
46616,-7455,-4096,-6047,-877,-1138,342
46617,-3313,-7195,2209,11,1349,-371
46618,-5175,855,-5670,737,1698,19
46619,7409,-5244,4994,-1805,716,-392
46620,-7304,2029,-213,154,-458,-939
46621,-4975,-50,4629,-190,1577,-1096
46622,3603,3680,-4892,1609,-1904,-798
46623,-2548,-7854,-10,-1717,-948,1416
46624,5155,-1048,-1169,1288,1129,-1197
46625,4620,-6956,-5168,94,1524,-635
46626,2860,6563,7142,1341,-762,-755
46627,1035,-2220,-1674,788,-387,-1940
46628,3707,-1911,6026,1410,185,-1194
46629,295,-4986,-1711,235,109,-1140
46630,-3328,464,4531,-1349,-1884,-157
46631,4311,-1817,-4354,897,1238,-522
46632,7438,-6873,7228,1281,-528,1219
46633,3582,4136,7543,-1751,-613,1381
46634,5176,3066,3849,-1932,-1969,-810
46635,6909,6095,-3684,-1446,1418,-1909
46636,3642,-3799,3121,537,-1287,-1409
46637,-1825,-4128,-7066,-1962,-543,-653
46638,1553,-2167,5470,-1789,1415,-1568
46639,4492,3121,6852,-1964,-1553,1347
46640,-5891,6926,5267,-1517,-533,1738
46641,1736,-7786,4793,240,1770,548
46642,-4092,-910,4900,-780,-1699,-42
46643,7485,-3205,-2517,-688,-1662,-1048
46644,7768,2692,-2365,-176,480,1590
46645,5055,956,586,-681,1149,-1109
46646,7442,-1717,1574,116,-1448,712
46647,5393,3290,1826,-1672,1363,220
46648,7825,1787,5167,-1263,14,-512
46649,-2887,4433,-7783,1529,1344,-341
46650,6937,2659,-7166,1216,-157,879
46651,-4698,-6516,-2124,1543,185,672
46652,-7634,-3410,1632,-573,882,1820
46653,1087,2925,-2967,-546,-1708,-1652
46654,6319,3678,2294,1311,-234,1467
46655,5291,-2449,-3430,-1230,324,-548
46656,910,-7456,-1179,1776,1195,65
46657,4455,259,-7497,-1620,351,-1414
46658,3267,2830,-7623,-1755,1105,-1077
46659,1538,2968,4936,1642,944,-279
46660,7810,7139,-1584,749,1910,-224
46661,2067,-5091,-3357,1248,-1708,1085
46662,-1026,2685,-3554,-1440,-649,-1831
46663,4575,-5348,7666,-705,838,-565
46664,-5421,-7808,-3092,855,-1452,681
46665,-6618,-5466,-4503,-1353,235,731
46666,6430,4116,3449,1582,-807,1923
46667,-1531,4274,1303,-164,1404,923
46668,-555,3735,-5166,-1092,1013,1071
46669,713,-2760,3799,-638,1851,1322
46670,6752,2908,7571,-799,360,-465
46671,4678,-1635,-6318,1577,959,1154
46672,6360,376,-768,-1697,217,-742
46673,-4540,-4477,5263,-1178,465,1533
46674,-5029,-7008,5715,-1901,-989,-785
46675,-1807,6197,5906,-948,-811,873
46676,-793,3366,6036,-898,-566,-1881
46677,7649,260,-6424,604,-1737,-1096
46678,4865,-4525,207,1393,-658,1545
46679,7534,-1086,-4219,1924,935,-1243
46680,-1863,4489,-6186,791,162,387
46681,-1015,-5810,7459,-951,1234,1261
46682,-2577,-6747,-7560,-1119,677,269
46683,-1635,1086,-5563,1365,1343,1409
46684,-1670,7975,5010,1204,207,207
46685,1033,4571,-1845,-599,-1892,-1401
46686,-1813,-628,-7328,73,227,1853
46687,-2931,2813,6972,-1686,-25,166
46688,4894,-4283,1546,-1621,-1333,-1578
46689,-2575,1784,4558,721,-318,1734
46690,5622,6655,991,391,911,-794
46691,1752,7476,-1879,-737,159,-1869
46692,-7447,5899,3014,-1284,-448,-808
46693,-6375,-687,6121,-545,1873,-1148
46694,-4782,4441,2328,1522,-1534,-1971
46695,832,-3741,1843,354,-1627,210
46696,-7975,-3315,208,370,-414,992
46697,-4321,-1230,7242,916,454,-163
46698,7861,1091,2298,-1818,1838,787
46699,6474,-4569,5111,1866,854,1667
46700,2282,-6500,6864,-1533,776,-479
46701,-5536,3331,6781,-517,1191,1031
46702,5913,-4845,-2078,602,-261,-1979
46703,5040,-1673,-3614,1588,1256,108
46704,4674,-2371,-7624,277,-296,-1601
46705,670,6042,2284,1174,520,80
46706,5891,-6415,-193,299,606,459
46707,-4017,-2576,7988,1029,-1239,918
46708,-3275,-6815,-6735,411,111,-1821
46709,-4347,-1001,2028,1907,970,135
46710,4600,6631,3580,-1944,979,1724
46711,7160,7519,-6844,1165,-358,278
46712,-446,4303,4886,-951,607,1638
46713,3201,655,7346,1618,1163,-1328
46714,7172,-2254,7395,1583,-1862,-1535
46715,1182,-1944,419,1533,1163,-1353
46716,-6559,6070,-5209,524,-449,-1225
46717,-6316,2249,1303,-485,-1096,529
46718,2322,5961,7572,-243,888,1714
46719,1535,-3020,-6268,-827,-1605,-1588
46720,4726,7932,5668,884,-1565,-1057
46721,375,-5653,-1421,992,1011,-1529
46722,-5758,5912,7421,-1031,-939,30
46723,2079,7169,4687,-237,-1848,-119
46724,6598,2402,-7775,-1056,1145,-1949
46725,3808,7929,-6755,-1801,-1386,-438
46726,-426,-2901,2400,0,1030,182
46727,-1822,-3116,1217,-455,-1281,1185
46728,3529,6209,-7968,1495,-95,1710
46729,7719,3674,-3501,-865,-296,1478
46730,-5183,-7059,5891,1059,-867,1648
46731,2467,1063,-5485,1120,1230,1537
46732,5365,-3091,-5722,-426,880,-1161
46733,4662,5666,6251,1546,-490,-343
46734,5133,-4592,7412,148,-171,1910
46735,-3293,2433,-2933,-377,-39,188
46736,1640,7200,380,318,1080,-94
46737,-4275,-25,4922,462,1556,-4
46738,7738,-1472,1109,1151,988,-1184
46739,-6667,-7725,3463,663,-1061,537
46740,2555,1770,1555,1843,-190,-1185
46741,4675,6121,718,28,-1493,1770
46742,1096,228,-6275,-6,-2000,-533
46743,-1706,3691,-2368,-272,-1665,679
46744,7659,4719,1362,805,-802,875
46745,3866,4762,-945,1426,-847,-355
46746,-7820,-2223,5356,-1380,923,-1636
46747,4575,2862,3852,1,-1990,109
46748,-4260,7989,-2395,-254,-501,-538
46749,3151,-7671,-1949,824,-872,4
46750,-7632,-7454,2999,921,742,-1066
46751,4123,7772,-5345,452,42,-302
46752,7240,-6261,3217,1807,154,-1256
46753,6046,4749,2023,1312,-77,1132
46754,-7205,518,-4979,-1829,-198,370
46755,5607,-1669,-3104,1692,-764,1730
46756,-5490,5359,-4122,389,1875,-1679
46757,-6469,-4424,2773,-169,-1036,901
46758,-2735,1405,4607,-771,-123,406
46759,-3541,5338,6750,-1029,213,1026
46760,6121,-2739,460,112,-1689,-1587
46761,-5413,-4768,-6804,-100,-1602,-1992
46762,-2043,572,7245,1655,1638,1727
46763,2451,1075,2207,910,1781,-1685
46764,7074,2397,7490,463,1090,-1868
46765,807,-6266,-1689,1533,1928,327
46766,-4866,-6071,6530,1977,1343,-243
46767,4694,-4875,2030,-1269,1274,-1443
46768,-2101,-6037,4122,1694,-1698,1220
46769,-159,6523,2687,-1653,-1473,-1853
46770,4779,218,7787,-119,-1410,-16
46771,-406,2901,-4156,1217,274,-230
46772,6795,2322,381,1912,-1870,1671
46773,-3781,605,6774,-553,-1496,-1820
46774,5236,-7152,3066,-1912,-406,1800
46775,5774,6197,252,10,291,1622
46776,7523,-1031,312,1426,-543,721
46777,-6204,5164,-2893,-1648,-249,375
46778,-1430,-7161,4763,1418,683,-173
46779,-3722,-5620,-4418,-1011,-118,-177
46780,-4339,-1075,833,656,-1096,1579
46781,-7558,-7613,2909,-898,-978,1413
46782,5060,2890,6366,259,-1476,224
46783,-4129,-3018,-7344,1683,1706,-884
46784,-7021,6964,7894,1994,1248,-1478
46785,-3037,1103,-7121,1323,-397,928
46786,-2092,707,-4394,1847,154,1748
46787,-2252,-543,2318,-1861,1675,-409
46788,-6063,6353,3294,-1770,661,-137
46789,1903,57,4742,1988,-162,-1991
46790,4019,-459,-1123,1935,-705,1290
46791,-4436,-423,7174,-118,-1370,-1572
46792,1568,7495,-666,-294,233,770
46793,-7331,-6989,-4677,-1680,1944,1654
46794,-2756,4484,7295,-1736,-876,417
46795,-958,811,-4662,-294,1292,194
46796,3449,-5207,-6528,902,249,-461
46797,5292,719,707,1580,-1792,402
46798,7349,6073,-6840,-1830,-1962,205
46799,1369,-7392,1501,674,-882,-1325
46800,-7888,7377,-6466,509,-910,689
46801,1429,6731,-1867,1445,469,-78
46802,-5808,5356,2579,483,-282,-288
46803,-6965,7568,3573,526,-1833,-644
46804,-1824,4526,-830,-914,1382,-968
46805,-3312,-5665,-5450,229,1566,1423
46806,-612,-3653,751,1941,-489,1083
46807,7982,-7623,-1077,-827,1389,-425
46808,3789,-1856,6195,1575,1851,1817
46809,1191,-4916,6983,-244,-1647,-193
46810,2938,-7960,-2242,-466,1613,905
46811,-856,7319,-6514,-1385,826,-1401
46812,-7700,6938,2540,1795,1261,1257
46813,-4274,2474,-7641,-273,-143,722
46814,-587,3396,3195,1221,395,1818
46815,-4581,5513,-597,-400,1936,-415
46816,-3529,6433,2284,-1832,-1417,1138
46817,4873,-1998,5600,-1131,-1369,513
46818,-7249,-2752,47,-1789,-101,-872
46819,926,-3555,1301,-1832,1363,17
46820,4108,-4893,3931,1829,884,-511
46821,-546,-536,151,-255,-1117,135
46822,3419,3505,-4041,-153,-822,-1807
46823,-1648,-1996,-5499,-682,716,-1808
46824,7227,117,-5170,407,885,-1782
46825,-1265,-6674,-5002,-815,-942,-1069
46826,-627,-1580,-6991,-1922,489,1124
46827,-6990,-5769,-4909,52,-1919,632
46828,3069,-3985,5371,-1563,170,-211
46829,73,-3325,96,800,-1822,-1700
46830,2915,3435,-944,-1311,1704,-1066
46831,6526,-2183,6847,-761,1714,-855
46832,1178,3937,5209,1604,-1660,-1750
46833,-3866,3013,6336,658,-594,-1088
46834,-7576,5772,-3850,1446,-1032,-288
46835,-4820,4010,5835,-524,-1513,-35
46836,-1934,-5957,-5826,1494,-1143,617
46837,2215,-6597,2954,-1918,1474,-261
46838,3809,-5457,3846,-1091,-852,-1369
46839,-2285,-4322,-5617,-937,-1277,-1955
46840,-5641,-7648,4181,-1891,-1990,-1449
46841,-5881,3000,-4225,186,449,598
46842,-5964,-1985,5084,1624,-1058,-713
46843,5357,4701,1537,1256,-394,703
46844,-198,1997,7169,-1770,-1120,37
46845,5999,-4288,-5795,-1486,-1958,-140
46846,-7458,5496,7141,-1938,615,-223
46847,973,6173,4872,-519,-1114,-547
46848,-7416,7812,3358,-368,-1224,-519
46849,-2829,-4766,-1143,1961,465,-325
46850,-7891,-5934,-265,1537,511,1543
46851,-4160,7198,3444,-670,288,-926
46852,1748,655,7714,-151,-709,1261
46853,406,4904,-587,-508,548,-1343
46854,3103,-2589,-3802,-303,1886,1904
46855,-2103,2340,1254,729,376,1804
46856,-258,3237,5563,1875,602,1395
46857,-4452,-5785,-5741,-1981,31,1106
46858,5302,-3691,3944,1513,1073,-1039
46859,-6397,7770,-6967,1565,161,-1218
46860,4784,-1565,-2599,-157,-782,-1909
46861,5541,-430,-3510,1474,1090,-1083
46862,-295,1214,7522,-1904,-1782,-1690
46863,3674,-806,-1920,692,1790,1515
46864,688,1507,7109,979,-251,-1294
46865,-3804,-3341,4882,461,1580,-1112
46866,1358,-7647,-7143,1830,589,772
46867,-3544,4534,-3174,-213,-1332,-1642
46868,2691,-4642,7746,-530,117,1470
46869,6091,-3911,587,1841,865,101
46870,-2784,1798,6068,448,1825,1340
46871,-5925,6907,1172,-963,1390,-27
46872,5302,-5972,-1923,476,222,78
46873,-7996,3415,365,-896,-1188,818
46874,5852,4321,-1846,-1702,-649,1418
46875,-6071,-4025,-1293,1960,1702,-626
46876,-5037,7285,-2815,107,-665,741
46877,-3578,6304,4001,31,-1119,1131
46878,-1129,1887,-3475,643,1116,-988
46879,887,-2799,-3586,474,309,-474
46880,-5930,-6830,7846,292,1224,-1988
46881,-7001,2047,-7863,-1825,-1154,-890
46882,-4953,-7799,-2689,100,157,145
46883,-1854,-18,-3898,-1491,1475,-110
46884,-1878,-3367,3896,-1309,1352,-838
46885,4346,7379,-3742,-1832,-1209,-52
46886,-7062,138,6793,834,1200,1862
46887,2219,-7418,-4572,-979,-533,-847
46888,872,968,-2397,-827,1422,1049
46889,-1616,-7529,-4964,-1214,449,-736
46890,1825,5837,3889,650,-212,728
46891,-1628,-7861,6540,1191,-853,896
46892,-124,-4933,-3678,-1382,1374,-1653
46893,6301,1564,6465,1538,300,-441
46894,-687,-1468,5701,610,-522,1237
46895,-6857,-6772,7070,242,1938,-916
46896,-1226,-6681,3306,940,-1280,-1010
46897,6705,151,-1535,-1187,-1281,-1638
46898,7218,4030,4895,-313,1995,-1783
46899,-76,-7360,-1585,1084,252,1503
46900,-7922,1755,-1549,1632,759,166
46901,-6198,-2900,2069,-389,1122,-943
46902,3052,2577,2751,-648,1279,-934
46903,-4453,-5974,-6975,1112,-30,-117
46904,-7248,5802,-5035,790,1753,-120
46905,2268,7156,-3459,1004,-626,1374
46906,-4532,-7438,-565,-190,-1201,1655
46907,2857,5968,-1810,-1843,1051,-297
46908,7815,5079,4423,-1264,-1895,1070
46909,6395,-6780,1044,-756,1225,1849
46910,-6162,5946,-4356,859,455,-485
46911,58,4801,7945,-790,819,-1399
46912,-1476,-5782,-957,519,547,995
46913,6528,-3137,-379,-1523,-1826,-945
46914,-7040,6734,-6359,-250,1537,1512
46915,4619,5068,1672,363,-196,863
46916,5759,-3158,-5588,1678,-1118,-1939
46917,3202,5383,1512,804,-230,1019
46918,-2608,1100,-2009,608,527,-274
46919,1515,-2750,7202,-877,-545,-1237
46920,-5193,4119,-1746,-370,812,1668
46921,6463,-6360,-7600,-421,-1016,-360
46922,-350,1641,-1298,879,1475,1615
46923,5926,-4665,2790,1953,988,1716
46924,7771,1667,-233,-1434,806,-453
46925,4323,1766,-261,-1376,806,1782
46926,-2488,-1692,-677,1590,1028,-1708
46927,3109,4666,-4507,-402,-1361,76
46928,5360,2382,-5406,-53,-639,-513
46929,4690,-926,6418,-144,1697,-619
46930,1987,3662,5534,-1302,1507,1222
46931,-1495,4047,7862,1710,-618,814
46932,2047,5342,-3634,438,-1491,259
46933,-4415,-3494,-317,315,918,-1427
46934,-5143,-4533,-7698,125,-271,-285
46935,6918,6435,-5625,1483,1130,-1683
46936,-7668,-1868,-6318,627,-277,631
46937,2195,381,-1334,895,1688,1936
46938,639,-4879,3180,703,-863,418
46939,1039,-1889,1871,400,-1646,1093
46940,-3461,-4182,5597,1508,-854,-1102
46941,-7979,-6931,-597,-230,989,-1789
46942,-6057,-2251,3519,386,-1596,1893
46943,-6039,-2014,-2377,-1530,-238,1605
46944,-2017,2860,4399,1159,-1311,-163
46945,-2575,3271,-7897,147,220,-1851
46946,6692,-1668,543,1521,1588,907
46947,4423,-4530,4342,-266,-335,1649
46948,4019,-5361,4396,1840,-1023,-1763
46949,2967,-2386,-3052,-1068,-50,738
46950,-1785,3654,3048,763,-650,-1290
46951,-6052,-5718,1938,-1754,758,-835
46952,-6607,5989,6836,-197,-1678,-223
46953,397,-7580,-1226,1483,-438,242
46954,-3513,-3392,-2613,634,711,-493
46955,153,-5135,6804,-371,716,-142
46956,-1720,2033,-7021,-1840,-1880,1338
46957,-3483,7568,3059,-1634,-913,1601
46958,4218,-5026,-1122,-1539,-1334,523
46959,-4824,-6132,1596,-1160,-1474,1833
46960,4446,3248,-5737,-612,961,1638
46961,5679,-5890,1157,1480,-1092,-9
46962,-553,-6991,-236,-771,234,-1420
46963,948,2680,7560,-1565,480,107
46964,-6183,-1171,7560,-1695,1909,-714
46965,-882,-3500,6640,-923,20,-1946
46966,-5080,2591,-2718,207,1353,-338
46967,6698,3457,4827,-712,-1919,1570
46968,-3212,4166,-227,-320,355,-318
46969,-5233,-7828,2310,-724,-1825,-1923
46970,-4195,-4564,-4770,-1875,-788,-1488
46971,2337,2098,6246,-140,19,58
46972,927,-1715,-6630,1787,-1700,905
46973,-2326,-1372,968,-1736,-342,569
46974,-3272,-3720,-5356,1663,-899,-71
46975,512,3001,5492,-894,-1530,1195
46976,-5995,3581,-1988,1343,192,-388
46977,5864,-628,-620,162,-1524,-1109
46978,3703,-7354,7649,1651,694,-1068
46979,-2769,-6327,4183,-1665,-1663,1164
46980,3341,1307,4812,462,1772,-1251
46981,3472,-7110,7534,1887,743,1769
46982,-2187,-2717,-7570,1862,-1302,1547
46983,-1373,-2591,-4890,412,-480,1530
46984,4302,7808,6838,-1207,-190,148
46985,222,3238,-5366,733,204,623
46986,7163,1762,-7079,-1612,9,1760
46987,-2361,6591,2012,1033,1697,-1056
46988,-1272,3648,172,863,-602,1129
46989,469,-2330,-6416,-1975,-767,100
46990,1417,6628,-1494,0,1680,-753
46991,-1360,4388,7985,-1542,1313,-1385
46992,3535,6949,2460,-1575,-153,1670
46993,-5303,-4553,-7215,1789,261,-246
46994,-553,-6661,-3868,1794,-616,858
46995,-4351,5370,2146,76,635,1422
46996,-3742,5370,3403,519,803,1030
46997,7822,1998,-7582,-1328,-1934,1606
46998,-2631,-99,-6419,886,793,-1483
46999,-7736,-4166,1909,364,463,-1363
47000,-691,4811,-3307,563,-1070,-155
47001,-7739,2366,-5344,608,423,1812
47002,5744,-1229,7582,-970,-1393,1550
47003,3554,4271,5839,-924,-737,-992
47004,5719,6325,7706,-1814,-1737,440
47005,-7843,3737,-2923,-1859,1887,1507
47006,4174,3953,-5739,33,143,1239
47007,-999,615,-4066,-976,694,631
47008,2448,-6005,1499,-1642,-1289,834
47009,349,-1176,4404,1177,-1104,-837
47010,5373,6132,-6833,641,-923,985
47011,-6710,4127,-880,1395,1708,124
47012,-7410,1930,263,-1947,-1256,1034
47013,-2138,7282,1803,-881,1234,1734
47014,1164,719,-6827,850,-480,-438
47015,-4144,-622,-5158,86,-62,-1490
47016,2516,-4291,-86,-823,-1087,1668
47017,-823,-4062,-5044,-1780,1138,-1443
47018,-4502,-7968,3338,1109,-297,-1728
47019,-973,-1401,-3380,-182,1420,1974
47020,-2844,-2277,3528,183,-657,-1769
47021,5732,-2351,4462,412,-217,-612
47022,-2852,6980,-2849,487,1094,-1327
47023,4913,5662,7465,-1080,882,75
47024,-3347,-4463,-91,-124,-397,1936
47025,5473,3558,7638,-1511,-1717,-788
47026,2297,334,-613,1941,-1100,-1236
47027,3458,-4485,6586,204,-668,-299
47028,1553,1021,-1522,-48,-1606,-958
47029,-2901,-1256,-5506,-1623,482,-925
47030,-2534,843,1335,-1177,263,-688
47031,7195,-2700,2565,1498,-1785,-1248
47032,2796,-913,-3017,1674,-1850,1080
47033,-240,-4237,-6019,999,-1826,352
47034,-4447,-3717,1406,-181,359,1687
47035,-936,2019,2678,982,-139,-961
47036,6723,2467,-1778,-873,1046,280
47037,2114,4265,-2610,-1412,-1478,-1794
47038,6219,-991,-4550,1928,-578,-970
47039,-4359,3642,-6067,-987,-1272,1094
47040,4979,2629,-3092,-786,384,1788
47041,-1732,-5532,-1774,1539,-1670,264
47042,-5392,1241,6516,-1453,-1884,530
47043,2566,4009,-6655,-1631,-734,1123
47044,616,-424,838,1273,607,1234
47045,1604,-7553,-1740,-696,1312,1673
47046,833,-1485,7060,845,207,1106
47047,-1555,3664,4161,-1084,1404,-130
47048,72,895,-4596,-1566,-917,637
47049,-6769,-4333,2236,-114,-1415,-952
47050,2992,4175,4928,1302,1916,-1659
47051,-5527,-1111,-6089,-1123,-1746,1217
47052,6674,-2339,-4878,-958,-659,-434
47053,6708,7150,-6626,996,444,-1217
47054,-1404,5803,-7343,1436,1483,530
47055,-3401,-6374,-5838,-672,1339,784
47056,6097,3980,6234,-193,-1055,681
47057,-3996,-2108,2777,-1245,-123,1591
47058,2627,4081,-5625,-614,1084,787
47059,6550,7436,3163,-19,478,-682
47060,6143,6273,3630,1142,562,-1550
47061,-364,6883,-2496,765,1476,1055
47062,-3864,6111,-60,-1216,1822,-1292
47063,3051,-3179,-1176,-846,-514,1258
47064,4994,3544,838,572,230,1921
47065,357,-6019,-825,-1469,-157,1241
47066,-899,5352,-7705,1010,288,-1462
47067,3283,-4716,5331,423,209,189
47068,6819,7127,-1138,-411,-31,-23
47069,-4864,1678,-6822,413,-1344,-845
47070,4006,-1293,-1943,421,-1584,-1489
47071,1418,-7475,1727,153,-679,-798
47072,3494,-6571,-1822,-1219,1235,-60
47073,-7504,-6824,-5085,-522,1016,-1529
47074,-1822,1800,6333,-95,913,400
47075,-1944,-5459,-5510,-586,-1782,872
47076,-5889,-274,4834,843,225,-780
47077,-7159,-694,-6874,206,-1787,535
47078,2137,-6962,-4818,-942,-471,149
47079,7000,4254,6706,446,1359,-1733
47080,-2523,-2826,-3131,-1770,-1830,1195
47081,3019,6908,-673,-483,698,-1368
47082,1750,6553,-3135,-448,-161,1067
47083,520,-1220,4107,368,825,375
47084,1735,6739,3401,-1248,-1496,984
47085,2691,-4481,-4654,1547,-1546,-840
47086,7401,6325,-4598,-1717,-1030,-1158
47087,6653,-7525,-7816,1953,180,1774
47088,4099,5641,-2390,93,-1568,-141
47089,5133,-6882,-7023,332,-1457,-742
47090,-1047,2674,-7877,887,711,1022
47091,2133,-6889,-4594,19,314,1816
47092,3335,-6798,5684,1493,-514,-1637
47093,-5077,1003,-5421,-404,-4,567
47094,-6423,480,3358,793,1752,1674
47095,-4842,2017,-5788,-4,-1149,-1909
47096,1117,-6750,-5694,-1914,-1292,154
47097,7372,3923,-4341,1971,759,-793
47098,-6399,4079,5166,-1620,-985,1291
47099,6715,5980,3738,1531,-828,-947
47100,-3605,731,6501,-1387,-8,-1348
47101,1767,-7806,-7884,399,-32,-1246
47102,6232,1314,-1950,-1937,-1536,-973
47103,-4766,4586,1365,1070,-1738,127
47104,3743,1428,-1780,-1936,603,-1791
47105,-3954,-905,5768,-1447,-581,-1994
47106,6422,6813,658,-422,785,322
47107,-2413,-6969,-6951,1423,-123,1390
47108,5208,4978,-140,-1666,539,-1422
47109,-148,679,5732,-1841,-1236,-1962
47110,-275,6075,6525,-1721,783,871
47111,-6746,-4728,-6067,-510,1312,-1218
47112,-6359,-4010,-730,240,1062,1458
47113,468,-4521,5172,-334,331,-1811
47114,-6226,3785,4692,-1361,898,-1168
47115,3013,-2598,2507,924,-1072,-1670
47116,6307,3641,-1192,1752,928,-1102
47117,-1286,-1024,-1346,-1393,-1428,111
47118,7353,-4927,-5402,-1789,-1595,810
47119,-5491,-2406,-6450,-956,451,275
47120,-3464,-6123,-1338,865,277,-399
47121,7221,6972,4691,-1524,-703,-488
47122,5412,-1132,3124,-420,618,784
47123,-2844,576,-3388,1061,-125,-1512
47124,-1590,3801,3873,1776,433,-358
47125,-5033,-6955,321,1736,-119,-1742
47126,-3875,-4184,3599,-1088,969,-1414
47127,4133,6655,5779,-1112,1784,1136
47128,-580,-3329,-4349,1839,-1927,-427
47129,5602,4044,5320,1901,1067,1100
47130,5366,-5258,-5693,-1435,-1321,-461
47131,7598,6336,-3316,479,1803,-982
47132,6593,283,-5683,-1982,41,761
47133,-4577,2497,-6521,10,330,-1942
47134,-7946,3864,7189,-1645,1909,-667
47135,-5641,-4719,327,-98,-1415,1733
47136,-7534,7899,6648,261,1486,-141
47137,-4778,6791,1392,-135,705,-997
47138,-5740,7352,-4544,655,-1372,-1447
47139,-769,-5800,7067,1529,67,-497
47140,3609,7477,5321,-1594,-1696,-349
47141,-4203,-5497,814,-1291,910,-876
47142,1137,6262,-766,6,-38,-1266
47143,-6465,-3303,1891,479,-1081,19
47144,1239,148,-2266,-477,-1796,-1619
47145,6822,-3745,238,1723,-1354,1093
47146,5124,659,5067,311,-1849,1593
47147,-5024,-3744,7407,-1802,1083,-896
47148,-1586,7108,-1069,-1832,916,801
47149,5844,1610,-501,129,-978,-1420
47150,-7579,2109,-6482,1813,-1241,43
47151,-3804,-3133,-2078,1974,1279,748
47152,-6581,-2231,-5663,301,-1519,-1233
47153,-4345,3636,1603,1879,-578,-451
47154,-5055,1857,3262,977,1324,-338
47155,1586,-6599,-1889,-941,1617,469
47156,-1500,-570,-184,-286,612,1057
47157,691,5951,-807,-470,1151,-1956
47158,1287,-160,4950,-893,360,-1710
47159,5802,331,4419,-1418,-396,-237
47160,-5933,6579,-5981,739,-1177,1585
47161,-3891,-887,4493,173,-1659,253
47162,207,1815,-5521,437,-823,-486
47163,-1462,2953,-7229,894,-58,-283
47164,6140,-1361,7840,-1411,1081,-1430
47165,2565,-3728,-3180,1390,-472,1802
47166,-3227,4187,3373,1787,-87,586
47167,-7380,57,6447,317,880,-1217
47168,-6236,319,-6695,222,1469,768
47169,-131,-1284,-1892,840,-1136,-325
47170,-1883,4666,-1790,224,-1157,-343
47171,5246,-6182,2187,-565,-1064,10
47172,5426,4254,4975,-791,-626,653
47173,-4060,799,-7032,-1441,1232,1704
47174,-415,6640,-581,1199,-1662,1534
47175,6401,2501,3813,-842,1366,875
47176,-6517,2389,7996,1788,838,1835
47177,-3775,5056,5742,24,336,-347
47178,7779,-1251,-1526,-1592,352,874
47179,1495,3674,-3272,-26,-1029,555
47180,1405,-5738,2165,-1245,-1549,-1234
47181,3486,5653,-3549,-1102,-1606,720
47182,4325,1895,3549,209,88,1518
47183,7438,5,-2776,-948,1059,-649
47184,-7417,1240,3288,-794,1102,-240
47185,-692,5099,4138,1587,89,-1114
47186,1027,-6617,4173,425,-1179,-1943
47187,4566,4742,2480,1247,-444,-957
47188,2388,7821,-6433,-1746,609,1056
47189,2668,-7542,839,-266,-482,667
47190,-1280,6890,-5310,-879,-1708,1201
47191,893,-4768,-571,-1862,1442,-1668
47192,4595,6583,-1593,-1555,-734,-1049
47193,3756,1113,-6267,-1054,1184,1507
47194,4113,-5867,6337,1091,-836,-1089
47195,-5031,-7336,1489,567,1703,779
47196,3271,-3890,-2475,687,1569,1262
47197,-3578,-6191,5311,-1688,-1994,-812
47198,-6772,2252,1491,1060,161,-866
47199,7918,6186,7566,401,-615,212
47200,7889,954,-51,104,9,-1587
47201,-7246,-5932,-550,-1148,-1279,-431
47202,-4352,4240,3107,-859,-338,-1366
47203,-1088,2792,-4631,-189,-1155,78
47204,2440,741,-3787,-344,1912,284
47205,3628,-6502,-1269,778,1999,-536
47206,-2800,1709,-1970,-1128,-999,-959
47207,-3583,7168,-2310,-1279,291,-626
47208,3037,-5540,2443,44,-1395,1366
47209,3052,-2358,-3291,1225,-1808,657
47210,793,6101,7666,-1049,-1487,-995
47211,-1304,2923,-6173,-291,-123,-1300
47212,2364,921,-6269,1746,1556,717
47213,2948,3758,-627,1118,-900,-376
47214,-7766,-4981,5016,123,-1547,-1853
47215,-690,-5933,1089,22,814,-567
47216,4864,1388,4992,153,-623,-997
47217,-7324,-4049,-7381,-950,1976,703
47218,-274,-1328,-357,-921,-244,1724
47219,-1947,6959,-4107,172,-1056,502
47220,7061,-4466,2967,-1922,-284,-413
47221,-2754,1314,-7804,297,1481,-859
47222,2837,1316,-683,1709,-1029,-1700
47223,3660,4645,-5139,-270,-1671,912
47224,-1060,-3431,3442,773,1248,-1994
47225,-1794,4514,2348,-427,-1223,268
47226,7419,5685,2504,1791,-1125,-76
47227,1420,-2832,-7802,727,-1067,190
47228,-3010,-5789,4959,-1641,-1206,980
47229,1990,-6698,4204,-812,1800,1696
47230,2083,3743,1380,-1025,305,-54
47231,1370,1692,5346,-1345,-1257,1598
47232,-2371,7586,-6190,1152,-123,-1082
47233,1554,-5904,-2497,-1140,-1376,-949
47234,5068,5923,-5975,-634,132,1057
47235,-6592,2431,-6725,-582,1953,1494
47236,1340,-1499,5842,1359,-1167,1458
47237,-5027,2942,3968,1071,659,1925
47238,-3584,-5978,-2882,-236,611,-422
47239,6425,-3094,-582,1769,1103,-855
47240,-3807,7290,-3821,-1911,-1283,1627
47241,-4583,-6560,-1457,-477,-386,-251
47242,-2620,2004,3456,1717,1984,1519
47243,-3451,-1749,-4480,-711,40,1550
47244,2178,-2361,-5636,-1213,1285,-1361
47245,5499,6143,-241,-847,1130,211
47246,-288,-2395,5803,-1755,705,-107
47247,-4225,90,-224,1007,-117,761
47248,-346,5397,-1638,-978,-327,-1383
47249,-189,2694,-5857,763,1081,-1400
47250,-2655,-2607,112,1572,1972,249
47251,6553,3729,64,-1175,-1972,597
47252,-1503,6717,422,977,-1192,1182
47253,2,2109,7287,-434,-1969,350
47254,-4188,-5728,1967,-177,972,1535
47255,-5078,-5408,-350,-138,-30,554
47256,5654,464,-5519,325,-802,-841
47257,6557,-4047,-7771,-1999,-1130,1513
47258,2158,7084,-4468,-1083,-1841,908
47259,-4596,-3313,-1846,-481,1995,-1849
47260,-3626,7030,-3995,-288,-357,-41
47261,7930,-3405,3702,-737,-1627,1521
47262,-1192,302,2940,526,1946,1078
47263,7000,1413,-6170,6,719,-1205
47264,-7217,-478,2348,1334,93,-492
47265,-1318,-45,3789,-838,-1793,-1633
47266,-1013,-5591,1081,988,-1499,-1945
47267,-6684,-6404,-4872,-94,-165,-1074
47268,-7012,6469,-944,1250,1592,-570
47269,4414,-928,5193,-981,703,-1804
47270,2054,7032,4105,-1587,1128,492
47271,639,-3725,-5631,1732,-1997,1535
47272,-1278,-6130,-3424,-1334,944,-1404
47273,4242,4201,-6461,-1182,1265,924
47274,-5563,1490,-4511,-937,185,-1350
47275,-2122,-4023,7842,640,1651,-520
47276,-4585,6036,-4224,1177,-1194,92
47277,1587,4836,3551,-425,-154,-1457
47278,-6327,-4779,367,194,-291,-1760
47279,3129,-6727,-113,720,-586,-677
47280,-585,-2954,5286,-85,1001,307
47281,3326,472,6845,668,1049,-1794
47282,6306,-7044,3138,332,-1593,-795
47283,5260,7343,6953,368,1390,823
47284,1550,-6174,-2939,-1527,1335,-1082
47285,1042,-5572,6049,1920,1936,-117
47286,7952,1063,1895,-1830,1024,1606
47287,662,7496,4303,883,1951,461
47288,-2680,-2253,-4326,854,419,1356
47289,3155,4829,-6713,502,-1595,1496
47290,-1841,-5752,4991,435,-1060,-1182
47291,-4274,7757,4541,-799,425,-1900
47292,7431,1566,7138,520,757,1578
47293,-2137,6418,3399,-1592,117,1750
47294,1953,2624,-3358,949,-570,1553
47295,-1038,6535,-694,62,-1736,1680
47296,-3614,-3104,5909,-1220,18,-1244
47297,-2262,-4820,-4312,-1390,1326,-100
47298,-5813,-5997,-6318,1556,455,-659
47299,-1997,5127,-1616,1678,1526,-1488
47300,-3236,-6451,3805,81,1560,1967
47301,-3024,-924,4562,-863,895,1468
47302,-1840,5086,-7473,905,522,1042
47303,-2131,-3487,454,-1045,375,-453
47304,3243,5448,-1002,664,-1305,1304
47305,4347,4035,7860,1653,-617,-823
47306,722,-693,6778,-1650,1494,1565
47307,-6724,4515,4492,245,-795,1932
47308,3100,-3853,-2162,-262,-1685,-848
47309,5758,4126,7884,-1157,1078,606
47310,5836,4744,-6451,-432,120,42
47311,5766,-7450,4546,-1834,334,-1424
47312,-2074,728,3092,-968,-477,-474
47313,1837,1613,4837,524,-268,-574
47314,-440,-3876,-3604,1930,325,-1716
47315,-3835,1654,1253,-1753,982,-377
47316,7025,744,4633,1576,-620,-1918
47317,-1338,-6377,5497,-1681,915,1302
47318,-1881,1071,-1418,-1683,1964,1901
47319,-1046,3113,-3914,325,1197,-1316
47320,-6660,-2659,-5163,1496,-1661,1957
47321,5891,7530,1100,-118,1515,-1008
47322,5063,5753,1477,-1279,1071,-1646
47323,-1650,-5668,6628,1878,1084,1195
47324,5958,5109,-6853,1603,1350,1827
47325,3282,7587,7506,-1012,1136,125
47326,-939,514,-6045,932,1626,-782
47327,-3345,4024,-4670,-1780,-2000,-1801
47328,2688,-2531,-4793,1200,-646,-1448
47329,815,-5,1909,1616,51,1058
47330,-7206,4013,-615,1846,178,-732
47331,7131,-2349,5651,-186,-390,-100
47332,-3665,6634,-4384,1688,-501,585
47333,2551,-3867,-4449,929,-1403,-1301
47334,-6607,-4664,4157,1493,256,-695
47335,-1114,-2989,4714,-1855,1631,133
47336,-1071,-944,-4386,1656,-228,-984
47337,-289,1088,-5717,-53,1404,-1112
47338,3891,4804,4729,-1262,-1784,1517
47339,7495,-5866,-5329,-191,686,-1506
47340,-3250,-2841,874,743,141,1605
47341,-3445,1134,-3117,-235,130,1562
47342,514,1962,-3143,1738,1988,-1444
47343,1634,5348,-2092,258,1494,1982
47344,-4311,5510,5282,900,1489,855
47345,1423,358,824,1243,-1410,541
47346,-5415,-5249,3219,924,81,570
47347,6074,4445,-3087,-401,-1699,-1884
47348,3306,2350,-6767,-1432,555,87
47349,-2597,-7437,6898,-844,1461,-1644
47350,5429,-1089,-792,1130,1068,182
47351,3094,3223,2105,1453,994,1606
47352,-4861,-7250,994,414,98,225
47353,-3724,7449,-967,11,1462,646
47354,-5434,3697,-777,-911,1003,-1658
47355,-7907,-2189,-2318,1529,-1702,199
47356,-476,305,551,1001,-257,1359
47357,-4358,-4971,3912,1073,-1737,-1010
47358,2761,-7481,-7614,1057,599,16
47359,-2254,-3258,167,-267,-579,1400
47360,-5481,-88,-699,-1089,-1245,1908
47361,2030,-859,4028,800,194,-777
47362,5200,-1308,6933,1945,1269,21
47363,2437,7129,-3096,-1548,-1798,-1031
47364,-3348,-5855,-6247,615,649,-400
47365,39,4901,1157,1143,-189,749
47366,7292,-4841,848,490,-1460,-752
47367,-6643,-955,563,-1978,-244,-1786
47368,7964,5482,-7896,1308,3,832
47369,6320,2969,2199,-1433,-388,486
47370,829,6143,4691,222,1254,397
47371,4226,-2080,7221,196,-383,601
47372,-6540,7573,-1478,-309,-873,-518
47373,-2631,-6827,-4077,1576,-391,1270
47374,4570,2815,5384,-728,-1400,565
47375,5113,3329,-7584,-1505,1364,-985
47376,6019,6236,-191,-1456,46,385
47377,-750,5833,-3918,1315,-246,-651
47378,-3352,-1178,4462,1668,406,-57
47379,-2823,5823,-523,-1266,-550,-1728
47380,-1865,-4048,-5303,943,-1366,616
47381,6902,-860,6682,1862,1543,1675
47382,5262,-4259,3228,-778,-1075,1316
47383,-5351,-6765,-3878,1629,1882,-899
47384,7574,-2835,-3903,504,1041,-277
47385,-7243,-3704,4112,1719,813,1082
47386,6676,-924,4813,-415,-478,221
47387,2063,-6247,1118,-1613,1405,548
47388,549,-6348,1652,1113,1237,332
47389,4039,-6564,4450,-1296,-653,-794
47390,-3767,3066,-31,364,-1542,196
47391,1509,-6257,-7062,974,1573,-1868
47392,-3671,-3536,2112,1785,1802,-1554
47393,964,6209,-7832,-843,304,-1505
47394,4700,236,1860,1711,1037,-889
47395,6632,1556,153,-1189,687,-1642
47396,3221,-351,-4389,-370,1309,-505
47397,-6453,-7934,-4446,-856,972,-1087
47398,5097,-5377,-75,-1565,474,738
47399,-6154,3039,-3652,1076,-1144,-1871
47400,-2086,-5041,-4712,-764,1758,-644
47401,1241,-6559,-703,-543,-1103,879
47402,-231,3575,-302,-1986,1574,-377
47403,5814,7233,4701,-689,-730,-1315
47404,4634,-7361,-794,-870,-1734,190
47405,2665,5730,-2299,-777,617,-1123
47406,-7410,-5223,-5474,1195,-1844,-1969
47407,-6393,6508,5844,-441,-1120,984
47408,-7470,-6942,-1148,-1032,-824,1424
47409,2289,-6595,-3482,640,-299,1550
47410,-687,-3250,1109,673,-1086,1466
47411,-6168,1751,-4815,104,-1871,1325
47412,-4299,-3693,-1332,-910,-1313,-802
47413,6585,6145,-4758,-1388,1133,-38
47414,-7310,5902,-1109,923,714,-1695
47415,-5248,1483,-7782,267,927,-81
47416,539,1854,5229,1884,-1050,-606
47417,-4488,3195,-2537,-1343,-771,-356
47418,-7231,-4377,6229,-471,-154,-1109
47419,-7515,7040,5844,-1459,-407,513
47420,-4715,-5798,-4960,743,1761,-1309
47421,2500,-4967,1067,-883,737,-337
47422,-7836,-3694,1610,1624,261,-984
47423,3017,-4367,309,1622,435,782
47424,3494,218,-919,-19,857,-196
47425,7705,2107,575,1817,1862,177
47426,-7468,3448,748,-504,-726,1717
47427,-2875,7279,3037,-981,-411,-1043
47428,-7201,-1973,-6204,-126,378,-1164
47429,2325,572,2322,-467,-781,-847
47430,-654,-5047,-471,1676,-837,1599
47431,-3276,302,-6464,1831,-195,1668
47432,7724,7825,-6778,-1276,-1682,-489
47433,-5179,6940,2720,-521,1816,269
47434,-7228,-7425,7452,392,-1338,1006
47435,5023,-3413,101,1348,-752,-849
47436,-36,-3693,946,1896,-1863,-206
47437,-501,3098,-77,217,369,-345
47438,6850,509,-2910,-1943,-1942,1545
47439,-5657,-6956,-335,477,-307,1403
47440,-7894,680,-5632,-995,667,580
47441,766,-293,-2641,-343,-1719,1569
47442,5789,5319,-6937,-759,-139,1812
47443,7088,7301,-1402,-1321,-379,1341
47444,6954,-468,5774,1283,133,1436
47445,-3778,6683,-4682,359,786,-1329
47446,5920,-7529,-3015,390,-1868,558
47447,4862,-8000,-3785,-1784,-1864,-294
47448,-166,-429,-7884,266,-1475,-1322
47449,3448,5841,3489,-1130,1820,-1603
47450,5122,2525,4268,1749,-570,-973
47451,2683,-4006,-3616,296,1119,37
47452,-4725,3335,6837,732,-1927,1151
47453,3323,-4690,5381,1704,828,-637
47454,4252,-3898,-5650,1487,-1375,-532
47455,4915,-6169,1065,966,-1800,-580
47456,-3790,-5023,2069,253,859,-1124
47457,-7761,-6397,-7307,842,-781,1479
47458,7714,590,-6417,-1403,1950,1050
47459,5390,7502,3232,-968,-1815,723
47460,7649,5200,4409,-1487,1268,741
47461,7559,-5698,4545,1932,985,-36
47462,-1677,1162,-3137,1813,641,-1576
47463,-7894,-3860,-3835,484,-1336,1961
47464,7727,-2312,7125,-506,589,284
47465,1162,-7769,-214,-1535,1120,1157
47466,4045,6319,6873,1114,1684,-1063
47467,-4458,-2660,3002,278,-1310,114
47468,-7987,2958,7883,507,-1329,1222
47469,-3019,-2214,5577,930,-832,-487
47470,5226,4534,-3630,1876,683,-1362
47471,310,5092,-5463,-1595,1350,1726
47472,-5651,7067,-2219,419,1156,302
47473,1684,-6956,6790,-1518,792,740
47474,-5105,-1744,-5870,1235,-428,-1782
47475,5107,1714,-2169,-934,711,350
47476,3794,-1417,-3656,-1797,1106,224
47477,-6660,-6274,5255,-515,-618,-59
47478,3140,4721,-3764,1896,-1541,-1386
47479,-7275,-2506,-5548,1815,-1241,-147
47480,3832,-1775,-6487,866,1972,-1616
47481,-25,-4683,3982,715,-1958,1810
47482,-1290,-1114,5051,-1707,1579,-554
47483,7760,-7691,3737,-668,-504,1268
47484,-6806,-6839,585,-1790,-403,-815
47485,-861,5667,4379,-425,1955,-607
47486,-7443,3128,-5095,-1723,435,1630
47487,1335,5468,-1241,-1806,-991,-614
47488,747,2692,5041,-1542,-1840,-789
47489,1866,1710,-1592,305,-830,-951
47490,-6696,-4807,494,1038,71,-418
47491,-2852,4542,-7425,-1308,-1599,504
47492,-2065,7181,4742,232,1625,826
47493,-3365,-177,5140,-1265,953,-1666
47494,-7635,-2742,-5551,-355,-1295,717
47495,-7936,1795,6244,-313,1112,-760
47496,-4329,-418,3853,1166,-1066,-885
47497,7699,1766,-4560,1762,1254,-1133
47498,5243,-5224,3311,-638,456,-99
47499,-6541,6086,-810,-1238,-744,-1411
47500,3048,-6481,-1318,581,-164,1183
47501,4557,-2012,-155,178,-332,-416
47502,2870,-1477,786,314,-785,1598
47503,7772,-7934,7889,-984,1740,-850
47504,2488,4652,-1199,-646,-1761,-1504
47505,-6617,5996,-6944,230,-1186,676
47506,5502,3439,-2187,-397,-939,-1536
47507,-370,-6130,-7977,-1662,1434,-1858
47508,3589,-2974,3960,1748,209,-1900
47509,6966,1294,6560,1116,940,1856
47510,483,-4873,-3090,-1489,-868,-795
47511,-4326,2562,-774,-375,1845,1390
47512,-6403,2401,4214,1270,-529,-436
47513,-4347,-1648,6252,-396,-136,-1302
47514,4385,-1255,-6540,770,485,1649
47515,3070,2122,6539,-1077,1446,-1138
47516,1843,-50,-5299,1347,1483,1603
47517,-1207,7519,2994,-884,1476,-771
47518,5327,7235,2094,-1180,-380,-1078
47519,-7775,7764,3933,1682,634,-308
47520,5171,-3296,2429,-1510,-1058,-1813
47521,4444,-7056,-3448,1395,-1445,474
47522,-7944,3434,-3744,-1735,1849,-300
47523,2286,-5290,-6539,-1549,-1936,1343
47524,-2915,2454,3847,-326,399,1084
47525,-1254,2140,3279,1947,-227,225
47526,5566,2126,2655,590,226,-1174
47527,-990,-7196,1312,1358,-1859,-860
47528,-1797,-6585,5626,1517,-239,-184
47529,-2137,5057,-5799,516,1842,1229
47530,6546,-4663,2551,-341,1662,452
47531,2786,2215,1983,98,-1759,-1124
47532,-1017,-2075,-7250,-1531,1510,-1083
47533,-1393,3925,7431,804,1514,1564
47534,-1197,-7334,1003,-200,1029,-1646
47535,4170,3103,-5103,-1370,-1695,1079
47536,-1757,-3795,-2936,954,1952,700
47537,-3033,-4956,4889,-1274,-1049,149
47538,-7798,2100,-3129,203,-620,-1078
47539,4210,-33,-2762,737,-296,735
47540,5412,-852,1369,-1465,-1851,1593
47541,-1202,1627,-2806,-1791,-1229,-1087
47542,6812,3758,2264,410,-1698,-1522
47543,-1305,144,3896,346,-1357,-1676
47544,-6884,6735,5627,-235,-532,1966
47545,640,-3636,-1057,85,-1294,-152
47546,3254,5566,-4460,1322,465,1475
47547,4341,-4050,7042,447,847,-1535
47548,4830,1979,-6977,1339,1908,1749
47549,-2283,-5837,4007,-755,-191,-1641
47550,6112,-5317,-4711,96,-1194,-536
47551,4178,4943,-5266,-1491,-344,906
47552,7022,-1874,2794,925,373,146
47553,6918,7016,6552,-320,838,1741
47554,5497,-103,-254,1558,-282,-1947
47555,-5287,2833,4102,42,-1058,587
47556,4871,-977,4384,1876,-291,-1010
47557,7876,-4700,7921,211,-1564,-1616
47558,-7740,-2091,7038,1402,-546,390
47559,-2146,-4487,-842,-464,1390,-1287
47560,-7197,-1967,2270,-1831,-387,631
47561,7263,-2604,-2049,-858,-1457,-602
47562,-6177,3466,2573,-1463,-1468,1860
47563,3075,4757,-2430,433,1728,-449
47564,-2291,-5493,2543,-128,1714,1673
47565,7389,6497,3796,-1803,110,-1123
47566,-4652,1011,-2933,1469,-783,-984
47567,329,-3481,-6654,-922,164,-1779
47568,891,4419,-1766,-406,-1226,1518
47569,7499,4292,760,-792,1768,312
47570,878,2602,-2068,474,1071,-1900
47571,5392,-2547,6074,-1845,233,687
47572,4315,7930,-3086,-1888,28,1587
47573,-6644,3778,2991,1643,685,415
47574,4579,-148,5875,-517,-694,-1943
47575,3924,5563,4751,1879,-499,581
47576,5338,7709,7824,355,-1277,36
47577,4406,-6707,2411,-1417,1845,-233
47578,1359,-1293,7709,342,-20,988
47579,-332,-5312,5188,240,-1245,1739
47580,-3540,-4763,-2824,306,889,-929
47581,2598,622,-4391,238,-90,-375
47582,-1699,650,-1435,967,672,905
47583,2998,1328,927,669,53,1583
47584,2975,2966,4636,-112,-1737,-545
47585,-4188,1233,1202,1056,636,508
47586,281,-6681,-1915,-576,-206,1164
47587,-4097,4616,-504,1670,-1295,645
47588,6173,5148,2404,1283,1660,1325
47589,-7341,-327,1907,8,474,-108
47590,-1310,5157,7682,83,1330,1499
47591,2985,-6148,1273,1330,-766,39
47592,5736,-3713,-1780,456,27,-155
47593,-6644,-5841,4191,-326,-1876,-1060
47594,-1614,-8,-907,1499,-259,576
47595,1756,5621,-3425,-960,1872,1652
47596,-7057,-4625,7946,-980,634,884
47597,1691,1397,6287,986,106,795
47598,4148,-5120,2583,1591,1379,1174
47599,-3394,6409,-3632,670,-567,342
47600,-6166,3970,5619,441,-1585,-1816
47601,-7809,5367,2954,-1468,271,-586
47602,5825,-5091,2053,1732,-1820,-1599
47603,-3202,-2225,7186,-182,1777,-1804
47604,-6144,5245,6017,-629,-98,-1632
47605,1688,-705,-428,814,1209,1542
47606,-3813,5294,4121,864,-144,1252
47607,7515,-265,-2755,228,-104,-810
47608,443,7279,-309,-1320,1366,-1905
47609,5802,7722,-5013,983,-1026,28
47610,-7407,1040,-4317,-278,230,-2
47611,5038,3341,6473,117,1395,-814
47612,3217,195,1098,-212,-860,-1517
47613,-7117,3029,5807,124,1794,-125
47614,-1327,-6972,-735,776,400,957
47615,510,-3716,3647,660,-630,-982
47616,4687,-6150,-6235,-685,355,1097
47617,7666,6251,-3038,434,326,1878
47618,2417,-5115,-6151,-1416,244,1427
47619,7021,167,-3187,-772,1988,-1495
47620,-2812,7065,-4026,161,-671,874
47621,-1757,-6202,-997,298,-1509,1016
47622,-7825,3205,118,912,1863,-181
47623,1848,-927,1200,387,-1756,-2000
47624,1638,3840,4921,-1627,1148,148
47625,1141,-7269,1522,-1965,-127,-1173
47626,5102,-1389,1447,-271,965,1042
47627,4847,1670,4582,454,-1271,-1975
47628,-6328,-1924,1616,1795,337,-1476
47629,-2543,7149,-2920,-1796,1877,1543
47630,952,-759,-5072,1525,-611,-262
47631,-6448,4909,-3342,-1118,476,1485
47632,5771,-5446,-5795,1421,896,-1725
47633,-5663,34,-7922,-1974,-1433,1263
47634,3263,-2121,4322,935,845,1362
47635,2190,3067,1009,-597,-291,-1525
47636,7362,-2637,2340,1120,1752,1203
47637,-2790,5425,6525,1151,168,868
47638,-6003,7123,-3152,-120,599,-1993
47639,-6058,1555,-6225,261,-854,-504
47640,3415,2686,-7543,874,852,-38
47641,2210,5499,2881,956,75,127
47642,-1482,2203,5183,1851,-1379,1521
47643,5110,-496,2672,-569,468,-1615
47644,2164,-2012,-510,-1665,1845,1882
47645,-3627,-6626,2498,1196,-89,1559
47646,-5391,-3330,6494,-1044,-1022,-127
47647,3497,346,6265,788,-1059,231
47648,-5925,2344,-7924,-1848,-817,740
47649,1425,3080,-5742,-574,-1163,745
47650,-78,-7462,-6895,1315,-1934,-138
47651,3061,-6260,7117,1790,121,264
47652,7345,6259,-6922,1807,-1509,-1762
47653,5371,-2107,810,-1389,-855,453
47654,3166,-2660,-7461,441,1256,-1221
47655,7730,4115,-7812,1721,-1561,-976
47656,5238,-1459,3626,539,-648,-824
47657,2968,6965,-1322,542,1481,46
47658,3448,-6385,-3549,-1134,-555,-1794
47659,7489,4774,-6024,1840,1277,416
47660,1157,-4910,-5532,697,47,-1787
47661,-3447,-6918,1938,1406,600,1979
47662,709,-3852,-5503,155,-1500,-1869
47663,-6646,-4975,-2959,-1591,-1419,1686
47664,-6441,-1158,-7158,556,1452,504
47665,-7905,1183,-2795,-543,-770,-1205
47666,-3467,39,-1430,81,1585,-274
47667,-3524,2434,6210,1411,147,1975
47668,6952,6359,6350,317,1322,122
47669,-4224,4842,-6097,-1861,-110,176
47670,-7032,5179,-5146,815,1514,1030
47671,5431,-2518,2499,-1664,1815,1187
47672,-6579,2393,-921,-1074,350,-1121
47673,-1086,3394,6973,-1969,-1920,1677
47674,2827,-2073,-1435,1467,1149,-133
47675,7288,-5707,1279,-164,261,1547
47676,3176,3114,6584,1738,827,731
47677,1012,-792,1364,-1355,-642,754
47678,-6369,7987,658,834,429,1110
47679,-700,7640,-7707,-282,1350,-844
47680,-7790,1487,-312,-71,-1205,1347
47681,-6353,-453,946,359,-1306,176
47682,5957,7598,-3610,763,1544,-1838
47683,3897,2794,-3911,1819,932,-35
47684,1156,-4033,-7990,-640,941,-374
47685,-1805,2490,-4909,534,-1003,-762
47686,4530,1799,2506,182,-1352,12
47687,-6839,-5141,3081,-748,-171,-89
47688,-64,5643,6694,1687,332,1847
47689,7470,4289,784,-1043,859,194
47690,-2122,-3456,4113,-568,-1480,-862
47691,-1509,-2147,-5531,-1332,71,-536
47692,1644,-6745,3160,1181,-525,-360
47693,-3009,5952,-1109,-1333,-1546,1574
47694,-6497,198,5017,-1987,973,-510
47695,5292,-5110,-7578,-178,1546,1662
47696,-7505,2620,-5178,1543,977,35
47697,7353,3358,2765,267,-695,-1034
47698,2552,6840,5578,183,-566,-104
47699,6037,7813,7096,-407,-1666,-1183
47700,-6579,-1375,-4085,1589,1993,-1511
47701,2188,7422,-6827,-1414,1213,-1536
47702,-4827,3472,-5941,801,-388,1767
47703,363,3160,4774,-839,895,299
47704,7535,5081,3497,-326,1436,89
47705,5229,2250,5227,-52,-293,-1371
47706,-3357,-2361,1241,-817,1993,-269
47707,1204,-6519,1874,1301,-144,703
47708,-3351,-5775,6019,-1311,-641,-111
47709,-4673,-2756,7032,-271,788,1693
47710,7433,-2835,-715,465,1526,727
47711,387,-6384,2649,-1876,579,750
47712,-6768,219,1410,-1578,-1790,-1280
47713,4115,-7082,-3880,30,1375,-1612
47714,4825,-3763,5651,311,1070,91
47715,4524,2034,-1608,-1044,-51,-1696
47716,-6008,2444,4754,418,-1558,-1475
47717,4757,-4316,-373,478,-1789,914
47718,907,6681,6263,-1877,-1047,1576
47719,-379,40,1733,572,-1882,-764
47720,-5410,-3206,3741,1706,-1407,1730
47721,5416,4744,-228,1541,1621,-905
47722,-6590,-4161,-2393,-1254,348,-600
47723,885,-799,-7120,-629,872,1914
47724,-139,-2914,-2224,16,1052,-1110
47725,-4917,6486,1571,1621,-418,87
47726,-4918,-6872,-5306,647,-1701,-153
47727,6009,4292,-438,-1089,-1234,-1314
47728,-1516,-3454,6551,876,-774,533
47729,1738,4833,-1643,1447,811,-1377
47730,5804,-5234,-4875,-1073,1557,-1561
47731,7050,-2830,-7969,-1652,647,1807
47732,-5707,-3479,7318,-45,144,728
47733,2665,-6304,-7974,665,-1177,-150
47734,3109,6423,7779,1888,960,603
47735,5203,-5349,3305,780,1100,-1112
47736,3406,2248,-4922,993,1548,-1865
47737,-4198,5622,-1995,1309,-1645,-1963
47738,-2838,3336,-6330,451,-314,1060
47739,-2193,3338,6574,708,-364,-190
47740,-76,7067,-2355,-1848,961,1420
47741,857,2713,1948,-203,-1945,-1974
47742,-4787,4818,-3296,-336,871,246
47743,2205,4810,320,-1661,1882,1022
47744,1030,2945,6541,1557,667,941
47745,-2372,-2433,-4876,1985,1965,1414
47746,3078,-4454,6585,645,-534,733
47747,292,-2130,-5135,-1615,-1878,1595
47748,-1295,1687,-5907,1838,1708,1933
47749,1288,-6766,-5494,722,620,869
47750,5137,162,-925,-1417,-1221,1780
47751,-4297,-4521,-3766,20,1777,-1054
47752,-7731,5891,-252,1143,-436,1011
47753,-3278,1065,-6954,-900,-1245,771
47754,3198,3593,-1650,-1044,327,1700
47755,-6067,5309,6647,-609,-1651,215
47756,3981,-5083,-849,1591,-1406,-1145
47757,-2138,4885,-3363,-799,-1280,-1127
47758,-5664,-3399,854,-728,-1482,-1841
47759,972,6277,-3131,-1852,1972,82
47760,5647,-7257,-3572,-888,-116,-44
47761,7276,7610,6673,-955,-1870,1651
47762,-1712,-5894,2655,-954,-1846,111
47763,4854,-1333,5690,-1053,-888,-1009
47764,1173,-4354,4142,1383,1283,-1897
47765,-131,1987,647,626,-1882,310
47766,-2809,5097,-5947,360,-1715,1857
47767,-4628,610,-5971,-1143,1354,3
47768,5302,461,377,1218,1386,-351
47769,-7058,2233,-3245,-1759,1777,1247
47770,-4081,4897,7542,-1505,-688,-1482
47771,3375,-3875,-7161,465,-589,-1307
47772,5578,-5551,-1878,-77,1604,-1025
47773,-5034,-900,6598,-54,-609,-654
47774,-1127,-3839,-7467,995,-1258,496
47775,5521,-2287,-3442,205,354,-189
47776,-4400,-2812,1227,-132,1253,-842
47777,3848,4099,6352,1499,-86,-100
47778,7420,-1043,-7882,1865,-692,-786
47779,5805,-5227,-1246,-1636,-958,833
47780,-2859,-5212,7032,1572,-681,-14
47781,-4934,4834,1904,796,-1636,-1676
47782,3040,1450,3811,1479,-748,86
47783,97,6024,-4407,-958,1932,755
47784,-681,-4773,-5286,384,1014,-221
47785,2620,4564,7592,1518,1332,1807
47786,7710,5196,3473,-1926,1815,-1342
47787,-2742,-2326,-811,1991,-622,995
47788,-2016,3733,1503,-1478,1785,609
47789,2692,-5455,-5548,1139,-1021,900
47790,6472,2991,-6258,-1846,740,1912
47791,2805,-6035,6618,460,437,-189
47792,-1660,3814,3426,807,423,-1106
47793,7723,7525,-6879,219,-121,-1938
47794,6008,2164,3953,-1438,1291,-80
47795,1308,-6862,7809,-73,-1481,-1736
47796,-5536,-2375,6622,-343,1141,250
47797,87,-1150,3670,-1518,1050,-1204
47798,832,-2703,3922,-1273,1949,1495
47799,3772,3459,6960,-831,-140,1452
47800,7242,-3063,7188,396,-1426,1372
47801,6078,129,2657,1213,-400,973
47802,3958,-4762,2755,-392,240,-579
47803,-2907,-7424,1360,968,-1268,-1628
47804,2213,-1035,7116,-1945,1826,1685
47805,7715,7809,444,793,851,638
47806,-7525,-1847,4496,1231,796,43
47807,-3203,6124,5934,-117,-456,-1226
47808,-3475,-5582,2148,1133,567,-1245
47809,2718,-4735,-7829,-245,637,-1277
47810,-5796,-60,1928,-1576,-1215,-1446
47811,-4377,5436,7561,-1429,712,-1518
47812,-6393,3611,7478,1474,-1370,36
47813,-3151,-1725,3877,-623,-1499,-671
47814,-2276,239,3508,1956,-93,-1339
47815,5635,-672,-3725,627,934,934
47816,-5376,-4781,-1830,-1025,-1310,714
47817,-7512,-6573,-3920,-290,-1073,2
47818,1371,6465,6758,-144,1150,576
47819,3935,6379,-5738,301,477,1994
47820,-3007,2558,-5175,456,1008,-1266
47821,7964,-6885,7026,-1971,-156,-1984
47822,-1799,-125,-2814,-1594,-263,-61
47823,-5497,-721,-1780,-737,-1785,-1033
47824,3568,-36,7861,833,1019,-1934
47825,402,-7806,-4798,1859,386,-1449
47826,-2989,3724,3168,331,-1143,-18
47827,-392,133,1512,1897,1112,-1618
47828,764,5722,3451,5,-408,-1579
47829,-1551,-4832,-166,-1615,-550,-104
47830,7558,2893,5616,815,1048,-220
47831,6587,-3417,5822,277,1373,-241
47832,6845,-6921,6633,1401,-1671,666
47833,7809,3798,-6666,1206,-1121,983
47834,-4274,5889,-6772,-934,-895,-1566
47835,-7291,2875,-5887,-951,97,732
47836,-3235,3239,7761,-630,1670,435
47837,-5515,-1636,2213,-851,874,246
47838,6215,3798,6074,833,1405,-399
47839,-3105,-6935,1629,266,1557,1802
47840,7268,-665,-883,-485,1632,441
47841,2882,-2205,-6606,432,-1642,-569
47842,204,470,-4615,-1275,1924,1697
47843,-790,3566,6239,-1555,869,795
47844,800,-1135,2266,894,-924,-393
47845,6258,-6222,1753,955,1103,147
47846,-5765,7611,521,1966,-477,-241
47847,5158,-3319,674,-213,-226,271
47848,-1672,-3014,-4997,1795,-455,71
47849,6034,-3690,5934,1708,-542,-285
47850,5727,4060,775,615,-730,1801
47851,-2309,5118,-6470,-358,708,400
47852,4394,-160,-68,1041,-1213,-731
47853,-2144,-1516,3811,516,-330,771
47854,6820,3879,3657,262,676,-862
47855,-3852,-3299,5092,-1037,-1937,1260
47856,1367,-2229,3702,1800,1786,445
47857,1769,2358,6535,-1090,-830,-714
47858,-2577,-5842,6518,1908,1455,792
47859,1323,7852,258,-183,-975,-1517
47860,-3744,6387,1924,1269,1514,151
47861,4937,2678,-6394,-152,-826,1070
47862,4952,-1467,3415,1117,1012,63
47863,-575,6344,-3290,-1346,241,1644
47864,4386,86,3656,-1893,-323,-526
47865,-1952,-4187,-808,530,501,238
47866,-6123,-1922,-5034,1053,-932,-1300
47867,531,-5634,646,1982,1094,-1321
47868,341,4363,6005,-1899,-1469,744
47869,371,-6919,5756,393,1423,-1995
47870,6451,3024,4253,760,-600,-763
47871,-3211,5969,7864,32,-373,1443
47872,-6947,-4256,-4388,1744,-1911,-390
47873,4095,5574,-7259,-1771,1604,-1907
47874,-4861,570,-5177,-64,-1788,1250
47875,-3137,-4560,5857,418,1426,60
47876,5069,2709,-474,1956,-1931,-327
47877,-3489,-5188,5468,658,1531,-1775
47878,-3105,-4208,4517,-758,1722,1101
47879,3488,681,-6068,1526,948,-1071
47880,-4031,1412,-7880,-472,-1593,-1788
47881,-109,-1973,-2185,1831,1671,-36
47882,-2556,-7346,-3448,-1747,-1209,578
47883,-7945,1453,1166,-483,-1196,855
47884,7248,-1050,-7097,-1861,0,-841
47885,2874,278,200,-1273,-413,151
47886,-6995,6124,-7208,1266,-444,-1997
47887,2730,3749,-7280,1285,875,-1729
47888,-6164,-6653,6781,1105,136,1807
47889,-2887,4248,1626,669,1291,-1211
47890,-2378,7606,2960,436,1535,1450
47891,7493,-7499,-845,1474,-697,1676
47892,-2946,-1677,2602,-1513,-707,-478
47893,-7691,264,-4203,1095,-1060,-721
47894,-7107,-4854,3818,900,-1324,-19
47895,1386,-3143,-6679,-885,141,25
47896,-3346,-4882,7911,-1106,146,-797
47897,1590,7879,-7302,-1224,1847,441
47898,-47,-7215,-2158,-763,-980,-1768
47899,2898,-5336,2948,926,-949,831
47900,5667,-1640,5065,1105,992,852
47901,4924,5555,-1941,1609,-1498,-655
47902,-919,-7122,-1858,-953,1887,-101
47903,6056,-2769,-1349,968,-1105,1577
47904,-91,7106,7025,1581,1895,787
47905,-2367,7199,5462,-966,836,494
47906,4171,1716,-6600,1584,624,797
47907,-5010,4940,6884,1908,1981,-1022
47908,900,-6590,3949,-871,1998,1367
47909,2859,-3673,-7562,1235,-441,113
47910,3353,4940,4500,1212,-511,-1538
47911,-2225,7884,-7158,-164,1824,-504
47912,-6745,5058,-156,-736,1406,-1518
47913,-1187,-650,6384,1035,-57,140
47914,6330,-715,5978,-390,1432,-1024
47915,7964,-5786,4979,1775,705,747
47916,3657,3062,229,-1805,1820,-96
47917,3692,-249,5303,-391,-175,-1158
47918,6027,977,702,-1014,-546,-1614
47919,-7515,-1899,2300,-692,781,-744
47920,5032,7164,69,-1456,1535,-676
47921,3315,-7272,5985,1567,-470,-1160
47922,4474,-6196,2881,1809,-393,1002
47923,-6056,-5140,-3974,1188,-294,369
47924,-2260,3909,2836,401,1125,-1084
47925,-3795,3004,-4316,330,434,-1770
47926,5124,-6920,-4387,-851,58,1589
47927,6155,-45,1810,1805,-771,554
47928,305,-6790,-1165,761,-1199,488
47929,-1703,4427,-2256,-1766,1131,1315
47930,-3402,697,5535,1273,1854,62
47931,3405,4749,7118,-1254,1119,-515
47932,6042,4606,2052,-1913,-1352,1411
47933,3864,-129,7568,-721,1927,-1892
47934,-2205,6953,7301,423,-604,65
47935,6955,2191,3814,1348,-1210,-166
47936,539,-3315,-489,-1502,736,-1487
47937,1385,3239,-5994,-1517,575,-1098
47938,-1066,-3149,843,-965,1247,-176
47939,7597,-2259,2159,-1121,615,-1109
47940,6097,-963,-7574,-1092,-1088,1168
47941,872,165,4800,-265,-757,1720
47942,-5119,4478,4773,1843,-565,-636
47943,-2285,-560,-4347,-416,1299,-1897
47944,-1781,-1510,1309,589,-103,-838
47945,733,-6371,-7925,1292,-694,-115
47946,-1187,-6738,2517,-1931,-647,-1353
47947,2496,-3727,-2985,180,1930,-1158
47948,2420,-2713,-1929,856,196,-1223
47949,7676,-1860,6450,-643,766,1410
47950,-6569,-348,-1422,-1314,-467,1181
47951,6350,-2547,-6090,1505,-1422,-1586
47952,-3454,7874,-5070,495,-1436,-1734
47953,7957,-2330,3181,-1530,1968,1347
47954,2809,-2907,7313,1138,270,1108
47955,3896,1761,-1004,1639,-1679,-1348
47956,-6287,-7773,-1645,158,782,1362
47957,2248,-7305,3510,-1837,1577,1244
47958,-5721,-1567,7636,-1696,-102,-886
47959,-2562,-2762,-1322,-1234,823,351
47960,162,7738,-6535,-331,550,-1462
47961,4011,-370,-6039,1124,-1237,-1582
47962,4758,-4096,7697,1842,-1962,-98
47963,3465,2665,-3385,-1728,-1757,-954
47964,1706,-2286,-4102,-1857,953,1328
47965,6135,-4784,4680,-210,959,-1214
47966,2563,3367,2344,-1033,-1772,-1771
47967,7275,-1142,2205,1426,496,-536
47968,-4185,4817,-2644,-258,1391,-1077
47969,-2751,-7661,7397,396,-413,225
47970,2930,2151,-4969,757,1891,-1765
47971,432,-6592,-320,-187,-1696,94
47972,-1900,-720,2720,-959,-953,-1012
47973,-7266,2572,1755,-223,734,-241
47974,130,3262,7566,1672,-178,-1552
47975,7731,-7891,2236,-528,576,1626
47976,-3563,-3177,3283,407,-924,1237
47977,-7762,-4135,-3522,120,1293,-1285
47978,-1465,5234,352,-1585,1246,-711
47979,3279,-1636,2470,-1307,-521,941
47980,7611,3300,798,-873,-1727,398
47981,692,6058,-5546,110,-1163,599
47982,4213,3415,2648,184,1547,-470
47983,2460,-2405,6082,-1684,1526,1804
47984,4931,7927,224,-1738,-1247,-1767
47985,-3061,5465,-7816,-1895,277,-802
47986,-3469,4234,-3243,1894,-754,751
47987,6511,-1464,4505,156,260,-603
47988,194,5357,-5488,113,1118,-1410
47989,3812,-3112,-476,1054,740,-1128
47990,-4499,5303,-7031,-1560,-1850,348
47991,3156,-181,5168,-774,1679,833
47992,2148,1215,2284,1607,1943,-355
47993,7229,5247,5462,1562,-255,-1961
47994,-6460,466,-4319,-1537,1556,-277
47995,6182,-2141,-6382,1560,-1231,-1170
47996,1438,2988,3462,1913,342,94
47997,-7897,-2268,-2414,1451,-1193,666
47998,-5751,4856,-819,213,1643,332
47999,-2234,5454,3546,-1172,-1054,968
48000,-7429,3863,7447,957,113,-894
48001,-5802,2660,3152,1101,-392,466
48002,6370,-1122,4198,809,606,925
48003,5309,-3053,-6390,-97,-832,-25
48004,2748,2671,6643,-1293,793,-801
48005,-4123,-6299,-92,35,683,-249
48006,-3340,-3515,-128,-1652,-1978,-505
48007,4726,-3982,1979,1518,-1820,171
48008,6941,-1178,-643,-1274,-1210,1869
48009,-854,6477,-6229,-613,-1637,1424
48010,1692,-3562,211,-1590,1564,-799
48011,-960,-538,1343,-1585,-1890,-795
48012,-3609,-5698,-3958,-722,374,70
48013,7059,-243,-2325,-848,1600,1807
48014,5739,5163,970,231,-1996,-836
48015,-7742,1584,-3773,-379,-1541,700
48016,-5168,-75,7006,-1778,15,937
48017,-438,145,-6377,-37,-1720,-517
48018,2917,-2602,-5026,478,-908,593
48019,-5858,-7961,3126,-713,-1657,-1654
48020,240,-5273,-3157,1590,1856,690
48021,-3649,6450,2794,-1718,941,853
48022,6211,4543,7561,-1140,-100,318
48023,7282,881,6455,1014,1158,-241
48024,-3920,-1698,3239,928,459,-1996
48025,-2007,2052,5176,-430,1983,374
48026,6647,-6420,322,-1058,-1651,-1934
48027,-677,-3136,6371,994,-1772,-621
48028,6047,-7370,6767,1742,-1426,-1864
48029,-7704,2008,-1222,-77,349,719
48030,-5459,6035,-4317,-163,-1438,-1282
48031,-4768,-7238,7265,1164,788,-1468
48032,7119,6968,4798,-225,1641,-1551
48033,870,-6051,6409,-1915,-1992,-1052
48034,-4879,-4857,3301,6,1889,178
48035,7724,1851,-4670,1889,1029,1441
48036,-1942,-2507,3125,479,-1762,-1438
48037,-6003,2913,-3298,-1694,-1678,575
48038,-775,2264,2126,-1347,784,584
48039,-5658,-4874,-972,-680,1725,1040
48040,-3332,-3162,668,837,-1299,-917
48041,7803,-1184,-6057,-970,-214,-406
48042,2932,1285,572,983,-320,832
48043,-5482,-6710,2393,-1564,-1576,-687
48044,4045,-5531,3934,1331,-1868,960
48045,1964,6923,3422,158,1137,-1350
48046,381,-3100,-1341,242,1029,-521
48047,-6492,1921,-4296,950,-584,-1297
48048,2386,-2678,3964,590,-771,-1775
48049,5726,1499,395,-419,679,-1107
48050,-6891,571,-1903,-1514,-750,1040
48051,6559,6141,-215,647,-394,-1582
48052,-7593,4681,5306,317,869,-940
48053,4978,3938,7726,37,1243,-152
48054,-4722,3511,-4295,1742,997,-1486
48055,-4278,3412,-5336,1276,1877,-1334
48056,7634,3691,-4089,1918,-1069,-649
48057,680,-4884,-51,-1515,1429,-746
48058,7478,3768,4229,-1630,1002,1449
48059,1234,4356,-4357,647,296,-727
48060,4102,7338,-7427,-1295,-140,162
48061,5591,7308,3331,-648,-609,244
48062,-1550,5502,-2579,-410,-1273,-1294
48063,-6244,5342,-4435,53,-569,-594
48064,6643,3638,4496,1174,-1270,1745
48065,-580,5359,-1304,-1665,-1561,1286
48066,2930,-6221,4759,176,-447,1684
48067,4143,4111,5097,-620,-450,-1688
48068,-3265,-2268,2554,1813,-1203,797
48069,-7280,4581,-7792,-1253,1951,103
48070,4205,3163,-1111,1430,804,1751
48071,-1358,669,2005,465,5,194
48072,-4701,7794,-5414,1292,3,-1705
48073,-2541,-1137,-6381,-985,-1205,-1355
48074,-431,-5555,-7003,1192,-1842,955
48075,4683,5762,1747,-1328,-637,382
48076,4736,6716,-7052,-1590,127,-144
48077,-6365,1089,-2214,277,505,-1607
48078,-7137,1735,-2399,595,1854,440
48079,-5941,-5457,-1866,1917,-63,-195
48080,1756,-7339,-4786,702,-1706,-257
48081,-847,3909,1214,-595,1097,-1592
48082,553,-3058,-117,-803,1694,1084
48083,1063,-1442,-6266,-826,-638,-1293
48084,5725,-3412,1878,-1555,-1050,-1882
48085,-4008,-2563,5150,651,259,119
48086,-7323,-2389,-7638,780,-1812,-1627
48087,5222,-6294,-4464,1189,948,-1639
48088,-1883,-1415,1241,-414,-925,-1227
48089,1573,-632,1779,-1281,-825,-308
48090,620,67,7846,-1152,1421,-1744
48091,-1189,-3728,922,193,799,1457
48092,3358,-6058,3148,-1695,-497,-1193
48093,1546,-2709,-7817,-579,-1146,-24
48094,7252,4973,9,-448,1801,-616
48095,-341,7276,-1770,-1764,627,-911
48096,3814,-4276,51,28,1244,200
48097,-6869,-4858,7427,1372,-1166,-183
48098,-3081,5098,-2676,-1728,-814,-248
48099,-3387,-1238,-1264,-458,460,-793
48100,3173,3616,1123,908,637,276
48101,3707,-2873,6565,-387,-1352,-1273
48102,4362,-3801,6846,529,-1391,-1160
48103,2232,6320,5039,-461,1097,1933
48104,-1669,7651,-1363,1470,-227,465
48105,-1954,2289,-6622,209,-1723,1961
48106,-6351,7149,3166,-1418,814,-1743
48107,2298,2793,-4887,-1497,-1309,567
48108,-1233,7072,6590,555,-1859,-414
48109,-7761,-84,5993,853,-326,-1063
48110,-3984,4321,2716,-1278,-56,-541
48111,7227,-5100,4965,-1995,-635,-340
48112,-3468,4368,1307,-1584,1178,228
48113,7191,-1157,6573,1997,692,-1896
48114,3704,-2668,4701,65,1206,1042
48115,-1286,-2569,-7539,-1859,-132,-445
48116,-4648,2131,-20,-606,-720,-1448
48117,-4890,7162,-3157,-349,1582,568
48118,-2345,-1381,4166,-1657,309,-1196
48119,-2788,-2097,-3046,1475,1046,1915
48120,1584,-2414,-7865,-761,34,-990
48121,-4021,-1417,-4415,-967,-1239,-870
48122,-1811,-7506,934,1275,-1606,297
48123,-7630,-4313,1517,-1220,1514,-1259
48124,-7335,-6154,6455,373,-1508,-1605
48125,1369,-500,5223,515,-703,-1313
48126,4960,7463,7917,1990,-1245,-364
48127,103,4262,-7366,-1749,-1941,-460
48128,230,6118,-4198,-995,609,466
48129,7603,7856,-2817,1849,-591,1465
48130,-7309,7206,-3643,-86,13,-1896
48131,4207,-1250,-904,438,-1914,695
48132,3831,1929,2606,-903,520,-119
48133,4024,918,-7649,-1946,-1612,1492
48134,-748,-7023,-5432,275,1142,-962
48135,-302,-610,-3527,1669,87,1360
48136,-354,3310,-3063,613,1391,-1955
48137,-3850,-2768,2257,374,-837,1043
48138,4423,7508,1108,-411,1610,-244
48139,-2682,-210,7431,854,-1780,1681
48140,2078,-321,5101,52,-526,-1273
48141,-5227,638,-7400,-1224,-806,-192
48142,-7629,-3311,4371,-1174,-1068,1233
48143,2203,6500,-4889,693,1145,181
48144,-1277,5762,-7773,-1601,-1431,1802
48145,2804,2013,721,215,-583,-1175
48146,-1766,-999,410,-1477,1338,-950
48147,6704,6325,5061,1567,1712,-1953
48148,364,-2429,61,-936,586,224
48149,5564,-6783,1329,1124,-1836,-432
48150,1675,740,1097,1917,-231,-167
48151,-7728,2440,-7628,281,931,1022
48152,2422,-7117,-4143,1026,1039,-616
48153,-5614,-4527,7932,-711,-621,1293
48154,2358,-6585,7007,-242,1861,694
48155,-5967,-7585,3868,-1312,-1873,-1135
48156,4997,5045,4238,1628,791,553
48157,-4988,7311,329,-362,-1127,1297
48158,-7598,-5230,4058,616,-1014,1367
48159,5219,-3026,-1511,47,-649,-1508
48160,331,-5816,7509,-846,-485,-342
48161,6543,-1913,-3172,291,-1155,-1796
48162,1936,-5572,2326,378,-1556,253
48163,2248,-2880,984,-1295,-1117,-262
48164,-6735,499,2265,-720,-388,248
48165,2021,-6300,7996,1021,802,1468
48166,-3608,5778,-4269,-1929,-123,-1420
48167,-7605,7057,766,-553,-1481,1330
48168,4183,7511,6776,874,1049,1080
48169,427,5356,5703,-799,712,-659
48170,7149,3069,-6670,1267,-1897,1668
48171,652,-4759,3327,175,1859,684
48172,2100,-5312,3213,1104,-914,1669
48173,-7136,1322,5246,-707,-213,-1659
48174,-3206,-3562,-623,-1146,-562,-1035
48175,1573,-5003,-4035,-1842,-817,-1519
48176,-823,-2122,3404,-758,-368,-1530
48177,5962,-7743,155,-2000,-711,-248
48178,1503,2414,5457,527,-327,1524
48179,3741,6149,4217,625,1089,-1637
48180,-270,-3417,-4685,768,-778,959
48181,-7319,7994,-6249,-567,1463,935
48182,-6545,-1835,-6449,-1837,-644,1950
48183,-6969,-6224,2315,-361,1286,-1262
48184,6808,4903,5413,1871,1333,-383
48185,3033,-7509,-7077,789,-1784,-42
48186,-2378,5478,-418,1335,866,-1882
48187,2032,4190,-5388,611,1697,890
48188,5932,-3656,-6555,308,677,-918
48189,-4889,5880,-775,-1754,-510,622
48190,-4004,-4387,3890,1796,-256,221
48191,4785,-7528,-3929,-1979,28,1834
48192,-3260,2416,388,1096,-1081,-782
48193,-4695,-4073,-2542,452,-1221,-1642
48194,7654,5442,3472,1615,81,-428
48195,-6084,5064,-942,-570,-1349,-1528
48196,4847,-1337,4061,-79,-962,-1480
48197,-5089,-820,-7,-1511,-224,-1757
48198,3081,-2156,-2785,-654,-522,1439
48199,-1119,2007,-5821,130,-1914,-1369
48200,-1072,4398,7796,1795,1785,-1164
48201,2970,-2097,-1722,1102,1944,-1851
48202,1098,-4441,-7240,-657,566,1539
48203,-2473,7942,3055,243,-389,-9
48204,-851,4628,-2752,439,-1095,-1874
48205,7493,-1733,-445,1147,-1747,-1860
48206,111,-368,7631,472,-930,1949
48207,216,-944,6616,-239,1204,955
48208,-1989,-1024,-5585,463,143,1363
48209,7907,1390,-3974,-914,646,-391
48210,-7878,-7224,2518,1293,267,-1109
48211,2691,2136,-7558,1989,440,-726
48212,7099,4947,-363,1518,-1408,437
48213,7153,3839,7686,-1000,1905,1181
48214,5191,3565,-5933,321,258,1520
48215,-6060,2383,2114,-1368,193,286
48216,-4892,7176,271,621,1184,-1308
48217,-3842,7161,5142,-1329,-786,-1068
48218,-7215,-2282,-7090,1324,-1501,-617
48219,4552,-6461,-4120,1767,-614,24
48220,-7317,6701,7078,-1812,1716,1046
48221,-3118,-1542,3028,907,-1103,-166
48222,7091,2603,-629,1713,1079,-789
48223,1244,-2315,-6416,-220,1919,-1786
48224,-6229,-1863,5650,-1406,-1829,181
48225,2981,6543,-2271,-1391,1412,-378
48226,-752,4713,5911,162,-578,-1801
48227,563,4449,4812,788,-831,1876
48228,-1052,-7686,-3089,-1005,1534,-760
48229,-674,-3649,7502,540,10,-1840
48230,3654,2357,5068,-502,-1769,-1183
48231,-2305,4747,7984,-1670,1503,-938
48232,-2108,-2196,6744,1849,1293,-1460
48233,-5096,6716,4275,-4,-932,-1475
48234,-5457,-1975,109,1044,1201,965
48235,-6031,-2319,-4753,1108,-1044,1838
48236,-5398,-3875,3340,-1865,-372,-1792
48237,-4668,-1278,7906,15,1375,-527
48238,5770,4715,2891,-481,1950,1776
48239,-4079,6754,-2704,512,-1714,304
48240,4801,-1691,7493,1420,-1973,-858
48241,6630,6566,-1915,-1292,1732,999
48242,1943,-4441,-6819,-715,-520,304
48243,-2100,-6799,-5944,1843,279,-1051
48244,-2878,5667,595,52,1172,-1871
48245,6417,-4976,1030,1664,-1321,-1296
48246,4054,7843,-3229,-309,1113,-169
48247,-7377,4121,-960,-1703,1431,-1619
48248,582,6070,-3916,444,-22,260
48249,-3288,5497,-4159,-497,-466,1762
48250,3482,-6873,-249,176,-1883,836
48251,3768,849,7237,1208,1219,-401
48252,5950,5785,2670,-631,-211,662
48253,5768,399,6047,954,1778,1716
48254,3807,-1175,2687,-1513,-1140,-588
48255,-7197,-7822,7113,354,377,1701
48256,5332,-4153,1943,1493,-141,-818
48257,45,-2259,-745,-1538,-1473,1991
48258,-3226,-3408,6213,-1817,1871,1147
48259,-6584,1034,-1953,758,762,-685
48260,-5828,-4983,-733,-1034,-1873,-110
48261,5844,-5673,5590,1875,481,-600
48262,5001,6013,-4134,-182,-1956,-426
48263,-2083,1260,4487,-1522,1273,138
48264,-3662,-2919,-62,930,-1805,1632
48265,-4444,-1370,7684,-872,-1003,975
48266,-4162,6483,-7975,-53,1860,-1427
48267,3381,-1247,-951,663,-304,834
48268,-7591,-930,-6837,1473,-1884,-880
48269,5544,2205,6749,-1759,1236,-1781
48270,-7373,2899,-6927,-492,1976,-1663
48271,7243,-1949,-4092,-844,-1530,-792
48272,5293,7822,-5812,-1153,-458,-829
48273,-3454,-7642,5359,-590,-1959,-1131
48274,6890,7182,-7656,329,1236,1706
48275,7819,-1642,1485,-1160,-1319,-929
48276,1272,3396,-3525,-786,-1576,-1919
48277,-3011,-6372,-6861,-216,-648,-1171
48278,2152,-7605,813,1522,1934,-1427
48279,3468,-1683,6028,261,-1755,-709
48280,-5266,-4073,-7407,-1135,207,1947
48281,-6733,4577,6208,1312,60,-1946
48282,6207,3193,-861,857,1003,1392
48283,-4383,4820,-7804,900,-1047,888
48284,-2291,6868,6302,-555,-949,1715
48285,2115,-1600,1155,1361,63,-50
48286,338,-7832,-3046,1424,-1491,-898
48287,1235,2558,3754,-477,-1191,-829
48288,-2980,-6486,-1618,-647,222,1773
48289,-3077,-1061,2199,911,1196,-1997
48290,5487,-5144,-2103,890,1038,-976
48291,5467,-5054,-1526,740,-1497,-1648
48292,391,4279,-3781,1639,755,-1727
48293,3961,-766,4116,1773,354,757
48294,-2326,2942,-6557,-1094,-1691,-603
48295,-831,-6719,7528,1912,-424,-283
48296,1054,-6145,7295,1901,-1153,-559
48297,3794,-6464,-6372,-1444,372,1046
48298,424,7360,5748,1276,709,-367
48299,6196,-261,-4756,1113,-638,235
48300,-4067,-6332,-7549,-545,208,-1539
48301,7979,1507,-469,-1741,1863,-1456
48302,6003,6961,-1069,-363,-1742,-1224
48303,-7779,3806,-4264,-665,1396,-471
48304,-332,-3539,760,-1007,-334,1908
48305,2068,7294,7977,747,715,-640
48306,80,-2400,4458,-1686,171,714
48307,6796,-6655,3970,-1324,-1948,-1782
48308,-299,-6253,460,-1870,524,-619
48309,-2305,-5702,-5871,1790,-1063,-1999
48310,3966,-7223,4500,1802,-1892,-891
48311,2745,-6295,-4703,310,977,212
48312,-725,6315,4289,-1708,390,-860
48313,-2050,-2134,-6143,-412,1905,-307
48314,3575,6730,6494,1930,-702,-1479
48315,-6513,6720,2442,-1317,326,855
48316,-1055,-6701,1868,-1273,-200,-830
48317,-7780,-6463,-246,1011,1096,1551
48318,6574,-4740,5141,907,1843,1377
48319,5073,7206,-6259,738,-295,216
48320,-5109,-7564,-5447,977,457,587
48321,2935,679,780,-1718,781,696
48322,-5716,1902,21,-1337,-984,1954
48323,-3539,-3038,6599,-1357,-1041,-1788
48324,7521,-874,4371,1992,1110,-1063
48325,3046,-6115,-5689,107,480,-228
48326,-142,4405,4859,572,513,1498
48327,417,-224,929,407,1347,-1565
48328,643,-3065,-3650,174,1875,-1895
48329,4000,-7307,7419,-1063,-1081,1288
48330,-7139,2443,7935,-1418,1998,-1296
48331,5754,5321,3704,1836,-1560,1425
48332,1908,3753,1664,-1957,-883,-1188
48333,-5800,3617,-1370,1608,-1672,-400
48334,-4722,-2967,-6085,-685,992,677
48335,7860,7764,-2992,534,-1996,1751
48336,6359,943,7767,-1979,1342,1081
48337,-4855,-6824,233,-1916,-1823,1049
48338,-821,-7983,-3327,355,-1441,1439
48339,5781,-6928,4924,460,508,-559
48340,1881,4309,833,484,1571,-1006
48341,3749,-5368,-1773,1427,-743,-1146
48342,5049,-3727,4873,-1880,-1267,-569
48343,1595,-6538,-3984,-687,1529,1790
48344,-5307,-4125,-7426,-1296,-379,-881
48345,-2952,-6664,7325,129,-1247,-1795
48346,-810,3462,-6422,282,1298,-148
48347,4719,-4538,-4419,-546,-1155,-1110
48348,4343,-3647,-1945,-1400,-1491,-1427
48349,5024,-4993,-6130,1372,-1427,-747
48350,5704,-4232,-6167,-1143,593,-104
48351,-7618,4739,7686,-707,-945,1175
48352,-7144,-4629,-2978,1981,1052,-607
48353,-2244,-5086,2301,-888,1528,352
48354,294,-4593,-6203,-1491,-1324,-1670
48355,-3335,-2301,-1149,657,-606,-235
48356,5642,336,2918,-1638,748,388
48357,5655,5192,-4919,1907,-214,499
48358,6965,4965,-5955,910,-1255,-552
48359,-7153,-7895,462,914,-1859,-423
48360,307,1087,-5391,960,-615,-1286
48361,6063,7035,5176,-372,91,1227
48362,377,-6204,361,-1633,1621,-1789
48363,-6512,-7487,-2388,740,1848,-429
48364,-3703,6199,-1532,-126,475,-1689
48365,-3215,-2444,5160,-1222,368,-636
48366,3686,-854,-7307,-1326,430,1263
48367,-3913,2759,4616,1861,-379,482
48368,-6235,4799,-5529,401,-142,701
48369,1261,4758,-3062,-1402,505,1827
48370,-4891,4340,6210,1062,-420,174
48371,3117,-2460,-7056,-1339,-493,37
48372,2369,5200,4694,281,1373,-696
48373,2472,2446,3097,-1289,377,985
48374,1622,-4060,-3391,1884,812,1612
48375,-3267,3548,4827,1777,-1695,-918
48376,-38,6910,7182,712,-873,-414
48377,6374,750,1811,333,-1473,-519
48378,-573,4966,-3792,-1224,-1334,1213
48379,-6297,4187,-389,-1776,395,-1705
48380,2486,-2849,1140,-743,-199,315
48381,6692,6268,4463,422,670,-550
48382,6222,3519,-1157,-1388,-1865,219
48383,-1720,-6616,-4516,410,1457,-1422
48384,3759,5119,-5437,-59,-1640,74
48385,770,2360,-1334,876,956,-1088
48386,4735,418,-6236,1128,255,715
48387,3310,-1266,5196,-569,-363,-975
48388,-7867,5278,-82,912,874,102
48389,-325,2722,-4206,1483,-280,-177
48390,6769,6326,483,-321,-436,-1034
48391,5843,-5047,-4637,-1813,1357,-122
48392,-7307,-465,47,-1380,-1843,1774
48393,1081,5582,5350,468,407,1316
48394,38,-803,7256,1541,1706,-630
48395,-6184,815,1745,1795,1251,1065
48396,3478,5772,-5119,513,-445,664
48397,-6719,-3705,1702,-176,-224,485
48398,-3899,-1339,-5126,-1179,-1165,-1795
48399,-3018,-1858,6681,-1085,1953,-1037
48400,-1212,1468,12,-379,-1398,-171
48401,6314,1395,2379,-639,1182,1056
48402,1445,-1722,-916,909,-151,1787
48403,-7063,-4068,-6328,143,954,-24
48404,-7743,-2768,855,-325,742,528
48405,-4295,451,5205,-196,1669,-1130
48406,-2000,3419,4960,-66,-703,992
48407,-2528,144,-7944,-1512,-1232,233
48408,3416,-5728,-3640,1228,838,-1484
48409,-1564,2131,5980,-316,-1349,448
48410,923,-4110,-4224,359,706,962
48411,1665,3350,1146,-1901,777,-1780
48412,6556,6195,6612,1568,-1578,-750
48413,-5957,-5697,763,-1642,1110,965
48414,-4367,-4716,-936,-597,-1746,629
48415,-5136,3985,-2009,-191,-1550,-1127
48416,-3543,-4697,-1224,-510,375,-117
48417,4651,7058,-4070,-1573,-1185,-1849
48418,-4814,3279,7483,-1984,-1336,-398
48419,-6345,-3856,2049,152,1999,-1384
48420,1100,-2042,-1080,-527,-1200,658
48421,3955,-3836,4254,-1060,1758,-1313
48422,2991,-3188,5307,1568,-842,-566
48423,-3606,-941,-1792,-1913,1543,1735
48424,1990,2250,6961,1641,-960,1796
48425,-5552,6128,-7963,-1830,-1289,-475
48426,7386,-5086,2679,-833,-825,-948
48427,-2876,6044,7941,-811,1915,-1550
48428,7301,-2594,-6771,557,-1223,1388
48429,6057,-3395,1304,-1407,1851,1324
48430,6299,-6404,3556,-96,-1704,1820
48431,-1780,-6391,-4041,320,-1481,-1538
48432,6850,-7536,-3128,580,859,1434
48433,3531,-2839,6584,-1182,-1452,-689
48434,4227,-4928,-6029,1200,-1105,180
48435,2770,-7378,-1786,205,1501,-1732
48436,1209,6969,-6866,1854,288,890
48437,7459,-2984,2894,1718,-22,-1478
48438,40,-6673,4808,378,-730,678
48439,-2855,6048,7283,1418,-1848,1077
48440,5107,4033,-1843,-871,1837,-1196
48441,-7636,-2338,7171,-1203,-735,683
48442,-2756,-1027,6476,-1828,-1088,-1864
48443,3112,-5098,199,1789,-1257,1190
48444,3429,-7350,3087,-1243,156,962
48445,2723,1272,1239,-1034,-417,-1145
48446,4586,1498,-3558,-1890,-101,1458
48447,3770,-2882,3179,1374,386,-328
48448,-4135,-5948,-2045,775,-1229,557
48449,7623,-1531,-2647,545,817,1323
48450,-7071,-1626,6232,-297,1531,-847
48451,5772,-268,-7857,446,1501,1850
48452,6003,4601,7139,-1165,1111,-40
48453,-7775,6472,4418,901,-231,1396
48454,3797,586,-1735,552,1940,1884
48455,122,2383,4285,-43,-1179,-1101
48456,-152,-858,6261,-1810,-10,27
48457,7417,6148,-5225,-1161,-1146,-150
48458,-2453,1354,-2457,579,-432,915
48459,-1701,5963,735,54,-1652,-616
48460,1569,1124,-7781,-1095,-1792,-943
48461,-6270,6468,2694,-1899,1380,-1971
48462,-1192,-6662,-7500,222,-1004,-1959
48463,-3347,-6620,-6372,1584,-78,-294
48464,3064,-4435,-51,-148,-89,1716
48465,1794,1448,7554,-1010,1534,-1747
48466,-1937,3328,4596,1161,-1876,-527
48467,-6929,-5520,1277,35,-1465,-257
48468,-16,-219,-4514,817,-706,-1490
48469,3468,2451,-7650,-1426,1267,-553
48470,3180,-5981,5114,-116,755,1056
48471,-4075,3609,-7928,-1473,-1320,1300
48472,7680,-6577,831,-359,869,1651
48473,-7576,-7620,-3220,-235,88,-826
48474,-7447,-5958,-3982,1691,1522,-922
48475,-3542,-4358,4405,1072,1136,617
48476,-4640,-2614,-4982,323,529,1333
48477,6591,-5506,412,-1429,-1160,606
48478,-1409,-1255,-3736,-1794,-458,-793
48479,-5595,1471,5554,-1781,1624,1693
48480,6907,5277,299,-619,-260,1002
48481,425,-4274,1636,-1902,-1463,1820
48482,-3189,-7810,-3119,-1606,1930,-1849
48483,-387,-4376,875,1643,999,1283
48484,-407,-261,-3102,-1003,646,690
48485,-2457,1642,3851,-871,92,1104
48486,5960,1076,7589,1220,-1018,219
48487,-4309,3333,-2025,1431,-1097,1091
48488,6451,-6546,5235,-1154,-451,-727
48489,-2349,-4581,5093,-1037,609,1788
48490,-6073,5088,7278,1241,-638,1128
48491,4517,-5280,4350,329,969,-368
48492,-315,-45,-7074,1632,-1596,315
48493,-1168,-4025,4002,-664,-1776,-243
48494,-5903,5082,-3139,167,-1581,421
48495,2779,-5362,-2708,-1091,390,-521
48496,-1331,5419,3156,-1023,259,219
48497,2576,5868,-7794,1925,-677,924
48498,7739,5245,-934,-741,888,-223
48499,7082,-2321,-5541,-1258,-1601,1144
48500,5765,-7158,3332,1588,924,-183
48501,5468,2325,-542,1962,-1339,1224
48502,1413,5587,-39,-934,1827,-1594
48503,-2093,4281,3656,1937,1650,473
48504,-4615,-5718,5297,1700,-638,1551
48505,2519,2809,-6035,630,468,1013
48506,5044,-3299,-2110,1240,-750,-389
48507,-5806,-3707,3750,-111,-808,1837
48508,2530,-7145,-5724,-1454,1540,1838
48509,-6420,166,-6656,1671,-995,1504
48510,623,4086,2054,1037,213,14
48511,-1271,-5533,-4456,1433,320,404
48512,-4555,-2088,-7214,1188,-161,-572
48513,-5744,5350,-7516,323,-137,1072
48514,-560,5847,-3220,-320,500,1431
48515,5777,-5402,-1085,596,-287,457
48516,139,3235,4118,1336,-1283,-278
48517,-2588,2825,4038,-1421,1008,-1211
48518,-6621,3620,6758,67,-216,-1668
48519,-3504,3815,-5783,-297,380,-1333
48520,4072,5878,6775,-696,-371,-340
48521,4429,4279,3708,-1700,465,1155
48522,4339,3999,7808,333,-29,-1980
48523,1591,414,7141,-1975,-239,-1024
48524,2803,1467,-5019,1785,-165,-730
48525,-2840,4199,1307,-189,-1050,-1580
48526,626,7718,-3507,1524,1123,-825
48527,1706,6820,-4673,-1025,1583,-187
48528,2801,-2763,4610,250,55,638
48529,-5882,-7675,1420,-1218,-1750,-1553
48530,-3095,3692,1210,451,930,-1078
48531,6166,6163,-4055,557,850,-392
48532,-1854,760,-5171,214,1414,-1469
48533,-53,435,3151,1038,-614,-1480
48534,266,-6132,307,56,-1037,-1810
48535,-474,5856,-82,-573,437,1900
48536,-4483,-2896,-2737,604,1458,1565
48537,-2523,6607,-4009,-234,1799,-691
48538,-6835,1326,-577,557,1795,-222
48539,-1058,-1833,416,-1036,1918,-1542
48540,-7433,4694,7389,-1774,-219,1581
48541,2297,1462,-698,189,1602,-696
48542,-5340,7785,-3454,-838,-624,-1134
48543,-5179,-4819,2718,-764,88,-1532
48544,4657,3507,-3758,1682,-1577,1414
48545,7646,-3228,3409,104,-1018,844
48546,4477,-4857,-3032,1381,-1485,255
48547,128,-3157,-4345,1812,924,-1953
48548,2507,6542,328,1234,354,-559
48549,1285,-533,972,60,784,99
48550,6125,6208,7373,1167,21,305
48551,1110,-4953,-3908,1259,-826,-637
48552,641,2618,-1283,-12,-949,823
48553,2551,-7979,-819,-626,-852,1303
48554,-6755,1063,-2392,1008,-892,-1433
48555,5338,4028,6968,-797,866,-1192
48556,4958,-5496,-2107,-156,-1559,-177
48557,1081,-6940,2340,-1559,-1115,1942
48558,-7341,4192,-2511,-1967,1946,1198
48559,-5274,-2137,-72,-1944,1197,-1271
48560,3460,-7796,-2413,671,585,-1593
48561,-7123,3887,-1048,-204,1781,-1586
48562,-6145,-629,-2813,-504,-386,695
48563,-7662,-446,353,-1732,-306,230
48564,3985,1277,3357,1957,-133,1836
48565,-7855,7651,-2423,1032,-722,535
48566,6314,2912,-6177,-1466,-677,-35
48567,1145,-261,4224,-667,-233,-1585
48568,6933,-5560,2126,-357,-955,1979
48569,5133,6372,-6921,1566,667,210
48570,-214,6049,-2050,-1148,553,-1183
48571,5750,-3636,3622,1895,-1456,-1164
48572,5516,5374,5763,-116,-1166,334
48573,-5587,5623,29,-1982,-1127,1712
48574,7842,-401,7754,125,-1143,-1445
48575,-3838,-5532,-1454,-1841,-1241,9
48576,5835,3615,2892,-992,344,-387
48577,4938,-5958,-3713,-389,-284,-1518
48578,-3321,413,5850,460,-664,852
48579,7996,-5385,-7428,-1230,320,1452
48580,-2805,-1176,2467,-859,1850,-518
48581,-5492,2956,5290,-71,1477,-333
48582,-5201,-1052,2045,98,976,1504
48583,-469,-3815,-2320,-1063,-1287,-332
48584,6438,-3059,4025,61,-659,1970
48585,-975,3196,1206,-1079,429,-1437
48586,1137,2721,1504,-1250,-248,915
48587,7916,-263,441,1673,-1113,-686
48588,1809,-4265,1220,-1135,-1513,-1192
48589,2606,4046,2149,-381,-1630,943
48590,5283,392,824,-938,-1711,-1598
48591,5897,-6724,-7177,1119,-416,-1553
48592,2673,7245,687,-1944,-917,108
48593,-7118,-3243,1955,1420,-1030,-326
48594,5257,-1245,3453,182,1402,-951
48595,-1000,-7399,-808,286,331,1126
48596,-2736,379,2143,-1418,-648,-1101
48597,-347,-7314,-5525,1019,-1344,-720
48598,-4259,-7101,-7209,-1766,-1987,-751
48599,-7809,-2860,6046,1083,-1703,-863
48600,-588,-4216,-7531,1280,-1642,-1186
48601,-1738,-2052,7146,443,-1224,1301
48602,3726,2674,-4272,812,-1756,-1654
48603,-7048,7153,3817,1839,1192,-1453
48604,4476,-5297,-2022,663,195,1860
48605,6804,1535,457,-945,551,904
48606,358,-580,4215,-262,-1897,-594
48607,6763,-3842,5453,204,1782,1786
48608,3488,-2550,-5603,1192,-1549,126
48609,-7721,-4115,-5080,1464,-1888,-1802
48610,-3932,7347,-881,1932,1173,1339
48611,2529,5354,-405,-1341,500,-174
48612,-2303,748,-5795,689,-1312,-247
48613,5127,4363,-2257,-1617,1890,344
48614,-1006,-2876,3988,-670,-350,1786
48615,6117,5011,-1973,928,-1597,-1782
48616,2373,7807,-7769,408,-1041,-204
48617,4135,-7183,-6691,-1320,-78,1214
48618,-6206,-6310,-6814,-1712,-1587,-431
48619,-5520,-1941,-7726,-328,-1931,-655
48620,-7582,6791,1344,-567,806,-1237
48621,-1386,2603,847,1574,-1274,-632
48622,-5017,6130,-6602,-1776,464,-109
48623,-776,-5129,4050,1913,1652,-859
48624,-954,-2911,7167,-1768,1304,919
48625,3056,-3759,-3077,-1093,781,1519
48626,-2263,4280,-3133,1558,-222,935
48627,247,-6156,-4074,31,67,-191
48628,-4255,775,-2273,-1881,458,423
48629,7536,-7761,2425,1419,-962,1823
48630,6787,554,-973,-90,-1777,-1446
48631,2362,454,2015,-1030,1836,-387
48632,-7791,-1782,7761,1783,-1184,773
48633,3405,-6251,2273,-642,-1632,1499
48634,-5908,-4812,-3330,827,-940,713
48635,635,6798,4792,253,-1941,1806
48636,-4380,2409,7983,1747,-214,-431
48637,698,6828,-2849,1332,1514,-1538
48638,2399,1833,3400,-77,294,-1252
48639,-1945,3034,934,-134,-1853,-1176
48640,-7495,7627,1675,-958,-216,1331
48641,-5927,6699,-3215,-600,1238,-338
48642,6725,7396,-4132,1780,1485,-1181
48643,6096,-2657,3584,-1355,307,-1392
48644,-471,-2688,-7441,1243,764,-703
48645,4762,-6502,-3718,-412,508,1760
48646,5599,-4692,2079,1359,-1273,651
48647,959,4208,-415,74,868,-115
48648,4555,2821,5027,1491,634,1865
48649,-5619,-81,2541,396,-373,-447
48650,-2346,-463,-7774,1184,62,-276
48651,3049,6839,-3796,505,-1664,-871
48652,-3923,-3896,7926,1815,482,-1956
48653,-1090,7526,-705,18,633,1978
48654,-535,7049,-4256,-1962,-1212,76
48655,147,-6848,281,1768,-1564,1248
48656,-860,7588,-5741,-1391,-478,-1746
48657,-2196,-2422,-6303,-1224,-745,-1660
48658,1018,3518,2554,-1025,-424,-1490
48659,2329,-3008,-4818,-1576,-1070,-47
48660,-6072,835,5188,-189,1013,-1995
48661,7709,6799,-2586,1220,-1168,142
48662,-4019,2470,-4044,1101,306,1635
48663,5930,-7378,6723,-615,1149,422
48664,318,7399,1116,-527,-1960,1464
48665,943,-2211,-1577,-671,249,-772
48666,1330,5308,-1155,893,1507,-1166
48667,5767,6367,-5870,1973,1084,-1601
48668,-5981,3510,-4665,126,882,1725
48669,3497,2394,-2273,556,-592,-458
48670,-3950,5460,-1467,1989,-1745,570
48671,569,4462,-5424,610,-517,-771
48672,-5729,-4612,2125,-1013,-1918,708
48673,-4591,46,-7066,-1052,-1742,-1464
48674,1149,5088,-4729,200,1057,1845
48675,7361,1161,4305,576,-896,1654
48676,167,-1363,-4059,-1543,-1271,1761
48677,2302,3351,-4794,53,-873,213
48678,-672,7004,-6529,1411,580,-1164
48679,-3285,-1618,1377,-1041,1796,1243
48680,-4915,4297,4221,-1562,421,1111
48681,-7017,1215,-2027,-1708,-1920,1612
48682,-7929,7080,2119,-379,-1144,1191
48683,-7870,-3293,5895,1275,-1346,-226
48684,-5189,6321,7473,1805,1972,-1803
48685,-6460,3933,-6358,1063,1650,-125
48686,54,-5693,-6704,-1807,-488,421
48687,3309,-5588,-3871,-1982,623,-396
48688,2395,3814,7914,622,1883,1223
48689,7036,-3846,-2798,-1749,-1512,1353
48690,3306,-6431,7888,393,-337,562
48691,5587,1166,2860,-1152,711,-533
48692,4989,-5471,2040,-1607,1039,-1162
48693,4068,-3476,-748,1210,416,-381
48694,3391,7622,7371,-1970,-215,-1435
48695,-624,-2582,-3823,49,661,-148
48696,4126,2954,-1175,1107,1348,-1598
48697,574,-6105,2270,1618,-737,1746
48698,-4245,7213,3566,1803,1226,-1000
48699,-5131,-2667,7892,1255,-1109,-1558
48700,-3499,-1748,-6817,381,-1529,1305
48701,-3721,-5392,-1861,-345,1387,-1851
48702,-5245,1885,-7251,-818,-344,-1535
48703,2394,6170,-1817,1237,-142,-824
48704,-5769,-1219,6132,-976,-276,101
48705,-4309,3349,-1155,582,1429,1822
48706,1016,5712,-5469,1994,69,-877
48707,-4850,-2140,6160,-344,408,-1908
48708,-3767,-4095,-5896,-861,-1410,-592
48709,-7982,-2932,7879,1978,414,-1543
48710,3304,5056,-6197,-1376,1477,713
48711,4090,-5691,2316,-881,212,-1568
48712,-4784,6409,-4839,-1271,1132,-1419
48713,2571,2861,2570,-1735,1813,-1343
48714,-6369,-6702,-2893,1466,1083,-1597
48715,-7826,7084,-7385,-1464,-1121,-398
48716,2850,4232,3287,105,-894,-151
48717,-7856,-2031,-934,-1980,-1090,-474
48718,-944,6263,4866,1805,-948,-438
48719,-592,-4915,916,285,1672,180
48720,-4729,836,-6279,301,215,609
48721,3779,-3367,6922,-1414,-1775,-1799
48722,1188,7954,-257,-1008,-474,1768
48723,2691,-117,2153,56,826,-1168
48724,4047,5388,1882,-105,1882,-1588
48725,7966,-5026,536,-355,1548,-837
48726,4490,-5778,5353,-406,-1759,-303
48727,5202,-7104,-565,1504,-1710,-1872
48728,2135,2985,-2715,-1589,-451,-687
48729,3837,7398,6602,-1416,519,1296
48730,6928,-4828,-4760,-461,-928,1233
48731,3260,-148,7826,1646,-1288,1223
48732,4786,3274,3451,-1000,1183,1746
48733,7901,-7494,6966,1065,-1067,1980
48734,-2413,-2281,7366,1330,1371,-1031
48735,2164,-2725,1080,-563,-1774,1779
48736,5118,-4212,-663,1377,1195,-84
48737,-7560,6555,-4135,835,1079,-635
48738,7497,-6945,3435,1512,-324,1366
48739,-4330,-7762,1465,-1397,506,-831
48740,3259,-4135,-1423,-1055,105,-696
48741,6321,-5835,4842,-39,1196,-1785
48742,-2338,-1631,4831,-1473,1592,1723
48743,2892,2504,-4224,198,213,-1434
48744,-7684,4235,-247,619,-1509,-470
48745,7567,2439,-5580,-1831,821,518
48746,4710,7638,-4068,796,-1554,1706
48747,-4408,-3587,-7370,800,-718,-1212
48748,688,2422,-3427,-1011,-1871,1702
48749,3372,-2159,-5208,292,444,1861
48750,-2970,5079,-1898,74,-753,-1047
48751,-2352,-3661,7097,396,-290,1031
48752,-1933,-3081,3554,-1621,-979,1476
48753,1627,945,-1608,-180,-1128,-985
48754,-2952,6249,1623,-1770,-1159,-505
48755,-6884,913,-6321,-234,-583,-54
48756,7640,-6789,-5576,-57,-1813,-1057
48757,6026,-1661,7151,1483,-1083,901
48758,-3464,176,4410,22,1391,1840
48759,2604,3848,5482,398,1822,1577
48760,-5702,3629,3144,-21,-1377,1533
48761,-2502,-451,-2755,-1765,693,695
48762,-4171,-145,1983,1334,-1235,869
48763,-1813,7003,-6722,1222,-1219,-278
48764,1690,5433,-964,-1446,1775,316
48765,-7110,-7702,4478,-58,-1000,856
48766,-1695,-2271,-6591,-1624,1614,1503
48767,-1984,4190,-3746,-619,-584,-930
48768,583,-5960,-1785,975,-1913,-1931
48769,-2741,-3914,-13,-261,-383,1261
48770,-1407,4097,-7287,-1108,-676,0
48771,-3724,6890,-3533,186,-103,747
48772,-2283,-2123,-3797,-1832,492,-1999
48773,6849,2418,5153,1448,-598,1557
48774,-2267,535,-2603,1172,1294,-1650
48775,2921,-4951,-905,-1357,-1784,1781
48776,5862,-6409,-1825,-1268,-88,1505
48777,-7139,-4500,-7805,-1632,1562,-64
48778,-2271,-5303,-4961,1098,-443,-1953
48779,-387,3733,-2825,1739,129,-272
48780,-2100,-4069,-6031,-1632,1755,-1050
48781,-1949,205,6327,-1345,1876,157
48782,6222,-5728,5232,1706,-537,413
48783,6795,2169,5356,75,-71,418
48784,730,-3744,-7824,-1351,-1452,1435
48785,-4020,-4293,-4072,1163,1859,-543
48786,6162,3309,5574,447,537,846
48787,5594,-1839,3372,-1260,-704,1372
48788,1388,7875,-2545,-386,1567,-1744
48789,6739,-2795,399,673,1611,773
48790,3250,-3344,-3341,1682,227,-29
48791,-4486,493,-5460,887,1332,-853
48792,-4740,-4402,-5692,-1442,1883,777
48793,-6565,1005,-5753,-600,91,554
48794,-3131,3060,-1187,-960,-329,-1587
48795,6895,3408,-7847,264,1827,388
48796,-5417,7409,-2672,-1309,1682,1436
48797,5521,2798,-7381,1723,-531,1114
48798,627,-2493,1450,1392,778,-1360
48799,2149,-4436,-3993,686,-873,1
48800,-2314,7966,7876,-1358,-1893,-298
48801,7857,3596,-1405,-754,705,-1685
48802,-3446,-4790,-5029,1985,-937,864
48803,4210,4098,-1546,-331,1953,789
48804,574,-7212,-1804,-553,342,-1158
48805,-6416,6432,-5537,1273,1747,1038
48806,-2244,6323,2842,201,-509,-491
48807,5177,6156,6294,-1513,-952,96
48808,-6895,2299,-2875,-813,1712,-603
48809,6785,2858,-574,-1878,-363,-1900
48810,-5734,-935,2767,-1333,-941,425
48811,3203,6624,7717,295,472,-1498
48812,2105,5746,-1731,-899,755,906
48813,438,-7545,4076,-1961,-1033,-1386
48814,7760,4109,4331,-157,-1344,982
48815,-4183,2533,3661,1260,1899,34
48816,5299,5114,-3247,897,1150,1129
48817,-5131,-3072,6770,1245,876,28
48818,4739,4354,-913,-1518,-1234,-445
48819,-3365,-4052,-3804,-489,1070,-1406
48820,3486,3818,1322,1848,-1249,1606
48821,3197,-28,-3000,1582,-1863,223
48822,-7797,1211,1551,-1349,1560,1874
48823,2616,-4935,6158,-1103,344,699
48824,-277,-1863,4564,-957,1055,-120
48825,-3827,7529,-3954,-128,-596,-288
48826,1592,-6189,5680,1452,1262,1900
48827,-4966,-1403,6225,-1998,-1913,1694
48828,-1905,1826,-3457,906,-735,-1880
48829,1028,-4279,-2624,1008,244,-1589
48830,4101,-777,6724,753,-282,483
48831,-3401,4328,-5827,-1565,380,1398
48832,4108,6508,-1040,-1103,938,-419
48833,1485,3855,5013,1840,32,1592
48834,-2980,-5878,-63,215,-1615,-468
48835,-2688,2061,-858,134,-4,548
48836,5973,-3874,675,752,-843,-1688
48837,1584,360,-3927,-979,209,1138
48838,-540,3776,452,-1643,773,187
48839,-315,-1320,6157,-1111,528,-1439
48840,5437,5898,-2429,1645,-242,-1780
48841,-2863,-2957,-3436,-1461,-805,-806
48842,2817,4025,5714,-674,-386,90
48843,5240,-7201,2721,1137,32,-1490
48844,-514,4100,-7131,1185,574,490
48845,4552,-1795,7165,-1430,-555,1506
48846,5291,-1237,-1980,-307,381,1266
48847,-2454,-4144,4566,387,1980,-146
48848,6464,6360,-212,-276,1904,-511
48849,7172,7378,7064,-523,-1270,1083
48850,6676,5208,-4797,-1202,-1956,1639
48851,2468,-5918,-2425,1527,-1447,-1013
48852,1539,5618,7568,1042,1067,-538
48853,-550,7064,-7584,492,1782,-1204
48854,-1148,6827,-5332,1256,186,967
48855,-4843,-2951,-4205,-1976,254,-730
48856,-507,-7972,862,1982,-323,1844
48857,-7720,2363,2338,1665,876,1391
48858,5081,6474,11,1951,1732,1614
48859,2236,7344,-2948,852,124,-1943
48860,-4682,-4364,-3887,1434,1091,848
48861,5727,2694,2660,650,-524,-589
48862,3588,-6713,-314,-194,1472,-981
48863,7885,-7305,5413,-501,-1027,-1787
48864,1936,-2018,-2008,1050,-1348,-1978
48865,-4178,4397,5515,1125,-1216,1352
48866,-2618,-4477,3845,1754,-1911,1474
48867,6144,3354,2013,1063,197,-1052
48868,6658,-4116,-5327,661,787,994
48869,4356,5941,6689,-173,1779,1164
48870,-3212,-1191,4910,1104,-1509,-1320
48871,-6027,2625,6106,391,1496,-245
48872,309,7263,-5444,-1465,-1760,1658
48873,-719,5975,1400,164,229,356
48874,6235,2359,2826,-690,938,-117
48875,6844,-4557,1192,-359,869,-1739
48876,-3671,-5448,-3473,1210,1534,1647
48877,4276,-2854,7315,-1779,737,-399
48878,-2070,-7439,-3204,-1238,-1945,0
48879,-5001,6266,6381,563,625,1979
48880,-6514,-6940,7186,-229,-573,-1427
48881,3565,6950,-657,-1387,-1967,121
48882,-5776,5139,4558,-595,1914,257
48883,1265,-626,-1411,-338,1605,1785
48884,5999,-738,7165,-968,1012,-511
48885,5781,-1615,-317,1572,270,-944
48886,6339,1603,-2717,979,1249,-1556
48887,-4674,7537,7339,1250,-1405,-1488
48888,-7274,1923,-2957,1795,-835,-1892
48889,-7539,-7872,791,-1566,-241,-625
48890,4092,-7341,2359,-125,-1851,1136
48891,-6456,-1591,1606,1641,688,1541
48892,3494,-1556,3764,-1223,1652,-914
48893,1782,7919,-5805,-86,-281,1322
48894,1196,4776,7319,1117,-1712,894
48895,-6859,-3439,3599,-1212,1857,-34
48896,-7753,-1924,1088,-358,1026,1034
48897,3042,-6558,4337,-290,282,1643
48898,-5337,-2168,-3852,-913,-590,-1232
48899,3506,4741,4535,-396,1633,505
48900,67,603,-1782,-320,48,-1149
48901,7093,-2240,6362,-33,194,1017
48902,-548,3859,-5331,-498,633,423
48903,-1737,1774,5980,-254,-328,1527
48904,-3081,-5160,1562,176,1597,-800
48905,-992,-5458,3689,-349,807,1637
48906,-5790,-5552,-1420,178,-1140,-1127
48907,5404,7391,-3196,859,-225,-1343
48908,-3753,4809,5522,-1503,-996,1953
48909,6183,4790,-5814,318,-849,-94
48910,-7024,3915,5447,-701,1890,-13
48911,2082,-1753,3892,1222,614,-836
48912,3615,1077,-2933,302,1218,-1632
48913,-684,7440,-7973,1416,436,282
48914,-6691,-7097,-7697,759,549,-256
48915,308,6959,-2399,-501,700,-1586
48916,3016,4078,5070,759,1617,-504
48917,2293,-6598,-5412,896,118,-943
48918,4877,1366,-91,-1170,-1283,1508
48919,-7021,1010,-227,359,1929,-12
48920,6052,-6116,1786,1083,-348,1295
48921,983,4280,-6955,1501,1688,842
48922,5481,-3291,3101,1333,-1944,1030
48923,723,-5722,-5170,1418,1711,365
48924,3579,-3321,936,-1450,504,1523
48925,5004,-3704,4914,1885,982,-1862
48926,-1698,-1472,6979,329,-1558,757
48927,2811,3456,5158,-1241,-285,-103
48928,3174,-5116,6132,1807,-1754,981
48929,4997,3833,-5234,-565,-1366,1368
48930,-3741,-5938,-7191,-23,1490,-396
48931,560,-2858,5690,1459,-1914,-1124
48932,74,6913,-7837,-1340,-207,1558
48933,1641,4043,333,-604,1614,530
48934,4177,-4327,-5039,743,-784,-1119
48935,2198,4718,6805,446,1727,-731
48936,-1273,2239,-2683,-939,204,1983
48937,-3701,1803,153,629,-257,-1511
48938,-7992,6533,-1731,1155,999,-1689
48939,-3076,-3876,-2549,1272,-760,-1684
48940,-1883,3675,5513,598,370,496
48941,4463,-3553,1233,-1426,-522,-1318
48942,3057,7184,-7642,-364,1006,621
48943,-173,-215,3340,687,1246,639
48944,-5177,-5441,6864,835,418,1713
48945,-1778,-6837,-3455,1162,-41,-1927
48946,6698,7024,2725,1108,114,-1931
48947,5004,-4757,-3004,1409,817,-487
48948,-7262,-4540,1783,-1297,-1638,-491
48949,-6166,5311,257,-830,789,-63
48950,6653,805,5153,1641,-607,1220
48951,-4752,7225,-3221,-1771,1439,-1037
48952,-7372,2500,-477,-1317,-1060,855
48953,1795,6502,-7813,-754,1312,-18
48954,-6282,-1551,-4679,-347,-875,326
48955,1717,5294,-7793,-1859,406,-1676
48956,-4143,6296,5715,-754,1187,-1109
48957,1052,3697,-654,388,1782,-1913
48958,1553,5199,5897,661,1623,-1969
48959,-4101,-6748,2607,-133,507,-1762
48960,1451,6001,3002,1521,1374,968
48961,5405,1055,-5244,1896,-1355,-1542
48962,800,1769,2650,-1233,-1063,-1020
48963,2557,-2690,5133,862,1923,-1704
48964,1720,7047,-4578,-1575,-1518,362
48965,-5380,-6549,1981,-723,827,-729
48966,-1548,4715,2346,-379,-1426,345
48967,-2474,-3700,5914,585,-1722,-1261
48968,549,5060,3173,1713,-1627,-1810
48969,-7962,7637,-1744,-568,-1142,-499
48970,6838,4322,929,-428,1338,-300
48971,-7860,-2128,-1287,1604,-1133,-1393
48972,4614,1600,-4553,1316,1544,-1139
48973,-512,-4208,-6532,-936,1755,-38
48974,-5615,1357,5689,-1100,729,-1364
48975,-7442,3788,-1206,-631,1668,-1126
48976,-543,7808,1654,1504,1820,-692
48977,-1160,-3583,-5840,-1008,-1425,722
48978,2974,-7343,7776,1727,-1614,-1646
48979,7266,2189,-933,589,-1677,271
48980,-3627,-5199,-1211,175,-97,-808
48981,5650,61,3666,-1271,1936,-311
48982,-2781,6161,2883,434,-1906,1930
48983,-16,4374,-6045,-1820,706,1901
48984,-4417,5,-4598,-741,1550,-709
48985,564,1646,-6915,630,-1925,-1909
48986,557,7402,-4890,-1471,-1261,-652
48987,945,6721,3102,861,1131,-168
48988,-7479,-6174,-6425,-1422,-1803,-1147
48989,7734,-450,-7459,1335,1700,1927
48990,-6940,4028,7223,-406,1145,383
48991,2961,259,-5903,-799,816,-759
48992,9,-6309,5446,774,948,1200
48993,7014,7003,2355,-1841,1863,-1035
48994,4210,-2804,3821,-1221,289,1553
48995,-5616,-2671,-1276,3,559,-1825
48996,-2563,1770,1338,-1851,-348,-1949
48997,6429,-7694,-7035,231,1423,-1020
48998,-7785,3535,-2609,-726,1665,920
48999,-6357,-2620,5399,1888,589,1374
49000,-5167,-4711,6466,1509,-496,108
49001,2679,-6814,-6022,768,-1152,1488
49002,-7498,-4549,-838,-258,-1654,253
49003,2125,2590,-753,-176,1929,464
49004,1359,-5042,6570,1948,-1942,342
49005,-773,-5064,3084,1846,1209,661
49006,-3440,-6179,4996,1787,-180,250
49007,1622,-3911,7867,-1908,-1653,1893
49008,-110,-5537,-1800,365,81,-697
49009,3261,6516,4270,-767,-1874,-1228
49010,5984,-5378,4828,1144,-1537,921
49011,-326,2774,6625,-976,-1958,-209
49012,7154,-1901,-3029,1151,1765,136
49013,3198,4949,-4468,642,906,-181
49014,5831,-3302,-6371,1036,-470,-1103
49015,860,-5936,701,284,1929,545
49016,2708,-5388,7915,978,731,312
49017,3462,411,373,-610,-572,-547
49018,3990,-4408,3778,-284,1703,400
49019,7,255,712,666,-1121,1052
49020,-4045,7485,2067,500,1551,1571
49021,7310,7026,1588,-940,297,1858
49022,-7352,-2014,-4636,1513,1320,820
49023,-912,5319,-3142,-1058,1680,-627
49024,-1271,-6586,1057,-1043,-203,-1887
49025,5913,76,5659,1133,1308,1366
49026,-1395,5995,-3414,291,-737,1888
49027,-731,5673,5539,-548,1786,-1025
49028,3830,4706,187,1147,129,920
49029,2836,3651,3386,862,-1588,-324
49030,2578,-5861,511,560,653,-1562
49031,451,-5320,5214,-1223,-1397,561
49032,-2875,851,7849,717,1481,-1297
49033,43,7347,-2331,-392,1000,53
49034,6393,1639,3882,1792,161,271
49035,-1091,-2881,1629,-1543,-1223,701
49036,-4147,6089,-3202,-1267,1955,1776
49037,1138,-3009,-7289,-1324,538,1261
49038,-6209,-1336,1819,473,-517,378
49039,-6295,814,135,1581,838,-187
49040,7693,-4465,1401,-1629,-936,684
49041,-3272,1044,5555,-249,1714,-205
49042,30,5858,-5970,17,-448,-1242
49043,4274,-3122,1133,-1367,1625,-1848
49044,-1540,7909,4220,839,1472,-632
49045,7974,5817,-3648,-323,-1359,177
49046,6651,7198,-7192,1109,1028,437
49047,-190,2085,-6589,-1375,219,14
49048,1922,502,7051,1221,1918,662
49049,-6942,7452,-1882,-1482,1340,1140
49050,1170,6393,-7550,-57,-1091,-1325
49051,-507,1426,3928,554,1742,-1081
49052,-4073,629,3923,-615,1741,425
49053,-1863,1571,-2702,-805,1900,-172
49054,-6544,4551,-3479,-1039,1075,-28
49055,6527,-3448,7272,-597,-180,1281
49056,7062,7901,-73,1107,1987,144
49057,284,2288,261,-1460,-520,86
49058,7229,2975,-4220,268,-1323,-853
49059,-1817,7388,7011,-1518,-1117,1850
49060,4389,3948,6271,-548,913,1833
49061,7486,115,1334,-283,227,89
49062,1745,-4320,126,1386,92,-897
49063,-6463,2335,5218,-1564,-937,80
49064,4496,5189,3372,1454,-290,183
49065,3975,4137,5709,-160,-1012,615
49066,5845,-2328,1905,-847,-670,1321
49067,-4125,3837,-5173,834,-1790,-1903
49068,-4330,4287,3963,-365,285,-1760
49069,-6416,-3945,-5116,1176,-611,-297
49070,-369,3272,-5215,1862,-1867,-258
49071,6051,-2247,3304,1623,-1774,558
49072,-2675,-1118,7114,306,875,286
49073,-4887,-752,881,802,-515,1259
49074,-2928,4316,-797,384,-658,-1815
49075,1098,5379,-6399,960,111,-793
49076,3203,7026,-7448,302,1968,576
49077,416,-3653,6712,-1625,1248,-1267
49078,-2032,2931,792,1963,1097,-808
49079,6533,-7793,-3855,-1403,-444,683
49080,2945,-3366,-7889,239,492,-1421
49081,-3726,-4919,-7207,-1427,767,1599
49082,342,5302,4790,-1885,-36,1079
49083,-2552,-6847,6614,-1839,1517,987
49084,-747,2726,-1497,1974,1233,-643
49085,1816,-7428,-994,245,-723,-556
49086,7764,-3782,600,-1766,-526,1850
49087,-3964,-4980,-7647,412,-1159,-435
49088,-6106,-579,4445,-1671,-1655,-1188
49089,-1056,-6453,-6490,1440,-998,-1727
49090,5073,-2466,1855,-736,-1503,1673
49091,3765,4715,-7533,-898,1226,-1569
49092,5965,2143,5789,328,-1669,298
49093,-2352,-3719,60,-1802,-1507,59
49094,6327,7641,2863,-180,1885,1194
49095,7220,4027,-7126,1084,-1681,-413
49096,-2029,2320,4028,-1347,-1554,-884
49097,-812,7841,4340,697,577,-255
49098,-5621,-1498,-3831,432,68,-1426
49099,6054,5749,-4416,-291,-1374,1186
49100,-7166,490,6813,-94,124,-1699
49101,-7758,-3387,7708,706,-1869,-261
49102,-7533,-7111,6037,-846,-953,-61
49103,1599,3225,7496,1946,-1256,1725
49104,39,7060,3269,777,43,-1339
49105,5007,4417,-6103,610,1669,42
49106,703,3246,-7264,230,1271,1476
49107,4964,1629,6279,-922,-1887,1065
49108,-5383,4323,1743,978,1872,-1269
49109,7289,-5160,-3320,-427,-1921,-597
49110,-7943,-1170,-5210,415,-1200,1985
49111,684,-5230,-6996,-860,-800,-1679
49112,-1567,350,6179,1791,-523,670
49113,-3614,-499,574,-818,-1342,188
49114,4867,-3939,-1383,-1823,-852,228
49115,-7093,-1728,4698,615,-17,1310
49116,-1250,-378,-343,720,-778,406
49117,3185,251,1224,-81,-1190,771
49118,5577,3602,1067,1256,-502,151
49119,-7085,5561,-5657,149,292,408
49120,1295,-7013,-225,-1568,-291,-892
49121,-333,1764,6856,895,988,-1962
49122,5635,-4321,6332,-836,-648,-1477
49123,-3930,-5943,2354,80,-958,-683
49124,-669,7093,2067,1549,-192,-1984
49125,4313,937,-6552,1952,-340,-1735
49126,4653,3932,-3609,123,424,-831
49127,2417,-1707,117,1681,-1015,-1869
49128,579,-6318,2068,374,1430,-1207
49129,-2631,-7582,3159,-410,1354,-851
49130,-6697,-4249,-6128,971,-1997,498
49131,-1295,-1476,1587,473,-786,1752
49132,252,-3291,-6878,1232,-784,-573
49133,-189,6329,7438,-917,441,-1523
49134,995,-5311,-2244,-286,-1227,1476
49135,-104,6489,-5626,-713,-1593,664
49136,2302,-5716,-6131,-821,-1592,601
49137,-6400,-6702,-3476,1602,509,-582
49138,6288,4192,-3030,176,-302,1652
49139,-5384,-3711,-2424,-525,-735,-536
49140,-3897,-5222,574,528,-789,1029
49141,-2470,-7061,-7599,-706,-1638,-268
49142,-6677,2525,-4597,-1299,1532,-1708
49143,4103,821,3375,1877,1994,427
49144,7207,-1829,-6299,-563,1221,-771
49145,-7358,-1936,-3103,-1087,-844,824
49146,-6282,-1140,1272,221,850,489
49147,-656,-5103,-4850,-814,1550,246
49148,-599,-5431,2508,-865,-513,-922
49149,4984,-449,5422,-1864,257,-1808
49150,4872,-6454,2083,1369,-1222,1988
49151,-253,1944,-7465,1553,155,844
49152,5428,5801,-6970,-116,-1945,1858
49153,692,-5704,37,-788,322,449
49154,-7254,2027,3271,-1794,-570,-645
49155,546,3585,-4778,-1160,-619,620
49156,-5449,4261,-6012,1545,1459,201
49157,-6440,-3570,6869,611,1340,-716
49158,-6085,697,436,1669,1450,213
49159,7109,609,-6312,730,1149,920
49160,7566,-6696,7600,935,-1120,-776
49161,-5452,5700,3767,1284,481,1484
49162,-3361,555,-6222,-520,684,-1616
49163,-943,-1160,-3751,-382,-151,-1759
49164,2919,7383,-680,1927,-1426,647
49165,4606,-6031,-4492,-1760,1598,-1651
49166,-326,-7862,6650,-299,1890,1937
49167,-5915,-1481,-5571,-1786,-1926,1047
49168,-7278,-3387,7164,1697,1057,37
49169,-5611,-7848,-138,269,1248,-1744
49170,-2379,5426,-3825,-125,-632,-830
49171,-7015,-4347,-573,-11,670,1056
49172,4068,-7319,-4582,1720,-1653,547
49173,1364,1622,4328,1685,-129,1054
49174,-5528,-4454,-1625,-405,-634,1254
49175,4336,-4286,-1940,1205,-289,699
49176,-2192,-3488,-1040,97,141,-646
49177,7961,-3443,4659,680,276,-197
49178,-4302,3298,-4165,-128,1820,-1949
49179,2637,-2833,-6015,-261,-994,-1150
49180,-5329,-1964,1113,-1084,1422,-1584
49181,2455,2509,6558,407,-1979,995
49182,1278,-2060,-7401,-1683,-1686,-1092
49183,515,3637,-1138,-1549,1956,862
49184,6327,3701,-7555,-540,1947,1748
49185,-7386,-4772,-6027,-517,-849,-457
49186,5122,-7606,38,-273,871,723
49187,4396,-6032,3314,-1683,-339,-1858
49188,3802,-3406,465,962,748,-1949
49189,7790,-1360,-5526,-1870,1259,-1961
49190,7667,6455,-5050,-916,-1000,1165
49191,1768,2492,708,300,-372,-961
49192,4882,6648,-5151,-475,-1756,580
49193,-6405,-7349,4976,-1248,-511,533
49194,6783,1892,5844,-1519,-1589,-628
49195,1639,-4915,3171,-1640,-1985,1137
49196,4485,867,1472,1955,-1545,-1926
49197,2735,4795,-5514,-1457,354,1431
49198,6830,4293,-5141,-1778,387,1831
49199,-1085,-7391,-5307,-158,276,1880
49200,-1898,6884,-388,-921,-1489,1099
49201,517,-1616,-2629,1902,-1027,1892
49202,4174,5801,-2534,729,1043,-1374
49203,3662,-6908,7514,-1109,-174,-928
49204,-5875,-2322,-5648,936,-171,-1398
49205,-809,-2800,-2541,-76,275,-427
49206,-273,-1451,-3374,-960,-133,174
49207,-6687,-7375,534,-913,1425,695
49208,2325,4949,2694,-1153,1309,231
49209,1450,-1156,2119,-1172,1292,-1950
49210,-5206,4326,-7155,-541,-557,133
49211,-1722,4471,6866,-1771,-1774,650
49212,-1907,3020,7365,1423,538,-1598
49213,-4734,3676,2956,931,1499,437
49214,-7448,-7702,-4561,1724,1753,-865
49215,1689,-446,-7722,260,317,-595
49216,3338,7065,-6536,287,-331,-1776
49217,-150,3890,2415,113,196,-537
49218,3713,-4634,6902,-1899,-149,-726
49219,-6214,-272,4946,-1171,-653,-319
49220,5588,2726,1217,-516,482,1384
49221,-6235,-4116,505,1642,1054,-1378
49222,7873,2387,6499,939,-552,582
49223,-4834,-6043,-6679,1684,-131,-621
49224,-2614,3069,-7138,1509,-1581,840
49225,-7723,6600,-5408,-266,-1215,-1929
49226,-1692,3377,4,997,-847,1061
49227,-6058,2930,305,1879,-282,416
49228,6500,-5149,-3977,1789,684,-859
49229,1692,6147,-5440,1197,235,966
49230,6634,-1637,-4216,890,-370,1571
49231,4151,598,-2628,310,-382,1385
49232,4412,2269,861,-209,189,1960
49233,5145,2580,-860,-1665,998,1552
49234,6798,1250,3778,1070,377,1876
49235,-2505,5453,1388,-1915,1840,-761
49236,2377,-3246,-182,1672,-416,-1143
49237,4674,2090,2055,11,-1197,1666
49238,3311,-5143,3595,-533,775,1053
49239,-4721,4171,5304,-1789,1683,-1197
49240,3635,7313,-6766,400,-1907,-1100
49241,-2784,6350,-4189,-1619,598,-364
49242,-53,3026,7618,1915,-1568,-1192
49243,5898,-5063,4076,-1434,1706,832
49244,2638,-3799,-3201,-452,-1699,-14
49245,4457,-4112,2180,111,-1490,-691
49246,-4115,-386,6169,-176,-1145,-1986
49247,5207,-2959,1197,-1126,1049,-206
49248,-7239,-7967,2913,-1860,-99,1937
49249,1787,3663,6374,-299,1110,119
49250,5410,6333,-7295,761,-1952,61
49251,-1951,1588,2803,-1806,-833,599
49252,4518,7964,1372,-1394,738,-1688
49253,7915,4888,-6341,-1405,-169,-1680
49254,1345,2387,-4484,491,-988,1631
49255,-7241,-5490,-457,-1605,-259,804
49256,2972,5133,-725,287,1839,-464
49257,-6276,3986,4849,1730,1727,-315
49258,3714,-3725,-132,-964,78,1024
49259,6003,704,4050,1970,648,1550
49260,-4138,-2301,7324,1423,-1375,736
49261,4300,6548,5542,-1794,13,1127
49262,-4762,-5925,4416,-366,-728,1210
49263,-1347,-3806,217,641,1681,1423
49264,1289,-6473,-492,158,-1511,832
49265,1063,-693,-5881,586,-426,402
49266,3159,-2874,-902,-1291,431,1647
49267,3776,-2869,-814,-1629,-461,-1218
49268,-6652,5669,-2749,-707,745,-1667
49269,348,-2046,7224,-644,138,-151
49270,1185,-7195,-2769,-367,-34,1210
49271,800,6487,3722,-1635,-299,-851
49272,-4736,-7879,4529,-200,-1100,-1127
49273,2010,1803,-2143,-674,-94,-718
49274,7778,-3616,-6845,-1190,-870,-1786
49275,550,-7864,-98,-410,1971,-820
49276,-2041,-1111,3880,141,318,-1506
49277,-7475,-7607,2292,-32,-558,423
49278,-6538,-3958,6745,-383,1726,-1729
49279,5751,-350,-5804,1054,-1416,-1342
49280,-5523,-5780,-106,369,632,458
49281,-6339,-5079,4037,-1661,-1106,-1414
49282,-7399,-7588,7243,1213,-1542,-740
49283,7492,7861,-4245,1272,23,1470
49284,-5843,-4007,-346,-629,-1712,-117
49285,45,-1072,-7518,1606,-571,-750
49286,-1218,2883,-2220,-1366,-913,-233
49287,6318,-7093,-1563,1619,1451,-249
49288,6103,-2557,-7868,-318,167,363
49289,-7577,7884,-7330,-1121,515,690
49290,-7998,3121,-549,846,-73,1411
49291,-2723,3511,-4335,-729,586,1939
49292,3555,-3098,-3174,-637,1067,-177
49293,1634,-1845,4801,-122,213,-95
49294,-3216,1041,-4156,19,451,-1880
49295,-3526,-5835,5711,-1529,1161,911
49296,-4055,-5428,5453,1847,674,1755
49297,6993,6311,3249,583,-1472,-1485
49298,-5210,5626,-3013,-269,-1562,519
49299,-3731,-6402,-7069,-1032,26,-1989
49300,7681,1102,5112,-647,1343,-76
49301,3666,-7100,4589,1379,1223,-1718
49302,-5703,7052,-2091,1824,71,-786
49303,1300,-5131,1269,1912,1112,1580
49304,409,290,-6742,-362,975,-1364
49305,6665,3453,-6240,728,1962,-316
49306,-6229,-2957,3973,504,608,-950
49307,2331,793,941,-443,1367,108
49308,7543,-5323,-4146,-1749,109,610
49309,5099,-8,-6157,204,-755,571
49310,-5611,-6978,6639,1823,584,-852
49311,6189,-2685,5721,-253,-1593,-1310
49312,-5711,-4484,4119,-1090,-197,1725
49313,2999,4234,151,-148,176,1271
49314,4253,4352,4331,1889,-1989,-35
49315,677,-4847,4824,-970,-1215,-436
49316,5180,4579,371,1480,-1453,-131
49317,-7814,2416,-4844,1335,495,665
49318,-2763,1833,-1654,-532,-792,1737
49319,1217,5624,3903,-1006,-145,984
49320,6079,-6000,-3240,-1385,852,-1121
49321,-1433,-3818,-1195,1750,-1462,-928
49322,5313,-4658,-6952,-228,-567,-104
49323,-3521,4951,5838,991,709,1872
49324,-5658,-2888,-2741,525,-1807,-1348
49325,-6832,4467,-3801,-1371,117,535
49326,-2483,-7971,368,-1614,1731,945
49327,5402,6066,-768,234,-1687,-1383
49328,-5203,-5629,-498,805,445,215
49329,7392,3034,1673,-797,1375,475
49330,5357,-4909,-1023,-1044,434,8
49331,-1347,913,-1539,-507,-54,-975
49332,1242,-3705,7892,-55,-1478,352
49333,291,-6302,-2119,613,84,13
49334,-2303,562,-6163,-698,-1170,-933
49335,7293,5387,-2124,1489,-739,-764
49336,-6200,-5252,5842,411,-774,1110
49337,-7690,2256,5820,-939,1444,1826
49338,-402,1722,-2869,-549,45,1303
49339,-7171,-1009,-5522,-1477,757,1917
49340,874,-754,-5032,-1970,1042,1070
49341,-4639,-158,4048,-159,-448,-1181
49342,4970,5713,-2716,1823,-1836,-1254
49343,-780,-4370,7945,1647,561,1401
49344,-2306,-7800,3431,-151,1746,35
49345,-6731,1151,-5270,-378,-811,962
49346,5019,-6272,-787,-238,638,426
49347,1278,5021,-3220,1039,-1906,1954
49348,7617,7956,-7562,-1759,-813,1790
49349,-7949,6272,-5496,-274,1791,-843
49350,-5386,-3075,-2275,-256,434,1918
49351,124,3789,952,1725,-200,-1913
49352,2025,2540,988,-1008,-366,-1911
49353,2830,-6698,-7451,-912,1096,149
49354,1993,-2251,-1591,-63,796,1241
49355,3002,6135,5998,-339,1787,-1995
49356,-1121,-3776,4309,1644,57,438
49357,6080,4440,-4285,760,-1444,813
49358,-1835,-751,-103,-1305,-1184,18
49359,-6420,2181,-6550,545,214,771
49360,-1301,-1458,3803,-1207,1678,383
49361,-3036,-270,-226,-1228,1201,370
49362,-6383,-5450,-5069,-1334,1245,-1283
49363,1319,-5507,-3035,-1959,68,-1256
49364,6856,1427,3378,-1667,-1907,170
49365,513,932,1477,985,1333,1895
49366,4318,-3130,-6618,428,103,1682
49367,-1116,4735,-4630,901,1312,1206
49368,3184,5250,2746,-1858,1158,1104
49369,6101,-414,-6778,804,-943,123
49370,-1988,-6256,-4748,-1931,240,-1488
49371,5660,199,411,864,1650,-1236
49372,-2157,3485,-3808,-25,-50,744
49373,-6082,-359,-3818,-224,823,-1126
49374,6112,6610,-2050,-1537,-1241,-1776
49375,4721,-6841,2032,-598,429,-115
49376,3552,3866,7184,-641,-1358,-1637
49377,5545,2104,-3000,1397,1078,327
49378,2793,-3302,-6216,-1564,844,-340
49379,-3624,-2662,-7948,-837,-1246,1997
49380,-6466,-7230,4523,1161,858,-861
49381,7504,7411,4346,85,1049,154
49382,4279,6769,-2266,286,-1222,-1036
49383,2042,-6850,-1349,-240,241,-1103
49384,-2711,-2644,4190,-1055,491,-1903
49385,258,6396,-324,1611,245,838
49386,6191,-7761,-7089,509,-1717,475
49387,-7916,-7943,-1084,580,1391,1524
49388,7014,1348,5466,713,-1492,1083
49389,-3642,7520,1063,861,-616,-1182
49390,6531,263,-2187,-508,53,1204
49391,-3529,6715,-4438,-1968,-1592,1078
49392,-5188,-7437,4665,-1119,-1802,1047
49393,3873,-3831,5690,600,847,1740
49394,-7154,4668,7670,-1143,-1348,392
49395,1707,2543,-7448,-489,-440,378
49396,2454,1992,-3801,-1462,1338,976
49397,5665,-4351,-2794,1861,-1678,1951
49398,725,4606,3620,-504,456,-1932
49399,-7494,-5970,6292,1331,-1659,161
49400,1307,5420,-2561,1607,-501,1879
49401,6122,2850,-768,1067,1098,-74
49402,4545,6444,6074,-495,-1500,-1000
49403,-3840,-3017,1772,565,-387,-749
49404,-4850,-5338,3818,473,-543,352
49405,6798,-4909,-2198,-523,-1399,1861
49406,-3797,-4810,-3136,-1568,-1086,-550
49407,-5365,-5803,-1141,-1403,1496,1124
49408,863,-2878,7030,-1926,-537,-679
49409,-6191,1637,3030,602,1003,1920
49410,3933,-2825,-5113,1736,-821,1880
49411,-1582,-2640,4205,-1145,-505,626
49412,-3874,-2254,-4726,-892,480,1331
49413,3026,-6573,-2231,-636,-948,1010
49414,4723,2734,-3937,-1630,239,500
49415,-6306,-3112,6683,-788,1177,1915
49416,-2380,-2149,-3129,-1529,1817,954
49417,1690,6272,-2056,1350,-1697,371
49418,-4998,-4641,-6390,406,1814,1442
49419,1722,315,321,1532,-1729,-1
49420,-1812,-3187,362,629,1624,-578
49421,4084,5318,-609,604,1308,23
49422,-5959,1871,7509,-137,-1927,-955
49423,-3254,4352,-6343,-1521,-113,-1977
49424,-4475,5493,-4312,895,1162,260
49425,-4623,6695,6636,118,1734,-609
49426,6944,-5846,-2101,766,1530,1209
49427,-7243,3140,-475,1947,1322,-1671
49428,-2750,6118,-4828,-342,-76,540
49429,4105,-866,-5241,414,672,-1158
49430,7930,-1922,-713,43,1897,-255
49431,-3828,-4473,7010,1520,1798,-1157
49432,796,-1858,62,-271,622,-1528
49433,3823,-4788,1536,-862,-432,-1177
49434,3874,-5238,-6489,-1133,1638,-1412
49435,-1822,7147,5125,-729,1391,251
49436,4023,-294,3481,-769,-1769,-151
49437,1564,-1267,-1313,803,983,1332
49438,1006,-1313,-6843,1782,1940,1638
49439,6,-2718,4983,-1322,-1207,1893
49440,3226,4919,-1508,72,-202,1622
49441,-1447,1432,1484,124,1006,-1131
49442,1107,-4289,5770,13,-1794,-231
49443,810,-7761,-6993,-178,-790,-1569
49444,635,7720,7445,1654,-388,-1490
49445,-7981,7792,5374,-524,-1305,372
49446,-5420,5798,-7373,1010,-1611,-447
49447,-1508,-4433,5390,586,-1894,252
49448,6837,-5089,-2755,-1741,-1920,917
49449,1599,1845,572,1231,-590,1404
49450,4366,-6420,-4328,447,1430,99
49451,851,2059,-6209,1987,300,-133
49452,-7081,4094,2683,-408,-894,725
49453,-2149,-6605,2629,-1133,810,-1470
49454,-2219,5839,-7986,-967,1937,1833
49455,-2638,169,1420,1839,-110,-1130
49456,3582,-4189,2749,-730,494,-916
49457,4511,-1774,4519,-676,-184,-1669
49458,-5015,2014,1526,1620,-321,294
49459,6273,4499,2036,488,1355,1289
49460,1777,-4863,-6623,-612,936,461
49461,2771,1666,-6489,74,920,636
49462,-1191,6444,294,184,-850,-583
49463,-2958,-3754,5083,-1946,-1034,-867
49464,-6714,2529,-3353,1421,-747,-1014
49465,-1339,7742,4119,531,-1402,-815
49466,4248,-7975,-2084,173,-296,-1481
49467,-1422,1340,2354,-625,-1032,659
49468,2831,-7386,6887,1142,1689,1637
49469,-2481,-2984,1205,-648,-21,-167
49470,-7012,-6933,4260,1962,-743,1721
49471,-3669,4279,7292,-1620,-456,738
49472,7761,7281,-1720,-167,106,1291
49473,-144,-4718,795,-1601,649,-489
49474,2184,3587,-3682,-417,469,1746
49475,-4568,-1471,-6249,-1737,839,428
49476,3570,-466,7277,-405,816,-1581
49477,-2336,490,3545,1595,1993,213
49478,3721,92,946,1986,-1626,-127
49479,6710,6366,5831,1417,1304,-1379
49480,-3439,-6126,3154,458,-523,-1915
49481,-3954,1725,6903,1462,-1531,1921
49482,5263,-491,5129,1313,-49,-1445
49483,5757,-6978,-2605,-20,1343,1642
49484,-7872,329,2192,1577,-1931,338
49485,-7635,3661,2831,1900,1865,45
49486,2620,1674,-4959,286,1449,4
49487,-7408,5054,3754,-1517,-421,918
49488,-6913,120,-168,563,1997,1245
49489,3964,5928,2684,504,-1879,742
49490,7653,4490,-5071,-581,64,-925
49491,6119,5355,-246,-62,154,1498
49492,6287,-1049,452,56,1726,-1310
49493,-3516,-346,-686,1199,-1556,-1690
49494,-1907,6494,-3919,1344,392,82
49495,1251,-5280,-6110,538,-819,676
49496,4215,-1530,-6251,-1180,371,-829
49497,-5727,1185,-6219,-913,-569,-1290
49498,1571,716,-4726,-331,174,812
49499,849,-2036,-4130,-1914,-1232,-1694
49500,2591,-3683,-3023,-867,1208,-1636
49501,1503,-7907,2910,-1382,-1700,-1563
49502,-7802,-6046,-2923,863,1856,597
49503,-531,-5853,-7258,-1605,1726,-1200
49504,-6040,4932,-7738,-289,1852,-1856
49505,2412,7853,7788,358,1641,-1562
49506,-3497,-545,-7414,-501,953,667
49507,3154,3639,1118,1080,402,1938
49508,-5843,-1121,-2245,-727,1544,561
49509,5818,5133,-4287,-102,-1276,1712
49510,1886,4495,-5398,-1945,-739,679
49511,-4780,1377,1613,1411,-1505,-446
49512,4823,-4770,358,-1793,-215,-977
49513,3906,-4109,2981,-1729,-428,-728
49514,7805,2065,-3352,844,-601,-1353
49515,1134,271,-4556,-1652,-1366,-1012
49516,-1273,6475,-6035,1472,1081,-26
49517,-3113,-1838,2750,-1516,-791,1660
49518,4082,837,-6725,1018,517,186
49519,-70,2495,2137,-1061,1096,-857
49520,7174,6322,533,886,1817,-551
49521,7036,4997,-2849,111,332,1302
49522,4905,-3364,-2842,-1915,-1785,144
49523,-5724,-5627,858,1518,823,1312
49524,-429,-5762,1671,417,-399,688
49525,340,1320,114,1612,-1419,1318
49526,4593,5920,-467,481,1127,-1961
49527,-1643,-1302,-7389,660,-915,-505
49528,-5791,1089,-4036,633,1347,1452
49529,-7120,-6501,791,316,780,-1676
49530,7054,-4925,1457,-160,801,1979
49531,3402,-2521,562,-1734,-834,-1990
49532,3080,-3495,269,-669,622,-407
49533,-6296,-1163,7194,-505,-815,1423
49534,-2304,1895,5778,426,-1932,-1056
49535,-7611,-1973,4957,384,-476,-861
49536,-3093,-7391,2138,-653,672,-984
49537,775,-3915,7202,1859,-1833,-552
49538,-1035,-4480,1995,-361,113,-548
49539,3405,7466,7325,1921,960,1789
49540,-4871,-904,4602,195,-1347,-1274
49541,3481,-1976,1153,-49,88,432
49542,6002,-6103,-3213,-282,-1029,-466
49543,-278,-1671,584,-6,804,-53
49544,1028,-2412,-6038,-677,1110,678
49545,6542,-6153,-4334,835,1154,-763
49546,5610,6365,-936,-573,8,578
49547,83,-6840,-5900,452,439,1153
49548,-111,6032,-7242,-944,-231,-177
49549,4216,4709,1164,-1444,1249,508
49550,7876,7605,3062,1061,-1184,-345
49551,-1618,-1977,-6321,-487,1996,756
49552,5745,6772,3283,-391,-1513,777
49553,-2506,5643,-4396,-280,-1858,847
49554,3828,-242,-3406,-615,1760,368
49555,5783,-7093,3785,-1975,1927,-1393
49556,-2688,6949,-3806,1321,-386,-850
49557,-5229,-5627,-5012,42,-1337,-1192
49558,-6585,-4460,-6787,1746,240,557
49559,-6252,3815,1852,-1599,1703,-1975
49560,-1293,4343,-3715,-1504,1102,796
49561,6266,-7485,-4589,-1594,-1475,1474
49562,-1913,491,-2822,-1271,-280,-1707
49563,-1307,-5976,1430,-1164,-1987,-711
49564,6457,-6235,-4645,-56,1302,859
49565,2250,-1382,4000,1945,1834,-367
49566,-7993,6501,6139,-416,708,1284
49567,97,3092,-1031,1706,-207,1982
49568,-47,4415,-7452,1795,-1588,1799
49569,-1479,-785,707,-89,1303,750
49570,-3590,-3372,-4362,-879,1699,1731
49571,-527,-838,2897,870,475,-1971
49572,-7906,3106,5829,768,-1327,25
49573,-5467,-3450,-974,-949,160,-581
49574,-6760,-4090,7661,-24,1590,-1652
49575,752,6288,7275,946,720,-1093
49576,-725,-3408,5912,-1596,796,1707
49577,400,-3050,-5853,-1423,-324,63
49578,-6701,-1994,-7473,1772,1204,-1892
49579,7148,1010,-5261,1552,-1584,1287
49580,-7925,-3327,7500,630,930,-1094
49581,2858,6518,1071,-338,248,1429
49582,1472,-2299,6219,1522,1182,-657
49583,-5153,7351,3484,-855,-1621,-1185
49584,-2786,-20,-7176,-927,-623,-905
49585,6218,-2752,-4231,724,-800,1223
49586,5219,1099,-6679,-986,-301,120
49587,5488,-1046,-2459,-359,-591,798
49588,6103,-7716,-1341,-1176,225,87
49589,-2901,-6550,530,-258,-536,-95
49590,6723,-1934,-90,1206,1574,328
49591,-3043,6875,5254,824,468,1719
49592,5527,-1773,6814,-507,1528,-1768
49593,-7415,7841,-3227,1662,957,1545
49594,-37,-6372,-1318,914,832,1095
49595,4215,7441,2218,-1580,-240,558
49596,-7956,-984,-2056,-1558,1585,1026
49597,1537,-3755,4856,1185,717,-1037
49598,1276,4282,3158,1534,429,-1237
49599,6760,6991,-7673,-342,1707,-760
49600,-7643,-2374,5418,-105,-1507,1641
49601,-4176,-5144,7648,-1427,708,-367
49602,-3897,-6138,-3598,-197,1377,58
49603,4850,4968,-646,308,-1239,1768
49604,-4368,-5080,-4211,239,1896,-1628
49605,1768,438,588,1678,1771,-1548
49606,308,-272,5392,1134,1508,-1852
49607,-1330,-4584,-1809,1958,257,1673
49608,6113,5140,-1671,-1588,-1358,-731
49609,6157,7663,-398,-861,1645,314
49610,-1848,3695,2371,-574,-498,455
49611,1029,1539,-2749,220,795,-1115
49612,2931,7445,-7361,-1322,1931,-1864
49613,-7509,2552,3909,1351,809,1648
49614,-5384,2395,-2543,-931,-1481,1032
49615,-1582,-1508,-3888,1831,854,1115
49616,3610,-2724,6483,-163,-944,-1351
49617,4608,-7126,-1757,1008,-719,338
49618,-146,7453,7686,-853,-1174,-1164
49619,146,967,-229,194,-640,1603
49620,-5568,7854,-878,119,-942,-1217
49621,-7089,-5222,4814,976,-1834,-25
49622,2375,3176,-6131,-978,-415,579
49623,7158,-3046,6814,1015,-214,-1273
49624,978,4523,-888,-1936,694,-640
49625,-2159,6474,-199,-71,1472,1595
49626,3606,5730,19,1675,-662,-1706
49627,7248,18,-91,-654,606,-1391
49628,5629,425,-5035,-1929,1155,-1956
49629,4604,-1950,-1269,-1354,-642,-477
49630,6903,-2278,-7766,-1119,294,-1550
49631,1853,2294,5242,-160,82,967
49632,-2374,-7521,-7823,-457,-482,-809
49633,-5550,3514,-4177,-500,-849,-1909
49634,3542,-7267,6966,-113,751,464
49635,6863,6509,2183,1547,1204,252
49636,439,7467,5697,-1854,-532,1924
49637,-3483,2836,-3833,258,1578,-1666
49638,4907,2318,6108,-696,-1003,-1026
49639,3145,-3039,-2005,-362,1809,-132
49640,1884,2079,7388,-1895,-330,-762
49641,514,-7819,1976,773,-690,443
49642,1326,-2782,-3741,1694,1469,1676
49643,895,-5893,2067,-77,-731,-1047
49644,-786,-5114,-7454,-757,196,-185
49645,-7324,5098,2181,-718,-1937,-1307
49646,-1418,5377,-5213,-1909,766,-368
49647,-2214,-3428,-721,500,675,-1098
49648,636,4244,-51,-1762,-1745,-1175
49649,702,4391,2869,-1441,-1255,-85
49650,-7350,6847,-2220,-1434,87,454
49651,-2228,-7516,953,-216,-1230,-1378
49652,4057,200,-2549,-1116,-808,-6
49653,-6789,4727,-4654,219,-514,1046
49654,4627,6719,-630,939,750,-1127
49655,4416,-6785,-5126,-688,1286,1358
49656,1622,198,6229,1469,-1172,1579
49657,4954,-574,2889,-1846,-1104,513
49658,-1915,-951,-7327,1111,1621,-142
49659,-599,-5541,7017,311,-798,-1988
49660,-4268,-5460,-6450,1569,-1486,1319
49661,-6168,4405,193,-1207,-1142,251
49662,-3074,-3357,21,641,1420,-842
49663,-1601,3643,4276,1475,-1588,-178
49664,-3075,2873,4989,781,-853,-1164
49665,-2424,-7473,4368,-1858,-613,1575
49666,7839,-2254,6916,1255,1042,1759
49667,-2939,-514,2207,-257,916,-861
49668,1003,-4887,6727,-219,-585,226
49669,-7439,3198,-6282,581,1833,1682
49670,5633,-99,3390,847,-88,-675
49671,1232,7455,6817,-1732,-1262,-467
49672,6229,7177,7634,1497,1320,-1463
49673,-664,-2963,-4658,-1295,1409,80
49674,2415,7217,5313,-1046,-120,1417
49675,-7495,3905,6357,1557,549,145
49676,-1320,1992,2917,397,-1922,1343
49677,4773,-1857,-791,1283,-1779,-547
49678,-7050,2250,-2139,1714,1589,-367
49679,-4458,4134,1907,-1982,791,-1897
49680,-323,-1599,-3749,1970,1410,-1763
49681,-3004,3527,-3649,1591,1025,-883
49682,5742,3750,-521,-2,700,541
49683,4167,5824,5751,294,1661,-1768
49684,1732,-582,-4480,-1231,185,1092
49685,-4340,2414,749,-1197,-1717,-732
49686,-1736,3594,3103,-306,1905,935
49687,-6551,-519,-4570,-397,49,-783
49688,1822,6118,46,-1585,-1276,-1578
49689,-1613,-210,5037,917,1171,792
49690,-7840,-1708,-5557,-1580,-1040,-1580
49691,-4689,-2431,1544,1695,1022,-520
49692,-2528,1967,3123,1124,-694,-1656
49693,-3185,-1528,-4880,99,103,1807
49694,-4385,1785,-19,-955,144,-1852
49695,2645,7447,-5791,989,-799,-1371
49696,1314,-702,5673,930,1795,-1609
49697,416,-7088,-933,-1618,-1868,-1023
49698,-3501,-1281,1892,1407,1761,1019
49699,-4813,-3556,-4777,789,142,1305
49700,-6577,4615,4848,823,1618,1253
49701,-1848,-5522,-7040,-1078,1401,-596
49702,3558,6542,-2598,463,846,-375
49703,-5125,-4193,-3750,-1906,1869,-1790
49704,-3364,-4117,-6733,1669,1352,-1943
49705,4780,-2269,6555,-295,-798,1615
49706,-6539,-5230,6770,1147,-1436,939
49707,-4842,7274,3728,1205,-1407,1477
49708,-6144,7693,2175,-1009,881,-974
49709,-5568,-36,-6026,588,-351,1677
49710,621,6608,6966,226,-240,1906
49711,-2638,7772,-5357,-1628,1173,-1208
49712,3101,-5538,-5079,1572,-1112,1182
49713,-1764,-2303,-5067,1343,-720,-758
49714,-4853,2175,-1710,31,932,-1777
49715,-196,-125,-7060,1594,-972,1852
49716,5530,2333,-1725,1084,228,421
49717,-5058,-1195,-3102,-1387,-1219,1914
49718,-7340,-579,-7404,-199,134,184
49719,-500,1912,2556,1232,-576,1599
49720,-1694,-5680,-7671,-1997,903,-1659
49721,-2555,-7429,2373,-1999,-1205,-1650
49722,-5068,-1966,6456,124,1922,-1901
49723,2594,1289,-2118,67,-173,-1554
49724,7219,2264,7335,-1785,-538,1096
49725,1254,-2874,-5621,1830,396,1775
49726,-6307,-2284,3499,1601,-142,1629
49727,20,29,1752,1121,-1955,-501
49728,6987,4825,5614,515,-846,882
49729,4277,2787,-4455,-670,1753,886
49730,-6434,-2975,2987,-1949,571,437
49731,-5454,3927,4213,-933,355,-312
49732,7625,4355,-2169,-1221,-621,-650
49733,5128,-780,6749,-1604,-214,-1861
49734,-2265,-5648,-427,500,1166,1853
49735,-1433,-3471,-4614,1099,61,1878
49736,-4091,-5755,-4277,-272,1385,-576
49737,-6781,-4561,7671,1836,515,831
49738,7487,6641,-7080,-1073,-1307,223
49739,1224,6486,-3286,302,-732,-932
49740,3227,7096,-186,-1642,657,-546
49741,7016,-5834,7470,-1716,977,1081
49742,6264,-2837,-6376,-1912,1367,-455
49743,-1028,-2657,2930,1318,939,-862
49744,-4015,-5544,7663,1772,-126,646
49745,-3864,5315,-6134,344,-1492,-534
49746,-6645,-626,-2944,-1700,1446,-883
49747,-51,5408,-3119,799,-990,267
49748,6889,5268,3985,-1290,1703,91
49749,6193,-7029,-2735,751,553,-463
49750,7656,-7144,-2301,1511,1729,1753
49751,6433,-4689,-3592,155,-1657,-1813
49752,-666,-6506,-2889,1192,1097,-310
49753,1319,6166,2957,-265,-113,-170
49754,-2461,766,3393,-718,-1912,1521
49755,-6080,-1891,2793,-151,752,-531
49756,2319,-7642,-7133,1276,-1898,-3
49757,-652,-248,-2955,877,1879,-64
49758,2547,1458,-3591,928,1436,-520
49759,6389,7837,-5458,789,-1886,1292
49760,4740,4295,3885,34,1310,-835
49761,6437,-2281,-2822,-1749,532,865
49762,-7268,-443,-1234,-1155,105,-511
49763,-2187,3255,-2928,1378,1911,-135
49764,-7145,984,-1287,603,1528,1122
49765,42,-3115,4490,395,-1042,-308
49766,1062,2575,-1763,-915,1279,296
49767,730,-4127,7097,-572,-1366,1516
49768,-371,7445,1970,1108,-1573,-504
49769,198,-4242,817,-605,-90,1773
49770,-5332,7544,-1945,331,-1122,-931
49771,4018,-1151,6426,1025,-1842,1984
49772,-1883,2913,7506,-40,543,-848
49773,-7264,-7677,5975,812,-333,1060
49774,-1955,-1857,-2216,-472,1411,52
49775,5532,-690,-6073,1169,-1026,1997
49776,6038,3368,-4200,-1991,-819,1748
49777,6592,-1316,1695,421,441,1078
49778,2699,611,-3478,1449,-1971,-1571
49779,6440,-4256,-3935,-921,1285,-137
49780,2235,-5804,3080,1076,1709,-1842
49781,650,-6464,-4759,-1518,391,1314
49782,-1244,4895,493,496,-867,-1309
49783,1574,-2578,-363,1034,-1085,-1716
49784,5116,-4219,-2974,127,-302,-762
49785,111,6864,5666,-770,-1839,313
49786,476,-7455,-4472,-1890,-1305,426
49787,-5110,5936,2368,1806,1016,44
49788,5431,-7413,2520,-974,-1092,232
49789,5045,2528,-3796,-355,-1564,919
49790,-5412,5068,4725,-1477,428,-1132
49791,-3679,-2957,3236,-1978,1233,-497
49792,6203,3372,3021,238,179,-1228
49793,2302,-2483,1023,1335,-1930,-1238
49794,6877,5322,-307,-1625,559,-1538
49795,-3707,6247,6136,224,1167,-566
49796,-5596,4575,1192,-851,-793,-1515
49797,-1279,-4164,-1158,159,-1120,-1912
49798,1625,-2947,-2225,-182,1693,111
49799,1277,2243,3185,842,1249,1889
49800,3824,-2717,-3094,-389,1823,1382
49801,-4008,-2735,6919,1481,874,1987
49802,-4628,3493,5962,772,-521,-1407
49803,3076,722,1174,299,1779,1737
49804,488,422,1613,-1918,-1200,-1399
49805,7387,-4534,3827,-1714,530,718
49806,110,-1426,-331,-1751,-1795,-196
49807,-211,7787,7643,1875,1903,934
49808,5247,423,-4640,-662,623,-290
49809,-3109,1348,977,-160,705,-1035
49810,-5461,-4122,3519,-1853,392,1775
49811,7767,-5824,6965,1772,1544,471
49812,-2184,7546,-4287,1063,-1108,1603
49813,215,-6619,4710,42,325,377
49814,-6754,2259,434,1543,103,-1584
49815,7233,-2978,-2678,1821,-1658,662
49816,-3703,4021,-4650,-681,1997,1696
49817,-5073,2780,-4945,-1563,297,-789
49818,-5413,-4266,-5824,554,1928,1589
49819,4899,-7682,-7234,-1858,-418,-524
49820,-1088,3221,5553,-411,1637,-587
49821,-2635,-2671,6195,1966,487,533
49822,-6657,3157,291,861,-229,-366
49823,-7434,2523,4750,161,1997,1476
49824,-5659,-1009,-5519,1760,162,-489
49825,-4987,1675,1090,1971,1003,946
49826,-6883,-2340,-4271,913,1978,-534
49827,-4256,7746,4125,1425,115,1494
49828,-7500,368,1592,1706,-768,327
49829,7420,5110,7392,1328,973,-1872
49830,535,-6094,1727,-1109,1583,-869
49831,-5820,7748,-22,202,-1940,-661
49832,6514,2809,1442,-1234,645,909
49833,7236,6724,6234,1326,556,1836
49834,-4507,-4036,-308,-561,1226,773
49835,-6669,4494,2025,-793,494,33
49836,-3553,2096,-2110,167,-1512,-832
49837,6625,1374,-2532,1871,-873,-1223
49838,4718,-5395,-2723,26,-351,-114
49839,-123,7560,-388,-1107,-1841,-1148
49840,7534,3555,6879,1329,888,1553
49841,-1472,387,4725,1459,-241,-1403
49842,7855,-5330,-1154,220,-518,-1955
49843,-4627,1769,7704,1823,-544,-1802
49844,4754,725,2505,-159,782,1166
49845,2310,1675,-6103,-1886,1347,297
49846,3789,7767,7434,-545,-953,839
49847,-6819,2352,-271,-371,464,-301
49848,-3480,-701,7158,-89,-216,1179
49849,-6352,-996,4700,946,1323,-545
49850,3882,7842,7362,1884,1760,-1816
49851,3677,-1202,3114,-1526,1443,1421
49852,2975,-311,-7975,1289,830,-504
49853,1703,-5595,-3516,1450,403,-252
49854,2004,7281,916,1323,1461,329
49855,4071,1814,-5745,-45,-910,1324
49856,6344,6546,870,199,1968,-927
49857,3075,-3479,-5976,1913,820,-449
49858,-3383,-161,-7375,-676,1807,-862
49859,691,-1065,1176,1268,-1197,-9
49860,-6939,4624,2991,1557,665,-705
49861,-1699,-6074,3899,-1089,1734,-313
49862,5103,-1793,-2434,1227,-52,1491
49863,750,-4159,5429,683,-958,212
49864,-7400,-1255,-7629,-283,386,1395
49865,5399,-6038,2209,1225,41,-1865
49866,5022,5453,1822,1463,792,-1121
49867,7381,3283,-2385,1777,-1906,-1713
49868,6197,6602,-6012,-1460,-449,-612
49869,1579,427,2927,-1864,-1973,71
49870,-6362,6945,-3933,502,1855,-1275
49871,6427,-6485,-1872,-198,932,-655
49872,-3638,7008,4851,715,686,-1456
49873,6214,7310,-4647,-1814,-988,-760
49874,5761,5399,4491,-1342,-754,978
49875,-3410,245,814,-44,-1184,424
49876,6244,5454,-3429,-1727,-374,-734
49877,3672,-5307,-3769,-263,-1499,1969
49878,-6198,3091,-5010,1463,-958,-671
49879,-2348,-4914,6063,1737,523,601
49880,-2420,-4583,-5867,134,-1101,-1295
49881,7073,-4853,6562,361,-466,-533
49882,7152,2474,-3593,-739,-513,-752
49883,-4851,6971,5207,-141,1703,1729
49884,-7076,4385,6496,1060,-1269,1269
49885,7702,5003,-1767,-426,1211,305
49886,-2851,-6838,-1985,1149,-571,1796
49887,6989,-4651,-4499,999,289,1155
49888,-2823,-4584,5492,241,13,1497
49889,5556,-112,1485,903,-1721,1780
49890,6642,2464,-1229,1757,1302,954
49891,5135,4670,-2310,-1909,1767,396
49892,-5078,-2439,-480,81,-4,-1529
49893,6982,-4364,5183,130,-1066,294
49894,-6385,-393,-3291,-901,815,1805
49895,7984,-3141,732,-1663,1305,-1478
49896,-4029,2140,1407,-1291,170,1474
49897,-1348,4303,809,1741,1403,-650
49898,-5558,5363,-1275,-241,1412,-547
49899,-4775,2931,4072,1634,-190,1812
49900,5980,6710,-2197,-250,1973,1996
49901,5223,142,-4905,-1749,-1323,-1584
49902,4608,3523,3686,1161,1841,-978
49903,-7700,4714,-1764,-1312,-751,696
49904,-2742,-2722,-6102,754,-590,1146
49905,2746,826,-352,1637,1543,383
49906,-863,-6916,1045,-540,-1071,783
49907,-6682,1677,-2866,1879,-1351,-1394
49908,5239,-6291,-1219,-1680,926,-1146
49909,-6879,3878,2947,-1965,-1160,30
49910,176,-5562,-1049,198,409,698
49911,7497,-5647,-1675,1896,1096,-505
49912,-6640,-1379,1883,-1155,-1198,-155
49913,843,-4174,-7517,-1486,-1987,1888
49914,-3292,-2005,-4242,1309,473,-1911
49915,7425,2606,-2814,1107,917,-41
49916,2392,-5162,5143,583,-515,44
49917,5339,1822,6195,881,-1275,118
49918,5014,-2315,-6387,1686,751,1425
49919,517,-3948,-7402,978,861,1078
49920,2960,4441,-4653,611,737,925
49921,4445,-2288,1778,-55,201,749
49922,-1562,-2610,1098,-853,57,319
49923,7953,1231,-128,-1052,1016,-926
49924,-4620,-1976,619,10,-691,-1463
49925,3482,-2968,3059,-1767,499,-1146
49926,2969,-7747,-7493,1698,-1019,991
49927,-2045,6570,-5754,-472,-877,1869
49928,6903,-2059,-317,-1564,1218,1309
49929,-7832,-3572,7117,-1795,-1159,1210
49930,-6303,4409,-3910,1054,-674,617
49931,4745,-3493,-6394,1181,-1995,-681
49932,620,-1514,-3877,980,-639,1702
49933,-5968,7651,-1237,573,-1795,-848
49934,802,3658,7803,1816,1784,-1872
49935,3968,6326,1817,747,739,-1557
49936,3454,-552,4666,560,914,-789
49937,-2188,-7165,6487,-1569,1118,419
49938,-7655,-761,1595,162,-430,1931
49939,-1241,-3150,-5700,-434,1153,-1421
49940,-6537,5062,-3362,308,-85,-1351
49941,-5826,-4178,681,1374,1873,1166
49942,-6847,3553,6202,-1537,1803,1514
49943,6481,1841,-2879,1323,1860,-201
49944,-982,4090,4847,-579,1708,-326
49945,1843,727,-6835,-1955,-368,604
49946,692,6570,2227,573,-1347,-1484
49947,281,-3693,-7828,-780,1514,1561
49948,4406,110,2843,1490,398,-1162
49949,7149,-673,-3879,-822,-1944,1726
49950,-1200,2940,5290,353,345,1526
49951,5987,-6563,-5404,-262,1859,-1428
49952,-1010,-5262,-2404,1284,-1679,375
49953,-5196,-7963,3657,391,-1834,-696
49954,-2041,2118,-2550,-1580,1676,702
49955,-3165,2029,-4110,893,-124,1340
49956,-2761,-5983,2738,-1231,1219,64
49957,7745,-5078,116,1964,-1160,-1746
49958,-5743,3631,-2525,964,-798,36
49959,-7439,2828,-1363,-252,-1570,1942
49960,1047,-3062,-7826,-1043,315,1969
49961,963,5249,1651,1701,-1493,-1903
49962,5329,-7575,-6924,1451,1258,50
49963,4508,-2428,5604,168,-34,-1828
49964,7971,5905,-6924,-1774,-756,-497
49965,1909,2433,-4020,1153,-516,235
49966,602,-1558,6995,841,72,-1424
49967,-5413,304,-4090,21,460,1126
49968,91,6026,4978,-73,-1589,228
49969,4047,-4428,1372,1612,-808,1162
49970,-5310,4080,-6105,-868,-688,310
49971,3273,-3808,-1652,204,1920,1890
49972,154,-829,524,-1261,1630,-1586
49973,3606,6094,-427,711,200,386
49974,-6444,-2551,2026,34,-517,1357
49975,2108,1313,-2737,200,385,245
49976,1925,6862,4233,585,1963,855
49977,-1008,-2674,7750,-285,-1825,-1703
49978,-1313,5258,4150,-923,785,1447
49979,6619,7451,-5344,1675,-470,-832
49980,4317,-655,5110,609,-522,642
49981,-5661,3700,-6120,-1972,563,1731
49982,45,1175,3578,848,1210,1110
49983,-908,-2694,1965,-1474,412,1950
49984,4828,-1598,4388,-1481,1211,1113
49985,1330,6036,2667,-1008,-1928,-1605
49986,-355,3666,-603,1930,-749,485
49987,-7414,-4530,-1528,-1883,975,-1263
49988,7388,485,7717,1030,141,1153
49989,-3762,2656,5741,-313,-853,570
49990,1934,3862,-4027,-1275,507,-600
49991,7913,-7506,4998,-743,-1417,-1629
49992,-3321,6430,7182,208,1208,-835
49993,-5534,-481,1723,1690,-1168,-1601
49994,-1674,4047,-5944,1504,-240,-1577
49995,-2026,7807,7411,754,-702,1310
49996,-88,3507,-4334,-1361,-142,-694
49997,779,-5749,6804,59,265,30
49998,-1065,-7537,-2685,-1641,1847,1003
49999,-3714,2892,-4227,-1699,-1025,-1275
50000,-2810,6230,-2502,1825,-160,932
50001,2881,6757,6993,1500,-546,858
50002,-2165,6546,2681,640,-945,-1156
50003,6822,-4740,1079,367,276,-578
50004,-7573,6935,3537,-1493,-1246,1120
50005,-3773,1290,700,975,11,-1422
50006,-2616,-1889,-3561,940,1693,-28
50007,-3762,-6328,-2293,1957,-388,-630
50008,-2848,856,7897,308,1781,1213
50009,-2608,2502,811,1845,-181,-303
50010,5655,1653,-2812,12,1191,1031
50011,449,5051,-6299,-1806,-1908,1353
50012,186,1406,-3219,-1768,525,1645
50013,4935,708,309,-388,-863,1763
50014,4895,-6625,5106,1622,-808,-1016
50015,-2637,2595,6742,1874,1076,1608
50016,-313,7473,4667,999,795,-1307
50017,4186,7753,6867,690,330,-75
50018,949,-6918,6544,-1158,965,-1980
50019,7775,-7432,-7618,-370,-1108,-1531
50020,-6186,1113,5938,1236,1918,289
50021,-765,-7286,-60,-1171,-1192,1617
50022,2634,7672,-453,-296,1570,1834
50023,-7283,-3194,-6859,1107,-1969,1563
50024,-6590,548,-5034,-993,408,1492
50025,-2230,55,1647,-508,-439,-1461
50026,-5686,-5409,128,1062,-742,-1695
50027,6286,3065,7731,-403,-201,1703
50028,2012,-3059,-4639,-1707,149,220
50029,-1320,-6877,738,-1344,708,-969
50030,7868,-7457,-1468,-1596,1992,-1574
50031,-266,-7683,-5984,747,-872,453
50032,316,-5688,7764,1860,-1987,745
50033,-5852,-341,1721,-1471,477,-859
50034,-4796,-2499,-7277,-1002,46,1534
50035,4818,-6719,-6080,-1672,-1014,1074
50036,4471,5224,2517,734,1158,-1508
50037,3048,2264,-4162,-518,1580,-634
50038,7323,4189,7772,-1688,-1956,1311
50039,7838,-5933,438,-285,-1890,-276
50040,-7446,3949,-7996,1599,1109,-1861
50041,-6734,4965,-7798,1616,1653,-895
50042,4278,-5397,-2177,-1819,1398,-713
50043,-2382,-5766,-5240,-78,705,1007
50044,-2561,-4257,5318,1070,-510,-1277
50045,-6714,-4679,4905,1346,-1628,-337
50046,6125,2250,-2648,-1335,636,-819
50047,-2400,-6093,3942,-1033,-876,112
50048,-4329,1344,-5852,1379,-1253,-932
50049,-1978,4777,3618,-1859,1333,-1708
50050,-6420,-4587,430,-1683,201,205
50051,6257,5389,-5213,626,777,-1088
50052,-4037,2157,5217,1195,-612,-1453
50053,-7639,5011,-4333,-1027,796,879
50054,-6853,3826,-7588,-483,1829,1941
50055,2231,5452,2654,-334,1540,-1788
50056,5662,6671,-4035,-1878,-1266,872
50057,-7694,-4545,-3088,-727,1391,-587
50058,-6555,655,-4210,-929,1738,-1501
50059,3968,951,2686,-68,1600,-1977
50060,-3420,-7802,5264,1871,-605,1098
50061,-5282,4027,2720,-251,-333,586
50062,-1970,4162,7228,1919,-97,-1779
50063,-3509,-2399,2967,-507,78,1753
50064,-3347,-3072,-7413,-428,1434,-921
50065,-1420,-4908,-199,-1631,582,142
50066,4125,1738,5856,1460,-708,-1894
50067,-4349,-509,2416,681,476,-381
50068,-2332,633,-5811,-1406,-1043,628
50069,7490,-4325,5383,-1189,285,532
50070,-2982,-836,-3556,1384,-572,736
50071,1627,7035,-7974,1244,-266,1222
50072,5839,-6053,187,-1231,-626,-1637
50073,4042,5201,4002,1801,916,64
50074,1872,-3591,-4947,759,-857,-1348
50075,-5730,5835,-6281,-634,753,49
50076,-7938,-1128,3344,1391,0,-1320
50077,7984,-5113,-3058,-1407,-80,1413
50078,-6831,-747,1059,1006,806,-1392
50079,6441,1012,3991,135,1266,879
50080,-2894,-170,5847,1236,1161,-1512
50081,3377,-437,7012,1570,30,-615
50082,2105,7654,-3788,-336,797,1693
50083,711,-4821,317,949,422,533
50084,-2723,-5506,1718,1897,-1175,1305
50085,-6492,-6979,2187,-419,917,-628
50086,-2265,-1688,627,1880,-212,620
50087,-1070,4472,5349,-236,-1034,-28
50088,7770,-985,3229,-1507,-1214,-1759
50089,-4980,2331,2068,-1123,-146,1068
50090,4693,1601,-5298,527,1808,-1038
50091,5069,1091,-1176,-1125,-671,-153
50092,-288,-4961,3164,-1106,1969,918
50093,-3700,-7621,-1380,609,-895,425
50094,-1413,4927,7829,1379,-340,-358
50095,-3158,2766,-4929,1582,1666,519
50096,-5914,4461,5235,1764,1535,-1131
50097,6502,-2172,-3639,-57,-712,873
50098,4258,6503,-4383,1234,1620,432
50099,-4189,-1876,6999,562,-1433,1974
50100,-5389,2711,1220,-1096,-1950,-682
50101,-6839,7744,-5604,57,-1709,629
50102,-3432,6243,3307,1571,-1956,-65
50103,-7193,2492,-3398,458,-1105,1055
50104,-2861,-6660,2935,-132,-1923,-856
50105,2946,-6487,3560,477,-367,-1124
50106,-5327,6041,-2053,-1148,-1577,-1480
50107,6329,1665,5246,-1525,-1428,1901
50108,2486,-3545,-2812,-1626,327,-243
50109,-1423,-5758,-102,1296,355,-1637
50110,7132,6064,-3998,-524,1841,1826
50111,7677,6862,-6010,126,-1102,1064
50112,-1148,-7214,7712,971,-1380,-1899
50113,6676,2616,2483,-1750,-144,1864
50114,-6972,4532,1895,1816,1248,1465
50115,6294,3759,-5398,-1455,-1645,-1671
50116,-1908,-5950,-4837,356,-1796,-210
50117,-7049,-1590,-7956,-353,233,176
50118,1985,-834,-3416,143,1187,520
50119,-2977,-2643,-3867,1326,197,-124
50120,-3769,7310,5222,-1062,-628,-155
50121,-2953,-5016,-2583,-775,-172,-380
50122,5832,5309,-5805,-1561,-41,-1181
50123,-5811,1513,-7395,1940,-1765,-1214
50124,-7467,-1373,5540,-1817,12,-562
50125,3929,-7110,387,225,1058,1834
50126,-5500,689,3852,-1504,-1998,927
50127,4207,-789,-2815,-999,1155,-1967
50128,1910,2852,1360,-506,743,1527
50129,6579,1307,-1331,1171,1406,-21
50130,663,-7623,-6667,1945,-1876,924
50131,6613,-843,-3709,-1265,402,1017
50132,-7928,6193,-901,-278,1673,-1552
50133,-2807,3966,5177,-1136,1978,-363
50134,-5142,-452,2097,-1547,981,-320
50135,7026,4179,7152,-1462,-1849,-1073
50136,-2039,3357,6975,421,-523,1658
50137,-3045,-3348,4301,-1377,223,1817
50138,6995,2765,-6928,-1051,182,1119
50139,6908,7944,-1397,1661,-470,-1237
50140,7493,-4781,-6792,-841,465,1190
50141,7859,-7625,843,599,804,-69
50142,-470,-5614,-3047,-506,299,619
50143,-2743,-1788,3022,-698,639,224
50144,-2039,2910,-6959,1009,1079,-1562
50145,-6244,745,-996,-1000,1438,1897
50146,-282,3363,811,-169,1685,-1278
50147,-4271,2712,5378,-898,1805,-505
50148,4481,-2849,-4865,-646,1580,-625
50149,-7983,-2623,-6770,1087,1705,-1377
50150,6341,-3773,7716,664,490,-575
50151,2260,-1973,3966,-1452,-940,-455
50152,5822,6236,1975,-1524,1854,1974
50153,186,-6893,-6594,-597,1920,1348
50154,2399,638,1911,-845,1661,171
50155,3895,-31,-398,1966,1370,750
50156,-3281,7318,1904,-838,-1086,-328
50157,-1617,-1853,6002,-1359,-995,1112
50158,-5052,241,4936,-1343,793,1275
50159,-5854,4737,3500,1110,1845,762
50160,4209,281,-5926,-1270,1642,597
50161,-379,5858,2763,902,1272,1974
50162,4466,2975,1955,1708,1426,-1654
50163,-4642,-2988,1471,-1983,1897,1002
50164,3771,2644,-5496,-844,-1489,-1456
50165,-7366,2973,-4434,116,61,1561
50166,7424,-7705,5461,-1459,-520,903
50167,-5983,-887,-4612,650,692,630
50168,1944,-1676,3298,-1728,-333,-1379
50169,4153,-564,121,-70,706,815
50170,4587,7323,4403,-462,-1422,-1471
50171,-6080,6563,-7932,-1992,-815,-1444
50172,3190,-2664,-3451,1302,-424,-525
50173,-3875,1520,2493,99,317,-312
50174,2062,4913,-6533,1564,1662,-152
50175,382,5350,3468,-1056,686,-851
50176,6007,1689,1507,-285,-234,-1524
50177,-7565,-6817,6818,-1125,783,-1356
50178,390,4539,5350,-99,571,631
50179,-908,7825,-996,391,-1255,1715
50180,3878,4045,126,-442,143,807
50181,5998,-3131,-5290,-1465,1808,-842
50182,-4722,6616,-6126,-734,1485,-1330
50183,2077,-7221,-1343,1881,-419,-320
50184,-2426,2623,-6103,-1369,102,895
50185,-1783,-4482,98,-152,-599,-535
50186,-1647,1489,3891,-1972,61,526
50187,-6730,1182,-5202,781,-765,-346
50188,3641,3037,801,1295,-1286,-1685
50189,-7220,6781,-6095,1900,-365,1903
50190,-4195,1553,-4214,1034,-1269,919
50191,4441,4647,2641,-1255,-503,1536
50192,-6394,-4668,2614,-427,1235,1622
50193,-1826,4079,7434,-1819,-57,-1017
50194,5903,3215,-1033,-311,535,-438
50195,2494,7909,5924,1623,1023,95
50196,-4712,-5129,4311,455,-532,104
50197,-322,-831,4541,-1922,993,-88
50198,-4374,-4993,-4860,-1428,-908,-844
50199,-6097,-2787,-4047,1166,666,404
50200,2567,-101,1392,1473,-1036,-8
50201,3824,-5603,1363,1852,-419,-286
50202,-6188,-2733,-1299,-1969,1905,-750
50203,-5067,-7611,3926,810,720,1272
50204,4230,4657,2258,1067,-611,1670
50205,3228,3586,2019,-1838,-1760,866
50206,-208,-3004,7498,1486,-1267,1252
50207,-1497,-1340,2070,1500,-1923,-1298
50208,3183,-5942,-841,-577,-1896,359
50209,4925,-7534,-2897,1657,-962,126
50210,-4456,-1567,-7511,1884,581,301
50211,1383,-2017,3261,961,651,-680
50212,-598,-919,2796,-1368,927,1219
50213,6049,2476,6105,1032,-145,-1700
50214,-6430,-4156,35,-1755,-565,-1269
50215,-7606,-6924,-534,-1896,16,-901
50216,1872,3302,-7779,-1817,-530,-1739
50217,5498,-4585,-4780,-1017,65,-1622
50218,-1948,-3935,6387,1768,-122,841
50219,1830,-7516,1543,-454,-978,423
50220,-1030,3314,-5260,-933,-949,-1039
50221,-2873,721,-974,-781,546,1436
50222,7253,6504,5034,-24,1175,-1670
50223,5968,-5444,7592,524,-51,-1594
50224,5746,-2446,6444,-582,513,1277
50225,1336,6774,-7041,-628,-1785,-1539
50226,1442,5931,2300,-965,-413,-1525
50227,331,5222,1313,1963,-774,1089
50228,-442,2895,-338,-92,1609,-1343
50229,-526,7024,2150,999,328,-184
50230,-6175,805,-5273,-1257,678,-1819
50231,-7696,4836,941,1401,965,-1981
50232,-6995,-487,457,-1941,867,-1794
50233,3912,-6263,-4703,932,1242,-1709
50234,-403,6106,-618,1492,-865,-1480
50235,3987,6916,-1250,1942,673,-1323
50236,-3031,1734,-7358,1044,-1863,276
50237,3989,4809,4028,-1803,80,-1395
50238,697,-7252,-5742,-1929,1937,1716
50239,1877,860,3368,-529,-1087,243
50240,6110,7397,-6810,1238,254,96
50241,-3859,-3688,-2868,208,-1782,1526
50242,5749,-5709,-5824,113,-1806,199
50243,-6233,3907,5422,-1795,-996,-1562
50244,-3740,1909,5899,136,-698,1133
50245,4517,214,-6969,-711,-470,-1130
50246,-7579,3337,-4938,-257,-1636,1013
50247,7432,-5969,7247,-508,1203,-578
50248,2966,6466,-2619,-885,-574,-1879
50249,-7161,6454,1840,-1511,-1555,-1339
50250,4820,-1244,5024,-1296,-1362,1589
50251,4759,-705,6045,230,-1614,-855
50252,2094,4045,6460,623,1558,-1170
50253,3275,-430,-3694,-385,-1851,-1719
50254,4466,-4760,5234,-1299,26,-12
50255,2726,694,-4726,-1042,-1184,-1452
50256,-1376,-7089,-2672,1736,191,-1766
50257,6012,-2571,2802,1758,1455,-1983
50258,-7459,2426,6651,1996,-581,638
50259,4612,492,-473,-677,-641,801
50260,-3152,-7167,7439,871,-342,1403
50261,-6216,-6285,-4307,985,-663,-1436
50262,-2152,-5028,5539,-1823,-1182,1770
50263,-1666,-4662,4930,1147,-1766,40
50264,38,5819,-2698,-1937,1165,-1285
50265,1899,2550,5886,981,-71,1263
50266,-1043,7173,-410,1744,-1229,-380
50267,2492,-7650,-5273,-879,-537,-420
50268,-4724,-1897,4628,139,1177,-417
50269,-4875,6208,7553,1118,418,-1103
50270,4668,563,-7393,-1479,-1627,1874
50271,-5364,-3738,1420,-1622,91,-761
50272,-6930,-3017,2059,369,-1107,386
50273,-1942,1001,-5595,407,-6,-1106
50274,-6507,4109,3309,1783,-697,-592
50275,1826,-6528,-6201,170,-1686,-1167
50276,4411,6909,-7867,-563,398,-626
50277,4781,-6251,7043,53,-1744,-521
50278,-6929,-1949,-1538,-183,824,30
50279,2485,7460,4122,-510,-1992,-1667
50280,7612,3161,-4876,-814,-1831,-234
50281,-2695,1331,-1171,1668,-1819,-1958
50282,-1153,7338,-2460,1662,-140,-672
50283,-3705,4813,5394,-1037,534,1584
50284,-3637,-1930,4996,727,-1366,-1955
50285,-3696,-7155,-4711,-888,685,725
50286,-2885,6627,3995,-1342,1351,-1691
50287,-6024,5308,-7438,-1508,1557,66
50288,6215,-842,-6731,1344,1061,-655
50289,-877,7730,1084,-823,1560,-1447
50290,5927,5944,-1159,164,557,-751
50291,805,716,7153,522,-565,136
50292,-6220,-7653,-6762,-1540,-345,43
50293,-7796,5984,2852,-657,-648,-1330
50294,2151,-2877,4757,-487,1983,846
50295,5605,-1926,2375,717,423,48
50296,2583,3909,-93,-1503,1160,-1252
50297,-7983,-6073,-876,-927,1204,1781
50298,-7376,-1901,-1631,-855,1665,46
50299,-5860,-4362,-795,233,-1138,-1395
50300,-6220,1027,-1239,155,-97,1554
50301,407,-5149,4575,1108,-163,-1596
50302,-7474,-4684,5486,463,-1219,-338
50303,-7506,4811,3800,-403,1533,1588
50304,-3820,4898,-3058,-310,1396,1789
50305,-5677,278,3858,-846,1268,1984
50306,-5342,-1401,-6964,-1968,-327,-1036
50307,-7595,-552,-7733,-1435,-1279,1424
50308,1837,4062,6347,-905,1265,-1521
50309,-2640,-4310,3287,79,-174,-1867
50310,2857,-5923,4979,-1057,-467,1661
50311,-3361,6455,3883,1386,1396,1831
50312,2634,6855,1113,19,93,1292
50313,7361,-3835,4445,-926,-1539,706
50314,-7470,2389,3953,-1561,-1592,471
50315,831,-1062,7892,7,-1898,-431
50316,1229,-4349,403,1457,-868,-981
50317,7340,-5652,633,-164,-1140,-1343
50318,-4408,5330,-7762,1029,-1582,1188
50319,35,-2170,202,-279,1051,1318
50320,3163,4089,-2845,-675,1736,-227
50321,-1238,1799,6002,-540,-511,32
50322,-3089,-5748,-4741,1332,1868,-558
50323,3973,613,-3913,-779,-815,-516
50324,-3727,-3589,-1522,-684,-1362,-1940
50325,6362,-7789,1998,220,1193,24
50326,3024,7927,-252,614,-1875,-1941
50327,5949,-6849,816,56,-426,1856
50328,-1888,-1814,1131,-1592,-1742,181
50329,1979,-2791,7186,-59,1050,329
50330,-6669,-5010,7222,-1220,-1554,1825
50331,-2779,7637,4790,1767,-1056,-1816
50332,-5916,737,-6448,-515,1796,-1325
50333,-3898,-5326,-5564,-1498,-147,-508
50334,-5492,-5706,-108,113,323,-1559
50335,-277,-3403,-3746,1020,1560,102
50336,7643,-2910,-2867,-909,-1420,1506
50337,5805,-2779,5702,-383,1416,840
50338,-6221,-5914,-4184,487,-1673,-397
50339,-1775,-6856,-7045,-1845,1590,-1936
50340,-7327,-5865,-955,-1906,1184,831
50341,-5051,-6358,1818,-1945,804,627
50342,-4066,-1038,3747,-46,-145,184
50343,-6669,-5274,-1286,196,-1747,790
50344,5134,2012,-1901,760,665,337
50345,-6322,-962,-286,1710,-614,-293
50346,-676,-2098,-2772,1896,1062,1486
50347,-889,3713,-2466,-454,-1844,1677
50348,6518,7658,5989,-1248,885,1457
50349,4490,-5650,505,-1091,311,1248
50350,-3861,7538,2591,988,461,-957
50351,-7188,-3382,3827,821,-649,1982
50352,46,2261,-4858,-1683,-1679,1292
50353,-503,-796,-4173,-130,-1418,619
50354,-769,4843,5664,1760,-435,-670
50355,-3390,-6510,4639,-1740,1828,1698
50356,4991,-1828,4342,-1449,7,-674
50357,4345,4123,-7842,-1021,-1651,1153
50358,-6576,-833,3280,641,-815,1995
50359,5968,-5505,-1461,-893,-1870,1290
50360,-3943,-5265,-1646,1207,506,-593
50361,1748,7768,731,1122,-141,638
50362,7076,-676,-6237,657,-875,-1410
50363,6973,-3860,-7512,122,1295,115
50364,-319,1954,-3973,-1030,1535,-723
50365,-1054,-5298,-7411,-1812,-927,1531
50366,6982,-739,-4483,-93,-339,-52
50367,-5582,-7423,-3669,-1200,201,301
50368,3644,-7151,1424,-660,1157,1605
50369,3367,-991,-3897,-313,-1480,1785
50370,7091,6361,3777,79,-911,-1399
50371,-3114,-1474,-7427,-419,421,-877
50372,-1673,4223,400,-891,1624,1790
50373,2288,-5801,-400,1961,-450,-1566
50374,7117,5596,-4610,-809,-1628,1796
50375,-5331,-7800,-5714,-538,-547,1230
50376,5618,-3574,3045,618,-305,-1509
50377,-3145,-1160,1187,-1503,-865,-776
50378,-1115,147,-6615,1220,320,817
50379,-4302,-3017,7435,1935,843,-1602
50380,5047,-4512,1432,1165,-77,-1735
50381,-657,-1679,5500,1167,756,-1428
50382,-5259,-854,4321,-1972,-1681,-1364
50383,2740,-3698,4704,1973,-153,-1983
50384,4668,-1373,7138,-1324,1747,-470
50385,-750,2182,5642,1405,-1954,1603
50386,1770,-5868,-6167,-475,360,1549
50387,6154,3723,-923,-1395,676,-89
50388,6165,7954,-5733,-1750,1713,-929
50389,5250,684,-4930,-1098,822,1208
50390,-3730,5278,-619,-1031,1989,1614
50391,1748,-3396,5120,-1807,-1894,-1961
50392,1433,7501,-7704,1754,82,-357
50393,4333,-2220,4684,1476,-9,-908
50394,-687,5201,5865,1766,1186,165
50395,-6117,-954,-461,-1716,1046,1033
50396,-4062,1235,-2180,1024,1532,894
50397,3448,-4404,-1600,-1737,1212,-1064
50398,4015,-1073,4923,916,1179,360
50399,6715,-6713,3349,922,-889,290
50400,-1985,2521,-7474,1723,1766,-1964
50401,-7227,4520,7797,1204,-1069,-59
50402,6408,-6351,-5453,1341,-1205,1046
50403,-6916,7838,3224,-1955,396,-960
50404,2363,1702,5284,718,186,637
50405,278,-5178,-4066,535,429,381
50406,-1317,2451,-7535,1885,-1849,597
50407,-5236,578,4593,1933,-1237,169
50408,-4710,4387,-3577,1155,66,1310
50409,2969,-6765,-3077,419,-1146,1482
50410,5615,-62,51,-207,-1429,-52
50411,6941,5770,-3261,-49,1266,165
50412,1120,-2907,7399,-1298,-1478,250
50413,2612,6967,-2455,644,168,518
50414,-4194,-4385,-206,-64,309,-1752
50415,-7872,4948,4588,1530,-1332,-1455
50416,-7490,-1641,-6071,-502,1861,1198
50417,6645,-6792,-3961,265,-962,-748
50418,-962,-5266,-5924,-1067,-1752,1381
50419,2422,422,-5574,804,1138,-1729
50420,-2980,-6627,-1494,852,-922,284
50421,-5410,4799,-652,1433,-1408,-1915
50422,-4662,632,-501,1413,-1748,-1093
50423,1719,-4226,6189,-1629,307,-174
50424,-1047,5173,-2009,-314,-485,-1239
50425,2433,-7895,4829,-1842,-856,1931
50426,1557,880,-2131,-793,1041,-1266
50427,-2410,-1307,7893,1094,1728,-1156
50428,-3668,6018,-2407,-73,-957,-1103
50429,-3995,-4801,7622,756,-1107,-1992
50430,5635,7296,-1735,-241,288,1474
50431,5893,4386,-1670,1864,-1258,-1784
50432,-318,5621,-4301,1296,1867,1413
50433,-6380,-5687,-6789,-1005,-1884,-44
50434,2971,7505,-6526,24,-1520,-1848
50435,553,5896,-7458,-1186,1668,-1038
50436,-5636,-7219,-7406,-219,-1066,-648
50437,3269,-3605,-1688,160,918,742
50438,-7767,2190,-1760,1834,-1660,585
50439,6008,-6767,3086,-1451,-931,1330
50440,-6767,1235,6863,742,1026,1482
50441,-2557,2826,899,-1045,-934,442
50442,857,3861,-6775,146,483,-678
50443,-3547,4951,-2987,1369,-51,1157
50444,6679,5940,-5990,27,-430,-1074
50445,-1555,4257,7013,47,672,-1997
50446,4001,5922,-3270,-1945,-495,-1528
50447,5975,-2914,-1676,-230,141,-140
50448,575,609,-7661,-1931,-601,490
50449,553,747,5251,-153,-1352,1001
50450,-1355,-1975,-6157,-1103,-1925,-431
50451,-6647,2682,2791,28,1321,-504
50452,6824,7192,-3766,-693,1948,1532
50453,4176,-5773,1407,543,1179,1616
50454,-5531,1136,1407,767,33,1106
50455,-677,-3066,-3083,342,440,394
50456,-3490,994,4050,1306,323,-212
50457,1482,1615,-5687,-1601,-506,1130
50458,-4017,-828,6899,553,-595,-1322
50459,7878,2992,-6504,1298,-580,-1626
50460,-1622,4946,-5916,1737,1547,1571
50461,6683,1633,4613,1036,-1775,1115
50462,-3673,1039,7405,1847,31,1242
50463,-277,-206,-1373,-1578,636,-945
50464,-2187,7141,-974,1556,1943,-823
50465,-5611,-5930,3055,253,1056,-1685
50466,7775,-2297,1033,-66,-573,381
50467,5036,6587,-7364,1359,-1528,231
50468,-6782,3451,-3193,-1973,1114,-1499
50469,-1984,-4188,-3612,784,1562,1112
50470,-2185,-1581,688,-304,-57,1485
50471,-1069,-5252,-7443,-1853,207,1592
50472,-2556,-7935,-5221,-1751,1090,1903
50473,6111,6213,-6600,-569,1596,827
50474,5220,-2932,-1342,-996,-1867,1875
50475,3664,2236,-1382,1383,-1392,-1251
50476,1329,2159,5855,-974,-1491,1701
50477,-4584,-7195,-1394,1366,1838,-602
50478,-4422,-2883,-4777,-853,1735,956
50479,4037,-403,6583,812,-117,723
50480,1022,3948,6596,1230,-1996,-1950
50481,-2563,6723,-7300,1490,1822,867
50482,-946,-5339,-7247,-2000,1010,757
50483,-4600,-7927,7109,1018,512,-842
50484,-3448,713,6133,-1330,-1212,861
50485,4764,3236,-7045,-1144,841,1955
50486,-4179,2383,-5974,-896,556,1959
50487,5168,826,3189,988,-1821,-1637
50488,6287,-4062,-6288,-1428,1493,1013
50489,-2719,2555,-3094,56,461,-816
50490,4557,-5709,-5427,-462,-1172,1761
50491,4622,349,1234,938,-738,352
50492,274,-3413,1812,297,-486,-942
50493,-5917,-4641,-3847,1113,-409,-1682
50494,418,-5000,2767,-962,-1964,1852
50495,-6085,-1251,-3679,304,-1661,-172
50496,-5652,6389,6776,-1850,-793,-1138
50497,-3246,1429,2482,588,-1653,-961
50498,-7609,2917,-3982,1198,-50,376
50499,3670,1101,-1663,1633,639,-1980
50500,-7687,4832,1535,1862,13,1264
50501,-3512,2467,4949,-1673,-258,1434
50502,-2736,-324,-2930,962,1679,229
50503,1558,-71,7661,-429,-1575,-525
50504,5670,5142,1080,-655,1781,-1940
50505,6993,-957,-2631,1123,-1358,1658
50506,6850,-3720,-220,-1221,-1164,1995
50507,-1428,-5674,-46,1208,-962,1282
50508,-7377,2198,-6961,-1502,-868,1824
50509,821,4361,-1199,775,415,1302
50510,-2776,-4394,-7217,1606,-1941,-715
50511,1325,-160,7944,-1178,1857,940
50512,-5189,-3119,4376,142,-416,-1465
50513,-2718,3561,5433,1957,1278,521
50514,266,7175,1576,-1748,1044,-1470
50515,-4436,-5026,-7727,-1781,-1204,-569
50516,-4232,-3674,-5596,1596,-524,1307
50517,-2291,-363,5261,1167,-188,-302
50518,7717,-4151,5163,-1810,870,-1199
50519,-5473,-2923,-4473,-1323,1378,223
50520,4916,-504,2949,-1791,-414,-1121
50521,481,1972,-1411,-472,-1675,-952
50522,-5792,-6701,7546,-575,403,843
50523,-2741,-6290,6925,-1982,149,-119
50524,-649,-5346,-7678,-208,-1437,-1258
50525,-6484,2264,2040,-1151,-1641,-491
50526,-679,5394,-4168,-206,-1738,-1412
50527,1225,-3592,5057,1813,-1685,-695
50528,6009,-7611,-1516,815,-1849,1854
50529,-6999,245,3145,-1393,-1169,-1621
50530,4935,-6538,-1077,1349,-1845,1609
50531,7225,-1004,7789,135,-1087,-854
50532,-6689,2877,6080,434,-114,49
50533,-5454,-7269,-5864,62,-1530,632
50534,-4643,-2867,-1025,40,1129,-695
50535,2262,6204,826,1905,-865,-1550
50536,-1239,3767,-7303,1420,-1007,1340
50537,2103,4456,-2116,560,-1304,-1803
50538,4318,355,-4374,-435,-30,-738
50539,-4256,-2499,-2108,-628,-1215,1882
50540,4282,4617,-1857,-602,1385,-948
50541,-2105,1318,4847,-1901,1186,1111
50542,3767,365,-5769,-1113,1243,-388
50543,-36,2590,870,-1215,-1782,-1064
50544,-3071,-5489,-4369,174,-931,-596
50545,2822,-778,6682,-1884,-1766,780
50546,-6659,6233,-1782,-1528,1561,1045
50547,2768,4535,680,929,-176,-1946
50548,2947,-7032,-493,-682,-1012,173
50549,-4024,-6032,2620,1590,1307,467
50550,6534,2251,2901,1787,1163,-522
50551,2666,-5726,4411,418,1972,-1750
50552,5603,1594,-6401,521,-1992,-1320
50553,5632,1978,-6020,-1272,876,-1684
50554,2921,3464,4274,-1510,993,396
50555,-4032,-342,-6872,979,60,-1879
50556,7398,-6677,296,100,-1794,1172
50557,1357,7143,-1846,-1043,241,-1370
50558,7840,-7514,-6100,-1392,1045,-454
50559,5809,-1122,6354,-28,492,-1763
50560,-525,-1109,-2216,205,224,653
50561,-5190,-6129,2583,-1417,-1552,-1223
50562,6715,-5360,-7696,591,-765,-425
50563,6024,-3169,-1365,1791,1546,852
50564,-2849,-1388,-5754,1473,-872,-595
50565,1672,5707,-5895,451,-477,488
50566,1275,4202,7726,75,-702,-351
50567,-5239,-2494,-4619,-1052,1400,-1595
50568,-7740,-2680,21,802,-1394,-1832
50569,-7799,6069,3942,-1841,-1746,459
50570,5518,6951,-1007,-1966,-1204,-1463
50571,-7565,971,-5023,-1550,1595,-1011
50572,-1508,3675,-4844,-71,-1310,-1014
50573,869,-6278,-1334,-1994,-1624,-208
50574,5284,7797,-7208,-1004,654,1515
50575,-4972,5248,2610,164,192,1884
50576,3892,-2673,2663,-123,450,1727
50577,4810,-2898,5427,-1420,919,-1079
50578,-6864,-2228,410,250,-803,-1717
50579,3496,-4511,-3813,1034,-1320,-159
50580,1031,4265,4494,-891,2,1551
50581,6841,3186,7536,1352,466,-123
50582,-6905,-3316,-3642,442,519,38
50583,2131,-6424,-744,956,626,-1380
50584,4183,-577,7600,1972,-897,1527
50585,5504,1571,-5495,-1056,-258,-1256
50586,748,1547,-2907,565,1934,-1174
50587,2012,-7676,4089,1465,-121,1124
50588,3226,3303,-7668,1233,-504,107
50589,4371,-2029,1498,373,1610,1597
50590,6898,-3476,1106,1764,-883,2
50591,3283,-1384,-4925,-788,-1679,282
50592,-4667,6742,-7135,-561,1160,-268
50593,-6681,2133,242,1089,1914,809
50594,3653,-6333,4764,-1763,-1120,-737
50595,4063,5477,-3620,154,-1607,-1593
50596,-682,-4676,2082,170,374,513
50597,-5485,-6640,-416,1956,312,649
50598,-6072,2440,3758,811,-547,-288
50599,-1182,-6648,927,747,-100,855
50600,1731,7437,-4448,-19,1696,765
50601,-3037,2631,2135,1219,-1307,1091
50602,-3731,-6526,-6811,-1626,353,842
50603,2321,-3320,-3754,-1614,295,-836
50604,1964,949,2798,-485,596,-294
50605,-1192,1845,-6908,-1719,-229,1056
50606,-1964,-4007,-2292,-1161,-81,1886
50607,5956,1848,-943,680,750,-497
50608,5174,3266,-7023,-532,1685,797
50609,-6930,5566,5355,1765,1807,875
50610,7290,-5523,-5431,1693,-954,-974
50611,3539,5821,-706,-31,-1839,841
50612,-6213,431,-5189,-1476,-964,-1759
50613,6837,540,3589,381,-885,-622
50614,427,4150,2124,1781,1650,153
50615,1161,-6471,178,-1856,1913,-743
50616,-2840,7599,6045,1819,12,729
50617,-7620,2546,-4642,1496,-1374,184
50618,-4993,-2155,-5652,1542,-93,-704
50619,4615,4228,-4269,-1192,-1132,1471
50620,-1962,7446,1946,-1314,-1917,-1520
50621,3557,7476,-5508,-363,1643,121
50622,-6296,-1134,-925,1093,631,-1627
50623,-1227,2386,-2394,-1318,1369,-1365
50624,3717,917,-5816,-817,-1292,-747
50625,-7324,7197,-4122,-1308,1797,681
50626,766,1450,-7542,1311,-161,1882
50627,6126,2854,-2427,211,770,-1869
50628,-1503,-1276,7929,402,-942,-1599
50629,1881,1131,-4183,1965,367,345
50630,-2486,-7246,-198,1985,776,-728
50631,-3828,-1971,-1259,-461,719,1764
50632,4012,3143,3377,-1687,-718,1621
50633,-2715,6343,2605,971,744,707
50634,-1283,7812,-2393,-798,-1421,260
50635,-3489,-1009,-6721,-1869,1184,1851
50636,7743,3206,4675,-174,-1006,1346
50637,-6001,-1708,-4772,-309,1442,-1101
50638,-1993,3251,-3133,508,991,1875
50639,-7010,-6444,-694,295,-1425,-841
50640,-61,5743,-1080,1034,-1602,260
50641,4927,-6501,4716,-557,827,1720
50642,-531,5347,-66,1870,1939,1397
50643,-3866,-547,3256,-662,-1110,901
50644,2063,4468,-3892,-771,-733,1610
50645,-2929,-7266,-5350,-1899,-798,-1960
50646,-4907,-7586,252,-422,258,1599
50647,-4057,539,-4370,-1412,-1034,270
50648,6198,-3110,6041,582,662,1896
50649,-7277,-5815,-6567,1340,803,738
50650,-4504,4130,6772,-500,-1085,-440
50651,5637,-1455,3832,1195,-1901,-939
50652,7491,-2349,-2447,1688,-1479,-135
50653,-3997,-6385,-7492,291,-1841,328
50654,3777,6436,-6685,231,1071,-905
50655,-6946,4021,387,-1693,201,-1517
50656,4224,-479,-3233,546,865,-453
50657,-2299,-2050,4572,-481,-1170,-723
50658,-3450,-2651,7080,-876,-1603,-35
50659,6087,-1095,6533,-253,-1093,-1086
50660,-4890,3673,-7165,161,-1555,487
50661,-7139,5511,2721,-1066,1213,346
50662,3799,-519,5385,126,182,-1528
50663,-3964,4762,4226,-1346,-23,126
50664,5480,-3816,-7812,-251,1115,518
50665,-5819,-3183,-4733,-1472,1591,1350
50666,7858,3611,-2848,282,732,743
50667,2348,1996,7886,1358,104,-637
50668,6408,-2850,-2498,877,917,-1196
50669,412,-6669,-1803,-716,1610,-998
50670,2645,-4321,-6257,407,1199,-819
50671,-3032,-923,6424,-476,694,1844
50672,-126,5432,5314,344,308,62
50673,4711,-6662,-734,1077,1919,1499
50674,2672,4952,-2666,-43,-1106,-1012
50675,-7442,-3275,-1946,787,1595,1545
50676,5723,4240,6283,1348,1132,1356
50677,6156,1750,5699,-1900,1907,68
50678,-213,6460,-5113,1234,1488,1202
50679,-2715,2042,7709,1060,773,281
50680,-5007,4882,-1517,-1127,-1448,429
50681,-512,-4611,-7163,1804,1508,1353
50682,2941,5206,-3168,-609,1417,-1070
50683,1347,-6038,4453,-1545,986,567
50684,5849,4653,1577,-52,-1197,138
50685,-2081,3294,-7217,-133,-1721,-856
50686,-6699,-3326,6086,-242,-747,1236
50687,2331,7773,-431,933,454,620
50688,804,-4385,-4858,1522,216,84
50689,5173,-6169,-472,-1584,115,778
50690,-6645,-228,1133,319,-1435,-1605
50691,82,71,-1860,207,1387,58
50692,4592,-993,307,-658,661,-854
50693,-3390,-1437,3238,944,177,826
50694,4862,-3369,-23,-1616,-1565,-205
50695,7761,3006,7130,114,-1912,-662
50696,-758,795,2938,1449,1131,278
50697,-7696,-46,-29,-1903,716,-1890
50698,-232,-4741,-7569,895,1673,1628
50699,96,5821,1656,-678,-1060,436
50700,1559,2338,1037,-14,-2,-701
50701,-5447,-4464,-1846,-1603,-818,1618
50702,-6552,957,-378,1312,644,-232
50703,2660,-6043,-7740,1768,-486,-1675
50704,-7084,-4692,6816,1581,-1524,187
50705,-1929,-5599,2387,1317,-816,-292
50706,-3630,3703,-7066,-209,-1518,-771
50707,895,6246,-6779,-970,-603,-1933
50708,-2971,3455,-2907,738,1832,504
50709,-478,-7509,1126,-446,-267,335
50710,-1571,-2043,3024,614,-1901,-1435
50711,-2401,1121,-1482,1560,1304,-178
50712,5191,5482,-613,1782,-1656,1641
50713,-3066,-5791,-1158,-1637,941,-1278
50714,4433,-1230,-265,1202,-1144,571
50715,2757,-6269,-7012,1291,1466,37
50716,3631,2942,-2755,1383,1286,1641
50717,923,1505,2796,1323,1090,720
50718,4438,-2112,-4684,1216,-399,-13
50719,-5721,1377,5513,-1156,1281,1677
50720,4939,3282,-1260,333,1684,-834
50721,6910,-6525,3806,-561,-1048,1936
50722,5890,-4006,5912,-1578,39,129
50723,-6094,4726,-7188,1769,997,1068
50724,-2100,-4009,-3187,444,-1273,-295
50725,3865,-3039,1866,-562,170,-1573
50726,-7631,5209,7715,-1510,-965,758
50727,1564,-5584,6684,1435,201,744
50728,147,-6646,4229,-423,-1805,756
50729,-3873,-1022,6350,-344,-1230,1304
50730,-4176,-6365,-923,1170,-1274,-1839
50731,5674,3592,7311,907,-382,775
50732,-3033,-1454,2057,677,-564,1017
50733,-1259,6411,2361,966,714,-1951
50734,-628,1405,2543,-1409,-367,431
50735,3692,5886,3278,1751,115,50
50736,-1707,4208,1181,-1196,1305,-1374
50737,5904,-1000,7812,795,1808,-999
50738,-1983,4362,7619,468,612,-491
50739,-5800,-1159,-1536,1157,370,-676
50740,-6015,5908,4284,-1435,429,1923
50741,-5978,-4701,-6556,-758,315,-579
50742,-1052,2531,4742,1231,-1031,-274
50743,-2966,-6323,-988,-1486,1189,1893
50744,-7775,1828,2504,-1068,-1770,786
50745,1472,1044,-4796,280,-588,1821
50746,5955,7375,1897,-1104,-70,1691
50747,-5141,3558,-7763,538,-909,962
50748,-5101,-6531,-4722,-73,1100,-1625
50749,6157,-5851,5455,1837,1067,-638
50750,-2052,-6550,-1261,347,1338,530
50751,3480,5886,-3008,-566,578,1991
50752,1358,1678,-6898,-24,494,581
50753,-7955,-76,7377,213,-1348,518
50754,-1604,-5777,3635,-1740,1197,155
50755,-128,-1775,-5511,-574,1566,110
50756,540,-7221,6580,1647,1534,1563
50757,-1406,-1897,-5291,-1629,312,-564
50758,-4036,-182,2872,-1599,-327,92
50759,693,-1012,10,-426,-1945,-1957
50760,5428,-2042,-3339,913,-704,-858
50761,7026,-1722,764,1429,999,1956
50762,-7312,-6854,1989,948,-1677,-441
50763,-4010,1051,-7184,1189,1625,-1983
50764,5160,-2349,7844,565,1908,933
50765,6519,566,-2937,-981,109,599
50766,7113,-4227,6953,952,-1616,1711
50767,-1882,-1489,3773,1506,-1298,1564
50768,-728,-6604,1576,-455,1165,452
50769,-3520,4775,-5969,136,1898,1447
50770,-6881,-5095,7974,585,-1641,-1811
50771,-2020,-4719,-6813,-1967,-244,-859
50772,-7494,7960,7544,-1227,695,524
50773,-2492,-5675,-5111,-1823,1734,1175
50774,7673,6223,3387,-1964,1739,-1735
50775,-6283,-2000,-5101,1990,-762,-1471
50776,-3768,-5513,-6675,-870,-734,-1055
50777,895,5926,-6267,199,-929,-1702
50778,-4993,-4694,4773,-344,-10,1615
50779,-5061,-500,-7059,307,-178,345
50780,2230,564,-4312,-875,1762,-700
50781,-4724,1921,3586,-417,910,-64
50782,2569,5150,6950,201,654,562
50783,-2295,-81,-1414,-750,692,-505
50784,-184,-7151,5408,-1411,1380,-306
50785,6726,4866,1187,-1481,-955,-312
50786,4445,-7438,-2028,-1260,1936,-569
50787,-4684,5211,-116,-690,-1348,85
50788,7308,-1243,2832,1637,489,1877
50789,7584,-838,2931,742,-774,-1793
50790,-6353,-2197,-1091,-248,125,1986
50791,-4184,-7197,323,-471,953,-158
50792,-5859,4223,4304,-1879,244,-1383
50793,-5028,-6475,6375,-1308,-198,871
50794,-1399,275,7999,858,-1755,-1012
50795,3103,7215,4960,-151,-816,-1495
50796,-3520,-4829,-6425,1915,1074,-953
50797,1872,796,-6313,-975,1509,-1945
50798,4215,-4944,-1929,-1824,-184,1029
50799,1341,-2933,-3557,594,1708,1218
50800,2706,3618,1860,231,262,-1423
50801,-2475,150,2219,1121,1470,-715
50802,6878,-6680,2947,305,-1611,913
50803,7786,-1672,-314,-886,-1676,-601
50804,-5034,1243,-6657,-799,1467,506
50805,4169,4157,341,-1783,-1985,454
50806,6046,979,5176,-889,1496,-923
50807,-7821,2261,-7837,-1329,1881,1221
50808,-4344,-6737,-1912,-792,961,337
50809,-6455,3637,6244,1749,-1948,54
50810,6655,4216,1313,1883,893,1105
50811,-1635,3463,3712,167,-1912,766
50812,-3835,3885,5372,-1075,-1918,-558
50813,4962,5929,-7533,323,-599,1885
50814,7056,-3313,-7254,-822,-878,-425
50815,7086,-1599,7485,-358,1453,1126
50816,-1603,-3864,-6920,1753,-518,-1517
50817,-3182,798,-6406,210,-1999,-1009
50818,-1196,-5180,4532,-51,397,1929
50819,-642,-1747,4063,-1801,1707,-343
50820,-2584,-3490,1031,1721,1713,1270
50821,-6271,-2035,-1636,1026,-1566,-1130
50822,-4403,1689,-1191,1097,1278,1694
50823,-269,4785,-5104,-102,1159,-125
50824,155,6752,-5515,1754,1737,1480
50825,-4777,-3806,-6553,1871,-1931,76
50826,792,456,-2646,-1102,978,1562
50827,-6824,-3154,-5725,-850,433,893
50828,7208,-2529,-6413,-1052,-1006,1881
50829,-5757,1183,-7004,1945,-1139,-1469
50830,2406,-4543,7992,1842,198,1730
50831,-96,-4286,6869,-1900,-209,-38
50832,337,-5468,3342,-1284,-163,-1668
50833,-1565,83,-4094,130,816,-502
50834,-1098,2348,-1440,723,-895,530
50835,-3751,-7268,3976,1433,-907,87
50836,6504,-6564,-2409,1707,1578,-1815
50837,6829,3900,-1751,-51,82,1187
50838,-2137,2111,2427,615,1946,-4
50839,5883,2097,-350,-1402,1582,669
50840,-5018,4852,-5748,976,-1808,-1887
50841,7575,-5602,2656,521,-398,-1637
50842,4622,201,-1979,1781,1903,-153
50843,-6990,1595,-6730,1362,-1108,-1731
50844,-5369,-2191,-2489,-973,-40,1149
50845,-1820,5488,-6896,-21,359,1803
50846,2537,1845,-2340,-1184,-993,634
50847,5231,-5647,-5354,767,252,1367
50848,3746,-508,326,63,-454,-1047
50849,496,-4351,4887,-584,1019,1320
50850,4856,4270,-5180,373,-297,1031
50851,-7204,1002,6300,-964,-179,-1999
50852,766,-1387,-2671,1170,1951,1445
50853,-6589,-10,-1204,-1511,1236,-617
50854,360,897,-2413,1572,-1700,-1846
50855,-1836,-5343,-4548,-921,-1335,1516
50856,6743,-1830,-610,-1224,1958,1777
50857,2543,1662,-4424,-1064,-922,428
50858,5582,-341,6057,35,1960,-1977
50859,-5218,7215,5260,861,-363,1688
50860,201,-3192,-618,-1785,-1286,-486
50861,-741,-3129,-1424,-1592,-814,-792
50862,7933,6226,-3844,-626,-330,493
50863,-1705,-2933,-4443,178,-1037,-1652
50864,-7963,-562,-3575,1259,-1640,-36
50865,-6745,5309,4199,-1782,1892,840
50866,0,6171,4647,-183,1933,855
50867,7876,-598,-1654,-1407,311,1933
50868,2064,1742,6927,-1450,-283,-1153
50869,53,832,-369,1566,-1237,-1059
50870,7524,-4667,6089,905,218,-1563
50871,-897,2992,-4826,-1881,460,152
50872,-4829,6661,2320,128,-483,1026
50873,4036,7603,1911,83,1553,-1812
50874,6555,1783,-2313,284,-245,679
50875,-1951,-5616,6392,-922,638,-841
50876,-5771,-6630,5438,988,15,-338
50877,4321,-6417,4989,-680,129,-52
50878,2139,-2111,2869,812,-1615,-1200
50879,3652,-3289,5601,1487,-720,1150
50880,1001,357,-7275,-1606,-1423,1963
50881,-1761,7654,-2353,819,-82,-1929
50882,2832,7812,4157,1158,1619,1050
50883,-6011,-550,-647,1902,788,-1685
50884,5810,6510,1556,355,-1641,-580
50885,-4588,-151,-284,1555,-1308,1790
50886,-5410,4575,-3521,785,-68,-1306
50887,5082,-5947,-3930,-1399,-1220,513
50888,926,3224,7700,494,167,1810
50889,3931,3864,3405,-45,1633,-1542
50890,-413,3671,-7683,1065,536,1770
50891,5569,-6602,-7538,1425,1922,489
50892,-1410,2720,7474,-171,-1301,-1844
50893,7954,-5582,2231,-57,-907,-76
50894,-4479,-5245,-860,988,410,422
50895,2361,4396,4827,1614,1118,253
50896,-2275,6027,-4427,-1713,-1518,-305
50897,6453,-4521,-7445,-1616,1565,-1032
50898,-1098,1901,1228,1582,1261,-1892
50899,256,-3527,-4097,-1532,1141,-920
50900,2235,-7302,5446,749,500,1618
50901,-7993,-1648,-7919,-1758,-1934,-1238
50902,-322,4647,-3277,564,547,-1781
50903,32,6056,-4186,-323,-321,-1581
50904,2327,6802,6694,-161,-1314,-347
50905,5888,-6719,-3839,-610,-256,1114
50906,6331,-5404,-7835,-1422,1577,-194
50907,4867,-1508,-5353,-1079,802,-1523
50908,-6524,5724,783,1067,-1688,-1931
50909,742,3926,6686,1982,-1169,-409
50910,3886,-5199,-4097,-295,828,195
50911,580,2895,6077,951,659,-1636
50912,-7428,1799,-4757,1680,-1711,1971
50913,-1979,6310,-7567,-47,-121,-1508
50914,1165,-7127,-5824,268,809,150
50915,-4507,4226,-6309,1766,1006,1556
50916,-4797,-6576,4726,-1767,-1668,1706
50917,5221,3248,2013,-210,-1681,-1974
50918,7261,-6460,-4569,-137,487,641
50919,2922,6987,-6461,1271,-569,423
50920,-3421,-6914,-7718,786,-1333,1738
50921,-5011,7338,38,1150,1925,-1854
50922,3138,1387,-643,1683,782,1057
50923,-1827,-6501,-3246,50,1320,-1889
50924,-4446,806,-7512,-734,-1095,-902
50925,2541,-3937,5734,-1605,-279,-151
50926,-4377,1361,1975,-399,1505,-1545
50927,4360,-5377,-6126,-35,1887,-382
50928,7462,2026,7415,1434,-1747,-961
50929,-903,-2117,1579,-1428,-193,634
50930,-5806,-5627,-3534,1107,217,1894
50931,5209,1356,3793,1236,-1644,-1384
50932,-5941,-1009,5406,-37,1864,934
50933,3215,5867,2049,1993,1155,1301
50934,-5345,-7145,6926,-1227,-721,-1407
50935,7624,-5104,-4020,1045,-336,111
50936,-6869,964,7111,826,208,105
50937,-2017,-2783,-826,-1433,1251,1995
50938,7627,-4672,228,352,1227,1110
50939,-6212,-2641,2170,-1116,1147,-289
50940,-2711,-3523,-477,497,167,810
50941,6922,7119,6214,-710,1405,692
50942,2532,-7470,-1158,1731,-586,943
50943,-1626,-4004,1177,-1563,-1556,-1653
50944,-2032,6453,-542,1913,-1502,-716
50945,945,3114,-5615,1796,473,-521
50946,4623,3196,1911,1840,-419,-1615
50947,-2871,-4703,-3263,-169,1563,-1365
50948,4302,4668,5628,1181,598,-1419
50949,4373,-761,7204,-459,-1943,1667
50950,-5400,467,2416,-1632,327,1885
50951,7788,-7259,-2308,1752,-1765,-951
50952,-379,3976,1947,-623,-70,-684
50953,-7001,6712,-4822,533,-1666,459
50954,-3848,-6692,3912,-723,1594,585
50955,5276,6851,-3305,482,1676,1879
50956,-5434,7383,2006,275,1696,-1082
50957,257,-987,1082,9,922,-1841
50958,-5459,1870,-5983,-529,-671,-1197
50959,4008,-3014,-797,838,80,-61
50960,1382,4061,-6050,638,812,265
50961,5173,3728,6313,582,738,1351
50962,-6316,4160,-1669,-440,956,213
50963,-6933,963,3360,-813,1118,-380
50964,7150,-4652,-5208,1439,-1493,-1897
50965,-5998,3610,-5942,-845,-1121,562
50966,6920,1340,-5247,-668,1554,-1990
50967,-2015,7365,-3943,926,-593,107
50968,-4373,5718,96,-1314,601,72
50969,-7806,7576,4903,97,-996,-1030
50970,-5981,-4695,2551,1001,1633,1102
50971,627,6718,-6899,-756,1886,1072
50972,2532,2684,-5725,1567,-572,-1381
50973,6249,-246,-1472,-234,1770,-618
50974,1308,6847,4961,-1185,-1562,1103
50975,-1352,1094,6366,1768,1595,619
50976,2923,-5316,264,320,-504,-1113
50977,7229,-5969,-2438,-993,384,-102
50978,-1165,-3794,-5153,-1629,-1078,-1309
50979,-5976,-2883,7991,589,-426,1112
50980,-164,1128,5668,-891,1781,-1311
50981,6174,-5453,1987,-929,-810,1100
50982,-7890,-4207,-261,-1648,-1465,-1457
50983,-7190,5902,7843,-1985,4,1830
50984,-1789,7300,485,996,-161,-1215
50985,2808,4268,2747,-1693,558,-851
50986,-4475,2397,-3425,-1116,972,-1424
50987,2299,-5446,6965,-713,-1761,-1673
50988,5478,5370,6428,-1397,-1414,-7
50989,-2152,-3376,7625,202,-513,221
50990,5570,-7383,1454,-637,-236,-333
50991,-2297,6225,-3054,743,132,1214
50992,4017,-2669,-992,-1708,-527,1979
50993,-7614,-2412,-2370,-139,-1370,814
50994,-3689,7434,-7313,-818,-955,1483
50995,-2030,-601,-711,1068,1838,-971
50996,-3439,2080,-7034,-670,205,986
50997,2042,-906,7485,83,-1772,1330
50998,633,7991,4684,1189,203,-1715
50999,-6648,4478,-2115,-1884,-890,-423
51000,-3931,825,-1619,-1267,1873,-1846
51001,4888,-4994,-312,-996,256,-106
51002,-6692,-7908,-6645,-1501,731,1063
51003,-2604,-5455,-3727,440,-228,-465
51004,-3071,2980,-6513,-1891,-462,-1817
51005,-1170,4820,2560,-686,875,474
51006,-1643,4229,-2117,-1291,-254,-1942
51007,-1063,2946,1917,468,595,703
51008,5477,4844,-5480,326,-1537,586
51009,5963,7865,663,1097,292,-1573
51010,-3615,1027,6606,-1962,1739,1254
51011,-4780,-4773,-429,-1269,805,1287
51012,-6140,7337,-5008,807,-1257,-1002
51013,-6843,411,92,-449,1092,-1843
51014,5137,-2417,-3355,-658,287,1068
51015,-2849,-4654,-3087,-154,-1190,-75
51016,4370,-481,2258,1377,-1356,830
51017,6727,6838,-6954,-2000,692,812
51018,7703,-2435,-7206,1246,-1343,-1495
51019,959,-212,6917,1893,28,9
51020,4663,-6480,4451,-982,-1646,1340
51021,-3525,2080,1006,-1280,-186,-1749
51022,-2400,-6075,5758,-205,-1034,-1576
51023,-6423,-3776,6247,1524,461,38
51024,-4776,-5013,-5480,1458,1023,614
51025,3134,-1155,7495,729,519,758
51026,4802,989,4474,1813,701,-777
51027,1917,-580,-5132,-983,-1673,-1446
51028,4281,-5916,123,-1697,-1391,697
51029,-2105,636,3883,1763,912,1640
51030,-3519,-4981,-572,-672,-964,-1243
51031,-6166,6558,-2097,-241,-1222,-1709
51032,7465,-2296,3738,420,266,-1501
51033,-6630,-4569,-2699,-1562,-747,-605
51034,-2,4208,-5203,-171,226,-1933
51035,-4374,1378,6008,-895,-599,-40
51036,6874,-3879,-5216,70,-415,-1169
51037,-6158,-7524,6755,612,-1616,1892
51038,6173,-2549,-2577,1374,34,-574
51039,2850,1775,-5977,-388,1364,1108
51040,5695,-3668,950,-781,-191,600
51041,-468,-4747,-4525,-1375,72,330
51042,5611,6696,6672,1871,1902,-1953
51043,-5921,-4201,6099,-989,-1160,-1725
51044,-1675,7188,1850,-1638,-1979,-9
51045,4034,2384,2787,-1334,1372,-267
51046,4971,7400,-6211,795,-1388,-1403
51047,-5840,-3623,-4716,-850,-1514,443
51048,3779,5598,-1037,-409,1144,-1317
51049,70,-1326,6351,641,-1347,1210
51050,3753,-2527,3417,-931,-1147,1888
51051,-7739,-3415,-4187,763,-477,124
51052,-786,-724,-3466,348,-743,-1678
51053,1898,5464,3642,1845,379,742
51054,-4669,693,1690,-1819,-307,1703
51055,4107,425,-2604,-1723,-1723,-1045
51056,-6081,5134,-4850,1637,235,4
51057,1734,-720,-2929,-1820,791,599
51058,6200,6364,-4467,-503,-24,-1096
51059,3087,-5242,-2586,704,-1843,-1365
51060,-7521,-7449,-1503,-530,-1050,142
51061,-4129,-7446,7487,521,-1403,-524
51062,-2807,5350,2595,496,-1242,-306
51063,-5842,-7720,7348,-582,1368,1678
51064,-6187,-317,2120,-152,-1539,1536
51065,-2900,-3165,-2448,-736,733,1384
51066,-6851,20,-5253,521,1361,-1699
51067,-1237,-4679,-550,464,136,-1960
51068,1119,-255,-5017,1666,1669,-1566
51069,2829,1435,-2194,-503,-1757,-1260
51070,2268,2648,6858,1385,-1758,1748
51071,2971,-1664,7244,-1506,466,-1940
51072,7489,2684,3522,1228,874,1359
51073,2039,-1690,-7295,-282,-733,1301
51074,-5548,-2679,-683,-505,-275,1594
51075,-4145,-5234,4193,1493,-378,384
51076,-4440,4988,-7252,-1802,-1155,-1596
51077,-5671,2219,2887,-1554,-1152,-513
51078,-4094,-2560,5820,1077,-1134,-989
51079,3716,-1358,-5589,1859,571,1483
51080,-5738,4843,3964,403,-424,1341
51081,2491,-5864,-4918,1207,-785,1100
51082,-7833,2789,214,430,1381,580
51083,6907,-438,-4819,811,154,1740
51084,-6543,7326,4518,625,-1185,-1765
51085,258,-2574,5389,611,-618,1395
51086,6531,-1490,3044,1130,-893,951
51087,921,-4795,-7332,-1137,1047,162
51088,4328,-7983,-6859,581,-1314,-1755
51089,-7517,-2016,4451,673,-1565,1890
51090,6374,2720,-2934,-643,-1782,955
51091,-5129,-2875,-7379,-82,-240,692
51092,-3900,6708,-4308,-174,1759,1143
51093,1498,-4588,701,-1558,-1949,1702
51094,5103,6681,-6852,-1512,34,-459
51095,5176,-7339,428,-1841,-1475,1700
51096,7820,-338,3689,-1527,-91,-163
51097,7929,773,-440,-458,-211,-594
51098,-2011,-2371,5447,1559,781,594
51099,1224,-286,5562,-1747,1955,714
51100,6712,851,-1076,-399,-1355,334
51101,580,-7489,3549,1603,-874,-852
51102,-3510,-3593,-1488,1381,-1579,1389
51103,5998,-3306,6957,-354,1420,-543
51104,1119,-5300,1280,-1168,-634,-1142
51105,6362,6263,3677,89,-1072,-1397
51106,6438,2382,-3825,-590,-1332,-31
51107,-1255,-7667,-4212,258,-1045,442
51108,4518,855,5673,-547,1674,781
51109,-3851,-785,-3651,374,-207,-1935
51110,-5680,-4314,1243,-1233,1443,-504
51111,-4187,-371,478,1073,-1537,1284
51112,2062,-5937,-4714,221,-1512,1563
51113,5322,-591,1732,-1384,-1245,549
51114,-2286,-3619,4308,-1148,-1345,1939
51115,-5204,6796,-6874,1038,-231,1536
51116,-3906,3119,-4720,-21,-1144,-165
51117,-2743,2082,-179,-1552,-1814,1910
51118,-6176,-6714,1572,306,805,1099
51119,-7102,-230,3033,341,617,1645
51120,5135,6328,-6475,-1538,-429,-476
51121,582,467,4674,-1168,-785,-1571
51122,-4152,1259,5698,-663,-534,1605
51123,6768,-7603,400,926,1974,250
51124,-7361,3065,6213,-1073,1467,1085
51125,-6462,-2826,7854,-1887,-228,-1289
51126,2480,-373,-4275,-1031,-1413,1182
51127,3392,-7292,6958,1442,653,-1793
51128,5663,4112,4148,-5,1255,-1433
51129,-1554,-6957,6582,1418,-392,-418
51130,-4804,1137,-2370,-1716,653,-316
51131,-2612,-653,-912,588,61,-935
51132,-7724,1536,1918,-1536,-1090,-1747
51133,-1282,-2867,1798,1277,-13,-393
51134,-4978,2575,-3151,1307,297,-1482
51135,192,-5548,-877,531,57,1966
51136,-7657,-3616,-6033,-427,216,1645
51137,-3853,-412,6762,753,-745,-1007
51138,3291,1774,-647,-430,611,364
51139,-1055,-5471,-547,1699,-1616,379
51140,-2292,6490,-6040,1467,1705,-791
51141,3751,529,-1301,1971,1364,870
51142,-7228,6604,5756,823,-1271,1668
51143,-7431,2562,-1057,1116,-890,-363
51144,-7953,-6512,6523,-1781,869,130
51145,1349,-7351,1460,-290,-662,1866
51146,-3259,-5642,6054,970,1554,1006
51147,-1137,-4988,-6225,-803,-1278,1755
51148,7638,-4250,-7111,-1227,167,401
51149,-1180,7301,2361,-1686,-1724,931
51150,1713,4353,-6809,-1710,1790,1172
51151,1630,-7770,3126,804,1257,-983
51152,-4475,-1031,4738,-713,-1864,1595
51153,5650,-5156,-975,-1943,678,-476
51154,-6057,5378,4817,557,-1856,520
51155,7109,-7839,-3234,-1178,1917,823
51156,-2725,-5751,7127,-1686,-782,1300
51157,3851,-7376,3915,1908,1030,-900
51158,1959,-3316,7557,-1522,1131,-696
51159,536,-4271,3389,-448,-520,1841
51160,-2055,6648,-3586,740,-364,1187
51161,1426,1052,4681,-1546,1293,-1653
51162,-4643,6309,-2251,1233,392,-1124
51163,2907,-7425,5740,1932,-1136,239
51164,1151,-6987,4492,1059,-39,454
51165,-1807,5722,-2747,-270,-768,1918
51166,-6700,-6870,-4168,-377,536,1998
51167,-3833,-5911,2560,328,-901,-1912
51168,5689,6486,1308,-1115,1426,82
51169,3526,-969,-724,-1678,353,-502
51170,-4761,-6402,-5208,-273,1422,1668
51171,-217,-2293,-11,-505,1138,-74
51172,3602,3721,-6951,-1845,229,-1848
51173,647,1993,-3041,1433,927,1962
51174,-4414,1351,-6873,944,932,1042
51175,-1004,-6019,-5056,-1216,-387,-415
51176,5439,4413,5701,822,-1896,-848
51177,-5862,1057,-7833,1919,1065,-1716
51178,-6218,-4515,6213,1815,-700,-1198
51179,5947,7301,6745,1394,1378,400
51180,-1766,7447,-4525,476,364,1355
51181,-7510,5999,-73,-1616,-1990,-165
51182,-6304,1522,3545,770,-685,-1283
51183,1725,-3428,-626,-245,284,-980
51184,3125,-4419,-5350,-79,163,-1282
51185,1995,7781,-6450,-570,1034,1575
51186,7856,1715,-4424,-1770,531,-469
51187,-6138,-2402,-5951,-1757,218,1005
51188,76,-5436,6290,-1308,-1845,1729
51189,6812,-1351,-1257,1454,-462,807
51190,-3571,1216,2294,-1651,-1866,1493
51191,-5907,-5868,-3093,-836,-866,12
51192,7105,31,3219,514,1374,-1316
51193,-4276,3448,-7403,-533,-1067,1954
51194,3268,6074,4959,-512,-1568,-1451
51195,1414,7695,5141,-971,-1031,1159
51196,2216,5818,-3390,-431,701,-516
51197,-1683,5688,-2490,-597,-1596,-703
51198,-4692,-7522,440,-1447,-1666,1277
51199,4238,-6265,4479,-1789,-821,918
51200,1671,1475,7631,-1509,594,-409
51201,-3038,-2698,-7817,-1404,-1787,-239
51202,-6251,-1061,6811,621,-1456,-1290
51203,231,441,4160,1411,1478,1360
51204,-728,-1266,-5588,-566,1675,601
51205,7756,-3958,7124,1420,876,-1119
51206,605,-3248,13,1633,-1431,1398
51207,-4584,-6754,-3847,-873,-1910,-112
51208,-4862,1557,7999,-559,1636,1915
51209,6579,4562,5484,1233,349,-1841
51210,-6811,548,-342,1117,11,-676
51211,-7053,-1253,1941,-227,102,1896
51212,-6933,7014,3815,1060,489,666
51213,-1232,4742,-6955,-693,-809,-1831
51214,6531,496,-5923,365,-1308,-935
51215,3779,2579,7285,1697,-621,1807
51216,6117,-7089,6294,-1089,1038,1899
51217,-3719,-7046,4924,1156,1983,1437
51218,6159,-2396,-4994,581,216,932
51219,487,-5423,4568,504,-1747,-687
51220,220,-4891,6778,-1423,-1377,-1116
51221,-3327,-1941,-4165,-900,-64,1790
51222,-7611,-2469,-7562,701,-84,-340
51223,-1978,6648,2187,-1183,-1548,141
51224,-459,4068,-6488,1088,831,200
51225,-30,-4387,-2400,1002,1539,-251
51226,2584,-7523,-259,962,1227,-803
51227,3245,-3168,4165,1683,-192,-110
51228,-5699,-771,-781,-955,-725,-370
51229,-1642,5948,-4252,-307,600,-588
51230,-4551,-6659,4295,-1868,-693,-923
51231,-5167,7820,-1825,491,-1826,-1457
51232,4925,5361,1007,-910,1119,-1687
51233,-5684,7230,-469,-239,-1834,1583
51234,5611,7494,-4504,487,-1220,830
51235,5876,5340,800,1711,82,-156
51236,3205,3103,-2264,1178,972,301
51237,-6002,6832,-4386,-1219,-1582,-529
51238,3101,-6517,5428,-533,1500,544
51239,-3013,-6554,-4799,-1304,965,1728
51240,1466,-3429,6642,-1974,523,1322
51241,387,7066,3476,334,1569,180
51242,4884,-6541,-3822,1145,1803,1769
51243,1201,3357,5207,1526,-622,-1551
51244,3376,-4593,-6012,1801,-895,1233
51245,-4348,3200,-1092,-1433,-1246,-1822
51246,624,-6225,-1306,-618,1815,1126
51247,-4055,3347,6304,1294,132,-1964
51248,3479,1358,-4293,-169,1875,525
51249,7491,-1117,4595,481,-531,-76
51250,-4694,1694,2081,-1608,-306,367
51251,-5750,-4744,-7617,-1258,1634,-1937
51252,-6830,6551,-4731,-256,-639,-821
51253,311,1095,-2728,151,-1300,-836
51254,7013,-6675,738,602,976,1255
51255,6391,1521,-2265,-1231,1195,-1040
51256,7670,6938,-6356,-342,866,-285
51257,6621,3259,-3977,40,-273,1936
51258,3361,-6944,832,-167,-1777,190
51259,-5378,-6760,5562,481,1875,-1605
51260,-740,-6974,-2462,-489,1247,-947
51261,-2784,6594,1585,1929,-1885,1132
51262,-1477,-1271,-707,374,733,1107
51263,7142,-5748,-2054,193,-350,614
51264,2656,3850,7178,1068,212,1427
51265,4269,-3545,-5268,1721,593,-553
51266,-7038,177,54,-1844,611,1955
51267,-23,4702,-7160,-1607,323,1093
51268,379,-3215,-7441,684,1796,1694
51269,748,-1892,-6144,-735,-517,662
51270,4140,-7329,-4895,653,-182,-1469
51271,6677,6093,-1950,-1289,-564,1534
51272,6753,-1433,3335,-1946,304,-1010
51273,7363,-4999,-3795,1662,-743,604
51274,3271,3821,623,1333,453,-1061
51275,-1741,6914,-184,-252,-1020,1669
51276,4573,-2943,5045,902,-141,-1080
51277,-822,6308,-170,-636,95,-1257
51278,5623,-165,-4613,1968,43,-372
51279,4105,-2183,215,426,-530,49
51280,-6267,-5216,-5196,1874,818,-1063
51281,3803,-495,-805,919,-1791,1552
51282,4708,65,5066,389,1627,-1074
51283,5331,-6601,1767,189,-281,-1106
51284,3842,4718,3356,1229,527,-633
51285,2074,5504,7740,-820,-17,925
51286,-868,7965,1478,1753,376,179
51287,-7751,3217,-1992,1576,698,-1278
51288,-1784,-2126,4753,1759,-1729,1306
51289,-3626,-5944,3455,-1445,1865,1153
51290,3411,3439,-494,-996,-1348,1269
51291,-410,-4206,-3416,-1163,-1954,81
51292,-6895,-281,-3831,670,1126,1080
51293,-2007,6498,1578,-948,297,-601
51294,-6449,431,3890,214,-1685,-89
51295,-2631,4542,-3660,1246,193,1121
51296,-5650,1681,7648,-1315,1335,755
51297,2276,-1186,-4784,1150,-836,-2000
51298,2344,6293,3408,-461,-1352,1038
51299,-2187,7459,3840,1956,-1036,1661
51300,-5488,-1832,5699,-1341,-1380,1714
51301,-5040,-6282,-618,1985,-1092,1763
51302,1849,-639,-5519,1514,628,1274
51303,6430,-7539,5043,-351,-268,-1203
51304,-5002,7776,2729,943,-391,115
51305,-7325,-5220,-6165,-1712,-871,-1873
51306,3243,3085,306,544,-1332,-1638
51307,3447,4569,1876,1988,1473,-439
51308,5425,-1847,-3801,-1390,-505,1959
51309,4083,6075,1138,-1911,785,581
51310,-3787,2258,-472,-330,-560,-1152
51311,-4338,1373,-2991,1774,1887,1736
51312,-2761,-5389,-5563,1783,-1951,476
51313,-7999,3193,2552,1974,1423,585
51314,-6902,-2349,3331,-1620,-376,-904
51315,4171,827,23,944,-1006,-815
51316,-4920,5993,-7812,519,-588,-1137
51317,434,2173,-6589,-1168,-555,743
51318,3621,-128,1022,-1770,434,1121
51319,-6846,3335,-5708,1686,-457,-764
51320,6826,4424,-6429,1189,1042,-1043
51321,-3261,-7765,-3416,1984,1160,498
51322,5486,311,3470,-1486,-1376,-613
51323,-5656,-5088,3068,-1174,-1451,-1902
51324,-7743,-1111,5930,895,775,-1611
51325,-4197,3196,-4711,-191,1575,-1908
51326,5913,4688,-4616,-1565,1476,397
51327,4539,-5933,-220,-540,-385,-1280
51328,2800,-1571,-6619,1671,932,-1999
51329,-506,-1904,-3601,-1387,-1695,1697
51330,4180,272,3610,-1431,669,687
51331,6392,-6183,7851,1609,1200,-1930
51332,4818,1653,2555,1197,-1870,-1571
51333,6648,6623,-4783,-184,217,815
51334,-53,-4855,3744,565,-218,-33
51335,-6412,22,2858,793,294,-1171
51336,-167,5439,-6360,-62,-1564,-911
51337,1807,4379,-5857,1780,1041,405
51338,-4424,2888,-4100,551,1246,-1195
51339,4704,-1296,5197,1955,-628,1199
51340,4135,7196,-6888,-1749,1267,-283
51341,3249,-6874,-1043,1200,1095,-978
51342,-2632,-7016,-7892,687,-1043,-951
51343,4153,-7794,-273,1311,182,1312
51344,3764,2584,-6658,-7,1452,-944
51345,5515,-1245,7054,562,1873,-1362
51346,1180,-2121,-3690,-1990,1614,1045
51347,5005,-5206,1972,-960,1258,524
51348,-5946,-1196,-1576,1775,393,1782
51349,4830,-3796,3119,675,724,26
51350,-3598,-7684,-6294,1494,554,-1608
51351,5152,783,-3029,1207,1074,1560
51352,-2722,2883,-4248,908,-271,-478
51353,1968,189,3590,-1424,-551,-1099
51354,4337,-1973,-7514,224,-872,-292
51355,-6317,-3920,5210,-35,1726,-1728
51356,-6568,-4040,5241,-1992,66,1720
51357,-6217,4848,6931,-1403,-1285,-1404
51358,7277,-1313,-6027,-974,1057,898
51359,4930,7960,-2710,1152,-503,1605
51360,540,115,-2172,-1762,1022,-1649
51361,5940,-821,-4549,416,722,-515
51362,-5208,-2695,-1671,-936,652,1184
51363,-199,2870,2026,1657,198,1955
51364,-4491,-5618,2063,-49,1262,-1703
51365,7048,-2640,7507,338,922,-1932
51366,4714,-2389,-7050,-529,-979,-482
51367,6419,-6620,740,-1185,-611,-969
51368,-6890,107,2261,-1286,-1796,511
51369,-7777,-6705,-6207,877,-496,24
51370,-5964,-1265,-4905,-312,241,-38
51371,5116,-7288,-5462,361,279,1723
51372,7153,-1523,-2440,1206,1061,475
51373,872,-6244,-5493,1889,-1672,1117
51374,-1314,-3719,-5245,-1337,-333,655
51375,-4530,4296,-295,829,931,976
51376,-758,6477,-394,-779,-1339,-764
51377,1049,6074,4183,-871,-785,-400
51378,4424,2510,-5973,-1596,-1397,726
51379,6721,-1083,5828,-1239,-1332,1004
51380,-533,-7662,196,844,369,-98
51381,-3868,1636,-1332,-352,-401,-1788
51382,-4655,-5686,5539,280,245,-923
51383,7017,5864,-4758,1005,-784,-492
51384,-3130,-3572,2163,1838,1789,1005
51385,4253,7998,-4848,625,1711,-782
51386,2591,-7641,-1005,592,-1709,-1332
51387,-7109,-1142,4669,483,-787,-745
51388,6070,-7577,2697,1873,117,-417
51389,6115,4915,4519,-544,88,-811
51390,-4625,-6662,-7496,400,-837,620
51391,-2736,-4517,-6277,1215,-1379,-1252
51392,4431,-1141,-4893,835,-1388,1551
51393,-7232,4594,-3547,-143,-1839,-530
51394,-3678,-5981,-1979,451,63,1854
51395,-3896,-3550,3503,-205,-1291,-1443
51396,5996,7666,3958,-1978,-1087,-723
51397,4253,5198,-6044,-186,-1637,1270
51398,-5512,2077,1476,1458,107,-1003
51399,-3943,-207,2053,1831,1259,52
51400,5311,-219,-3078,811,248,1441
51401,7984,-7245,-680,-286,-305,1357
51402,-3282,3552,1760,-752,615,276
51403,-1015,4686,-5373,1995,-1808,609
51404,582,651,-4349,1725,-1310,1506
51405,-1497,5114,7873,1395,1289,-25
51406,7568,-623,-5322,534,631,1905
51407,-4424,426,-6592,-1285,-1452,-250
51408,6036,-7904,4224,1922,-1618,410
51409,7489,-2730,7797,1649,-135,-729
51410,-1487,-4661,2834,-1036,451,-516
51411,-6200,7029,-3334,317,-1479,-1812
51412,7142,-5878,-5652,809,-455,-877
51413,634,-568,-947,1755,-89,-653
51414,-5454,1782,-4088,1650,365,-615
51415,-6502,7940,-3627,1400,-1688,-681
51416,-4137,77,-3484,-609,-984,-5
51417,-4330,585,-2569,999,-1756,677
51418,4669,-7299,6796,-21,-143,-870
51419,1969,-5326,-1936,-852,-1224,1215
51420,2191,7336,-5379,-372,875,-1971
51421,-3351,-2644,-6663,-1001,-1183,1094
51422,3760,657,1806,772,1059,-536
51423,-3294,-7061,-1298,447,-1412,1231
51424,-6893,-1486,3192,52,-887,357
51425,3988,-7446,7583,-1002,-1179,1684
51426,-7265,-4771,2555,1948,-1420,-811
51427,-6683,3003,-3508,1202,1723,1989
51428,737,-6998,-4794,1424,1041,788
51429,-5532,1436,4234,-1114,46,55
51430,103,7447,385,-1138,1352,537
51431,-5884,-1587,-7714,-884,614,-232
51432,3171,2565,-2713,587,1121,-889
51433,3881,173,-7147,-1037,-998,1519
51434,6939,-1635,-5930,1275,1347,214
51435,-6409,-6194,-6250,1643,755,-1634
51436,-6738,1282,-7676,1775,968,1401
51437,-6687,1112,1851,898,256,1061
51438,-2257,4878,-2785,-380,1931,1730
51439,4168,-3167,6359,-1672,-1558,712
51440,-7575,4832,6377,-1884,-998,-945
51441,-3727,-3349,-2875,-1471,-1462,-61
51442,3050,6909,-1383,-1395,1811,-118
51443,-6814,7273,7746,-973,269,-349
51444,3974,5097,-2861,1093,562,1643
51445,-2243,4338,6198,-1268,-557,-325
51446,-6814,-2682,-4442,523,-1510,-1093
51447,-2717,4207,4321,-1579,-774,287
51448,-2758,5107,-2753,864,1871,-1238
51449,1528,-6564,-1996,779,-456,-1876
51450,503,-5945,-4044,1972,-846,-1284
51451,-7085,-5060,1798,1622,-723,1104
51452,7023,-6390,4616,-1249,489,-1882
51453,2357,6132,-1185,314,-1712,-1159
51454,1038,-7945,-1673,-1905,1777,1116
51455,4367,1282,-4314,167,1817,937
51456,-7389,-7196,-7865,-1317,321,1979
51457,3786,-7941,141,38,175,1366
51458,-95,-527,-2792,-309,-229,-1502
51459,557,-5539,-4389,1721,351,1065
51460,-3855,5568,2919,-1062,1409,-1207
51461,5036,4933,2087,644,-160,1751
51462,-4142,4598,-6471,-511,-65,-891
51463,-3870,918,-5213,385,-1923,-812
51464,-2118,258,2329,-456,-944,-1623
51465,4342,-3043,477,-1457,749,1277
51466,-5901,4590,-2909,-17,-65,-1337
51467,7919,3944,-5538,246,910,-1464
51468,-2446,4658,1905,889,1310,1287
51469,2035,340,-2501,1093,1055,-1094
51470,2488,4774,1337,-512,-666,1686
51471,-6417,1320,-3195,1868,-1449,-656
51472,-4476,1186,1843,-779,-1072,-853
51473,-1506,-3793,-3462,1354,-1723,1961
51474,1527,1254,-615,1129,638,580
51475,510,2339,4805,1420,1275,-1360
51476,-4068,-4966,3850,-1650,77,-92
51477,-6789,-3259,-3418,-1380,-1693,615
51478,-2012,2978,2317,354,-409,946
51479,-2178,-1172,6694,177,1202,1235
51480,-1463,-6654,-248,-600,-224,26
51481,-5964,-6854,7003,-839,0,950
51482,1637,3065,-5689,-1901,-1891,-402
51483,-4108,4295,6768,641,-1642,-1896
51484,-5924,829,2104,746,-1785,-121
51485,-5549,5664,-6533,-583,39,-1922
51486,-5313,5967,2502,1159,129,-1287
51487,-5197,-4528,-6016,-1630,622,515
51488,-3264,-5820,-713,-1808,-276,220
51489,657,-2523,4017,21,-343,-1661
51490,-3503,2483,-4935,-324,-1642,-803
51491,-6962,-6809,-990,-80,417,-1800
51492,2450,-4479,-1864,-1187,727,513
51493,2825,-155,4487,164,-1319,-1138
51494,6750,37,6479,-1886,-1400,-287
51495,4811,371,-4820,1080,170,996
51496,-6068,-4273,4584,418,-1996,508
51497,-6651,7099,4667,936,-1288,768
51498,-5441,2097,-1749,347,1888,-1944
51499,430,1104,-881,568,-567,1157
51500,7513,-2632,3978,1802,85,1950
51501,1179,-6109,5983,1869,479,746
51502,2568,7880,-5683,738,398,977
51503,909,6545,2779,-610,-1921,-992
51504,-5974,-5437,-2082,-816,-1450,1225
51505,-2217,5320,620,-1544,154,1183
51506,-1392,5115,1314,-362,-1415,1780
51507,3602,-2184,-3046,-1175,1279,-665
51508,-7801,963,7060,-866,-1310,657
51509,-4064,1878,-6961,112,37,1974
51510,6173,1767,-3688,-1125,-402,-1999
51511,4396,6525,-5208,-1243,1512,620
51512,15,-1019,6314,468,-1715,-697
51513,2497,-480,2214,1366,-821,1706
51514,7616,-6675,-4378,-1770,153,1190
51515,1992,4970,6975,-846,-846,1146
51516,-2183,1571,4238,1758,-921,-708
51517,-5350,346,3502,1867,-1311,1082
51518,-5971,3431,6542,-169,3,1331
51519,-6635,6451,-3349,-1993,997,-512
51520,7564,1879,-7780,-775,-631,-1676
51521,-7550,-4893,-6566,1520,-1636,-1606
51522,3243,-7040,-4356,735,-928,550
51523,5462,3614,-3856,-664,-632,-1513
51524,2587,4113,-1354,1115,316,-1324
51525,1746,3464,-2616,81,799,-342
51526,-2378,3617,6614,-792,96,-1212
51527,-6425,-2849,3946,-1918,-191,1970
51528,-3705,6070,-1352,252,1842,-519
51529,-2912,-6617,-6392,1184,1832,-500
51530,2581,1334,-1606,-1765,371,-337
51531,-7509,-7540,4238,-47,-1929,316
51532,2752,-130,-2325,-18,666,-665
51533,-6440,-709,4444,-1013,-1917,1257
51534,-3911,7220,-429,839,676,1070
51535,-971,3661,-7963,-901,237,1958
51536,-2221,7058,-3785,1215,379,-774
51537,-3458,6017,-1102,-438,-991,-1093
51538,-5921,-5292,-3616,-1640,-1553,-1551
51539,-1700,2013,-1425,1682,-1018,560
51540,2953,6995,-7719,1455,-517,-1864
51541,4799,5359,-1723,889,1043,599
51542,1450,-3062,-5172,1966,542,-1475
51543,4520,4795,2039,-980,1184,990
51544,6200,6465,3237,539,619,30
51545,1863,-5844,-1671,-1092,-1791,-76
51546,6195,-2618,-2980,-449,-879,-574
51547,2282,1393,-2016,-1157,-804,-249
51548,4975,-481,-3351,578,1807,472
51549,-188,-3931,2877,-1744,893,-371
51550,5761,257,6890,683,1749,636
51551,-6795,7039,-327,-389,591,1566
51552,3701,1227,7341,847,-81,597
51553,-4700,222,3976,1679,-468,-1719
51554,-2426,1367,1402,487,-927,1086
51555,6448,-5294,-5076,773,333,1121
51556,4332,-74,5566,416,-888,-566
51557,6966,-496,-4841,-1037,761,-1993
51558,7247,5270,-4445,-1197,-94,-1311
51559,-4210,837,-6433,923,1534,-1481
51560,5093,-5846,5833,333,1867,1990
51561,-3021,-7348,3210,-1132,-394,-809
51562,1686,-2029,-548,-630,-1323,1123
51563,-7335,323,-2457,1397,8,1266
51564,6640,3188,1880,-190,-78,1630
51565,6781,-5851,5952,-1611,-1525,-426
51566,-3055,4324,-3142,-1038,-342,-1870
51567,-958,6464,3137,639,-184,-28
51568,-5082,-4120,6057,390,-657,-1342
51569,5367,3789,-4782,-325,1552,-150
51570,-4453,-142,-4674,1799,1546,859
51571,-932,224,-3673,-808,1629,1095
51572,5838,-2350,-4118,-353,-177,-1303
51573,4678,4654,526,-523,-826,1739
51574,-5924,-4003,689,483,-1856,-1058
51575,4657,2050,-715,-1212,33,-1113
51576,4593,-4721,-7908,856,502,139
51577,718,1578,3629,1337,-657,-1158
51578,1152,6384,5912,-820,1255,-1180
51579,-4241,-1292,-2812,-1223,-1215,326
51580,2027,6584,2255,-1945,-300,51
51581,1098,5485,-626,-84,-187,374
51582,-6917,-1075,-6036,-160,78,954
51583,-2486,-3733,-2558,-1201,-1605,1471
51584,-1237,-4424,-6418,-1711,-1313,-340
51585,1591,-7138,791,-682,1294,-1906
51586,-4880,-5615,-881,-610,-806,903
51587,539,-7302,4151,-1689,-1476,-567
51588,7229,6453,3439,728,-1342,-1022
51589,820,-2842,1987,1597,-76,-551
51590,-822,4950,5710,48,-739,1717
51591,4188,5674,1674,1578,-1889,-375
51592,1937,-1556,4066,805,-335,-1643
51593,-4497,-3015,3636,984,1707,1938
51594,1732,-1909,1637,-56,-700,316
51595,-6818,-4134,5311,1428,-647,278
51596,2698,-7854,-7700,52,963,-876
51597,5547,613,3462,-1758,-1670,1642
51598,6606,-6928,-2452,1075,-868,1467
51599,-1984,-6616,3494,-839,-21,-1202
51600,2055,-7934,-332,692,453,-1179
51601,-3429,7811,-3051,-447,1879,1359
51602,-4312,-2511,1885,-657,1829,1253
51603,4676,6429,-1838,-1081,-182,145
51604,7755,3793,1286,-357,351,852
51605,2087,-7457,690,-772,-540,125
51606,12,6890,2746,139,550,1543
51607,-1755,-5153,-1105,-94,982,-1240
51608,6228,1027,7180,934,365,-546
51609,6373,-6839,4814,-763,-681,834
51610,-2522,4651,-4882,-1061,-836,-440
51611,6195,1198,2226,1881,1307,-1326
51612,5845,-7350,5135,1504,1829,-813
51613,-5857,102,-5071,185,1323,-1515
51614,3798,6362,6531,665,36,993
51615,-5883,-4673,-796,-1124,325,1128
51616,-1827,-3285,-5288,-1618,-653,-1784
51617,7641,6262,4263,6,1351,-1936
51618,-5720,-6820,6146,675,-1507,-101
51619,727,1921,-7424,214,-1452,-1434
51620,6282,3804,6506,-1184,-1468,-1557
51621,-7506,-7455,2557,-1346,476,-12
51622,126,2405,-3730,555,-1741,1437
51623,6041,-4762,-5693,-1777,588,-1875
51624,5811,1506,-5846,-784,-332,-156
51625,-4288,6722,-1336,1525,-1809,-1893
51626,-1519,7378,-640,-1490,-505,803
51627,-4455,5167,691,1550,988,601
51628,-445,1224,-6132,423,-1106,-417
51629,-7196,-6025,7736,802,493,955
51630,3567,-7668,396,1403,-342,-1236
51631,-2115,-5366,1053,23,-1041,-947
51632,179,2141,-7718,-67,64,-576
51633,1795,-4495,323,-917,1421,1187
51634,-2273,-5490,-7975,291,1945,114
51635,-5284,2149,-5883,122,-469,1583
51636,-5715,-5134,-6628,290,842,-1260
51637,3951,-5835,147,-1504,1529,-357
51638,-269,-7636,1833,-1108,1135,-479
51639,-327,1107,-5987,-89,1596,-329
51640,7550,1916,-4453,-1365,636,-63
51641,5533,7511,-7517,-1939,1428,-591
51642,-1464,-7820,-4370,-1737,-87,1822
51643,288,6119,911,1674,-31,-1648
51644,7803,-1813,5525,496,90,1772
51645,-5734,-7207,-3370,-771,-1850,-341
51646,-5269,5149,-259,828,484,-378
51647,1951,3785,788,1023,824,-717
51648,1473,7081,-3384,1795,-333,1045
51649,2417,-2260,3762,-1757,1951,-1897
51650,-4401,-6960,1772,-1183,1356,1027
51651,-5798,-7877,6069,-1226,269,-647
51652,-2904,-633,6029,957,1971,-93
51653,-2806,-614,1795,273,637,1803
51654,837,-4500,-7112,1475,1001,618
51655,-2039,4986,3408,-589,1222,-1093
51656,-5026,2858,1389,-615,196,-1010
51657,7034,-2095,-4308,-147,1037,-1336
51658,3192,-3479,-5698,332,1021,-1702
51659,-7269,7806,3177,1109,-1539,-1472
51660,-1783,6487,-1587,98,-1427,1742
51661,-6717,1433,-4370,1763,1788,-660
51662,-2318,7718,4085,1097,-1103,624
51663,-6277,-2939,5841,1112,-1973,1416
51664,4239,7202,-4274,1412,-178,923
51665,-7375,-6010,-2940,1512,105,-637
51666,-5275,5257,-2845,-1791,-1245,-37
51667,7830,-4233,6191,1484,632,-619
51668,-6616,-7874,-3885,-1327,-905,1414
51669,7730,3066,-2827,654,1226,-863
51670,3480,-575,-1388,-973,-190,817
51671,-2941,-1003,339,-1959,-91,-1862
51672,-1237,-7747,-158,-327,934,1388
51673,4440,4710,-4301,1327,1865,-77
51674,5518,7306,4843,165,595,-1990
51675,-1706,-7348,4296,-745,-610,-1210
51676,4262,3564,-733,479,538,403
51677,7061,-3605,6646,1649,263,-1345
51678,7209,-6550,-4577,-578,-722,-1183
51679,7994,1272,6065,418,-850,1657
51680,2911,5390,-2976,-1867,199,811
51681,-6817,-6432,7859,-1761,1402,785
51682,-3161,7724,-1634,-1690,-846,1263
51683,2548,195,2001,879,-559,-243
51684,5559,-7167,-407,1695,-1549,-191
51685,-6454,-7591,-497,816,-600,1863
51686,2621,-121,-7309,705,-1307,-878
51687,2105,-590,-3865,788,-1106,1951
51688,-297,-1062,-6647,1709,-829,596
51689,-2095,-5377,2185,1124,-403,-1720
51690,-5764,-5036,-2384,-884,455,-1704
51691,4298,-1393,-3632,236,-976,723
51692,7980,-7930,5426,416,-361,1671
51693,-5103,-5276,6672,37,-759,-1479
51694,6226,2325,2428,-123,1925,216
51695,3123,1721,-7517,-988,-274,-1782
51696,6393,2853,-5713,-1667,1053,1088
51697,500,-1904,4584,1634,1760,-400
51698,-6251,-1825,-6220,1668,1176,-1847
51699,2712,-1589,-6125,-1305,1567,1311
51700,-5074,4944,5347,1508,-937,-550
51701,2018,-4718,686,-1082,1770,-1378
51702,-1609,-4339,2004,751,-881,-309
51703,-7376,4564,-1956,-1504,1031,-710
51704,-5850,-6883,7733,-1672,-278,796
51705,4946,3713,-7416,1242,-433,-1373
51706,4237,-6348,4572,1804,-595,-1502
51707,-7892,-4792,-7366,-722,378,-1253
51708,361,1254,-6728,1980,705,387
51709,1825,7998,-2602,1434,-1343,530
51710,4712,-3127,-2284,-1647,-544,1829
51711,-5134,-6706,-3131,1483,-1135,-124
51712,1593,-6573,-5764,-1676,1823,-421
51713,-3292,-5012,-6845,1394,-404,668
51714,-5073,6102,4975,462,1986,-1632
51715,4419,-2220,3056,-1444,-1871,1767
51716,-6787,5930,-2872,1270,-1568,114
51717,4889,3401,7127,-1519,-276,312
51718,-1506,-2917,-969,93,-823,-201
51719,3628,-5412,2352,-413,442,-1448
51720,-7481,-2334,3265,-592,-1444,904
51721,-6698,-634,-6164,796,1949,-838
51722,5866,-5273,-816,569,-1475,-1492
51723,-1356,-2247,4669,-147,496,-1246
51724,3069,3056,-1040,1483,1140,-946
51725,-1047,6254,214,267,261,-1423
51726,-2803,1734,6599,940,1627,414
51727,-5713,2833,-5776,421,876,1815
51728,7547,6695,5015,1477,847,-1408
51729,-3483,-6524,7131,-562,1611,525
51730,6720,-2451,-2365,1482,-1422,-817
51731,1539,4026,3385,93,-511,1668
51732,-2925,3514,-4836,690,1930,-265
51733,5279,2950,4355,322,882,-1994
51734,6323,-3900,1991,1269,171,1238
51735,4932,252,-4455,227,-557,-1339
51736,-6057,-3676,376,552,743,-1027
51737,-1134,-1584,1929,838,831,1528
51738,-3900,-6369,-173,1716,1753,-1248
51739,-1807,-3331,-6132,-1910,-901,-1938
51740,-6243,2681,-2565,-1370,870,1993
51741,-5335,-6621,-6341,-821,22,-1719
51742,-6383,804,6533,-176,-1472,1709
51743,-1432,5774,2593,666,1698,-1048
51744,-7129,3898,-5697,-820,-1030,-1157
51745,-5890,1087,-427,1922,-986,1197
51746,2686,-2202,-1946,-1740,1680,-1108
51747,-632,-6446,4806,534,-834,-664
51748,-3095,7643,7524,883,1797,510
51749,-7717,-200,3060,1326,1680,-28
51750,1826,6877,2706,1535,-149,-1895
51751,1400,1565,-4583,1017,1244,1619
51752,-5132,2776,7558,-549,-305,962
51753,3038,3269,2043,-1023,-473,1236
51754,-2553,6934,837,863,232,685
51755,2969,7802,3671,124,854,-1636
51756,645,7959,-1838,1444,449,79
51757,4592,3042,-3246,-1239,-1987,1587
51758,-249,-7916,-3176,-1049,-1511,-1205
51759,2481,-5665,-2384,1282,-698,763
51760,-5695,7012,-4603,-1672,-1101,-51
51761,1535,6153,-1296,816,-1409,82
51762,7477,-4429,5410,-1756,-530,1023
51763,-5323,6543,1625,226,-293,481
51764,-5911,700,-2930,518,1377,-97
51765,5377,945,5009,-1685,-1274,-1730
51766,-7600,-2710,-1837,1960,-103,1393
51767,1553,-4856,-4527,199,-1723,1409
51768,6668,-1900,-6289,752,-1973,-282
51769,-6002,-3859,-2043,778,1547,1939
51770,-3481,-5413,6374,796,1050,1695
51771,5455,5327,1040,38,-29,809
51772,4613,-6844,-4918,305,-1468,206
51773,-5695,2713,395,-1328,1198,1935
51774,-3992,1775,158,-344,965,984
51775,1210,-613,861,-694,-1163,-1447
51776,-869,3746,7113,-565,741,1677
51777,4736,-5818,-653,-156,725,-1642
51778,-3735,1441,4282,-177,-1648,873
51779,-5247,-3009,-3283,-1449,1045,-807
51780,3138,1347,4210,592,-1726,-1059
51781,1687,6407,-7629,-1190,1609,897
51782,-5752,7265,-3951,-1277,-1191,-1963
51783,-3071,-5079,-4530,-1200,-1579,-1734
51784,-6515,-3143,-583,1608,-1824,641
51785,-6811,-350,-2324,1010,999,-234
51786,-4598,2580,-5251,1521,985,1763
51787,-5825,-1960,3816,-900,1894,459
51788,7065,2278,4518,1637,643,378
51789,7939,2504,498,-432,1900,530
51790,727,6187,981,477,471,-1013
51791,5863,2768,-4542,543,-500,-1110
51792,7029,-4570,3671,1753,-1429,-1063
51793,-3332,3250,2480,-192,128,599
51794,-5111,2960,5813,1061,1343,-142
51795,-302,-5020,2501,1962,1951,676
51796,4404,-3821,4211,-1643,-320,15
51797,5995,3368,7913,-1823,-8,1388
51798,-4732,-7444,5962,477,-719,-794
51799,6481,-618,-477,1690,-245,-1953
51800,5985,-2582,-5329,-9,-1747,1657
51801,3180,28,-4196,-31,1760,-767
51802,2542,-878,5508,-468,-170,-453
51803,7443,7384,2700,465,-830,-356
51804,6906,-3521,-5092,1301,1096,40
51805,7868,-2932,-6868,148,681,-509
51806,-5286,3952,-2976,-1274,514,-401
51807,-2275,-1843,711,-331,76,331
51808,6654,7032,3097,945,1102,-1103
51809,-1552,7721,3589,348,-1205,-631
51810,-1107,-2677,-7753,1275,-1014,411
51811,-6674,7051,94,-1758,490,1028
51812,-568,4456,3955,1215,-393,114
51813,7360,3703,-4695,-372,-1599,-1464
51814,7071,756,6937,691,-1945,-1384
51815,-2107,-7838,6959,857,-622,867
51816,543,-4656,6822,-759,-1867,-1425
51817,-2652,-294,7223,-777,-981,-1980
51818,5075,635,-3212,361,1674,-1446
51819,3592,5225,1092,-1413,1418,-814
51820,602,-7697,-5371,1025,1426,1442
51821,-315,-7238,6644,-67,-379,386
51822,-6190,5030,-3640,1572,-115,-443
51823,-7235,-3393,-6035,5,-826,-108
51824,-1908,1899,-5798,1355,-1373,-977
51825,6021,-5650,-2557,1963,1627,-1634
51826,-6761,6059,1114,451,-65,-681
51827,1211,-1940,-3352,285,1923,411
51828,-3301,876,-4321,-1270,945,-1359
51829,-1196,6090,-5915,-190,-377,1472
51830,-5551,-2572,4671,1375,313,-787
51831,3281,4901,-2251,-1242,347,1396
51832,-5067,-6064,7325,-392,728,-249
51833,-7988,-4088,5593,-854,-686,1173
51834,-3847,5594,4503,-989,-1973,-481
51835,55,-7099,-935,1726,146,818
51836,5517,-7090,-5819,-1057,1149,244
51837,5129,-1726,6923,1458,1012,1639
51838,41,-4700,3464,997,1358,64
51839,7406,998,6234,829,-89,885
51840,2957,7302,81,1298,-667,-1349
51841,4767,-3897,-282,265,439,-1974
51842,1957,6118,-839,1825,-1514,518
51843,737,-5281,-4309,165,1656,1220
51844,-2792,2279,-7526,-1401,1191,853
51845,2252,1483,-4758,-279,1714,1616
51846,7098,1317,3779,1109,-317,-1252
51847,-5702,2942,-1196,446,1260,-709
51848,-1897,4717,2253,-1101,1903,-676
51849,-5785,-3395,6014,-408,446,1227
51850,6324,-1801,-7157,-545,-912,484
51851,-1663,1035,4173,-1134,80,-91
51852,-7301,2675,5893,696,1584,1819
51853,7656,-232,-6356,951,-947,-1180
51854,-5858,-7641,-3510,-649,478,945
51855,2363,5013,-5561,1282,898,829
51856,5529,1623,5853,52,-410,1261
51857,-2454,-949,-4189,1457,-194,-647
51858,-2556,1367,-6991,261,1702,839
51859,1797,5880,-1796,1283,-1463,-249
51860,-7614,-23,-5565,1170,306,1011
51861,5124,1189,-7820,-1216,1835,-423
51862,-5810,6187,-6988,755,-1112,1395
51863,-6007,-7618,-3230,1929,1644,1648
51864,4870,-357,1294,1598,-997,-476
51865,-347,3026,-6885,-264,1774,-172
51866,1132,-3240,-2580,-122,-273,-1634
51867,-71,-523,-3209,900,1894,793
51868,5011,-2941,-5909,773,737,-771
51869,-7959,-5397,-1027,878,-1410,1325
51870,-2846,7921,2601,-1269,1895,1543
51871,6570,-6165,2168,1164,1284,-746
51872,-42,6839,6448,-1838,-1778,-285
51873,5987,1608,-3325,-498,-658,1556
51874,-3198,-4065,1896,437,1452,810
51875,-3474,547,6561,1636,-1883,-1933
51876,-813,-4248,-3796,-809,1021,83
51877,-2244,-4709,-3490,-861,-566,-1309
51878,2352,7037,816,1977,-1121,-1514
51879,2482,731,2911,1210,-557,-1413
51880,-6854,-7146,2554,-1136,-1990,-1562
51881,-5295,3728,-1130,-36,1180,-164
51882,-5233,-4774,3562,117,-586,-1758
51883,-6424,-3502,1482,-207,69,1387
51884,6176,-3298,-4825,1662,-969,-386
51885,7785,-1066,-5450,-932,1113,155
51886,3649,-3896,3797,-515,-337,-651
51887,3015,-6188,-1377,1646,-1147,1339
51888,-1492,6414,-1972,1689,-1884,-209
51889,-4919,-5045,-1248,-1613,1602,1511
51890,2831,-759,-6474,-1924,-1552,-312
51891,7179,-3897,7121,-649,-1421,-727
51892,157,-1731,-510,1688,1359,-1405
51893,-4300,4902,-3956,-895,841,1673
51894,874,-4914,3021,1640,1860,-1769
51895,4595,-1446,-6359,-891,-808,688
51896,-5693,298,6153,1566,839,1719
51897,-2796,2841,-5810,-763,-1516,277
51898,6750,-5328,7948,-577,-1639,-784
51899,3446,-5027,-489,628,-302,-1138
51900,-641,2053,1728,1079,-1604,1642
51901,-175,-1412,4633,-1538,316,-1076
51902,-3296,-5276,179,1403,1076,-843
51903,7029,-2976,-7874,50,-80,-425
51904,-6337,4813,-1957,1753,-1131,696
51905,-698,4997,-4486,-1150,1517,696
51906,-6990,4827,6271,733,709,-886
51907,2893,-7918,-647,-50,-263,507
51908,1693,-3294,3935,-149,1703,-1757
51909,-7005,-4580,558,934,553,-1703
51910,2681,545,4390,1867,-1846,1804
51911,3619,-2599,-5351,1342,1443,1911
51912,6754,-7011,-7628,139,114,-652
51913,-3904,4605,-2131,177,-606,-529
51914,-714,-7396,-971,-141,-1927,-1767
51915,-7473,4171,4496,-1496,1135,-597
51916,-5919,-5764,-3126,1751,252,-1107
51917,4944,1046,769,-434,-1900,-1183
51918,1672,4305,-5006,206,910,140
51919,7221,3780,380,1377,328,188
51920,6543,537,-6397,-1739,-761,-912
51921,2898,3368,776,-1778,-859,-1152
51922,7186,7873,-5034,274,1404,521
51923,-1952,2538,-1798,-1211,-650,1602
51924,-4354,-6691,-345,1126,-1427,1264
51925,1468,5841,7293,1046,-1467,981
51926,-3447,-3150,444,-936,-796,690
51927,7487,-757,7144,-1996,-1507,855
51928,4745,7809,5195,1012,-946,201
51929,5314,-4060,-977,-1372,-1514,893
51930,7709,5019,830,-637,1501,809
51931,-3117,-5478,-2179,-1737,-430,-314
51932,-1811,-6084,2284,760,1838,1091
51933,7373,7332,1684,-1131,-244,1215
51934,-1762,-931,3404,340,-1634,220
51935,-6497,-4629,3611,1317,-1145,1893
51936,4689,-2017,-243,-412,-1171,-900
51937,3423,-4155,103,-789,788,125
51938,3377,4911,6509,557,1615,631
51939,6244,-6869,-776,1668,-11,539
51940,1564,6013,389,1694,503,-1223
51941,-6842,2215,3228,1800,1178,-1442
51942,-2236,-5298,7699,440,1897,-608
51943,7691,846,-344,395,-1726,-322
51944,2161,5472,321,1918,-70,897
51945,7724,718,-3182,1937,-1853,127
51946,1137,-2190,-4684,1648,1270,-679
51947,2067,2150,2369,-832,369,1191
51948,4940,-1885,5792,-1327,98,431
51949,4295,2019,77,1093,1036,1518
51950,668,-4859,4131,-719,32,1448
51951,-859,-7202,4097,-1200,980,759
51952,5871,2322,-1456,-1728,-531,790
51953,4822,-3187,-1225,-627,855,-667
51954,-1215,2095,140,751,-1716,1258
51955,-3892,-7680,4303,913,302,329
51956,-4482,-2038,-1106,1031,1601,-638
51957,6858,-1850,-1448,-331,761,-1913
51958,-4631,3623,2358,308,1114,1874
51959,7341,2073,-7908,-351,-1712,1945
51960,-3507,-6639,6285,-746,448,1934
51961,-5845,4149,-4407,674,-705,-698
51962,-3504,7696,1391,1620,32,-1353
51963,5983,6536,-1628,1452,-473,-1081
51964,-5434,-1206,-1773,1262,-1043,965
51965,-864,3834,5245,1383,292,611
51966,-4574,-4964,3892,-275,1926,-1577
51967,5212,1916,-4608,205,1191,603
51968,-2929,-1332,-5352,-1448,-96,-1185
51969,2333,5942,-603,-1274,-1440,1145
51970,913,189,-5678,919,-1499,-129
51971,1867,918,-626,487,-128,1548
51972,3489,4544,2606,-1429,1613,-1840
51973,1171,-5314,1645,-1413,-1054,-1381
51974,5098,4198,2347,-1808,1645,-1083
51975,-1648,-1298,-2046,-1148,-491,1292
51976,7980,-4985,544,-798,-903,1079
51977,-6125,-1589,7602,-1420,707,-192
51978,7053,-7627,-3605,1348,-1474,1037
51979,-7773,-133,7503,579,-1541,1445
51980,-2806,-1398,-904,-1931,-1234,-1019
51981,3887,7557,-1824,738,1939,1552
51982,-1997,3417,3780,1146,1620,-928
51983,-345,1335,-5513,32,1089,-1143
51984,4565,7570,4640,534,-1573,-261
51985,-4262,3602,-4915,1360,483,-624
51986,-5171,495,2869,920,-1455,-981
51987,4116,-7363,-1839,1566,-571,1122
51988,5263,1858,5691,-895,348,-1910
51989,-4035,-847,-948,1167,-516,-1985
51990,-2323,7357,-5746,-502,1017,232
51991,-4077,-6784,4178,1726,-1707,-1093
51992,-3209,5319,-5385,1247,974,1316
51993,1237,-6326,-6364,-1349,1516,-1096
51994,7404,7458,-6925,-1685,-911,837
51995,-3180,6989,4816,1727,-1358,-1420
51996,-5777,-7791,-800,-1756,1621,1324
51997,5650,5223,-6278,-887,-1639,-1886
51998,-790,21,876,513,-917,-260
51999,-1569,4588,4320,1305,-198,-620
52000,-7102,6757,-7986,1071,1714,1691
52001,3245,-4622,-4301,53,574,-1717
52002,1818,4040,-6946,-1122,-407,-424
52003,-6887,4120,3748,-794,162,1251
52004,-6747,-1806,1242,-1998,620,1180
52005,7158,-756,-3734,-65,159,-1449
52006,7619,-935,-3075,210,1853,456
52007,-3586,770,7563,-1308,1325,128
52008,4386,-5919,-4205,1716,1717,11
52009,4205,-6030,-6545,1684,-1644,1742
52010,4261,4655,-7367,-1100,-1344,-389
52011,-7578,-1082,6949,1925,1978,-864
52012,7555,-243,-93,-1929,702,1906
52013,-7263,-5643,-1944,787,-1701,1278
52014,-1212,-7599,1149,527,-1129,757
52015,-2275,-1984,1526,-1726,-564,-426
52016,-5645,4629,-3681,-117,1765,496
52017,1709,-6912,-3424,-1319,1101,1876
52018,507,-7872,-5432,-1139,-1676,1207
52019,7188,-3456,5230,-1986,1607,1913
52020,-4609,6287,5473,-892,-11,801
52021,-4703,7209,-3063,-1704,1520,-1106
52022,-3613,-4081,-4858,1334,1801,767
52023,7448,6975,-7951,-1957,-615,-1107
52024,-1826,4921,3279,-694,-434,-1896
52025,7752,-6249,258,781,-599,-568
52026,151,4738,4168,-708,682,1095
52027,-5119,3750,581,261,-1136,1756
52028,2920,1672,4470,-410,-240,-1312
52029,1034,-7467,3084,-1649,-230,-949
52030,-5841,3892,-3934,1537,1005,188
52031,-7456,-5907,2483,-1891,-1210,1128
52032,4770,-7860,1405,-1732,1270,1996
52033,-5628,1365,-4562,492,1886,949
52034,-5197,3433,-2938,726,1961,1230
52035,7979,2981,5213,530,-209,95
52036,-7727,-5257,-6147,1436,379,-1108
52037,2121,-7600,-5700,-483,-269,906
52038,7786,3819,797,1639,154,-1993
52039,-5353,-6518,5055,-1865,1298,1003
52040,-1401,57,-7528,921,-59,-1909
52041,540,-7422,-6501,1179,-1491,-385
52042,5583,-7532,4718,-1764,-1000,1821
52043,4433,4076,-5447,667,556,88
52044,6597,-4332,-6752,-348,1572,698
52045,2500,-5151,6867,-735,1230,1896
52046,2000,5875,5786,214,-1895,1988
52047,1052,3143,-1877,-1404,144,-809
52048,5154,7918,-7788,-261,-1666,1433
52049,-3384,-693,-6224,395,589,-1360
52050,4983,6184,6076,-579,1602,-1462
52051,-880,-365,-6175,1286,-1455,493
52052,-3907,-6563,-2675,1944,-548,774
52053,-849,-6079,-6169,207,684,-1411
52054,5375,7361,4473,-1910,-1510,-737
52055,4599,5923,852,607,-368,1096
52056,2606,-5913,-1009,1556,-356,925
52057,-2454,1020,6527,435,-1551,-1111
52058,-3433,5619,-743,1907,-441,1909
52059,4155,-6509,7762,-1505,-175,313
52060,7664,-646,6838,-1665,-78,-541
52061,-7446,-6246,-2410,-459,892,-1251
52062,-4356,-2663,3778,174,1274,475
52063,6926,-6710,936,-483,-742,-1477
52064,225,790,-2649,-1378,-941,66
52065,-1613,-7953,2966,-529,167,-1268
52066,7188,-4181,-3740,162,-1049,1609
52067,-3107,-7206,1700,512,290,-1836
52068,1420,4357,-6293,1339,534,557
52069,-4298,-2983,-4586,-1328,-337,-1927
52070,-5103,2195,3234,616,68,-118
52071,-1038,4559,1283,1309,1752,1039
52072,-1901,3452,4755,-785,-866,1332
52073,-3966,-3767,-6936,-1258,766,946
52074,-7754,-4414,273,1939,900,1646
52075,-3677,-6703,-2413,1219,1573,-969
52076,-623,-1920,282,-666,-1746,1484
52077,-49,6670,-1312,205,-1625,-484
52078,-7875,1764,-6103,1480,-975,-968
52079,4629,-3391,7808,-1791,965,1628
52080,-7936,5306,2757,-628,-31,-452
52081,7780,145,-1052,1815,1540,-1380
52082,5585,1316,7410,1908,381,-84
52083,7331,-1947,78,711,-1407,363
52084,-7162,4165,6660,-11,-1577,-1042
52085,6132,-5040,-4599,-1532,1903,542
52086,3303,-6652,5092,216,-1404,1510
52087,-219,5948,3421,-826,694,913
52088,-3552,-4342,-4949,-410,1266,-1698
52089,2806,-1247,-5345,1786,-1531,287
52090,6065,1335,7666,1282,-1463,509
52091,4990,-2367,2635,-600,-204,-1529
52092,2600,3162,4103,900,828,1764
52093,-2408,4953,-5944,-590,-492,1367
52094,6319,5803,-7989,1552,-367,1105
52095,3584,7757,6159,1734,-1078,-230
52096,6151,-4356,7505,-312,1700,-245
52097,3369,3668,5726,-962,814,1696
52098,3630,5223,-4899,-1027,1859,1460
52099,3555,2840,3603,1701,866,-36
52100,-5275,7843,163,-1068,-1294,-1098
52101,4757,-901,-774,-1818,-1524,854
52102,-7709,2194,-7056,-17,-1266,1590
52103,6900,4321,-3716,-882,-1484,-635
52104,-3025,-1293,7838,-158,1482,541
52105,234,-6489,3061,-794,0,722
52106,6028,2976,-1879,1732,1080,1246
52107,7647,-5462,-5828,1232,-795,-623
52108,3511,-3438,-4369,527,389,-1229
52109,-2055,-2765,-3981,-926,1392,272
52110,7823,3129,-7586,858,457,273
52111,-3880,2503,3657,1524,435,35
52112,4051,1498,-4435,1482,1605,192
52113,2670,7455,2268,-377,680,-1754
52114,1999,-3358,421,1879,999,645
52115,4962,-5000,-7283,147,932,-333
52116,1788,6215,-1393,-250,-1983,1759
52117,4744,-938,-1389,-1236,-1221,-1169
52118,-2236,-4733,2233,1065,1383,-1038
52119,-1180,2434,-2981,-1424,-1974,-277
52120,1943,1523,-7195,-365,-1804,-90
52121,-5923,-1867,-2323,1656,553,-1215
52122,263,4725,7140,-1117,1420,1936
52123,-7990,-2722,993,744,50,1160
52124,1124,-6194,3957,-344,390,-1618
52125,-3538,-5511,6185,105,739,650
52126,3783,5157,-7872,-758,754,253
52127,-2090,-7062,-2012,1444,-384,96
52128,-6965,-4588,-690,436,973,-554
52129,6008,4,7085,-91,239,709
52130,-7792,4484,1535,-219,1316,1810
52131,-6760,-6295,2601,-1085,1305,-1195
52132,4902,-7774,-5361,1451,-264,473
52133,1653,-5690,-2369,1480,-1474,297
52134,-5532,4735,-6197,-1230,60,-1384
52135,-4211,-5410,1862,-325,167,1275
52136,-5111,-2549,6679,-535,1868,268
52137,-6769,-4957,2000,-1847,-1652,-892
52138,-1780,-3590,-1697,715,1219,1519
52139,2365,7419,-6425,-1980,-1898,-746
52140,1492,937,-5260,-634,1273,193
52141,1579,3198,-4142,1568,1036,-1808
52142,-3260,2186,3421,-1689,889,69
52143,2108,-6548,3755,624,-939,823
52144,7717,2116,2970,-1391,-681,757
52145,5704,-4250,1008,1587,495,1867
52146,5358,6659,-6101,1701,1011,1932
52147,-6458,4140,2587,-5,-388,822
52148,-7322,-766,-1705,-1208,616,1675
52149,3004,-3298,-452,-599,1444,-197
52150,-263,1387,511,-1193,1485,-1060
52151,1147,-880,-2878,-1012,301,1670
52152,7519,1331,1437,329,524,-1214
52153,-4058,7461,1486,-1891,-1058,-1129
52154,-3433,1534,-13,1727,1455,-1018
52155,5630,4777,-3634,823,-271,-22
52156,-2038,-6961,-1657,-1219,1114,787
52157,445,4868,-5523,1749,1460,-861
52158,-5654,629,3789,-1390,-831,1764
52159,-7245,1784,-809,1583,-1624,1106
52160,7488,-3514,866,1635,86,1740
52161,284,828,1183,189,1509,-1706
52162,-4080,-3198,-89,1679,-1977,-160
52163,-3353,4762,-3172,581,-1888,-1590
52164,-7197,-3698,-2941,1157,796,-1428
52165,-1684,-6186,6413,-1369,-1845,214
52166,512,5349,6272,-868,370,-162
52167,5858,3960,4528,1773,115,-205
52168,-3306,-2907,-2464,3,-253,1208
52169,2071,5952,-568,1965,1693,972
52170,-5234,7786,7272,-1415,1147,-1043
52171,3652,3860,7566,-713,392,-1080
52172,-3422,-4471,2051,-1320,-983,-251
52173,-6083,-4839,824,-1459,-60,-564
52174,-1106,3001,4811,1648,1445,1196
52175,-2911,1823,5597,1333,-53,311
52176,6895,-1867,642,1039,-297,1075
52177,-3823,-6316,-7407,342,1539,731
52178,-3079,-7803,5607,1171,818,463
52179,6404,-1500,-7122,1428,1306,1706
52180,5155,-5494,-4863,477,1723,1453
52181,-6994,-3173,3634,213,-1178,-1749
52182,-1127,-4906,3193,743,-1237,53
52183,642,1599,-4890,-440,912,53
52184,-5438,-3223,6069,119,816,-287
52185,7439,923,3666,624,-1008,-918
52186,5773,3053,-239,1472,1890,1618
52187,6539,1453,5828,-184,1471,-916
52188,-6418,-143,75,1627,-1130,610
52189,-7334,-4508,-1834,-563,668,-1474
52190,5050,-4072,7944,1726,-144,1833
52191,-1320,3154,-4471,-1878,-1911,-178
52192,-1504,-6862,1362,950,982,-1949
52193,7432,-7457,7381,1706,-1493,195
52194,2519,-2199,4043,-573,-1877,-1989
52195,4655,-6541,7966,749,1465,-1733
52196,6749,2599,7206,1370,-723,8
52197,-1311,2837,-7415,1099,-269,-1779
52198,-5665,4983,-2420,-12,683,1332
52199,7214,7579,-4559,-810,997,-543
52200,6683,6487,1592,-1472,527,834
52201,720,2788,-3572,-865,1054,-1501
52202,735,248,5322,-992,1796,1620
52203,5143,-3814,7127,-985,-1150,1814
52204,6035,-7740,2043,946,-1,-159
52205,2178,-2429,-76,1162,1836,-1174
52206,-5352,245,-3382,-249,-1343,636
52207,3025,-3433,-2583,-632,5,1839
52208,3581,-6344,-1691,-1337,1012,-1777
52209,7364,3194,2980,1823,-1251,788
52210,-2425,-2290,1798,-1732,-515,341
52211,-5924,3025,-3502,-1680,514,1165
52212,3783,4838,1373,-515,-736,1009
52213,-6928,-902,6901,1382,-931,-1990
52214,-6524,7501,-801,-1066,-1026,-745
52215,7201,-2134,-1374,27,-1931,-58
52216,3374,7922,7626,-518,-1719,-1026
52217,1477,731,-7873,-1243,1995,1995
52218,-913,-134,6765,1051,-185,-272
52219,4656,-1485,5883,892,-293,1458
52220,-6792,2051,-6658,-1276,625,17
52221,-5490,6575,-7917,-1636,-422,693
52222,1029,-155,5317,-1759,-1509,-1876
52223,-7426,7124,7725,1153,1412,752
52224,6131,2328,-7667,1907,-343,1766
52225,2486,-4686,1719,1329,267,-173
52226,2350,-5655,5809,100,1054,-1624
52227,6631,-6004,-3965,-1137,-513,-1973
52228,6633,3524,-1092,586,1831,-1885
52229,5880,-1161,995,-941,-93,-1151
52230,332,-548,964,441,654,3
52231,-1200,-6685,-4039,1948,-152,446
52232,2022,-2458,-4275,-1920,1107,541
52233,-3800,-5454,-1683,-1270,-1972,-1600
52234,1860,-7340,-1734,1550,1274,601
52235,3631,9,-763,325,208,-1879
52236,1682,6178,-7530,-1695,67,567
52237,-6742,219,-1674,-999,-50,1141
52238,4492,4800,-149,84,1317,1210
52239,-2705,-386,6887,451,-1917,729
52240,-2542,-3470,4134,-168,-262,-1020
52241,4828,1772,-2970,-1977,-91,670
52242,797,2665,4505,-1612,100,126
52243,4891,5113,-7562,-1816,-331,-1670
52244,1625,7579,1690,518,-536,-1195
52245,-7714,-7080,-3922,-1480,121,-852
52246,-1110,112,-1535,-576,-1393,1235
52247,1265,-1973,1391,1376,-1103,-1975
52248,1856,-2549,3356,1883,181,956
52249,-5318,-497,-6214,1542,-1621,-576
52250,-6691,6058,6446,1204,1542,1523
52251,1162,-7233,-7100,-577,-1955,1251
52252,2054,-1601,663,-1975,-1670,-1016
52253,-7815,1605,-3723,1018,-718,1790
52254,3787,-1672,-4235,-270,798,1829
52255,-7825,-1795,5742,1607,1399,-629
52256,-2907,5155,7547,1773,-816,1379
52257,7798,6185,4701,-44,-227,102
52258,-1340,-2674,5210,-1691,906,-1572
52259,-4553,-5857,5488,-57,-837,684
52260,-1982,4857,-3288,786,-1923,1286
52261,2891,-842,7216,1463,-278,-1556
52262,-6684,6132,2987,-28,97,-1924
52263,-7345,5525,-1308,1729,-1523,1232
52264,3501,2201,388,1618,-1518,-192
52265,2969,5852,5584,-356,-1968,1945
52266,-6755,-3646,-5011,146,-1893,-653
52267,7682,4811,7526,-295,67,1461
52268,6377,6184,-2614,1633,1132,156
52269,7299,6980,1465,1061,1282,-1948
52270,-5890,-5833,7472,787,-1604,1208
52271,6826,-2456,-32,-795,-1618,721
52272,2759,-1331,1539,1269,-836,-1435
52273,-7285,-3039,1753,-766,-765,1121
52274,-5185,4762,-1701,1475,-816,1885
52275,-2321,4213,5241,-882,1766,-1098
52276,-4316,6938,-5897,-1386,612,1751
52277,4109,7854,-3475,1752,748,-1307
52278,7002,-2483,-7430,-108,1419,1139
52279,-7625,-6820,-5859,-1792,911,858
52280,215,145,5396,-1797,238,-1921
52281,-2194,-453,652,306,1169,-502
52282,6557,-3572,-2613,-1024,431,613
52283,-4405,-6105,5594,1892,1978,234
52284,1815,4485,1147,-375,324,1905
52285,2470,5602,-3542,1479,-48,974
52286,-3996,-7517,-7272,-1388,1071,32
52287,-7032,584,5145,1486,-1238,271
52288,-819,-7560,-6767,-1032,-47,782
52289,6240,626,-6050,-1808,-1124,712
52290,-7921,-4005,7030,-241,1127,-1750
52291,7220,-2482,-7019,-1286,-1513,566
52292,932,708,5864,443,-1636,-689
52293,-4364,1609,-6950,-36,33,1130
52294,7215,-793,-1111,1674,1467,-1277
52295,5172,803,7812,1166,-1429,1301
52296,-6301,313,6601,1867,-734,705
52297,6369,-5866,-2692,-787,-223,1443
52298,-1965,-803,-7818,444,1063,-1136
52299,7648,-769,6714,-778,-294,138
52300,-2355,5356,4075,-287,1544,-1069
52301,3095,-5315,-7554,-1001,589,1067
52302,-1796,839,-5179,-1245,-888,400
52303,-6030,-3690,-3284,1204,-170,400
52304,-1317,-5631,-3144,-516,-760,1134
52305,-3672,-872,-5770,-790,911,1899
52306,6172,4463,-6747,546,1293,783
52307,-3838,1887,-3262,-1334,-1469,-1054
52308,-2347,3110,-3336,295,1974,-1741
52309,-2479,-3109,7393,-775,-1297,-1298
52310,-3033,44,-4499,-1406,1606,-233
52311,2247,-2478,-1821,1009,1773,-879
52312,7121,7302,2927,697,754,-436
52313,-7599,2024,-7633,-1345,-169,1994
52314,-7843,-1176,1553,-704,1784,581
52315,-5911,-5950,-4136,-55,1153,805
52316,-1672,424,5612,-578,-1478,662
52317,-7272,4320,-4412,331,-1296,1434
52318,7312,-2119,75,1714,1905,75
52319,382,-5620,-6466,26,1227,-1070
52320,1508,557,-3038,339,-170,329
52321,-6070,-7875,-3108,-1497,-948,-1745
52322,-6283,-4638,-3112,-625,-1520,469
52323,3097,-6390,-3282,-1185,-352,217
52324,-1088,-3521,-1667,-1766,-1002,-1644
52325,-50,6148,7756,-1715,1938,1737
52326,2593,7321,-2335,708,1703,1514
52327,4275,966,1669,285,-530,361
52328,-1529,2598,-5760,-646,727,-1877
52329,-7092,7230,2399,-1417,-1660,-1046
52330,-5553,-7508,7287,1553,-71,647
52331,-7549,2475,-1017,-1023,403,1117
52332,6184,2784,-744,-1096,-517,987
52333,5399,-7976,4918,1462,-1198,-1576
52334,5597,476,7876,-883,1490,-384
52335,2586,-1359,7900,-1750,-343,1109
52336,-3219,-1237,-2435,705,308,1419
52337,6488,7930,-5062,-908,-30,-419
52338,-6355,6948,-6295,32,-1233,1816
52339,-799,-7309,3524,-507,646,-739
52340,-918,-1868,1587,599,-1236,264
52341,-6481,1811,7820,-1375,-561,1285
52342,-90,-6661,4005,1137,565,1708
52343,-6446,-5888,-3054,-787,1665,34
52344,-3331,5537,-1068,-1937,1185,1639
52345,-5210,4980,-1219,-836,244,-1820
52346,-7378,2659,-284,519,824,-1975
52347,5128,7171,4585,-1236,120,-586
52348,3040,2277,-5609,-744,881,1332
52349,5355,4258,-3518,-686,1351,-1266
52350,6604,304,6697,1954,-1822,-1268
52351,-142,-4066,-524,-1604,98,-365
52352,5096,6248,-4367,-848,1878,-354
52353,2299,-3805,-2304,-1345,1506,-414
52354,2022,283,3185,196,1757,1349
52355,1678,3433,-4386,-225,1982,1310
52356,-1114,7326,5035,-1848,1562,1795
52357,6151,-4596,1853,-1287,1722,-938
52358,-5134,-35,-1626,231,1302,1319
52359,2835,-291,-7146,-972,371,1973
52360,-1920,1167,-6349,-138,1416,-1416
52361,5450,5912,-3180,337,29,-819
52362,-4630,-161,-2158,-1406,838,1397
52363,2737,4530,4266,903,1961,-263
52364,7514,-4031,5540,-1539,907,-9
52365,2886,7947,5829,1240,-1115,1339
52366,2298,6421,-3146,1824,-1412,554
52367,1723,756,645,1429,228,1036
52368,-1798,7268,-672,-196,-1133,347
52369,3004,3020,7079,1051,-1891,692
52370,5563,-4426,6472,199,181,-1889
52371,-3837,5622,-1096,-1364,-525,1232
52372,-6100,-1551,1035,-1425,-1385,1026
52373,-5754,-3827,1778,1031,-1325,-135
52374,1412,-6418,-7178,-324,-1036,-894
52375,-2823,7925,-569,-1863,1163,1252
52376,7848,5416,-12,1939,-403,1077
52377,4907,1842,-7961,1593,-1062,1438
52378,1239,-144,-7254,-522,1036,112
52379,5613,-1690,5664,-602,-528,-437
52380,158,-3596,4573,-1527,1538,53
52381,7284,-2211,5155,1424,-510,926
52382,7238,6503,-7108,-615,-458,800
52383,1774,2399,1220,1656,1424,1759
52384,359,-6007,4970,446,1233,-1467
52385,-255,-4834,5970,-1589,74,1334
52386,3813,-911,-4061,-610,345,-1156
52387,-6144,850,638,-771,-1519,-770
52388,4064,-2538,-6361,1457,865,-1032
52389,7262,-2318,4558,-147,434,-227
52390,55,6769,-2393,293,906,-568
52391,234,-7762,-1766,-1176,1972,-107
52392,-7380,-7859,612,-1279,-142,-1399
52393,3960,6378,3657,1717,1293,-1498
52394,-6552,-5588,7290,-796,1210,-191
52395,1347,-2954,-2910,-1256,787,510
52396,-1229,6943,-6431,1605,71,1430
52397,-3022,3874,6427,1927,-1012,347
52398,7524,-120,6271,150,-1237,1738
52399,891,3632,-1356,-817,1925,833
52400,5310,-2221,3519,-1655,-576,407
52401,5377,695,-277,1633,898,856
52402,2011,-2520,5197,-1221,-1449,-1814
52403,-7628,7752,2720,-705,816,-1714
52404,5229,7001,7518,1247,1884,-1712
52405,-5437,2609,4946,644,1753,-1076
52406,12,-7254,7941,639,883,-903
52407,1825,-6561,2866,1460,1910,-1919
52408,-1251,4846,5580,1932,1041,-1649
52409,4372,2489,-2028,-357,-1587,507
52410,4574,-1827,6038,611,814,1095
52411,731,3112,-4477,413,-413,1432
52412,7350,-2732,-390,-899,803,952
52413,2182,-7036,6701,924,-654,-245
52414,-7074,-2420,519,-409,1663,44
52415,6469,-148,-5719,190,1474,171
52416,191,926,2128,260,577,1727
52417,1918,1508,3850,-128,1278,-1246
52418,-1429,-4978,-4061,-517,532,123
52419,3679,1527,7063,1080,730,-1923
52420,-1396,-3766,-4878,-137,1738,-1274
52421,3659,5717,5539,-849,230,329
52422,4307,-2921,2507,-251,-1557,-689
52423,5546,-5540,-2364,-1060,14,1709
52424,6982,7545,-7498,42,-1076,-1725
52425,-4777,6848,-1516,-1807,237,-1583
52426,7708,-1130,-5172,1424,-1852,-693
52427,-5960,-1029,-4704,-951,1320,-1581
52428,-6370,-6244,3747,-165,-986,1298
52429,-6182,1696,-5276,-960,-1460,832
52430,-7930,-3338,-7033,-1099,-1504,-555
52431,6341,-6343,5042,494,598,-715
52432,7095,-6296,1953,498,-1804,-998
52433,-6432,6258,7701,1393,342,1682
52434,-2539,-4521,2586,427,22,-735
52435,1700,-2051,4362,915,622,1720
52436,-6350,5297,3437,553,-456,-137
52437,3467,7492,4274,590,1447,612
52438,675,-2602,3949,-269,1515,-778
52439,3838,-6465,2668,6,-1699,755
52440,1360,639,-3820,1626,1770,-359
52441,6001,-3807,-2595,860,553,892
52442,4160,-1416,-7630,1993,-1296,1566
52443,-3335,-2633,154,-1047,-1622,392
52444,5213,-4028,-193,-1861,-1351,-1345
52445,-2642,-6020,-246,-884,-427,23
52446,-6193,-3358,-7804,-1203,-1475,465
52447,3181,6372,876,-1326,-830,-913
52448,-1965,-5482,-4595,751,31,-473
52449,-4434,2917,-4746,1780,-1264,59
52450,-7438,-6850,-4590,1017,-684,421
52451,-7265,5351,896,-546,-681,276
52452,-5551,-5813,-1102,-38,-1678,-428
52453,5581,2370,-7712,1605,-988,-1065
52454,-6534,-2079,-4579,-776,123,833
52455,3002,6863,5742,978,1274,-1343
52456,6733,1107,-3544,1866,1518,112
52457,-6439,-6485,-4602,554,1452,-814
52458,2922,366,-2811,1259,1409,422
52459,318,1152,2190,1401,1536,1498
52460,-617,-2994,2682,-333,-71,-723
52461,-1365,7286,-1397,500,-487,-1628
52462,5073,-7538,6137,1806,-364,1574
52463,3358,-5451,-4391,-31,-276,541
52464,78,-5010,-3977,439,-1923,-653
52465,4355,-358,-7883,1646,1939,1373
52466,-331,-7249,7377,-1380,-1779,1886
52467,4734,2264,7446,-461,382,-1997
52468,2114,7537,-7103,1841,-1089,229
52469,3969,5373,-1664,1238,1628,-557
52470,-7159,-168,3831,730,629,1818
52471,6599,4956,-504,1453,1567,1397
52472,6213,789,-7410,-545,1919,823
52473,-1749,2164,2878,-150,393,1880
52474,-6504,7656,-2983,-1567,-1870,693
52475,-6179,938,-4039,1323,-1422,-1906
52476,173,2130,-641,1809,-1577,-1503
52477,-137,-1075,-391,-1596,-1444,1274
52478,4417,4865,-2043,-1383,1049,-939
52479,675,-2018,-151,665,1077,128
52480,4454,6645,3843,613,762,-1475
52481,5672,-1157,-7021,-1188,624,-1655
52482,-5431,5423,3671,-999,-515,-947
52483,-844,-7519,-3355,-1826,-245,-51
52484,-1008,-7177,56,1891,-1978,-1372
52485,-3579,-4024,267,1003,1348,-819
52486,2503,1645,5293,75,1336,1317
52487,-2155,-4832,-7569,1639,-1620,1448
52488,3334,147,6931,-1652,-999,-930
52489,-7636,2858,-827,133,342,237
52490,-4506,2428,-4111,656,1316,-1738
52491,-30,5599,-3385,1904,-297,-535
52492,128,3436,3613,-1147,1346,441
52493,7714,4451,-187,141,-1268,1814
52494,229,1142,-6998,-108,685,226
52495,-1872,-4946,7028,-78,594,1489
52496,6750,7347,4589,-576,-1000,-923
52497,456,-7147,7759,-440,941,-1342
52498,-2665,-559,7623,-574,215,-774
52499,-1742,467,211,1459,-1475,-1020
52500,5274,-3643,6878,-44,-1772,-992
52501,-82,-7310,-7205,-712,63,-1616
52502,-3988,7930,-6832,-652,1496,1497
52503,7980,-363,-3267,976,1346,-1514
52504,6457,1825,-6874,1154,-1567,93
52505,3181,5461,2542,-105,-1758,-1007
52506,1325,-4410,-3259,1780,-1974,1094
52507,2454,-4043,3521,1966,1111,67
52508,5773,7200,-1232,-1783,1578,706
52509,-3120,2288,-4073,-1840,-1864,-1493
52510,-7196,4057,4842,-1178,-1846,780
52511,-6862,7350,4136,1201,-42,528
52512,3137,804,3831,1428,-188,-37
52513,6043,4048,-751,-1377,-1157,-1010
52514,-1672,-5072,-1633,-643,-229,1267
52515,300,-5619,1182,-927,850,477
52516,6025,3850,2500,-601,-19,-197
52517,4515,927,4732,1328,461,-35
52518,61,-4982,4810,791,366,-1195
52519,2324,4022,7477,1581,381,216
52520,-2806,6925,5062,-1397,-793,-840
52521,-7072,-499,-5904,-652,1406,1604
52522,1208,-2693,3709,294,1027,-605
52523,4735,-1317,-2126,-1866,-1058,-650
52524,5014,3509,-5368,-1346,-1441,-214
52525,-5634,-1648,6860,-370,-235,1474
52526,-3331,-1818,-2493,1589,-742,-1519
52527,4719,2466,3325,-460,479,1992
52528,3322,-890,5258,1545,905,-1639
52529,4323,5940,-1062,1165,-214,-1371
52530,-4946,4506,-4833,-403,1825,1558
52531,-2509,-6050,2036,-61,-1597,-1847
52532,-6386,-2629,-6216,-877,-162,-297
52533,1778,1206,-4699,83,-883,-821
52534,-522,-1980,1936,1578,-46,1472
52535,-7598,7344,-5963,100,-1025,298
52536,3790,6299,-4033,-1399,598,235
52537,-3130,5612,-7423,-1057,954,-750
52538,6568,-5163,-5511,666,-237,-1778
52539,-4750,-6711,-4520,1105,1378,1966
52540,-6939,-186,-6934,1836,102,-683
52541,2241,2475,-1706,-989,410,-1561
52542,2855,1604,313,1164,-926,1737
52543,-7138,4379,-6225,-1535,-1081,-215
52544,3916,2614,-593,-1927,36,-1535
52545,2841,-7003,-971,1852,493,-626
52546,-5284,-2814,5190,-1643,-506,-359
52547,-7326,4305,6661,1530,-276,1589
52548,3799,4518,6931,-370,-1924,250
52549,-5369,2500,-7848,-1444,1344,1163
52550,-120,-348,-6936,-672,556,-395
52551,3933,-1370,-7202,-1178,-1602,1267
52552,-5814,3624,-2847,-1125,-739,646
52553,4785,4038,6028,-646,1619,364
52554,-949,-7737,7893,-125,1096,1096
52555,604,7446,5811,-822,456,-1104
52556,7856,-6545,-5524,1525,-756,1129
52557,2017,-4000,-5808,1081,-1882,-1743
52558,-1883,4376,-151,-1957,1335,1417
52559,-1401,3016,-2871,-1889,-247,-1558
52560,-6014,7989,-1184,-475,-1588,583
52561,-789,6346,-3966,1858,-369,1704
52562,4840,-6836,-715,1652,-1288,585
52563,-769,-7986,-4697,-936,-167,-1729
52564,-3871,6077,-1231,-483,1842,-1729
52565,7192,-1571,1021,-938,310,-282
52566,-5628,-250,-6946,-1469,605,-855
52567,-3268,2555,-1431,644,-1151,-1656
52568,1455,-2831,6638,1292,-1798,1607
52569,-1959,5650,-5993,1694,376,1169
52570,-6597,1057,-5788,-292,-1653,-1074
52571,-3603,-2845,-6248,1191,-260,517
52572,-287,-474,1893,-1043,-284,-1292
52573,-4921,-5733,-5554,-663,-1483,-1998
52574,-7341,-4397,5835,1582,1322,-177
52575,7790,-2817,4999,589,-896,947
52576,-1915,2323,-7820,731,-1925,567
52577,-528,-765,1335,472,991,-893
52578,-5745,1966,2478,-272,1023,-1319
52579,-3555,-580,5076,1182,-1267,-1702
52580,5263,-2647,-2525,60,1648,-559
52581,1620,-2173,2697,-1835,-1675,1989
52582,6662,-2727,3934,-498,499,1683
52583,-2021,6348,5737,-554,-946,-1378
52584,1212,1352,-4221,-20,865,-1749
52585,-3645,804,-3269,-1226,-1304,-327
52586,2478,-6520,-5997,1196,1624,-1855
52587,-5762,3230,-4888,587,37,-1244
52588,-7543,276,-2836,-1512,1676,-1506
52589,-4312,1825,-1930,370,-1902,89
52590,-5199,4704,-3220,-1316,-64,1660
52591,2966,-563,-6903,-562,1535,1347
52592,3766,5997,-4775,572,4,-977
52593,-7680,-4520,7203,1104,1290,-643
52594,-2514,4082,556,-558,1829,-1215
52595,5734,7961,5571,1663,-885,1446
52596,-4412,-7069,2573,-254,-348,-1406
52597,-3278,-3229,-6839,-877,-1218,-913
52598,-5129,-4388,-7585,-1199,-395,1069
52599,-7155,-518,360,761,-1097,861
52600,-6043,-2022,-7813,141,113,1682
52601,1837,5182,2464,263,1685,-492
52602,-3554,-3000,-57,-113,1195,454
52603,5090,7411,4834,47,583,-1793
52604,-2897,-4425,-2743,-1227,-591,297
52605,6820,-6295,3422,-1681,1073,647
52606,-5797,897,-4744,1534,1689,-1897
52607,-2422,4292,1591,-1582,118,-1953
52608,2163,-1212,2139,1196,1649,-887
52609,2840,877,7785,201,-1635,873
52610,5232,-3878,-5450,1781,1287,-1906
52611,-7813,2160,3889,1728,-1575,1512
52612,3715,-6260,4573,-1203,26,1778
52613,1055,-7935,137,-1352,1187,1687
52614,4433,1214,-2073,593,-669,-387
52615,-6019,4768,5027,-1298,1746,-970
52616,3032,2949,-6412,-1475,-1190,-581
52617,-7856,4128,-7706,1417,-1767,-965
52618,5670,4292,769,-815,-744,27
52619,6394,-7869,-7520,-1173,1630,-48
52620,7326,1439,-1527,352,-1262,1206
52621,3118,-7477,-4411,-480,-378,561
52622,638,6191,-4934,114,-290,-1725
52623,3074,-6511,-1806,-114,155,-1969
52624,-6461,2882,2308,172,-1560,853
52625,680,-1134,-4254,754,-440,919
52626,5574,-7242,-1210,-1000,1292,-295
52627,4474,6812,-5388,-1416,-1921,879
52628,6286,1633,2716,1536,-1544,-637
52629,6329,6429,-7053,1509,1134,440
52630,-6396,-6303,7116,1975,77,968
52631,-3648,2389,-1363,-1812,34,728
52632,7774,2916,-3216,-953,786,-1183
52633,-3782,-5320,1375,-1364,-1781,1057
52634,-1900,-1454,1138,-1393,1480,641
52635,-3033,1116,4300,1641,1435,995
52636,3886,4443,2172,393,1927,-749
52637,3359,2857,5575,-328,1913,1019
52638,5054,1900,464,-333,553,-1937
52639,7132,1121,-4658,-393,-1012,-725
52640,3479,1250,-986,275,-952,-416
52641,-87,-6840,-943,-146,-1105,-1900
52642,1209,-4873,7236,-586,269,-719
52643,-2461,1906,344,-197,-1134,-1574
52644,1476,-6504,2726,1189,-1744,1027
52645,-6178,-4651,-343,1776,-256,1277
52646,1104,-2533,4543,-315,-465,1607
52647,-6493,-294,-5469,1690,113,387
52648,5227,-6545,-223,1967,557,216
52649,-244,4470,4914,-593,576,-300
52650,3345,-278,7429,-1514,-183,1828
52651,-513,1611,2969,1924,-1475,-186
52652,2767,3063,-2930,-1628,1783,-1753
52653,932,-3183,4819,-848,403,4
52654,-5385,-4580,-7124,1212,1989,-1282
52655,3070,-5491,6437,-1879,686,685
52656,5950,5581,-1786,1588,-483,35
52657,-1517,-5908,5832,-821,-1084,-797
52658,-6328,5911,-744,1077,353,-1376
52659,-2059,-1246,1453,-876,-1715,108
52660,-3601,7890,-7535,655,830,-1125
52661,-3875,-7509,5780,953,-921,-1829
52662,1132,-1252,-6975,-1143,671,1959
52663,-201,-4586,-389,1040,1431,1886
52664,-7599,-6989,-6143,723,967,-1570
52665,7069,4679,-3362,-83,526,-1118
52666,-3285,-7494,3776,-1237,-1466,983
52667,108,-470,6578,826,1555,13
52668,4155,5277,2283,310,-1819,976
52669,5741,415,-4963,1169,-438,-1250
52670,-6522,-1936,2405,-392,385,337
52671,-5701,-6417,2640,-465,110,98
52672,-70,6795,868,85,-464,-1174
52673,-6492,1279,-7786,224,-1444,-1697
52674,-4347,3998,3888,71,-409,-120
52675,-1060,1592,-259,-1672,-188,-333
52676,6314,3286,-5675,-1522,-307,1275
52677,874,4307,-4160,1258,-1909,1060
52678,-5075,2881,1442,144,540,-1237
52679,3573,966,-2116,-1880,-1441,1324
52680,2115,4849,4774,779,-820,1678
52681,-4105,-7447,-835,-639,412,-1290
52682,5653,6923,-175,-1669,952,1919
52683,-7251,6157,-1249,-80,-768,1919
52684,1304,-4909,6346,-227,1350,1449
52685,6288,-6698,-5053,-554,673,-883
52686,-1822,6191,4744,-896,-717,1377
52687,5863,5117,1715,-851,-465,-556
52688,2616,4373,-4972,-992,879,539
52689,6915,-3369,-5885,-1972,1408,431
52690,-1531,-3952,-213,717,607,221
52691,-7648,-4517,-5812,1984,-682,152
52692,-67,-3473,2782,339,-472,1688
52693,-655,6842,-854,-633,1023,-154
52694,1881,-6423,6265,152,553,-1612
52695,-6770,-2711,-915,-1045,-1394,451
52696,6624,1827,6760,-145,691,-1805
52697,-5707,-5073,-4954,315,-1882,-1221
52698,-6431,-1369,3479,167,997,1506
52699,-1601,2918,2603,347,-1776,1830
52700,-673,-4068,-1216,490,1892,-1103
52701,-5610,-2767,6726,-1063,586,-1493
52702,1928,-4730,-6413,67,-1030,-1423
52703,3931,3056,4687,580,-659,-354
52704,4897,-5272,-5387,1808,-1352,1315
52705,7932,7222,6515,1381,-996,1156
52706,2940,1699,-4700,-1322,1622,-807
52707,-5762,-5507,5475,-549,903,-89
52708,-5122,-6737,4921,-1686,908,68
52709,180,-6480,-634,-1619,1450,610
52710,3749,-1431,840,-760,659,-1420
52711,109,7880,799,34,1460,1939
52712,3168,7261,-7719,-155,-303,-1175
52713,5361,235,-6647,-842,-955,1388
52714,6973,-1354,1165,-1539,-1511,1766
52715,3950,-3583,3772,251,-1742,-1823
52716,-2534,7295,-4544,960,916,-1240
52717,-887,5855,6478,1325,-1503,1832
52718,-2358,-7554,-919,-1765,-975,-555
52719,-4386,6139,-5575,-1927,-1699,-1921
52720,-2045,-7425,-4699,-919,250,1559
52721,1144,4924,1516,1022,-1819,855
52722,-4213,-3259,-2139,1943,-791,-438
52723,-1831,5320,6830,-937,1716,393
52724,3894,821,4206,1158,1767,-371
52725,-1190,-3526,5483,-871,1288,-1810
52726,-1061,-211,2564,-120,694,1090
52727,-7329,-4347,4246,1621,1930,-1196
52728,3980,-7468,4279,761,-582,-1800
52729,-6617,-842,2115,-423,76,-33
52730,2264,-1326,3221,-1275,328,1054
52731,6740,2435,3043,-1536,1334,-1598
52732,-1849,1450,2099,1991,91,-1919
52733,869,-6832,426,-1507,679,-1032
52734,1124,6821,-699,-1408,1889,-463
52735,3463,2494,7268,-688,-1969,-1609
52736,-4938,-4254,1610,1380,948,95
52737,7478,-3029,-7393,107,-847,1388
52738,7513,2422,7969,-1352,337,-1714
52739,-1464,5685,6999,-552,-1004,-649
52740,-4346,5001,-7926,609,329,-1854
52741,-1710,-2791,3180,749,79,1698
52742,-5564,3683,5736,224,-1255,1755
52743,-6004,6267,3480,40,1040,1094
52744,-3339,3346,-6109,1055,1641,956
52745,-887,5843,126,-490,1581,436
52746,-321,-3495,-6488,922,-1139,-971
52747,-668,6468,6718,-370,1659,-389
52748,-2498,5666,-5871,233,686,-593
52749,7151,-6545,705,-1716,-1662,-1630
52750,-5887,7215,-5825,632,1984,-1739
52751,-1976,-7093,-3694,-848,1384,-1952
52752,6566,7977,-1252,-462,1305,222
52753,-3880,2809,-5548,841,-447,-1212
52754,-7114,-720,-1,-1971,162,300
52755,2261,1103,-7593,53,1732,1521
52756,-6532,-7103,-6560,-979,-830,-1149
52757,-7322,159,-7314,1047,827,506
52758,-6894,-1992,-2204,-1108,-669,-359
52759,3919,7196,-5636,1757,-606,1912
52760,-2670,-92,192,584,491,1102
52761,7281,7840,-4212,-525,-1006,-653
52762,4357,-2070,2561,-618,-470,-1280
52763,6436,4417,4372,225,-1798,1369
52764,-5545,-5402,7318,-1103,191,1384
52765,3825,7397,-6207,-1426,-394,1449
52766,-4979,-2158,7994,-1804,-865,-1252
52767,7315,-2378,-1199,-1537,669,52
52768,-5906,-5522,4560,730,-1550,717
52769,6599,-6380,3947,-1353,504,1028
52770,-3882,4796,-5898,-11,541,-621
52771,847,5991,6345,1823,-1690,107
52772,2741,1069,-3327,-44,-1438,1114
52773,-6360,-1277,6551,701,1623,1933
52774,-4460,-2664,5249,789,445,1163
52775,645,1580,7255,-718,1362,-868
52776,-6305,1815,-2317,1421,23,505
52777,-4114,-3173,2635,-1526,576,-1926
52778,1995,6860,-2818,1355,705,-1533
52779,3336,2210,-3742,-1634,-38,1575
52780,-95,816,651,819,-1175,932
52781,5587,-5402,3816,-1695,-740,296
52782,-5105,7994,928,1874,1051,346
52783,3951,-7908,729,432,-1745,939
52784,-5938,6674,-2508,1403,-1232,-1297
52785,4347,-2444,-5660,-1381,174,785
52786,-543,6379,-3665,-1681,192,1423
52787,-5072,237,-1672,-369,799,1945
52788,3615,5887,1580,775,292,-817
52789,1719,-3914,2649,1246,1730,431
52790,-6992,-2812,-194,-241,-1390,-297
52791,-6650,6840,-1449,1743,1697,1436
52792,-4029,-1045,6580,1460,1271,-1665
52793,-698,3977,6168,1138,1022,572
52794,-2876,3654,6168,448,240,1708
52795,-6413,-2791,-6868,-1712,-1322,-227
52796,-4868,752,4445,-1713,-1875,-1034
52797,-4107,46,5411,-1183,-1176,1162
52798,-839,1233,-6713,-1998,-1981,887
52799,-5363,1996,1326,-625,976,1834
52800,4834,6423,6637,1341,1062,-1716
52801,-5088,181,5409,-1968,-1360,753
52802,-6674,-2337,-5946,-1564,574,1212
52803,4470,-7002,-5309,1886,1515,-715
52804,-4157,-6218,6063,-1660,1050,969
52805,-5692,-212,5397,-1694,-410,1521
52806,-7382,-3472,-1660,-1753,1456,951
52807,-3211,1612,3251,-1525,-390,-244
52808,-5608,-7223,4054,-668,94,-753
52809,-959,-6495,-4114,-1162,463,105
52810,-4497,-4948,1776,-144,-866,-842
52811,-1899,7180,-6860,920,-1536,1624
52812,6507,-5578,2466,-1635,1768,342
52813,-7354,7273,2517,-1534,-463,-1183
52814,-517,6872,5443,822,1892,719
52815,5579,-5473,2794,1461,-693,146
52816,-1736,5096,1345,-365,1595,-466
52817,7414,-6916,3795,-646,726,1130
52818,-2986,-3091,-5060,484,-1065,-1778
52819,2802,-7656,-7687,520,-625,1286
52820,3258,-1650,7894,-1100,428,1902
52821,-7436,1867,-7500,-1715,-1418,-786
52822,4450,-6868,6411,1287,1058,1825
52823,-3120,-2572,3063,96,-766,452
52824,-7093,5773,-4946,-1269,974,-1166
52825,131,-1766,-5833,207,205,-686
52826,-4227,-4773,2685,-316,240,-1503
52827,7168,-6158,6079,-309,-81,-125
52828,7493,-6581,-3373,-971,-661,-1179
52829,2776,7830,-3645,-1353,-1426,-422
52830,5128,4829,-1871,-260,-29,-943
52831,-6467,7000,-5285,1243,396,313
52832,2055,1900,-4475,1798,1454,1862
52833,7931,5974,1155,243,1645,1563
52834,3780,2914,-7362,1884,-690,-1205
52835,584,1623,-233,270,1932,-1252
52836,7388,7190,-5434,774,1884,-132
52837,6318,3008,-2850,-1679,588,-80
52838,52,-6613,-6859,-803,-680,-1999
52839,-6871,6425,2396,1821,-538,-1901
52840,2212,-4326,-756,93,-1525,36
52841,-2331,1606,4266,-39,-624,-54
52842,-3531,-7040,-7392,-1359,557,-1771
52843,4414,1075,4638,640,-1926,-963
52844,3019,4754,-7399,-1056,-578,1842
52845,2706,-862,-863,-1645,-1422,-742
52846,-7691,6691,7308,-1590,850,1830
52847,-3786,2757,-7106,-1067,1119,562
52848,-2741,-5731,-7482,1008,-121,-1868
52849,-6288,6240,651,1071,1608,263
52850,-4914,2316,-4089,1654,532,-1498
52851,-5272,6397,5681,-1168,1355,139
52852,6337,-4931,-787,127,-413,1837
52853,5843,3795,4331,-1281,167,1467
52854,-3185,4346,-2248,438,976,-313
52855,2379,7351,-586,402,-17,207
52856,-2041,-7654,977,-740,870,109
52857,5755,5104,84,-494,-490,1149
52858,-7224,3537,-7068,447,182,-1120
52859,-3829,6890,1247,1627,734,1416
52860,-1323,-4153,-3007,-111,-1794,-539
52861,-846,5495,1632,1301,754,72
52862,4038,5489,71,721,1301,295
52863,4193,7849,-645,1286,1807,-1725
52864,-4901,-7535,-1201,-1036,-1189,-1592
52865,5374,-7611,-6993,-1515,-94,-46
52866,-7778,1369,2777,1060,-585,344
52867,-2055,1572,6425,-1618,919,1776
52868,6183,-7431,-2151,1720,457,-770
52869,6253,-1929,4808,1414,-891,-1379
52870,943,6579,1358,-392,-1276,422
52871,-510,-5862,-1959,578,157,-1088
52872,7083,-6461,-5021,-1635,1466,1652
52873,105,1719,-2857,1565,1751,-1202
52874,5589,187,1711,-571,143,-1529
52875,-5973,6243,-5147,504,67,-151
52876,1498,1470,7257,591,1590,939
52877,-121,-1037,-4477,-300,1814,-893
52878,-1445,-819,-831,1092,123,1140
52879,3119,-7590,2739,1891,219,236
52880,7414,284,3467,-840,-555,-547
52881,4675,-3797,-3183,-1879,1873,-767
52882,6943,-7528,5149,-1975,934,781
52883,2745,1042,-2265,-673,-688,-352
52884,7650,1314,3289,-1588,-218,495
52885,-4341,2046,4410,33,-1852,283
52886,-2305,-3900,-5388,-1338,406,868
52887,-6706,6349,6000,928,1141,-1242
52888,3034,-7497,2285,-327,-213,-1935
52889,5507,6502,-2531,63,1006,-1089
52890,-3053,-6185,2253,-1083,548,-472
52891,-3049,-4571,2540,-1333,1758,-1404
52892,5989,-3507,2050,49,-483,1957
52893,-6992,-4645,3576,1332,-1541,1837
52894,-3196,7998,-4542,-1301,1720,1396
52895,-6395,-3997,-846,1191,1018,913
52896,-831,-3142,1953,305,1691,1867
52897,-6957,-1659,-6826,-1813,-281,-1482
52898,1783,7199,-6731,-1703,496,-128
52899,7937,3475,299,293,1067,-1886
52900,-4688,1992,-4849,-1359,-556,440
52901,-7603,-4777,-327,-1047,-99,381
52902,-2827,-3651,2921,1159,-1718,943
52903,-1759,-4149,3550,380,171,492
52904,3049,4111,1898,-1322,-343,-432
52905,5360,-5229,2599,-277,165,-65
52906,-7812,-1507,-5839,-1871,1823,1361
52907,-6533,6310,-382,-1032,-1180,-199
52908,-2683,-7051,-1759,1282,-1748,-897
52909,-1840,-400,-1715,747,1329,-198
52910,2064,-3035,2823,-811,-1140,-1623
52911,-6042,-1364,4437,1080,-1718,1963
52912,682,4505,709,-1038,1096,794
52913,-4764,1319,-3049,-1024,104,-1214
52914,1319,4771,-4182,-852,712,-1209
52915,5945,6937,-357,1633,1400,-772
52916,-6377,2258,-131,-1357,1707,1516
52917,2539,-3478,363,1356,-1956,1355
52918,1983,286,-65,-202,-559,-576
52919,-2478,350,-5457,308,-357,51
52920,-5928,7113,-4921,-1768,1834,1689
52921,5454,7865,569,685,1634,1518
52922,-4135,-177,-4079,1433,-419,-387
52923,-4359,4824,-153,383,1335,-1231
52924,-2282,-3079,-5200,-1009,1009,363
52925,-629,-4200,-7342,-704,1423,-754
52926,-4126,-994,2369,-1617,1667,-1473
52927,353,-5139,-6529,1156,-264,-457
52928,5518,4734,-7226,1638,-655,-342
52929,-5977,-2169,-6093,830,396,1531
52930,699,-1757,-369,1046,257,-1892
52931,-6908,-3415,-5884,-1139,1479,-1918
52932,-1108,4073,1828,1166,538,225
52933,4620,2925,6014,-1412,-545,1327
52934,-2880,2185,2240,-1556,743,1504
52935,-4805,3527,2464,-824,-1098,562
52936,-3781,-7320,-1965,-560,1766,1915
52937,-2188,2376,2175,319,-1494,-1492
52938,-7876,336,-5223,-928,-1472,-1030
52939,7723,-1225,624,1641,-239,-1748
52940,-2078,-5307,6295,-1817,1321,1481
52941,-3601,6859,7559,70,1966,-384
52942,-7717,-6506,5651,122,-1586,-1323
52943,-7491,3808,5862,-326,1520,1238
52944,-6234,7926,1785,443,-557,-69
52945,5815,-7934,7636,1907,163,1718
52946,-1021,-6960,1412,630,-282,1459
52947,3489,-649,2370,1817,-171,-1697
52948,-4679,-1264,4520,789,-436,398
52949,5077,7259,-3137,-1785,-931,202
52950,4827,7948,-4457,-281,-355,796
52951,2120,2432,355,-593,118,215
52952,-4255,-5678,-613,565,-1470,384
52953,-659,1185,913,-200,1184,-251
52954,-759,-2778,-6338,-1840,-479,-731
52955,4228,3769,-2350,34,2,-1926
52956,-1043,4813,6476,-1820,-301,-1188
52957,-2817,2361,-4607,92,554,126
52958,-6949,-4327,-7630,1276,485,24
52959,1178,937,-4780,-1169,-88,344
52960,-2702,7318,2902,1475,108,-22
52961,2199,-6224,-4819,-1871,-4,1384
52962,605,-4306,-415,532,-1057,-1770
52963,1671,6374,4766,1314,1142,1718
52964,7242,-4912,-4952,-1116,-427,1736
52965,6882,7908,-4885,-566,-1081,-151
52966,2505,-7544,889,1659,-1828,-1714
52967,-6962,-27,5364,-1082,1828,1188
52968,3686,2762,-3333,1358,1641,803
52969,4956,-598,-2364,586,-280,1402
52970,-3265,1385,-2958,746,-1497,144
52971,7236,-992,5521,-1531,1358,1048
52972,-2170,-6328,-4496,-1463,-231,-76
52973,15,4815,-5700,1052,-729,-672
52974,1430,-2396,6252,490,934,516
52975,6811,-3781,1436,1150,1393,647
52976,6125,-4466,4888,694,1941,-1431
52977,5958,3874,2234,-289,-217,-582
52978,-4985,-2236,7439,501,1098,-944
52979,1904,5806,-2734,800,-1531,1330
52980,-7297,-6774,-66,1374,333,517
52981,3123,429,-5697,-442,1274,1993
52982,2773,-673,-3064,-1904,-738,1229
52983,-3880,-164,4983,699,-241,334
52984,-683,311,-6392,-1521,-216,428
52985,-1451,-7316,-4862,-658,-1941,1242
52986,-812,-6993,-5793,-1250,-1286,-580
52987,-4330,-2957,2252,1418,732,-609
52988,-936,6817,-2894,486,1979,-165
52989,-6189,2864,3150,1166,-1208,1518
52990,-7617,5570,-2300,997,894,-848
52991,2436,2199,-1175,1092,266,-601
52992,-2922,-5839,1868,879,930,917
52993,-6152,-7594,7252,1752,316,-1549
52994,-5333,816,1832,-816,1208,-1578
52995,-7505,778,-1534,369,1521,371
52996,-5151,-610,-7652,811,-297,-900
52997,-5168,6340,-40,-619,203,420
52998,2253,-6413,2367,-1338,841,-1026
52999,1019,-7626,-1891,-1163,605,-202
53000,7252,1905,-1097,-1201,1968,143
53001,3265,-4173,-3191,-427,-1279,-1510
53002,-6988,3662,-1234,1899,-1105,-1280
53003,-4849,5295,-6355,40,-957,1182
53004,4821,-5555,-2671,-641,-1137,-213
53005,-4474,2894,7827,443,1450,-1403
53006,5124,5579,4307,-1173,-851,148
53007,4407,4581,-4921,1177,-628,-418
53008,7359,5829,-5898,471,804,1871
53009,6649,1400,4378,-1619,463,590
53010,7378,4348,1583,1898,-655,-1217
53011,-3048,-6839,-2263,1441,-1127,-733
53012,-1322,-1689,133,-1322,265,-97
53013,5996,757,-491,-1712,-1996,-1792
53014,-7083,-3455,7973,549,1424,-1600
53015,2366,2373,5640,1202,1180,980
53016,-505,6263,3411,1122,-918,-338
53017,-2516,-6772,-168,582,1382,1082
53018,5923,-270,-4602,899,-1173,-1853
53019,4966,7381,4655,-906,-47,801
53020,1509,5523,6783,-1845,-37,894
53021,1036,-4210,-1320,-1163,-5,1889
53022,2826,4374,6196,-752,509,-1986
53023,2826,-5721,-1311,616,1352,-1531
53024,2382,-4829,-927,-820,-1137,-1379
53025,3773,7899,-7439,-739,-905,-181
53026,5500,6100,4189,-1943,-1185,987
53027,6487,-3086,-6086,-909,-357,-1395
53028,7502,-7456,7330,448,563,-937
53029,-1203,-4529,-2065,533,1060,-1898
53030,-5586,-3914,3606,384,1031,-1053
53031,7673,-7843,-7863,1083,-1744,-1923
53032,4601,-3554,-7903,1532,1246,-252
53033,5738,-934,-2829,1872,259,1222
53034,5623,713,-5863,1758,118,521
53035,-1796,-1017,5366,-83,-1289,367
53036,-226,435,4185,1548,297,-636
53037,-6731,4052,-1817,599,539,-562
53038,195,2732,3923,345,170,-649
53039,4543,-4716,-7968,-1445,259,-1112
53040,71,-6096,-1068,1942,-1832,-1657
53041,-6479,262,245,-1157,-1187,1134
53042,-1985,-2960,-6600,1201,-1450,-1155
53043,-4333,-6306,6923,-678,-721,-150
53044,-2106,-2347,1465,1976,37,774
53045,1066,-1636,-4059,417,-733,1772
53046,-937,4237,1689,1409,1471,541
53047,7205,195,-5819,-278,-1954,372
53048,7090,-5038,-3802,635,-389,-192
53049,-4733,7059,3832,-1708,1232,-1737
53050,4031,-6045,2885,-1823,-696,1478
53051,7936,837,1985,-1942,-1299,507
53052,-2677,1941,6520,-433,976,160
53053,-7735,-3140,4052,-146,-1738,-124
53054,4153,-26,6380,1607,746,-407
53055,-5315,7275,5603,1649,-111,-660
53056,7482,1518,-6287,-239,-243,1927
53057,-704,3836,-1022,-245,488,612
53058,1200,7365,-2861,-462,-1728,1452
53059,-7405,-7006,2705,-552,1624,-456
53060,2400,-1641,-5694,1294,1624,904
53061,4385,2339,-7581,1497,-1799,952
53062,-3949,5343,-3243,-458,-629,352
53063,-4037,-5408,643,979,-1077,-541
53064,4031,-1196,4685,-1951,-1267,1173
53065,5580,-5046,-1447,-890,-1909,-1723
53066,2899,3062,1821,1771,-1477,-217
53067,2054,7889,7348,-700,-729,-840
53068,1709,7028,6649,-256,685,-544
53069,2277,-5824,1855,1144,648,1004
53070,-5518,2929,3185,-1670,1733,242
53071,2139,-5121,-3157,1781,1567,1543
53072,5022,7538,-5663,-679,-1658,-1699
53073,4423,7100,-256,1853,-1280,835
53074,-1995,-3821,6590,-425,1246,-1004
53075,6239,6554,3226,-1442,548,1797
53076,5805,-5654,3551,66,-151,1188
53077,7423,-1972,5776,1113,946,-1317
53078,2932,543,6828,364,-715,1575
53079,-6164,942,-3392,-529,-1467,-684
53080,-2805,-2799,5691,-138,1826,-238
53081,5930,-4507,3489,1742,1174,529
53082,-6388,-4862,3423,-151,1702,178
53083,591,7305,-4525,-1910,-27,-1339
53084,-1698,-2211,5404,413,-1886,393
53085,7676,5726,3263,-196,-1225,115
53086,807,7418,-7641,-534,-409,-188
53087,-240,3418,4327,740,-1556,-1108
53088,902,-1990,-7377,-947,-1964,892
53089,-905,-6870,-6246,-1455,1273,1415
53090,2913,6704,-5187,1188,-1421,1829
53091,3390,820,3307,-266,-769,837
53092,-5899,3103,-4440,958,1393,533
53093,-6385,-5944,-4144,358,-1283,-972
53094,3045,-5725,6381,135,748,1201
53095,-591,3850,-1080,1980,1437,-25
53096,-3466,3494,7445,-1555,1232,1367
53097,3613,-2650,-6555,1772,-1258,1267
53098,1029,-2896,864,-946,-1447,-922
53099,-6512,2821,6915,366,-647,928
53100,2611,-4011,1981,-143,-342,107
53101,1460,304,1767,-941,1290,-1451
53102,4610,-3335,6920,-1756,-37,-211
53103,4165,6150,810,-1141,937,450
53104,993,7668,5907,245,-1619,1647
53105,-4600,4958,-1040,-681,1408,-1915
53106,-6492,7504,-234,-1284,1510,1979
53107,1613,-1121,2085,352,-1022,-1732
53108,-3038,3659,2387,719,1729,1997
53109,-6580,-5868,-7351,-618,1914,479
53110,-2253,-7240,-5144,-1832,1915,-527
53111,-706,-970,160,-947,-1810,-1111
53112,7125,-1795,7227,-1046,-1725,1827
53113,-2755,-6890,-5902,1230,173,1590
53114,7580,4918,-5548,-1617,749,-189
53115,1897,-1655,2732,223,1788,-728
53116,12,-1529,1530,-17,-1966,-15
53117,-124,3591,-5651,-1811,-397,733
53118,7903,-3964,4006,1144,-347,-1887
53119,2022,3428,7781,358,389,504
53120,-7874,-1907,869,-1484,1128,-1701
53121,-427,-1344,2840,-1465,1250,-1755
53122,7681,6489,3601,1771,-1585,1083
53123,-5488,-336,-90,-1338,-1842,1124
53124,370,-3768,-7093,1310,-21,-297
53125,7091,7011,5599,70,-1349,-786
53126,4243,1303,4383,-562,-439,-1540
53127,-1259,-2944,-1743,1007,579,-504
53128,-3815,3929,-1935,-1203,-1846,1620
53129,4078,-3302,3097,579,-94,1375
53130,1918,-2291,-4372,-100,1118,-344
53131,-7553,-3834,6422,80,888,1654
53132,68,3184,-6388,748,1903,776
53133,-4106,5159,6704,-1131,1119,-1632
53134,-5336,-3194,-404,-172,1228,-653
53135,4211,7969,7971,-925,687,424
53136,-7237,2260,-1461,1183,-1576,316
53137,3190,1349,7757,-1708,1463,-891
53138,6574,-7020,-4819,-1296,-466,183
53139,-7063,-5754,236,-878,771,109
53140,-6477,-910,7060,1711,446,-1554
53141,-7993,-5772,-5981,1533,997,113
53142,816,5132,7442,-985,458,1174
53143,5256,-7052,-3709,1560,567,-388
53144,3474,-2179,-706,-1932,1892,-939
53145,-730,5584,2281,866,-1016,-388
53146,-2413,-3484,6537,-111,-1515,1350
53147,372,3817,4691,612,-754,-1739
53148,-1203,60,-6816,1682,560,747
53149,2732,-1744,-6437,-1605,-74,-121
53150,-1195,3556,5828,-863,-1049,-1160
53151,6682,-5577,290,-534,1951,1600
53152,-4117,-3494,7854,1494,1848,665
53153,-1527,-3517,-618,-1099,110,-1032
53154,-5213,4868,4242,-343,-1379,-38
53155,-7706,4970,5971,1936,1384,-1208
53156,628,-978,-2928,1625,478,1582
53157,5876,-210,-5838,-392,-1110,1362
53158,-6474,-2900,-5757,-956,-479,890
53159,-4343,-5837,1274,685,-1287,1785
53160,4455,7243,-335,8,-440,-1929
53161,3290,3025,6341,-1917,-1429,999
53162,3011,-4691,2585,-1835,260,262
53163,7654,-7718,7756,-265,608,1796
53164,-5625,5997,-5481,-314,1116,636
53165,-5331,-1679,1276,1132,-1355,-1162
53166,-3007,1641,-3809,-931,-245,1555
53167,-3320,-7653,-1859,-1076,-975,-1025
53168,-2403,-6843,6657,-1632,633,-1935
53169,-2181,-4558,5000,665,871,-438
53170,6101,4857,78,1685,617,-142
53171,-3035,-2606,-7803,1176,-1596,-116
53172,-3099,365,-915,-1610,1435,1106
53173,-776,-4843,-3518,1629,-607,-1982
53174,2411,5167,1511,1104,257,-1301
53175,4190,-4136,2005,76,651,-73
53176,2614,3226,-4461,1265,1369,199
53177,-3272,4366,3287,-1915,-1372,1865
53178,-1816,1290,-701,-1422,-1157,-155
53179,-2725,-7570,4310,1280,1670,26
53180,6980,7629,1696,-533,857,207
53181,7689,-6153,5438,-1941,-1091,-792
53182,-1627,510,894,1382,793,-1188
53183,-3240,127,-4449,-507,42,-1502
53184,-149,4544,-491,-1812,1257,-560
53185,-7633,-6954,-890,-1690,-726,1778
53186,1735,894,566,-1523,-117,1540
53187,-911,1174,-354,1013,1523,455
53188,2405,7553,-239,494,20,-572
53189,-7441,357,-4487,-371,1905,-268
53190,6737,-2749,4480,-1033,-108,-1523
53191,-4586,-3391,-416,1361,-1879,-1253
53192,-1400,-5525,-2571,184,491,666
53193,1440,-5794,623,1240,-557,-233
53194,-3241,-165,3220,-893,1606,1443
53195,-7834,6339,-1787,988,-1124,928
53196,7430,7841,-6195,343,-389,1538
53197,-4019,6967,-2152,-924,111,-718
53198,145,-6855,6557,702,1151,-1187
53199,-7096,4259,-1475,-1604,91,-1906
53200,4716,-7976,-7457,1269,262,-1049
53201,-543,7064,975,1351,-284,1979
53202,5822,-7381,-2448,-732,842,-1170
53203,4128,-4744,-6853,1947,-1978,-988
53204,1240,-6119,-321,67,1852,-1594
53205,937,5565,3661,1389,-1625,-535
53206,-4080,6973,4423,1759,-1522,-75
53207,7464,-2995,-4723,-1225,173,1244
53208,-7631,7612,-6316,1371,-645,185
53209,-310,-1648,-5255,-1363,-379,-1682
53210,1819,3370,7405,452,-1114,1538
53211,5887,3299,5353,1910,-320,-841
53212,7012,5850,841,-1118,-230,1211
53213,-7053,5010,1837,720,1665,1575
53214,1528,2750,-544,-828,-1077,-576
53215,-165,1683,5736,-1345,275,636
53216,-6459,4686,-5323,-54,453,-241
53217,-7220,-2066,-3811,190,-523,-999
53218,-2541,-6093,7608,1765,-801,-362
53219,6420,-3776,-6010,-1933,1581,1503
53220,6424,-6306,4089,-1481,1541,313
53221,4197,6675,-5115,1184,553,-1576
53222,529,-5871,1710,602,-744,568
53223,1676,7153,-5633,1480,-330,1377
53224,6113,-4704,-6946,419,1266,1986
53225,4622,-7633,-6695,338,1912,1126
53226,7356,-3559,3506,-92,-1572,-840
53227,-2382,-1104,3345,-1456,677,-1362
53228,-6821,-7269,7891,-1846,-290,-1120
53229,-7024,7329,-5813,1062,489,-1277
53230,226,-4025,4090,-823,1411,1225
53231,373,1218,-4481,-1836,1813,-661
53232,-5521,-4684,410,445,1566,545
53233,4045,-5784,-6364,1468,760,-842
53234,6261,306,-107,1430,469,1075
53235,2575,-1294,6954,457,777,917
53236,1774,-6548,4397,1801,-1379,-400
53237,-6,2489,3772,1349,84,225
53238,-22,-5928,-4121,-324,31,899
53239,-6205,210,-7112,-1460,-1036,-1481
53240,397,-1838,2997,333,1625,536
53241,-6964,5089,5054,878,-1913,247
53242,1647,-4719,-2034,-15,181,1670
53243,2213,1118,2181,-121,-533,517
53244,5424,-1397,-4132,1948,1132,1259
53245,-3075,-2149,-7884,109,-1080,593
53246,7236,7765,-3075,-1307,1047,797
53247,-4611,7335,1815,197,-1498,-582
53248,-5220,-7251,-4998,563,1490,1300
53249,5500,5124,-2058,-1107,-1620,-78
53250,-5472,1214,-6711,-43,1261,-1092
53251,-2402,-5579,709,-587,1773,1273
53252,-7673,7962,608,-871,-1979,1584
53253,1558,743,-3520,-358,211,1391
53254,-3642,1724,-2512,-814,1145,-1197
53255,3536,-1407,-3620,-241,398,412
53256,-6919,-7597,-2553,-1451,434,495
53257,-4937,5653,1833,-69,15,-1265
53258,-5731,-6692,-498,1413,-503,1348
53259,-2739,5691,-2973,-427,949,-1064
53260,-1635,2646,-4530,-599,-660,1296
53261,-3694,3030,1638,-303,1556,863
53262,-3740,2903,838,188,644,263
53263,-4141,2841,637,-341,116,170
53264,-5498,-385,5385,1247,-1525,-1525
53265,-815,-5466,-4746,-160,-881,1978
53266,919,740,-4270,-1440,753,-1563
53267,-1620,7130,-7567,-1468,-656,-611
53268,-878,7513,3282,-372,-823,-600
53269,-5398,427,459,-1888,182,698
53270,-5216,-189,-1461,1741,-144,-64
53271,-7606,-1473,4376,-1312,-1414,424
53272,3115,4321,-1458,-1874,-1930,-1184
53273,1987,-921,7761,-1570,-1396,703
53274,-6453,4912,4426,-1309,1212,202
53275,-921,2274,-1976,1929,357,1266
53276,-6214,-1947,-1759,452,42,1055
53277,-1283,458,-2814,-1030,446,-1636
53278,-7049,3589,-4670,925,-1602,-331
53279,-609,5809,825,1381,1343,986
53280,7597,-6502,-5059,-1807,579,248
53281,-7587,7397,-7635,222,-576,395
53282,-759,601,-1173,1923,151,-1246
53283,6132,4467,-6427,499,696,344
53284,-1668,-1086,-5668,-1367,464,-1770
53285,-3410,3849,-785,-1653,1151,-690
53286,-4375,4038,-1992,15,-980,609
53287,-6365,3115,-2954,-886,783,-1046
53288,49,-7417,7611,518,-1286,966
53289,4307,-5770,-6232,745,617,1462
53290,-7074,-1837,-1147,-524,-125,-761
53291,415,-5486,-4036,-1971,-349,1654
53292,6885,-7264,-4583,-1860,-1728,474
53293,5642,2741,2921,-1908,568,1456
53294,-1091,-4491,-2202,1531,1499,-837
53295,-3237,-4255,4517,407,-142,189
53296,-4754,-5207,6817,-177,-529,1083
53297,-7454,7283,7813,887,1462,-1483
53298,-6814,-6467,-2763,1469,-1536,1874
53299,-7631,7406,-2425,-413,-218,33
53300,3784,-656,-7007,996,229,-124
53301,-4462,2864,-179,-1369,-58,-85
53302,1322,1732,2867,-752,-855,-1149
53303,-3992,-6101,-2370,1048,1006,896
53304,7339,5115,-7256,-1835,1151,-58
53305,-2838,-7340,2491,1734,1389,-1398
53306,-6280,6290,-4306,31,-1258,351
53307,-3143,7328,-6328,94,-1861,537
53308,-4363,-1052,6389,-260,-1911,-1527
53309,-5871,710,-6797,1244,1503,-408
53310,-3946,2456,-5892,-1809,-1653,494
53311,-39,-439,-2412,876,-329,1584
53312,-4532,-6754,-287,-1317,700,-1299
53313,-1858,4649,-2979,-1801,-1466,954
53314,-944,1835,-5798,1639,1017,1976
53315,-1821,981,-1761,1524,-1954,1568
53316,-3595,-5903,-6383,-1174,-29,-1909
53317,314,-7075,178,-891,-1771,1814
53318,4415,113,6071,-1241,-1081,-1304
53319,24,1296,4171,1958,1095,-1093
53320,520,-5032,-2504,-1666,746,1674
53321,838,7977,6982,-1796,-548,548
53322,-4758,-2468,103,2,540,-212
53323,-2030,3434,-1812,1918,-583,-592
53324,-6226,-3579,3639,-1552,1488,-446
53325,-1319,-6311,1395,-1594,1341,-621
53326,1310,-105,4415,1413,-617,472
53327,65,-5162,-4433,1406,-1650,1469
53328,-5510,3440,-4501,-1474,-555,199
53329,-1174,1809,-6494,1102,1116,1240
53330,-2405,2288,-319,-1105,1175,1896
53331,-6376,-1716,-2907,836,-697,-1839
53332,-1398,6797,-3683,-485,-122,-658
53333,-4238,1821,-2623,1467,680,893
53334,2051,-2541,5570,-1075,-1698,1565
53335,-6504,-5013,-3511,-1561,-1143,1073
53336,1262,-1980,5611,1126,-1420,1521
53337,19,764,608,734,1725,1197
53338,4941,-2458,-4484,737,1688,-23
53339,3110,-1224,4822,-171,864,-421
53340,-3565,-5990,4709,-422,-336,-429
53341,-6612,7648,6159,799,1747,775
53342,-3570,5526,1007,-514,-1604,887
53343,1170,-2495,4108,-1359,1276,982
53344,5230,-2894,1790,1608,-1177,440
53345,-2914,-4266,6397,-582,-241,249
53346,5032,-7076,-7204,-296,-1592,-1941
53347,-4641,-6208,6950,1039,-1022,1352
53348,-63,264,1900,-1383,42,-1868
53349,-4257,4518,7581,1483,-493,-517
53350,-414,-5843,6462,1308,1921,-1508
53351,-540,7170,-4615,-644,1555,358
53352,6147,5161,-2772,-1864,1714,147
53353,768,1694,6796,489,-1875,-1374
53354,-6399,-996,-6268,1304,1157,-1756
53355,-6406,-5480,-179,809,-832,-1824
53356,-255,7545,698,579,1198,1760
53357,-2529,-1887,-2745,1928,1310,-1422
53358,3248,1767,5980,-1583,-1732,-643
53359,2081,-4231,7701,1665,-1591,715
53360,-6311,-7982,-7970,1560,252,1954
53361,6467,-5252,-6343,697,1384,1573
53362,3076,1417,7588,1849,-1868,585
53363,-663,5096,-4580,1911,533,-1236
53364,-3413,1342,-3515,1546,-530,-1454
53365,-3054,4512,-5457,-59,-1230,1414
53366,-6882,-3965,-6162,-769,-1087,-1690
53367,4249,2216,6045,504,1582,-1978
53368,7143,-7526,4208,-1193,-797,-203
53369,-803,5542,-1887,586,1577,1524
53370,-2238,474,1513,-473,1415,254
53371,-2483,4647,-1784,1616,-930,111
53372,247,5805,-4745,-553,-743,285
53373,1786,7022,-6470,120,1996,-591
53374,-3002,-6970,-7089,281,-1927,-1473
53375,3326,-39,-6743,415,-106,-1418
53376,-1351,-6277,-5976,1405,-940,-571
53377,-3236,752,-3599,366,818,-1925
53378,3471,1166,1506,-941,472,-567
53379,-1444,4150,-191,-217,1685,938
53380,-1429,6236,-5722,-420,1469,190
53381,-5493,-5074,7190,-284,600,-1527
53382,5997,-3911,4275,1944,468,-1571
53383,6641,-4439,-3996,1664,225,1006
53384,5441,-1924,6434,114,-1806,476
53385,-788,4314,6924,-515,-853,240
53386,803,2965,2514,-562,-419,-439
53387,3599,2057,4796,1673,1242,-1623
53388,1130,-6747,3113,1245,604,286
53389,-4408,3587,-6312,-1437,382,-1585
53390,6410,2471,-497,-1925,-764,-286
53391,6082,413,-4809,240,-1648,1767
53392,-1323,-731,219,-1387,-1600,792
53393,-7123,6635,-901,-31,635,1953
53394,2349,-2008,-4281,89,1484,852
53395,6050,-2945,1534,-1897,-1903,-131
53396,2781,4736,-3315,1887,280,-607
53397,1281,5013,7939,-884,-838,-1462
53398,1193,-6316,3668,-226,-648,-1678
53399,4567,6420,5166,-1482,-717,-1367
53400,3177,-2941,3997,-521,-32,-682
53401,-2975,-160,4927,1913,667,-135
53402,-5665,4025,-3786,-884,1473,931
53403,1380,-311,-3767,-607,-1419,-1013
53404,3940,-3692,-4852,955,-277,1151
53405,1806,-5746,-1393,508,-1495,1460
53406,-5278,-3034,-2200,462,-1446,-429
53407,-3494,2496,-2174,-1347,42,872
53408,2899,-5733,2312,-1199,270,338
53409,-5688,-6599,-664,-1692,-677,719
53410,3721,-7255,6447,-30,-1282,1597
53411,1004,-557,-2890,1660,202,-1352
53412,5313,-2374,7265,534,-1018,-1660
53413,5440,3214,-1549,-1612,-1367,-297
53414,6229,6214,-6024,-1663,1362,1631
53415,-4257,-4594,-5201,543,1364,-1070
53416,-4142,6319,-4303,-572,123,763
53417,-7674,5268,6591,940,837,-826
53418,-5545,-4119,5121,-1043,1492,-1798
53419,-4883,1989,-1340,-1073,-442,-1072
53420,-4097,-7171,5536,-807,1888,-603
53421,-3717,-4501,6345,679,-1847,1760
53422,1769,3941,2009,-1082,1311,1924
53423,6746,5817,-5944,1490,1286,1529
53424,5929,-6297,3642,1109,-1417,1756
53425,2973,7149,7820,952,-1415,853
53426,4204,-348,-2599,-520,-1664,-1137
53427,-6323,-3615,-537,1758,1460,-647
53428,-803,-7983,-5700,1028,-245,838
53429,6058,-1363,6608,-75,-1518,-53
53430,470,-5764,6116,1069,344,577
53431,590,-6169,6434,-690,1133,454
53432,-4423,1067,5974,-1701,38,473
53433,-5556,5338,7735,-565,1401,-184
53434,-3546,6013,3329,-975,1995,1264
53435,-3175,-4319,4504,-886,1900,1208
53436,5588,-2595,-1715,-1166,-325,280
53437,7776,-6739,412,1639,452,1252
53438,1986,-7571,-5296,-1600,436,1447
53439,-6069,4384,-4478,-381,1473,-1009
53440,-6499,-5092,-7872,1293,1997,-860
53441,-6311,5455,635,128,-162,528
53442,-1166,-6139,6009,530,717,-1276
53443,5089,2284,7585,253,-977,-438
53444,-7947,2978,-5349,535,-400,-1152
53445,-7651,2538,-1970,-1441,-1897,1460
53446,2906,197,-2916,-1880,-1704,-159
53447,7878,-5997,-6626,-1567,-1308,1957
53448,-2621,-2694,-3299,313,646,1445
53449,-1269,3716,-7277,1552,-1552,1008
53450,3103,-5662,6120,-1048,1296,-603
53451,5525,-3064,-5545,-543,1086,253
53452,-1962,-2663,-4841,-58,290,-1839
53453,-6239,-7680,-5312,400,256,-735
53454,-2439,-6854,-2293,927,704,-370
53455,3970,-6657,3110,1119,1735,414
53456,2005,-2077,-995,-238,-1034,-254
53457,-7092,4082,5534,1167,1650,222
53458,-5958,4441,2788,1837,1634,447
53459,-6484,-3907,2097,-517,733,-1302
53460,-7502,5660,793,882,-1237,-727
53461,-384,5927,-1246,-1095,1175,1701
53462,768,-716,-1998,-196,1569,898
53463,-6476,4582,5978,-983,293,-281
53464,5261,-5543,4799,1042,-616,-631
53465,-3568,5330,2439,-539,660,-1550
53466,-10,903,-478,1085,864,-858
53467,-5042,-7972,6424,681,962,-1933
53468,-7681,5078,-7929,573,1555,1299
53469,2925,-6630,-1087,1086,1654,5
53470,7578,-2058,-2836,1984,-1297,-683
53471,-852,6931,-4635,746,797,-1171
53472,6694,-5051,-4006,-747,1751,1716
53473,-5558,-5811,3873,-196,1665,-1302
53474,5878,3898,1814,40,1756,760
53475,-2309,-6666,440,-28,1810,614
53476,-4584,-6223,6369,713,-1860,-1931
53477,-1546,967,-7590,115,1778,-226
53478,1316,3418,4374,1711,-944,-405
53479,-3262,-6195,5138,512,15,1580
53480,-1012,-6399,4585,-246,1352,188
53481,-6437,-1140,1,543,1698,858
53482,3191,7407,-673,-467,35,1645
53483,4410,295,-2961,-987,-349,1459
53484,5270,5125,-5893,-1523,1287,-1178
53485,-4826,223,464,-1059,110,-1260
53486,85,2555,1651,1991,-1674,1657
53487,2352,1868,2877,-431,5,274
53488,2369,297,-1736,-930,1741,1886
53489,1532,-5038,-5777,1214,1804,1111
53490,-5221,6068,3384,-284,979,-1983
53491,-5940,5295,-6772,1318,-649,-274
53492,-369,-6303,-6649,-427,-342,411
53493,-2505,5785,3020,241,722,1984
53494,-5689,-7146,4103,1672,-1452,-887
53495,-3204,6713,-279,-291,99,288
53496,6913,-4025,271,-1395,-1956,1396
53497,-7385,5943,-149,-314,1924,-619
53498,1982,-7662,-3650,-1009,-424,-414
53499,5694,-7484,-6216,-1704,-1330,515
53500,6264,-1148,-2210,-1039,150,1581
53501,-6065,-4034,-7212,-1735,606,-17
53502,4718,1502,7580,-1393,-110,-705
53503,6872,331,-2118,356,-1733,304
53504,3380,6576,1335,-323,65,-1055
53505,-2280,-277,-4489,280,-454,-695
53506,3818,-6082,3857,1586,1226,1390
53507,658,-7440,-2024,-1639,-877,1265
53508,2297,4887,-5124,-1345,-1593,1776
53509,-2476,-1491,-4923,-257,-443,232
53510,6109,-2755,6349,721,120,1450
53511,3295,-3762,-3447,-805,-820,-540
53512,3994,-1469,-5699,55,-474,1299
53513,2752,1721,-7737,1138,-153,1273
53514,7290,4262,6566,773,1001,917
53515,-5935,-183,-6560,853,624,-1963
53516,-3918,-7928,-2610,625,1668,-259
53517,-6232,7216,2203,535,36,-67
53518,-1996,-2883,-4633,-177,-1997,-882
53519,5316,-7545,-1924,-148,788,-1643
53520,3810,-5328,4169,1604,89,1552
53521,-5576,-2613,54,-1274,51,-743
53522,981,7598,3907,1854,-1505,1805
53523,-3709,4121,2868,1070,-692,-706
53524,-624,-4141,1378,-830,-933,-1623
53525,-158,-4660,7490,-769,184,-823
53526,-1185,-7558,-166,1682,-1247,776
53527,4419,1403,2448,-652,1662,-1217
53528,675,4789,4632,-361,1682,507
53529,-3974,552,7182,-346,144,1051
53530,-955,-6769,-3445,578,-830,-283
53531,2858,2498,5812,-1313,466,108
53532,7441,7294,4580,-1272,1381,700
53533,478,4337,-3590,-307,-130,-810
53534,656,-5226,1174,1407,8,750
53535,-7555,5891,-6680,1507,1975,-1544
53536,1916,43,1715,-947,-678,1574
53537,7920,-3196,6699,-1714,655,976
53538,7930,-3579,-5464,-1409,-1299,973
53539,3844,4258,2180,-1010,-1823,-100
53540,-4938,-5426,-7446,890,315,1458
53541,2603,-2665,-2116,-519,-1587,-473
53542,-937,5698,-6123,1077,-194,1323
53543,1298,-3124,1781,368,-554,-1397
53544,6640,3081,-4675,186,1410,-486
53545,-3899,1767,-1203,440,-651,-1814
53546,-925,-555,-4316,1410,-1887,-1263
53547,-7414,-2836,6616,1334,-1220,1722
53548,-5638,-1035,6896,391,-1393,283
53549,5689,-401,3774,-1602,-240,813
53550,7439,-5240,4969,1025,-1376,1594
53551,-6659,-3521,-2522,1097,1941,445
53552,-3691,2978,384,815,-1063,1772
53553,1359,1515,5408,-1703,-928,1211
53554,-1515,3222,-7479,1,1799,1567
53555,-4356,-4527,5676,-78,966,-607
53556,-2876,3341,-1147,-1659,-1815,749
53557,1944,-2849,7397,1263,-1621,343
53558,-3748,5617,5086,1799,-226,-393
53559,-764,-2871,-1720,1011,464,1149
53560,2416,-7202,-4087,-754,-1859,244
53561,-3362,-453,2421,-945,-313,1554
53562,-4124,-631,-6380,1533,-1203,-1786
53563,-4791,-3509,-1828,1241,1572,54
53564,-3847,-556,-2364,-1651,1263,-1892
53565,5848,7753,-5746,-813,1803,696
53566,6026,-2062,-1916,-102,-121,-471
53567,-847,1801,-1801,-127,-1638,955
53568,2477,288,1156,739,-1721,395
53569,-7446,-2363,3222,1998,-271,1404
53570,726,-3551,-6640,1188,1030,8
53571,7398,234,-894,485,-1295,-1169
53572,4781,-5485,7159,-1309,1088,1650
53573,-2673,-469,5753,1895,1555,829
53574,-3792,-186,1878,835,952,-293
53575,4200,-2587,1958,-348,628,264
53576,7071,7154,1148,-1006,1130,-96
53577,-334,-5545,-1447,-1739,-1469,1846
53578,-7469,-7174,-7120,1555,1319,-1994
53579,5153,2903,313,-651,-805,-1799
53580,1597,5929,-2916,-1146,-134,1145
53581,-970,-2620,108,333,1743,-628
53582,-2919,-4020,2164,-1859,-1315,243
53583,-7310,-6742,9,-879,1864,-1980
53584,-1795,-7266,-7057,-796,525,-475
53585,-2852,6746,-2740,-734,-641,-1574
53586,-1492,4312,7928,64,639,323
53587,1780,-12,-7669,1281,-1047,1844
53588,-5543,-2889,51,-1212,1675,-1206
53589,1274,854,161,-618,-1804,-1264
53590,-4896,5755,3554,-459,-408,1888
53591,7717,7507,629,1342,-698,-1836
53592,3080,-2025,6810,-601,-240,-1275
53593,4245,-6456,-6983,309,-1299,243
53594,-1484,-4204,-5100,1151,497,-479
53595,4601,-294,-3239,262,-76,578
53596,719,-5177,-7657,959,27,-1100
53597,-5616,-6670,2729,1980,-1260,1354
53598,4220,2477,152,-642,771,214
53599,6156,-6581,-5844,437,602,1408
53600,-4169,6368,-3469,1731,-417,-612
53601,1894,-5442,4307,-1058,-101,-1709
53602,-7281,5456,-6153,1010,221,-95
53603,-7475,-1948,1022,1814,1272,-1555
53604,-6185,-6016,-1967,1235,110,-666
53605,-995,-1756,4770,-1120,-427,-584
53606,1242,-2151,2009,547,443,-1939
53607,1975,765,802,55,-270,421
53608,2289,1489,-3182,672,938,249
53609,7263,833,-6057,366,-1698,1426
53610,-2436,-4478,-4147,1617,93,-387
53611,5020,-6229,1853,808,-1495,764
53612,-1666,6615,-3642,1961,-78,1564
53613,-5888,-6639,-2814,-1244,-1823,-410
53614,-1283,-1062,6972,-1801,-1601,-16
53615,4436,4071,4462,926,1361,-119
53616,7523,1025,-3544,1780,1931,-1117
53617,-2925,5626,-543,-1481,-1531,-1204
53618,-1360,-6974,5943,-1076,-1852,1010
53619,2422,2329,4893,-239,816,705
53620,5662,-7647,-3985,1908,584,-1253
53621,-2288,-7116,2414,-1440,311,49
53622,-4365,-525,-55,425,1532,-722
53623,-1272,3727,-6384,-1212,1578,-1438
53624,-5191,5119,3303,167,-32,448
53625,3425,2497,1659,-1473,-65,773
53626,4273,6419,1641,1479,-1646,1576
53627,-4466,4047,3954,-588,-1409,-1483
53628,-6068,2782,629,790,980,-175
53629,5023,-5237,-5726,-678,-1845,-805
53630,2320,-2802,2071,1630,796,-1273
53631,-5492,6253,7359,1635,-439,-293
53632,1481,1300,-1400,443,-1347,-109
53633,-5268,5946,4714,-807,1897,558
53634,-4926,5466,-5988,-1349,-661,48
53635,991,6231,-5709,-1832,-838,1974
53636,-4233,6281,3752,80,-590,-1311
53637,7762,2094,-2582,-654,-414,-525
53638,1940,3289,92,135,1051,-551
53639,-4777,3795,-4681,1749,-776,-1733
53640,882,487,-5170,-530,783,1196
53641,-2771,6951,6258,-824,644,-1719
53642,2292,654,760,1987,-420,1550
53643,6407,6875,4641,-1731,-1803,1903
53644,-1447,-5071,5461,-543,1976,-1633
53645,400,-5026,-352,-1715,3,1630
53646,5321,-6639,2540,-216,-1117,795
53647,7022,942,5005,-138,-1543,-1460
53648,1511,2992,111,1919,-722,970
53649,7987,7540,1275,-1065,1446,-601
53650,-1164,4320,7609,310,-1469,1769
53651,2498,591,-2582,-1993,1273,121
53652,-6892,7592,-6070,-823,-976,-1828
53653,1113,6769,-2291,547,1554,-1974
53654,-1748,2921,3003,571,-1293,271
53655,-6908,-7635,-2354,-170,695,1914
53656,6949,-475,1256,-272,47,-1910
53657,3130,7477,-5850,1387,73,761
53658,4549,3919,-6972,-1463,337,-381
53659,1669,4829,2976,-110,-1367,702
53660,-6358,809,-3496,1101,86,-847
53661,3828,-7441,-4407,-1608,1975,-1481
53662,-181,7664,-3904,-1193,-1353,-1791
53663,203,2397,-1272,-44,-650,1582
53664,2145,-4288,7012,-1695,-15,-1745
53665,-1398,2522,-1862,1256,1086,363
53666,6409,-4914,-513,570,-813,-1033
53667,2696,5284,1889,-578,-630,-27
53668,207,857,-3631,-1768,-1989,1157
53669,4467,4624,7749,590,-1144,-680
53670,2907,1663,5814,815,-1707,1192
53671,-862,-1653,-375,-1741,-962,-1987
53672,4854,6718,1125,1276,-66,-626
53673,-7545,-2084,6365,-282,-1278,27
53674,-111,5375,3333,-963,-1004,1646
53675,-2088,-42,-804,-1851,920,705
53676,-2340,4268,2439,-927,1737,-1545
53677,6950,1759,2089,1072,-1759,-680
53678,4361,-4069,6431,1649,-1236,-1613
53679,-5276,-6016,-1101,1525,1651,593
53680,3245,3989,6900,1926,-1051,-97
53681,-7100,-7236,1162,-1173,-1550,-1250
53682,3474,3883,-5100,336,1796,-1072
53683,-6278,1932,-3553,-1375,640,1557
53684,-5544,1871,-7016,-1469,-345,1600
53685,-1290,1738,1898,-1402,-512,-888
53686,-3637,5860,-7050,669,728,-1444
53687,-3622,-756,4098,1266,-317,-621
53688,2239,4211,-6570,-1201,1265,-347
53689,-3781,6495,7742,-1703,-885,-1118
53690,680,-7973,-15,-120,-32,-953
53691,6662,-665,4393,1598,-1580,-135
53692,-6550,-1537,3043,1709,-1040,-619
53693,-1428,-4886,487,-1899,447,1157
53694,-6232,44,2499,1372,126,1975
53695,1343,5140,-7450,-421,706,-1989
53696,-6146,-2050,-3794,-81,197,-162
53697,-7689,-217,6118,1766,629,74
53698,-6729,-5031,-1160,-947,1179,-1502
53699,-1450,-1055,2943,1229,-1728,110
53700,-3148,-5549,4307,-1896,924,-1233
53701,1335,71,1444,-914,224,-360
53702,-6397,4383,-5965,-1808,114,1593
53703,-847,-5167,-3183,-589,1881,1878
53704,14,3270,-3342,90,1120,1148
53705,4311,775,-4764,909,-1326,-258
53706,7987,-2988,-4718,1708,-1266,168
53707,5663,5683,-3078,17,-431,-593
53708,2790,-3808,-5756,-1880,-854,-331
53709,7971,-1074,-2992,-1340,1036,-65
53710,4406,5438,-7700,-1252,521,-540
53711,-1767,3399,-4063,929,-913,-1310
53712,-1531,7305,7350,-1454,-1262,1995
53713,-1996,1441,-2166,-1603,-1279,-1922
53714,7423,-5050,-117,-1431,-1393,438
53715,-6209,1599,-6886,1191,636,1980
53716,3128,-3687,-5090,-12,-1320,565
53717,863,4796,-2903,973,1228,1734
53718,5343,-6880,977,-978,966,-1395
53719,4771,-7439,-6474,639,682,1317
53720,2015,3814,729,-1390,550,415
53721,-3053,-237,-4165,951,-1910,-181
53722,3838,888,4986,-191,-833,860
53723,-3391,-3627,-620,-1882,-740,818
53724,4081,-996,7878,-350,870,1703
53725,-3972,5520,-6785,-1653,582,-1819
53726,6603,-3959,1759,-356,1589,-1577
53727,950,-6528,-7970,-571,-166,-1212
53728,4063,-2470,-1122,-1202,1964,108
53729,-5605,-6976,-7306,248,514,-4
53730,-6758,-5483,7224,1540,1105,-1007
53731,3366,-2684,3128,1923,-1473,-1903
53732,-7089,-2027,-1822,-19,-525,1437
53733,2414,7761,-114,-656,-1027,-6
53734,686,6427,-5668,-660,1690,809
53735,5213,-3207,3180,-769,-1677,-1265
53736,5377,-6366,-2534,1296,-1203,913
53737,1192,7083,-1750,113,598,1667
53738,5589,-7777,-3373,592,-125,-206
53739,-786,3568,5900,-1470,533,-1321
53740,-1660,-4028,6392,1836,1299,1015
53741,-3250,-2183,-543,1967,-721,-544
53742,-987,-3106,-6669,488,1170,875
53743,-5077,-833,-1754,1822,-846,-1229
53744,-7825,2574,7877,-1560,-1561,-71
53745,-1327,4074,1984,75,142,993
53746,-6476,7336,3515,-1154,-961,-508
53747,-2037,-872,292,-827,1823,995
53748,-6187,1843,4276,866,-1555,197
53749,1441,7702,-6421,1769,1398,1069
53750,4122,-6649,-5606,225,-409,1109
53751,7994,6967,-4260,-732,-969,-1068
53752,-2854,-1370,-2465,200,946,1443
53753,5655,4135,3558,-1298,1986,1456
53754,-5554,2870,7279,1094,1300,-972
53755,-5150,-2395,-727,-1382,173,-1923
53756,4869,303,-5051,163,-1458,-998
53757,-1070,6784,-2862,-494,1930,1379
53758,1235,-3048,-4075,-1424,1460,-205
53759,-4169,-3198,-2336,1886,-1142,364
53760,2379,-4583,4380,-690,1828,-753
53761,7272,-6170,-7520,471,1104,-1058
53762,-6566,-1498,6241,97,173,655
53763,5479,-7887,7505,-894,685,-604
53764,5233,4760,-3109,859,1550,1526
53765,-2870,-948,1274,-1489,-1395,487
53766,-7547,1889,-26,-1660,1698,829
53767,-3755,-143,3919,232,175,-1347
53768,-5698,-970,7183,1463,129,1290
53769,-7745,3944,205,87,-428,1496
53770,-6203,-2009,-4946,1648,-1946,1746
53771,2322,7036,-2851,638,-1558,1854
53772,-5884,6067,5079,1400,1530,-1808
53773,-1288,4341,7722,1902,1467,-1320
53774,3670,5461,6175,-1251,1409,-1629
53775,-122,609,7239,-696,-681,-14
53776,-7013,544,4710,-1719,710,29
53777,-7052,-6949,780,683,1022,408
53778,2006,5304,-143,-1986,456,1387
53779,-3889,-5514,7544,362,-242,150
53780,-2295,3406,7060,-1670,-1251,-1310
53781,-6763,6009,3121,1545,439,-1644
53782,-3500,-3489,-1159,-459,-1894,1482
53783,57,629,-1144,-1621,145,1453
53784,-3021,-5545,5298,-1757,-748,-389
53785,6007,6237,-7127,-1447,-1581,1100
53786,3498,659,7884,347,-368,-1107
53787,6143,6828,2432,-881,1218,-1854
53788,4133,-6688,1219,278,1588,-596
53789,-4690,-2514,-787,-915,-1840,1449
53790,-6671,-2467,-2400,1384,6,45
53791,-5079,2145,4775,-156,-1543,-1291
53792,850,-7736,-2345,653,1928,83
53793,-7383,7490,-6672,-1311,-1095,-1239
53794,4582,-2328,6608,1449,-465,1370
53795,-3191,-7452,-346,1481,-622,1122
53796,-6881,-602,4017,771,1872,1219
53797,453,1451,2166,-699,1017,-508
53798,-3948,7379,-2592,1020,-531,-678
53799,-1170,-6580,3554,-457,-1205,-1795
53800,2129,-64,-1110,-1582,-1590,-526
53801,-3501,-3183,6250,-1462,-1502,1874
53802,4757,-6001,-4262,145,782,-351
53803,-7747,3673,-4869,-1729,987,264
53804,4650,-3078,3858,428,1280,144
53805,5821,-463,-3333,-1116,116,172
53806,-2939,-1412,1378,1812,1661,1430
53807,2581,-6965,-4294,-1688,-1787,-1868
53808,1541,3779,-4694,1907,515,1223
53809,-3762,-412,-3534,-43,773,1350
53810,7069,5018,-5004,-1997,413,-1635
53811,-3457,7556,-6628,17,28,563
53812,-7694,-7657,-4768,-1497,-1754,-1266
53813,-7108,1530,3287,-1526,-1971,189
53814,-4235,5479,-6826,1676,1402,-1329
53815,651,2089,3403,-1957,265,902
53816,-3079,3187,-7151,-1984,-380,-1283
53817,-7059,-4244,-4306,-1996,1269,813
53818,-1989,5939,-4097,-1851,-1610,-800
53819,-5360,-3101,6575,-2000,-1273,333
53820,-4649,6406,-5735,799,-1520,502
53821,800,3142,2162,906,-1754,1286
53822,5809,-1954,2871,1549,724,1189
53823,-6323,3627,-6330,-144,1292,-841
53824,3676,5702,-7303,106,1721,1923
53825,-6502,-2036,-7361,139,1004,846
53826,2312,-7181,3957,708,-1502,1572
53827,-4663,5541,814,-1198,887,1689
53828,-2521,6944,-6762,-1459,375,-613
53829,4327,2535,-139,212,1757,1798
53830,-3928,-3141,-4646,-1438,-1108,1292
53831,7217,7352,-5053,-1530,573,1975
53832,547,2581,-4304,-518,1747,-1188
53833,-6273,5562,-7235,1808,1767,1170
53834,4796,5675,-1276,-388,1279,1996
53835,-5158,-1984,-3636,-1554,276,-144
53836,3532,5980,1235,664,-37,1359
53837,1450,3607,-2469,-1054,1419,-1528
53838,-2751,1543,6341,1351,-841,-242
53839,4994,-4260,-5669,-717,-367,-1282
53840,-4605,3146,-2843,-1258,631,704
53841,3531,4942,4509,1133,1117,-614
53842,-5777,6624,132,601,-1925,-1269
53843,-114,-3729,4789,-549,1169,-746
53844,-7105,1717,-5355,-310,-1081,-246
53845,2003,-2087,3278,783,-698,1937
53846,-6949,35,-5770,-1085,493,1650
53847,2212,-3447,6039,16,-367,-609
53848,2136,-1949,-1004,-946,-1886,1330
53849,-475,-3013,-5649,-1669,1297,390
53850,-7988,-4645,-7068,291,-293,345
53851,1382,748,-1649,487,1258,527
53852,-5686,1937,7818,1679,-436,498
53853,-5379,-2591,-1868,309,-783,-977
53854,2752,-3211,-5211,-1660,-506,-1317
53855,6818,-202,752,993,1861,1729
53856,-7914,-6846,-3683,-538,-463,686
53857,-3713,-4851,1575,1453,-1536,-763
53858,4630,3552,-6463,1595,-452,-6
53859,-5707,2982,-5806,1512,-1475,474
53860,2344,6807,4067,1143,1886,-1178
53861,1194,6725,-7384,-1317,-559,508
53862,1672,-31,7874,-164,1914,191
53863,-6654,7730,-367,-70,383,1439
53864,-6899,1314,-7515,1808,1097,-1282
53865,-4454,6998,-5926,-820,-1928,203
53866,-3580,-1742,3377,299,1993,189
53867,1704,854,3900,913,249,-1109
53868,-4159,5621,-395,1617,361,-873
53869,-7604,-1726,-2640,-1411,-721,1849
53870,7278,-5235,2232,-569,-14,1330
53871,-4259,2121,4087,631,-922,-1014
53872,4529,-750,-110,-1392,-771,-590
53873,-5953,-3537,4138,1219,210,-1632
53874,-1688,690,6833,83,166,43
53875,-6214,289,-7533,1653,1562,417
53876,2631,7281,2023,-729,-1221,397
53877,-1720,5771,4411,-927,-1303,-536
53878,4061,6424,6592,409,1009,1101
53879,1119,-7761,-564,1157,837,-234
53880,955,-7566,-3310,217,767,238
53881,1641,-5395,-481,-1901,-92,-1498
53882,-6499,-7168,3303,956,-599,-987
53883,1699,-2653,-427,-349,623,-1090
53884,4954,6159,-1847,731,1642,-1136
53885,-3247,1759,-3697,532,-888,605
53886,7857,-7236,7494,-328,-1534,362
53887,761,2219,4265,1936,-636,100
53888,-5899,-1438,1847,-1650,-612,-1151
53889,4737,-1955,-4371,-1530,-174,-1377
53890,4683,-2397,5774,-1237,-789,-494
53891,4886,2035,-6545,380,-557,352
53892,-6319,7210,-2903,260,887,-738
53893,4023,-6383,-1319,-920,1661,1305
53894,6125,-1297,-5973,-73,-795,-510
53895,3915,5658,-2359,895,1873,1353
53896,-7107,-7459,7941,-636,70,580
53897,7601,1115,3771,-1689,644,384
53898,-2667,-5376,2662,-1304,1616,1841
53899,1663,-6263,1443,-1661,1691,-430
53900,-6610,2552,1013,592,693,141
53901,1649,95,6954,470,-229,-511
53902,357,-4208,-6939,-1245,-1723,-494
53903,-441,-7943,6605,-1277,-679,1507
53904,-155,2932,6851,-1940,-1566,-1519
53905,6820,1834,-630,9,-7,1652
53906,-6126,6052,-5214,-13,-1060,1884
53907,-6183,1909,-2264,1088,-670,986
53908,-1657,-3472,-3529,1400,-644,329
53909,737,2953,6129,-1102,-904,194
53910,3986,-2049,2275,467,-476,1571
53911,-3540,-1700,863,-488,-32,288
53912,6328,5672,-5665,229,1587,-1562
53913,3034,-1241,5828,41,1021,114
53914,-6329,7016,7238,1413,1355,1630
53915,-1972,2611,-3251,-1798,1219,-1791
53916,3928,7602,-3627,1308,1259,-292
53917,-227,7258,-459,-248,273,-416
53918,5034,-5734,7898,-226,-1221,-547
53919,-7419,5254,-2191,1848,-1013,-994
53920,-7163,-2234,-3828,784,782,200
53921,-4633,4109,253,1004,656,312
53922,-4053,-7519,5225,-1960,-843,-873
53923,-2749,-1152,1817,399,-331,-1249
53924,3434,2515,-37,-1982,377,-781
53925,-573,990,-5850,-944,622,-913
53926,5119,6326,-2397,-682,-598,-1526
53927,-5789,4617,6324,1173,-806,1608
53928,-437,-6255,3842,-984,-1708,-1565
53929,-2663,3049,-2451,20,1381,1644
53930,2950,-5238,4853,-1731,397,51
53931,4099,-1403,1702,747,-1574,-1133
53932,4470,-4330,6247,-1906,-999,485
53933,-868,6819,2027,1358,-579,1991
53934,-6485,6608,-568,1541,37,1072
53935,-7713,1844,-3395,-1238,492,695
53936,1683,5062,2214,445,-1792,-1848
53937,-2611,-349,-7908,1179,602,1190
53938,5440,-2033,-7647,-120,371,224
53939,7871,4177,-5254,-459,855,1979
53940,4960,1494,-6244,-811,-357,-135
53941,7856,-5024,977,1705,1396,202
53942,4716,-1793,4945,-277,-407,-756
53943,6653,1863,-6657,1199,1628,-1569
53944,7660,7184,1528,-98,-997,1677
53945,1544,7636,5097,-1185,-135,948
53946,2123,-1236,4768,713,-97,-570
53947,4257,-761,-1462,1547,357,-747
53948,4170,6667,223,1012,-1355,424
53949,450,-1938,1565,-1192,-891,189
53950,3398,-352,7535,-877,1171,-585
53951,3739,1556,-1709,928,-40,1662
53952,-3619,-3721,2098,-1262,-725,-1630
53953,7701,-1498,-792,1541,1090,-780
53954,-4788,2849,5820,1900,20,-837
53955,-3017,-8,-116,510,-1785,1243
53956,-7317,1049,3671,830,1996,322
53957,6050,-1211,5669,-295,1920,978
53958,1304,4897,2664,1620,-156,-680
53959,-4420,5320,-5491,297,1886,-798
53960,-2826,3086,-3260,-1645,-977,-1242
53961,4232,3041,-6293,1477,1486,746
53962,6977,3346,4859,-1368,1283,-540
53963,-2533,3366,-3009,-521,-1669,1679
53964,1562,3124,-5779,-1948,1351,-1710
53965,606,5622,-3215,1650,607,-1322
53966,-1828,3885,6246,1568,632,986
53967,2699,5433,4171,820,-1292,-1707
53968,5034,841,-7987,-1810,-518,-1300
53969,6690,-1161,6680,353,-1708,-879
53970,-7815,-5972,658,1964,1904,-747
53971,-1231,-2252,2066,-579,-121,1622
53972,-2504,-4749,4875,1357,-1224,-76
53973,-6315,-1455,6669,1188,-1958,1554
53974,-1487,-659,4909,1345,1127,-1486
53975,-2351,-1442,-5160,-1354,110,759
53976,-3981,-4322,3391,-246,809,-1274
53977,3748,3364,5887,1839,1724,-992
53978,29,742,-5677,940,-367,-1117
53979,-1701,2636,-2072,1091,32,-1226
53980,-5381,7592,-5616,1019,-1239,1462
53981,-4513,-2275,-6121,-1680,-336,1138
53982,953,4018,-2182,543,-1926,54
53983,1440,1623,-5814,1625,1632,-668
53984,4156,4504,640,-1348,-351,1129
53985,-1827,6227,7738,-1917,318,-1426
53986,3433,-7173,-3400,-1122,348,-488
53987,-7702,-274,5846,-1403,-1784,-820
53988,-4872,-6546,7004,1172,-1859,-1669
53989,-5807,-909,-7402,-783,-1708,-249
53990,-1779,7902,3911,-1839,81,-1113
53991,-7451,-712,-6939,1682,-1070,1640
53992,-6905,-3644,5799,1190,1045,-785
53993,74,-3757,3159,130,-952,113
53994,-7725,-5338,-5661,1102,-1523,-1405
53995,-950,4776,868,489,1298,-1549
53996,-6939,-6537,-6155,183,-700,711
53997,-1747,-3188,-4669,1015,65,654
53998,7137,-44,5736,1998,-1492,742
53999,5101,4085,-3520,1953,412,1523
54000,-6903,-4410,3619,-577,281,-1754
54001,-1107,-2904,3455,-385,354,473
54002,747,-457,6658,-1792,-1101,-1049
54003,-6270,-1190,930,-1165,1573,-283
54004,-7329,-7303,7865,1603,527,1928
54005,-3755,-3030,7754,-175,854,946
54006,2195,-3692,-2050,1662,1927,1647
54007,6550,-7564,5223,1084,1229,1033
54008,7807,7405,-4139,35,-1595,1427
54009,-3870,2196,-2477,-1560,-1718,1712
54010,-3822,-3657,5344,-1422,1014,-1382
54011,5412,-4304,-1768,-800,65,-494
54012,-2746,1834,7448,599,1243,660
54013,869,-510,-4100,1211,-1396,-1759
54014,2910,-3773,3885,-1126,1528,-1070
54015,-6047,-1752,63,1333,1411,-1108
54016,5990,-4041,6761,-547,-987,-480
54017,-6112,-2775,-3332,-1006,794,285
54018,-7918,-385,-3710,-51,-499,-1470
54019,-6799,-5318,2337,1490,1756,-219
54020,-2530,-7117,-3880,1965,-601,-1592
54021,-7596,-7521,-3524,1318,1029,1807
54022,626,2102,3651,425,-753,-1559
54023,-1027,-6655,-4710,-1983,1953,1219
54024,-3992,-6817,3838,-673,-377,-862
54025,-2435,2267,1125,-661,-180,-1338
54026,1962,-3431,-1802,844,-965,527
54027,6802,-5698,-5612,-1382,-1939,-847
54028,4754,-4654,-2536,1289,1715,1825
54029,-1249,-5807,7835,977,1007,1873
54030,-5925,1948,-429,-191,-742,1927
54031,-7695,-7377,3658,-602,-1945,1546
54032,1192,6091,535,1357,1414,1625
54033,-7855,-2699,7479,-204,-695,629
54034,-1192,3534,1429,1266,-1664,613
54035,-5144,6754,5459,829,1561,-1200
54036,-1917,-3412,-1378,1916,-190,823
54037,-3018,-3351,-5115,-1895,-294,1477
54038,3120,7230,3255,-1010,1178,451
54039,6399,3694,-7113,-277,1021,-973
54040,-1405,5432,-4942,969,1793,-1098
54041,3272,6664,6150,-1839,1975,1683
54042,-3674,1689,5028,-580,-1040,396
54043,-6437,-7936,3404,881,1226,-1800
54044,-1833,-7228,-3207,630,-693,316
54045,1154,-4244,1660,621,-1135,-1499
54046,-3617,-634,1047,1790,-1257,1654
54047,-5106,-4745,4915,-143,-1466,1558
54048,1994,-889,4354,-785,-803,1377
54049,2109,-6878,6859,1952,148,-217
54050,-4870,-7777,4406,-1270,-1156,1331
54051,7960,-5833,5457,1154,96,-706
54052,-1968,-813,2652,1204,-100,563
54053,-2846,3060,1397,-156,-747,-1838
54054,6381,-7250,3296,1176,-60,-352
54055,-233,-7180,6575,-184,-82,-525
54056,-7489,4152,-5149,-914,504,-1782
54057,-7767,-1008,2232,-109,1346,-166
54058,-1695,4732,-2179,-1199,-140,602
54059,-6184,5149,-5389,25,-168,-1706
54060,152,6457,2680,1444,-1104,561
54061,-519,6383,-4030,-1695,1456,-795
54062,5134,5502,-6239,7,1744,958
54063,5755,5433,6793,-1140,1934,1812
54064,6067,-5965,5325,-361,-528,86
54065,489,-6655,-856,-1554,1677,1821
54066,763,-6044,-4276,1835,-174,-775
54067,-2038,-2681,-1578,1648,334,-1848
54068,5059,3607,-3989,978,-133,408
54069,-4942,7338,2033,-1827,-1118,-1626
54070,-7008,2637,4540,-791,1105,1171
54071,114,-233,-3031,484,930,-63
54072,7737,-6417,-7857,-1041,1860,1574
54073,-1833,4195,5234,-1459,-1154,459
54074,5106,3370,7783,-762,-1189,657
54075,-2530,-7386,-5752,-1986,-1862,-401
54076,-6176,-3884,-5392,1126,-1791,-1224
54077,1765,4903,1530,-1355,572,408
54078,-1085,-6914,-6749,-547,24,-107
54079,3341,-5013,-6079,1802,-293,-852
54080,-3477,7921,-5994,922,1061,-1415
54081,7912,-4505,2000,1718,1662,865
54082,5873,-6438,1659,-574,-17,1689
54083,2731,-3809,4690,1686,-1955,268
54084,5502,6990,2973,1213,1757,1378
54085,1301,-5552,-7975,631,1031,-1402
54086,1240,3284,6616,-591,536,1162
54087,-2782,635,-4996,-527,-546,402
54088,6192,4670,3225,-674,1189,-1485
54089,1925,-7517,2021,192,-1754,1495
54090,-1868,-6420,-3734,-1279,935,1618
54091,5746,1271,-1652,-1495,-1463,36
54092,1808,7156,7110,-363,-1304,-1116
54093,-1060,-1249,-5639,-966,-559,764
54094,5129,7798,-2747,242,878,-1464
54095,7127,4053,7822,1695,-286,901
54096,-1132,1102,-5653,1651,-222,1724
54097,1685,-3589,3126,1108,-1270,-105
54098,-3009,-6003,-3473,1763,-192,-203
54099,-3031,1800,218,-1069,713,1065
54100,4561,1649,-3491,-1629,265,-1784
54101,6351,1614,-7086,-1260,-1114,910
54102,3305,7337,-7054,-1479,-1532,638
54103,5085,-2037,-6030,11,922,-1552
54104,-6079,-7264,-5908,466,-1853,767
54105,-536,4565,880,364,-640,-1209
54106,6413,-2070,-5364,-1430,-1141,585
54107,1826,-5619,3218,1765,-1285,-1303
54108,-4545,-2490,-5226,573,-1374,-1629
54109,4972,-6015,-4549,1115,-413,-999
54110,2425,3919,-48,-1905,-1997,-447
54111,-4155,-6017,2810,403,989,19
54112,1670,-6081,-3177,14,88,-1311
54113,-5574,3597,6371,-474,-1679,-450
54114,5809,-2575,-7662,291,484,-1472
54115,-7488,-6140,-1708,1392,1767,1631
54116,-4434,-5220,-555,1818,1543,1496
54117,3999,-5308,1546,1753,867,-1013
54118,-5171,5693,5447,1246,-1898,121
54119,824,6849,-3404,94,-390,-1251
54120,-694,6990,6903,-59,-1132,1029
54121,-5013,5502,4677,654,-1158,-201
54122,-6182,4105,3716,-949,843,-1773
54123,7466,-4115,-1184,-411,1223,-1955
54124,7955,-1755,-1878,344,47,-1076
54125,-6918,-7467,-5944,-17,-768,1897
54126,5397,-6106,-6417,28,1371,-1849
54127,-6596,6204,-6264,-1948,-856,-1537
54128,-4495,-350,-7482,-552,996,1231
54129,-6382,-6994,1976,1933,-1061,1718
54130,-7898,6565,3382,-660,854,-1822
54131,-6066,4253,7634,1193,-677,628
54132,-6214,3846,-2096,-1932,119,1049
54133,-1983,5637,-633,20,-1544,582
54134,4808,-4576,615,20,-267,-1187
54135,-4692,-6515,5624,-1130,-1354,1335
54136,4865,-348,-5809,-807,-1249,-483
54137,-330,3907,1409,-370,-1340,-1223
54138,1397,-3213,-1789,-311,1450,946
54139,-508,6291,4648,630,1421,-1267
54140,4077,-3118,6556,-1616,-831,-1246
54141,-5335,-2357,-4655,-548,711,1653
54142,-4414,-4256,116,-1470,-1755,-446
54143,13,-7116,3828,-138,-1718,1027
54144,4656,3105,-6506,460,879,-1211
54145,-7718,-1597,1576,89,-297,425
54146,-5506,7088,2492,-1845,-1943,1667
54147,2631,-3759,-866,1582,247,796
54148,6325,-3910,-2448,-424,67,461
54149,-281,5554,641,1514,-1468,-1547
54150,1116,-2426,-5630,-175,-597,-1928
54151,-3589,-3437,5160,185,-1083,1001
54152,2012,2420,709,-1320,716,-1972
54153,-4072,6976,-6975,411,-1720,241
54154,1645,-10,-2680,-707,1073,1526
54155,876,5685,5764,848,1228,-1253
54156,-5594,-7946,-7419,-1028,135,1809
54157,-3454,4880,380,-1016,616,1678
54158,3842,-5677,3799,1829,1773,-1037
54159,2534,3320,-1933,1193,163,112
54160,6011,1556,-2584,512,1999,1345
54161,5755,270,1601,660,-1504,-1846
54162,107,4256,-7902,-599,614,-1631
54163,4892,-6657,3079,1960,209,1636
54164,591,1059,5959,595,-46,-554
54165,1477,-5924,-851,1630,-1726,-1457
54166,-366,6661,6895,-323,1565,-986
54167,6282,6254,257,-180,1449,1106
54168,-7541,930,1417,-210,164,752
54169,-91,-4553,5437,-996,-299,-348
54170,-3360,-7982,6100,-949,-52,-1873
54171,2271,-4305,-4504,-1844,-137,1241
54172,-7779,-2193,-2209,-928,-1638,-1128
54173,4506,-4282,-3169,-25,1647,1232
54174,-4931,5340,4032,344,-111,-1040
54175,-7653,-7639,5290,1473,-1307,-262
54176,-7298,518,-7728,15,-1922,199
54177,-3041,-61,6726,168,-983,-212
54178,-7057,-7625,-3560,-1774,-828,1407
54179,-2907,2942,5435,585,1652,-268
54180,-3461,1034,-3566,1647,442,-1210
54181,-6226,-3854,1683,-399,-364,235
54182,-6427,-7350,4681,-177,-97,-1824
54183,-7824,1731,-4854,-1082,-1414,1297
54184,-3088,579,6166,1098,-1175,-1599
54185,-3166,4909,-2786,-1943,-1211,521
54186,-5121,-1548,4277,925,1206,672
54187,7962,-7748,654,769,-945,-105
54188,2409,1857,6752,722,1658,879
54189,726,-2816,-6140,-910,-191,1809
54190,-3712,5121,-787,1832,-160,370
54191,-761,-349,3687,867,1879,-905
54192,5050,2811,2206,-844,-696,-1647
54193,1669,-4959,4276,-199,-590,1817
54194,6210,236,6050,1753,1193,-695
54195,3681,-5907,-206,-48,-1004,1281
54196,2217,4095,-3829,1363,-95,-1364
54197,7852,-982,6402,-455,1597,-1237
54198,-3559,6685,5881,513,1902,1635
54199,-7067,-5658,7892,-519,-1916,-43
54200,-6010,2115,416,-1478,-1666,-101
54201,-1781,7241,-5457,144,1489,-719
54202,-3124,-6704,7705,797,-292,-1298
54203,-3436,363,155,-1994,34,-857
54204,-3793,2290,157,-552,792,363
54205,-467,2663,2043,1746,1475,1900
54206,1653,6574,-5548,134,-1528,304
54207,830,1487,-5692,266,-1638,110
54208,-381,2825,-6001,-1846,-1639,1533
54209,-1067,7738,26,-753,-526,-229
54210,-7280,-1570,-759,-1720,-1289,1865
54211,6021,-4520,3586,-994,-1692,1163
54212,-7763,6965,1605,702,517,-977
54213,4196,-6286,151,-1663,-593,1824
54214,4333,769,-982,7,1336,1462
54215,6149,889,-2865,1353,880,-582
54216,3506,7934,-5271,1395,-1412,1845
54217,6131,1741,-6993,-535,-584,431
54218,-4973,-2282,3059,-1178,206,1900
54219,-7733,-1368,6100,982,1111,1519
54220,-5654,-4886,3134,-1617,-772,1594
54221,3619,3446,919,-1163,-196,1906
54222,2965,2711,3021,533,-1504,1111
54223,-6144,2199,-4890,599,-756,1563
54224,615,-1304,2484,-330,71,-32
54225,-495,4829,-2090,990,-1379,-1561
54226,-1573,-6909,5192,461,-66,-989
54227,4922,3039,7019,-119,-2,-323
54228,789,41,1730,325,-107,-1653
54229,680,2761,-3085,-639,1981,989
54230,836,-4167,-2336,1890,-33,-664
54231,5498,-4640,7217,-1227,-45,1936
54232,-222,-2844,2245,-185,-971,-1583
54233,-4887,-3556,6438,-830,330,319
54234,-2655,-3468,2127,660,283,-499
54235,-5952,565,1582,1579,-487,-1156
54236,6674,97,-6921,-981,102,538
54237,2316,274,871,511,622,1147
54238,7465,-5922,7997,1307,-83,538
54239,1102,-7243,4418,-1364,-1451,568
54240,-5137,1875,5798,-1144,-187,-1088
54241,-7598,1150,2928,1488,-1703,1195
54242,-7821,-7300,6122,-35,1525,-518
54243,-3430,1894,-2384,-1319,676,91
54244,-4055,-6694,1180,-1198,-702,-331
54245,-5286,7466,615,807,1878,-1890
54246,6133,-1528,3869,1431,1653,1631
54247,1899,-745,6690,1146,-1907,47
54248,-6997,-3135,7365,-48,1488,-1926
54249,152,5396,-4531,-1428,-902,-1181
54250,-7333,551,634,1379,784,-435
54251,2713,1410,875,1717,197,-1037
54252,7414,-7924,7468,-1111,-131,-1559
54253,-3173,6555,314,1899,-1340,850
54254,-7039,5704,-5283,-669,-628,1636
54255,5001,-4638,-625,-1843,-1496,1734
54256,-4157,-4967,-3984,1236,1629,-1901
54257,2533,3799,-5508,103,-921,-727
54258,7992,-3963,-2405,-1196,1698,1846
54259,5415,-2551,-6318,-879,-1551,-1873
54260,5408,-1490,3383,-1999,370,-1680
54261,-1835,-7893,7350,-226,-380,-1673
54262,3899,-6333,-3827,-1871,1396,944
54263,-3771,-234,-3770,794,1470,-1441
54264,5257,566,6197,-1020,807,-850
54265,-3754,-5892,3126,-1571,-1721,-838
54266,-737,7058,-3810,-1605,1129,1903
54267,-7415,-2384,-882,-367,-1596,228
54268,5926,-7654,761,-1693,-781,-1815
54269,-1933,-3321,780,-1551,-1909,-1327
54270,-6487,1614,-2573,949,1884,1327
54271,4036,-4309,7429,695,1234,-1040
54272,1592,5879,-5194,-1382,651,183
54273,-1460,-3266,6526,-481,-1393,-1789
54274,5250,-1964,698,-665,-655,-1265
54275,-5975,-1919,3193,-1271,-64,954
54276,-7783,-1713,6530,248,533,-1421
54277,2844,3576,-4434,-661,-1306,-1684
54278,-7378,5366,-4748,491,-1907,-831
54279,5766,-5593,-688,-745,-1347,-1849
54280,-5109,1749,2684,-1651,-1496,-885
54281,4819,5920,-2288,-1922,1997,1660
54282,4496,-7111,-7276,-1289,-1928,656
54283,91,5813,4199,-1384,-1187,1349
54284,-1429,3995,4799,537,1942,1318
54285,-1078,7844,6017,1486,172,1979
54286,5732,-7224,-4462,291,-1041,25
54287,-3890,-4788,-4412,-1532,1149,-1600
54288,-2220,6940,1537,1211,-611,-684
54289,4677,4678,4713,-1419,-66,1924
54290,6236,-5481,-2672,-974,-1014,-565
54291,-3925,3791,-716,-1356,873,-1345
54292,-1002,-3038,3698,35,-124,1936
54293,363,6630,-5089,1855,1627,1422
54294,-6075,5375,6665,-731,-1661,-1948
54295,-2831,-2252,-1810,889,853,-1690
54296,-2369,-1090,7586,1920,327,144
54297,-364,1348,4081,1254,-1716,1470
54298,1672,-3865,-3586,-1411,-1782,-1408
54299,-960,6391,1812,508,-134,-986
54300,5992,4757,5402,-70,-1298,-168
54301,1578,-6938,664,1734,803,-1121
54302,2139,7397,1893,-1374,1465,-565
54303,1302,-4866,48,-1393,-451,-1581
54304,-3610,2096,-4108,-559,-816,1182
54305,1008,4903,-3368,-1673,-1961,775
54306,-3607,2546,3012,62,-1384,1668
54307,3957,-6070,-4348,1243,469,1812
54308,7643,6812,-7334,1590,43,1802
54309,4594,5428,-1095,956,1265,404
54310,2617,-7299,-4166,-653,-681,634
54311,-4450,-1735,3928,-1322,-15,-1162
54312,-3755,198,-5896,422,-1172,-459
54313,-2216,-2372,-5550,-1506,1022,1125
54314,4515,194,843,991,-1848,-988
54315,2757,7214,-7034,1091,-1833,203
54316,35,2209,-2995,-1214,-1674,-1396
54317,-3870,-1719,5523,-147,-1966,-516
54318,526,-6896,-5182,-129,-684,-260
54319,4179,5080,2164,147,971,-1000
54320,7344,188,-1045,1748,69,-1532
54321,-1992,3036,1317,624,741,-502
54322,2899,854,3027,-1401,4,611
54323,-7417,4198,-6323,-1281,-1575,337
54324,-7112,4286,6813,-1793,-301,-790
54325,2530,-1746,6669,-1677,914,-223
54326,-498,-1692,7384,527,1245,1920
54327,-3095,2025,6587,-89,-984,-1325
54328,6330,2601,5428,-1470,1591,1229
54329,-7118,-7225,-2708,-666,-515,1804
54330,1073,-1808,1990,-483,-1305,580
54331,-6214,-4095,4763,1201,-279,1578
54332,2089,-1718,5012,-1472,-350,816
54333,869,5650,-714,-742,-1951,-1637
54334,-939,-626,2745,1522,1718,1156
54335,2481,-2312,7826,585,-834,-1410
54336,7451,2161,7069,1115,1397,645
54337,4803,3621,1208,-1414,1300,-455
54338,-7151,-416,3623,-987,-1692,-137
54339,-5718,-311,345,-1604,1381,-305
54340,-2867,-2485,5990,-209,104,-483
54341,110,-5726,6468,1929,-1572,423
54342,2759,-7236,4982,-446,446,440
54343,-615,-35,-3408,-1547,-1452,1146
54344,1964,-7741,-5667,-892,1112,348
54345,7745,7926,3453,-1137,271,528
54346,-325,-3460,-3283,381,535,1135
54347,1294,-2167,1731,-1860,66,433
54348,53,-5808,4699,1229,401,317
54349,-5001,3474,-5590,-203,1392,1959
54350,6190,6453,4463,-1052,-618,-1309
54351,6520,-101,6769,-1348,-1577,1119
54352,5950,-7305,4174,-789,-317,584
54353,-1373,3384,-1258,-643,-147,1551
54354,146,5585,-2848,306,-852,610
54355,-2279,7037,5642,-1924,24,-716
54356,-6137,-1195,-280,1879,-938,-1681
54357,7285,-393,-7706,-1233,-335,-396
54358,4376,3742,2881,1789,-1693,1556
54359,-5254,-6282,6416,-1326,681,-143
54360,3658,-1172,-1730,-779,792,1597
54361,1380,1777,6177,484,814,404
54362,-3897,-564,-1284,953,1557,-1368
54363,4033,-4491,2203,516,-1423,-219
54364,4760,603,7463,-12,230,1837
54365,695,5818,-1097,716,-1266,1077
54366,-3191,-5128,-503,-710,-1846,-788
54367,-1004,-4553,7451,379,-56,1286
54368,-6168,174,6357,1959,1829,-66
54369,-5813,-389,2060,-1005,1845,-1175
54370,7423,-2142,-690,921,1609,103
54371,-1519,-938,-3975,-1967,-1022,-593
54372,7937,-1708,916,-1021,-1845,-21
54373,1071,2550,-1115,-414,-673,-343
54374,7652,6955,3271,-210,669,-1251
54375,5497,-2361,6932,-811,-541,1946
54376,-4235,5554,2724,-1911,736,-551
54377,2321,-1681,-5384,1254,-726,-714
54378,5876,4642,-6644,1047,1734,-172
54379,-2128,2161,5954,138,849,-541
54380,-3640,6007,-1640,1971,552,1061
54381,3170,2500,-6201,735,1080,-1867
54382,6459,-5665,3525,850,-375,-1606
54383,5052,946,55,155,-1962,-1224
54384,-3549,1082,-4003,-1677,-1787,788
54385,-4528,1431,862,-1529,-846,-1549
54386,-6366,4950,2035,-1044,768,-906
54387,-3768,2421,-5427,-1940,-1813,642
54388,853,-6338,1390,-1855,-1342,214
54389,6153,50,-4864,1493,-631,-46
54390,-7746,6101,3069,17,1425,-172
54391,-7899,-2809,-5242,-712,-1206,1869
54392,-4928,-3513,2743,1988,-237,-1876
54393,-4047,334,-4155,1470,-444,1677
54394,-5115,6854,-7403,-1176,-1171,-1110
54395,6547,-323,6177,1082,-269,-1644
54396,-3086,7576,2739,-1832,-1368,-1732
54397,1177,670,-732,1781,-1474,974
54398,-7309,-7359,-183,1668,1023,-1985
54399,-2326,-1086,2444,-1099,-1594,-1361
54400,-3297,2350,-6400,-729,-87,1951
54401,5154,-321,195,159,-1051,1908
54402,-662,-4339,-6108,892,-1152,1205
54403,7429,6986,7446,-1003,1955,323
54404,6957,-3291,3885,1384,-915,1854
54405,4209,1888,-1149,1398,722,-1564
54406,-2847,7065,-1262,1845,-669,195
54407,6618,-5039,3059,263,478,-823
54408,467,1621,-4530,269,1526,-588
54409,2734,-5522,905,-1299,-848,1191
54410,2947,4051,91,567,1429,1227
54411,7362,5120,-2486,50,488,-887
54412,3289,7551,-6071,1819,-62,-1126
54413,-7365,5026,-7309,1353,-108,794
54414,-1709,955,5588,-1398,1723,-1960
54415,4992,6429,-2159,-1035,-857,-1069
54416,-812,939,-903,663,-1959,-1775
54417,-1589,3800,4846,916,1762,1456
54418,137,-2123,3842,-1117,50,-1387
54419,-6772,-4681,4107,127,1941,-590
54420,-4498,226,4065,1706,1729,1102
54421,1079,-3322,-741,-1721,-1133,-797
54422,-3722,452,-4496,427,-1977,-1379
54423,-7655,-2028,-5412,375,166,431
54424,-6616,-7267,-3246,-144,-91,607
54425,-5423,-1689,-4200,-1954,577,-208
54426,-3280,2936,-1921,562,-409,128
54427,-348,6593,3151,252,-437,-1663
54428,3481,550,-5154,-1879,980,-1461
54429,7068,1840,3883,83,892,-1153
54430,3965,2841,5851,-1219,1425,1153
54431,5185,3461,3511,-1827,-1558,415
54432,-7652,-6459,-4709,208,-1056,1972
54433,-5147,3180,-3380,1573,1637,1883
54434,-7637,-6663,-1407,-381,-993,701
54435,5051,2405,-3604,-1878,1049,-1962
54436,-4171,3541,-6392,-606,-1071,-567
54437,3015,1407,-4088,1862,-874,739
54438,-3723,7867,-4243,652,1342,-680
54439,3528,7097,5443,-715,842,384
54440,4238,177,-1853,-1354,434,780
54441,-2321,455,-2299,1786,-657,944
54442,-3932,-2641,-4342,-1355,1983,-1012
54443,4451,-3117,7502,-270,141,-1128
54444,85,-5070,-2691,701,-1753,-415
54445,-7112,-3648,2520,-39,-1267,-1913
54446,-35,5784,-7088,-743,-562,1809
54447,5495,5147,5027,1797,-474,1305
54448,-1661,-7574,-566,-1854,-936,1351
54449,7662,3767,-7807,-1107,524,14
54450,4581,-4094,-6816,-712,638,1725
54451,-873,-169,2566,-1896,1898,-946
54452,-2316,-1047,4369,-754,1533,-1524
54453,-2894,2271,5021,-885,1911,-331
54454,7578,-2266,-5904,-1302,-140,577
54455,-7940,-5737,-7617,-691,-190,1560
54456,7018,5046,-3828,10,474,-798
54457,-6596,3912,-546,-207,1923,-1847
54458,7967,4084,6736,-638,-491,560
54459,-2912,4900,-2673,1194,1898,50
54460,2364,-6553,-3481,-25,415,904
54461,-7349,5513,-4918,-196,380,302
54462,-4378,5726,-4302,989,1500,-1208
54463,-2938,5936,-337,666,1786,-606
54464,-221,7529,-6225,1551,-1135,1413
54465,-2399,-6902,-5163,-1246,-472,-538
54466,-2923,7145,-2598,-344,1760,952
54467,-6555,-5326,-5300,1272,1014,-897
54468,4069,4011,1250,1040,-763,1961
54469,2084,-4506,-3666,1409,713,618
54470,-3537,-1061,2146,774,-206,-735
54471,-7932,-6686,-6822,422,96,268
54472,2128,-1127,-7304,665,1203,-1974
54473,-7464,143,-5478,1296,172,252
54474,-4598,5633,-7746,1010,723,523
54475,6103,-5229,-1928,-1995,240,109
54476,-400,-3916,1810,1047,-1009,1359
54477,-811,1299,6105,988,1137,-312
54478,-2570,-5161,-1335,1293,-207,1237
54479,572,170,-5580,1004,-687,-624
54480,-713,-4030,7990,1951,800,-1803
54481,-3023,-4056,3204,-296,-1630,1020
54482,-7041,-1917,-6290,340,248,1001
54483,-773,-6015,-392,1811,375,162
54484,-4955,-7258,-7365,-1874,-728,1146
54485,4375,-3492,5683,1779,-1943,661
54486,2370,-565,-4724,-1446,9,-1756
54487,290,-4016,-7656,-624,1508,365
54488,7654,-7266,-5915,577,-1618,1661
54489,6862,6989,-5447,-746,1677,-1282
54490,-3514,4470,1941,-1474,928,-1263
54491,-3977,-7629,1080,-719,-1357,-1027
54492,-2600,-4640,540,-1966,339,1956
54493,-4817,-3048,7696,1772,1928,129
54494,5071,-3509,-4216,-1099,1720,384
54495,-5008,-238,4848,-1793,1347,-1673
54496,2507,7714,338,-1708,-751,159
54497,5275,6870,7011,376,-813,-820
54498,4220,2585,-5607,-1765,870,-676
54499,-5712,5992,-6912,573,739,-1206
54500,4130,-6299,-246,-1430,822,-135
54501,-3241,1167,708,-390,1960,-808
54502,-4821,5985,-741,734,1720,-1418
54503,92,-7304,-6614,1901,1129,1916
54504,-3711,-5312,-6128,-1361,1232,-776
54505,1382,4485,-6916,1139,1946,1852
54506,4120,3664,-4235,1644,893,890
54507,-4784,959,-2878,1606,1846,-940
54508,-2786,-615,5027,124,1812,-1910
54509,-3564,4520,-4660,-1374,214,-1331
54510,-7741,-159,-6836,129,1219,308
54511,7747,-6357,-3557,-1616,-829,853
54512,-1781,1310,-2492,-264,1245,-721
54513,354,-72,-6898,1202,119,1494
54514,5496,-6986,-620,528,-1314,-1467
54515,-487,5588,558,-1775,-771,-792
54516,-4810,-4896,-480,266,1262,-760
54517,7017,-3779,3950,-1538,1517,-357
54518,-4392,-2337,1643,-894,863,-744
54519,3835,2597,-5196,-1662,1454,-1273
54520,5967,-2383,-1454,292,150,1576
54521,-6010,5394,2122,1998,-452,810
54522,-7448,-7931,2081,-1398,1078,1470
54523,-601,4811,-2742,-1751,1967,-1342
54524,-4426,5480,-6611,543,260,-323
54525,3336,5362,4371,1067,894,889
54526,1431,-5068,-919,1717,1876,1133
54527,-2449,-4785,1512,13,-1989,-305
54528,4149,2473,6921,1158,366,-1354
54529,-2240,-6489,5972,-1381,1168,-95
54530,7177,-3793,7184,1672,-339,1927
54531,2412,-978,3288,1989,995,1238
54532,3821,-3603,-7188,-361,-1530,979
54533,-3052,6859,3515,-963,1832,-22
54534,-7868,1050,2924,815,-229,1849
54535,958,532,5422,-435,42,1885
54536,-7434,5721,-1527,1334,-818,1794
54537,2800,4723,-1295,-226,-852,-305
54538,-1770,-6971,1260,1404,234,1921
54539,-3368,4694,250,1118,1674,67
54540,-5252,-1701,190,1546,1515,948
54541,-4210,-7858,6834,1630,-1886,-852
54542,-4381,2177,-5212,-68,-576,-1535
54543,5834,-7560,6376,440,3,-732
54544,4884,2815,-3730,-298,213,-831
54545,-159,4871,6631,-324,-1767,822
54546,-360,-512,-6076,-555,-1925,884
54547,542,6879,-3043,-1641,1769,-692
54548,-6715,3402,6711,270,847,1669
54549,-536,5876,3879,-740,212,-465
54550,-7816,-4803,6440,102,-803,-611
54551,145,-6890,6248,1958,1541,1920
54552,3528,-6696,7092,-993,1531,-87
54553,3023,300,7070,-285,-1253,1782
54554,180,-10,-5230,1177,-939,-1521
54555,5462,-768,6127,1107,-612,-1992
54556,7475,2891,-6707,327,-391,-671
54557,-2942,-5326,-4035,1718,363,-843
54558,-6918,5957,5514,-191,1350,1837
54559,6324,2323,-7005,-1576,1773,-946
54560,-4980,-5233,-3344,1692,993,1982
54561,1429,1724,4085,397,-616,523
54562,3436,4944,1418,-56,1115,-1774
54563,-3339,-2402,-3549,1761,1892,808
54564,3996,-5371,-6010,-324,-880,-1506
54565,-803,7478,-2279,1363,-506,1586
54566,-3836,4592,-3292,810,-1415,-1117
54567,4578,-4795,3623,-844,935,1487
54568,-3094,3081,-737,-80,-1069,-1215
54569,5546,-4789,2013,-650,-286,-631
54570,6401,-4323,7163,-1077,522,-505
54571,5159,-3479,652,593,1484,313
54572,4339,3917,7415,1987,11,-1279
54573,-611,654,-2378,-999,455,-1621
54574,-6928,-3023,656,214,1850,-1833
54575,3620,3484,6200,-696,-650,1253
54576,2876,-230,3750,26,1533,370
54577,-7846,2452,-7044,-1971,-289,972
54578,-7528,2304,7814,-1780,1993,493
54579,6914,1988,-1486,-467,-1538,-1664
54580,-275,-3181,3168,1804,745,210
54581,6644,-6438,-2840,-705,-1812,1124
54582,4,7276,-2235,1512,671,-1010
54583,944,698,-3344,-45,566,442
54584,3814,-242,-3193,-591,706,1997
54585,-6361,5831,4760,1002,652,-1325
54586,-5201,-7370,4183,-258,-684,-1560
54587,7526,7889,-4362,-72,-135,1167
54588,446,-7888,1591,-1066,-68,1026
54589,-6553,-2466,3824,1212,792,566
54590,2172,-2868,-6475,-134,1909,-281
54591,-4667,-3519,-2090,1549,-1286,1119
54592,2806,-454,837,28,-1649,974
54593,872,280,-404,-840,1731,-638
54594,-7549,7872,150,-500,-1817,-1544
54595,-924,7407,-4552,12,1574,-454
54596,5614,-6025,-5907,-285,562,1312
54597,1924,-637,3739,-42,1429,1271
54598,-1037,-3258,-4061,-1966,-1463,-897
54599,4065,-247,-5654,665,1754,748
54600,-3704,2507,-2639,1158,-585,805
54601,844,-6652,-4316,-292,-1188,44
54602,-4711,-2578,-6162,-1097,-1216,-1805
54603,5394,2420,-3670,72,946,-1643
54604,-7327,3943,-4448,-260,1340,689
54605,1382,4738,2860,-1227,-1940,782
54606,-890,1696,-244,1072,1638,-363
54607,-5802,-2876,-970,-471,453,740
54608,7157,4928,-7891,-315,-889,-51
54609,6015,779,-6992,1555,1796,-1462
54610,2111,2706,-5516,-133,-1001,1418
54611,-682,1034,-7383,-338,-1515,1468
54612,2114,-6785,5628,54,-1119,-1713
54613,1385,-5885,-5425,-1864,185,1568
54614,484,3116,7959,1479,902,62
54615,-7336,-5704,2515,-593,-938,-315
54616,-4399,-7075,-7811,-1158,332,-726
54617,6909,3933,-3668,1037,513,-1609
54618,7365,2106,-401,1169,-1632,249
54619,-7504,-4630,6029,566,124,871
54620,6119,-3825,-6242,1737,-1198,1588
54621,-5493,-7399,-6702,1181,-955,-874
54622,2592,-3131,4853,-1861,412,-864
54623,567,7054,3040,-1919,-180,-899
54624,317,-7559,809,244,1993,-977
54625,-1358,251,82,-1698,465,1773
54626,7621,2583,129,-1380,1976,-909
54627,-1577,1353,6854,-1380,444,-173
54628,420,-6246,-2415,834,-814,876
54629,3864,378,-6161,1329,160,-839
54630,-5744,7684,4211,-594,-69,-347
54631,2045,-5628,2299,-1549,48,-1478
54632,-5742,-723,-103,1565,-1892,-1195
54633,-7082,-3538,3505,285,1849,-375
54634,-7210,630,-2609,-1378,-718,-554
54635,3322,4412,-7674,-795,-591,-1844
54636,4828,5608,-5320,1029,513,1854
54637,6121,-1162,7841,-105,-1421,-734
54638,-365,-1392,-2816,1921,318,-1020
54639,6823,-2379,-6760,-51,1626,-619
54640,5741,-1556,7381,1357,-691,-1833
54641,-6423,4045,2184,558,1668,-565
54642,-1914,-1918,315,869,-151,-566
54643,-4083,-2743,-662,285,-844,701
54644,-7648,-2011,2749,1127,-1239,789
54645,1958,-3836,5135,1485,578,679
54646,475,-4962,2184,1195,1966,-570
54647,-7711,-5912,3910,-392,-1389,802
54648,-66,-7630,1520,1475,-1291,1835
54649,3189,-5797,-7199,-1696,-4,573
54650,-6157,671,-5410,-1425,-472,-724
54651,1855,-7461,984,-578,-1822,-373
54652,5067,4394,4853,763,-1671,1376
54653,622,-5047,-2430,894,-628,-1090
54654,-7686,3207,-1665,415,-1705,-703
54655,2427,-6492,2756,803,415,-920
54656,1649,-4869,-7492,-1803,-823,1444
54657,822,-6551,-6352,-1787,1108,-505
54658,-6390,-2445,-7519,-50,1309,1227
54659,6925,6350,3716,-227,205,242
54660,-1242,-3593,-357,-890,1872,1947
54661,-7483,7025,-5817,-1506,1806,1502
54662,-2450,-399,1480,-1548,729,-1626
54663,6790,6866,4341,1947,193,542
54664,-4588,6590,-4032,1821,453,-1210
54665,1450,-1068,3294,14,1411,-1024
54666,-3793,7990,-7743,-1020,92,-1443
54667,7825,5542,-1713,1516,-261,1298
54668,-335,-4144,724,554,767,309
54669,2572,-3083,2305,609,794,619
54670,2572,-5902,3292,1533,1141,-1983
54671,3536,-7948,5194,1173,-1318,900
54672,-464,-340,-1602,-34,-833,1836
54673,-495,-4289,-2204,-1626,1148,436
54674,4046,-1053,-6755,-1200,1368,-15
54675,323,-4976,721,-529,-388,350
54676,5706,7822,1635,1730,101,-1161
54677,3734,-3151,2087,-17,239,-133
54678,-5719,2376,6012,1541,1232,-919
54679,5324,-6474,1843,-679,-638,-393
54680,7293,-2180,2981,1680,331,1448
54681,-2517,-5662,2220,-1179,924,1241
54682,-1918,4938,-6715,-1694,-1365,-549
54683,3795,7091,6955,-1407,-721,-487
54684,547,3523,-3637,-863,-704,236
54685,7237,-3769,3810,1725,1953,494
54686,2761,5423,110,-1860,-310,470
54687,-1430,-3770,-2907,360,1726,-1764
54688,4760,726,-882,-1350,-497,-1252
54689,-3561,7553,-2913,704,1971,-869
54690,-3674,2318,-33,-103,-1775,698
54691,-454,6986,597,-242,-1704,-343
54692,-960,-2994,-26,-1323,1559,-8
54693,-2339,6722,4109,247,292,571
54694,2687,-4342,-6492,328,-1612,190
54695,-427,-7461,5487,536,1667,-264
54696,6004,7456,-4336,1135,-1906,-1721
54697,1527,-7981,-4884,1418,-1725,-346
54698,-1274,-3869,6709,924,292,-201
54699,-7231,-3190,-7112,-1806,-626,1678
54700,771,-2762,-6096,196,-1022,-1881
54701,-2600,1552,3350,228,-1605,1290
54702,-1984,-2449,6376,1793,1029,-426
54703,5790,6083,5498,-177,-145,-438
54704,-6034,-7672,-4248,-928,-267,671
54705,4472,6398,-4373,-118,1567,819
54706,-6806,1076,5458,-777,-723,1816
54707,-7299,-7936,1730,-315,390,801
54708,-301,5261,4351,-226,-1656,-258
54709,7672,2191,1087,1954,-1942,872
54710,-6516,-3166,-174,813,-247,-667
54711,542,13,-5703,987,110,-959
54712,1944,7923,1942,1730,1592,1028
54713,20,-6422,6282,545,-799,-320
54714,7064,2020,-6261,-1214,-1157,-620
54715,4450,1862,-1948,-6,217,225
54716,-234,-1936,-294,186,-981,593
54717,-3591,-5131,919,728,1422,-430
54718,7755,-5205,6265,-256,1944,1526
54719,7893,-6397,988,46,1508,-1398
54720,7382,-2213,-4897,-1901,1492,-1563
54721,3356,2857,-5349,1065,94,624
54722,3449,-5745,-4488,-1710,-1631,18
54723,117,-5821,-4151,794,-943,-1772
54724,-559,4394,-1858,-1933,-874,122
54725,4699,-2394,2325,-945,1108,491
54726,3885,4474,-7012,-1183,1633,1816
54727,6191,7877,3393,-1996,-590,-975
54728,-2308,4961,5256,-1069,891,-140
54729,4269,-1511,1,-1746,495,65
54730,1479,3702,6504,-1055,676,1489
54731,432,-1290,-6995,1846,-1726,537
54732,-2613,4711,-6327,-1870,-226,-1198
54733,4628,5357,6819,1869,1368,1158
54734,-5769,-2776,-2119,-323,-1935,-1272
54735,7444,-1455,2918,1440,-1567,-23
54736,-7877,-6688,-1136,-1126,201,-749
54737,4925,2498,-7352,-1244,-439,-135
54738,-4304,758,-5115,141,361,736
54739,482,-3213,2945,1515,-939,1449
54740,-4083,4198,6961,877,1716,-1103
54741,-5214,4320,-7279,-1290,1775,-1780
54742,-5845,-1485,6326,44,935,347
54743,2862,662,7775,-171,-1972,-248
54744,7184,4690,2424,-288,1459,903
54745,2040,2232,-4965,-565,-1092,1452
54746,7406,5074,6340,555,-1990,-681
54747,-7539,-7179,-7914,1446,-728,-311
54748,-7182,4851,-2746,1685,-174,-559
54749,-338,-2724,1505,-1931,-445,836
54750,3722,6097,-5180,919,677,1400
54751,6788,5436,-1325,-1727,1438,381
54752,6020,1393,-4883,1816,168,-952
54753,-7258,2215,-2205,-476,970,-1476
54754,4754,-5648,2114,-60,1256,-732
54755,-2423,-1968,4716,1360,597,-859
54756,2402,3809,199,-1970,892,-915
54757,4062,-1861,7307,-1479,338,251
54758,3520,5142,888,-1043,-1083,-1739
54759,853,7326,-4810,-1921,1937,788
54760,-1174,-5080,2901,1330,-957,-812
54761,-2504,-3371,1618,-1257,706,-1040
54762,-4084,-6686,-1689,1821,-423,-905
54763,-3583,-3691,7846,-1722,-738,768
54764,-2419,-6166,3466,1367,-300,-168
54765,6397,4812,-4175,1,1948,1172
54766,-5825,-3202,-948,-1467,100,1617
54767,2323,-4956,-7654,445,-1954,1111
54768,4416,-5049,-3484,381,1749,633
54769,-5294,2168,1427,1860,-984,1399
54770,2140,-701,-5155,-1113,1318,-504
54771,5773,-2942,-7386,-596,1332,-1438
54772,-71,-2090,7520,819,421,-1440
54773,-2801,-7141,6637,-177,-626,1812
54774,-6348,5921,-1224,1441,1839,-1921
54775,-5634,-4404,6843,101,-1846,-685
54776,-7014,-2880,-3961,-1172,-194,1889
54777,856,6473,4972,-1419,-1014,905
54778,6043,-4089,5520,161,-1273,-1843
54779,4390,2036,-7611,-398,1151,514
54780,1330,-5735,-3797,1433,-301,-1950
54781,-7840,-1986,-4929,314,-863,-131
54782,-2970,2551,7768,798,1376,129
54783,5405,-682,3239,-882,85,-590
54784,2595,3414,3846,-1569,635,-1077
54785,-6002,436,-7905,678,-1368,1417
54786,-461,293,7142,1342,464,1446
54787,-5144,-1576,-7861,-1841,1485,563
54788,-3998,1182,1036,-1301,1077,597
54789,4544,900,-2140,-1721,127,-670
54790,-6809,1517,4235,1240,1015,306
54791,6688,2648,-149,-545,-1538,-300
54792,-1740,-6374,6063,-1632,-1544,-1710
54793,-1015,452,1771,-1471,496,700
54794,4229,-449,-1154,-1344,546,1414
54795,1624,-6427,-2075,688,-1669,-782
54796,-7060,-2789,3524,-1032,1185,1399
54797,-4993,-3742,-331,-22,428,61
54798,-1689,-4607,-6379,898,-245,-135
54799,5197,6154,7729,1454,790,925
54800,-215,-7463,-1792,774,-270,1257
54801,2898,-5908,1222,-605,508,-535
54802,6553,-2850,-2183,-1621,91,-143
54803,-3822,-4169,-5198,-1457,-1217,-286
54804,68,-1726,231,-1719,1684,556
54805,-6767,-4082,-5774,534,-1497,-29
54806,-5157,-1388,2485,-1939,-655,433
54807,-882,-5653,6621,505,-1945,1104
54808,-4964,6076,7357,-328,-1343,-1867
54809,3084,-3827,-4222,499,1536,1491
54810,6177,-1881,3014,-1322,-1793,-1581
54811,-2791,4475,6635,1907,174,-794
54812,-6090,-5055,1398,1958,1361,668
54813,-886,-6216,6797,1223,547,-1114
54814,-5963,-1198,-4168,-996,-1782,1584
54815,-18,-2248,1782,382,77,262
54816,-6269,5027,-3490,-516,1105,137
54817,-2119,-1909,-2772,1559,982,-136
54818,-7513,-7227,-282,702,-254,-1381
54819,6031,-1387,2684,466,1751,-313
54820,-5371,3164,4707,1222,1364,310
54821,980,-4245,-6662,-481,-158,-762
54822,378,-4746,1328,725,-467,-591
54823,7211,876,1438,-707,1572,-1492
54824,-3073,-7849,1063,-1849,1167,-1479
54825,3592,-3343,830,-559,1308,912
54826,-3186,-6788,-1347,797,-1433,-908
54827,-7546,3109,5662,1923,917,664
54828,1362,-4942,1819,849,1414,1645
54829,3891,-683,7029,363,1671,-1413
54830,5315,7504,-6887,-580,-1643,356
54831,-7431,7993,2589,450,1056,1836
54832,1931,5869,5814,-1050,1543,-902
54833,-1516,1872,-7822,-872,1987,1888
54834,-421,6937,7494,-1161,-1201,1613
54835,-5296,5482,6119,901,1097,-1850
54836,-4365,3568,5808,433,-1633,1452
54837,-128,275,-348,1561,-745,-390
54838,-6095,-2165,-901,555,1788,558
54839,-7511,3627,1353,184,790,-780
54840,-6316,7274,3243,-765,-547,-1894
54841,-5255,-4092,-843,-411,320,-1467
54842,-1223,1387,-1941,1867,184,1686
54843,1514,-7985,5853,296,1986,1784
54844,-4848,5115,-6327,837,-591,-470
54845,-6603,-5383,-6094,-141,1290,-1776
54846,926,1311,-1655,52,759,-1088
54847,5862,-4638,7103,77,73,-373
54848,7366,-5539,-1354,1946,-1814,-1780
54849,6579,1975,-2992,1642,919,-1708
54850,-6599,1412,5393,3,896,325
54851,2304,6005,2456,732,176,827
54852,-2937,-1352,6187,-66,188,-1683
54853,-3424,-1071,5790,-1454,602,1734
54854,-6205,-4279,-4388,875,-1672,137
54855,1844,3997,7611,1493,-1894,545
54856,133,-1521,-5716,-887,1955,-370
54857,-30,-236,4956,-1279,1517,82
54858,4343,-941,-4089,-80,575,1714
54859,-1932,2260,5606,983,298,479
54860,-3938,-7149,3762,190,269,1275
54861,263,1621,2311,-1678,1156,964
54862,2386,-2755,2863,-281,-1004,-201
54863,-2240,6709,-4645,-894,840,-558
54864,-4307,-5018,1507,67,-1020,608
54865,-4478,3270,-3920,637,-249,149
54866,1203,-5020,662,274,-1144,1596
54867,3102,5392,7620,-1375,-34,950
54868,5355,3671,4916,-1051,1763,298
54869,-7465,-6820,-7344,-63,-1516,1483
54870,6947,-7906,-4874,1772,1173,-920
54871,-6243,-872,-6723,-1758,-1521,-1659
54872,-1545,5098,-3638,908,1376,198
54873,6952,797,-1600,1780,-1035,1627
54874,7656,337,-6211,1476,1677,1611
54875,4766,5284,5753,-98,197,667
54876,1412,1768,3442,-366,-1094,1823
54877,-5481,-5371,2797,916,1341,-1419
54878,5795,-7227,-973,-1926,-1567,1070
54879,-571,2389,2559,1143,-1862,-1458
54880,394,3332,-73,-1502,-24,-865
54881,3783,-808,-4207,-291,537,-207
54882,6758,6168,4916,1403,1159,489
54883,425,-6738,-7938,503,1428,1351
54884,3472,3394,1111,-1448,934,1380
54885,-12,3713,1630,-646,-1236,556
54886,-320,5157,-2608,-1799,-567,755
54887,-7879,2272,-629,-975,454,-950
54888,5455,7028,488,-1185,1975,885
54889,3024,-4667,5181,679,-231,1474
54890,4440,7037,-6375,-1935,416,1964
54891,-4554,4224,5991,1536,-1109,-19
54892,1296,-3408,7785,260,610,1326
54893,5297,-2024,-1006,-1354,-1254,-107
54894,6115,-942,-6528,-1736,-1031,437
54895,7222,5844,-3267,-11,7,996
54896,274,-3204,-4349,-397,164,-621
54897,1616,-436,2449,1776,-1622,888
54898,-2189,-905,-6075,-1758,-588,622
54899,5401,-4029,-7246,1309,-1026,679
54900,3793,-7355,6229,161,1209,-1908
54901,6251,-7349,-6354,1702,-532,599
54902,-5174,7190,-3645,1456,-42,-1811
54903,1771,5110,1197,350,-1444,1798
54904,2120,4468,-565,359,774,-429
54905,-5532,436,-6798,1327,79,-1179
54906,-3426,4915,-5631,1192,619,1658
54907,-6593,7163,7937,456,-1003,-535
54908,5221,-1471,6622,-492,1154,390
54909,5745,1735,-654,-868,-1594,-1717
54910,6449,5983,7356,-243,-351,-1441
54911,1538,-5105,431,1510,-829,366
54912,6166,3501,-7804,262,354,111
54913,3636,-3731,-6794,-1838,-287,-1457
54914,-3351,-7479,6361,-1987,-189,1530
54915,-507,5365,-4306,-656,-1207,1093
54916,-2731,1791,57,-1800,357,1448
54917,-3036,2163,3787,-1131,-295,1298
54918,3299,-492,-596,-2000,1534,-78
54919,237,-1846,-4715,1668,-109,792
54920,-5155,-7992,-7303,1311,-1817,-1933
54921,-7295,6676,4554,-1038,697,1983
54922,699,2563,-3612,-701,1897,165
54923,6928,-5713,-2781,-1935,-163,168
54924,-6045,-4356,-5494,573,-254,-1059
54925,-3659,-6108,-3550,-1572,-481,-1193
54926,-6179,4275,-2412,-917,-268,-739
54927,-1103,4052,1143,696,227,-169
54928,3781,1172,5531,1361,1454,448
54929,-6517,-6890,-4880,-101,46,1489
54930,4409,7914,3602,614,105,680
54931,-4975,5554,-2926,-78,-172,-1058
54932,-5011,6750,7825,1035,-1240,65
54933,245,-4242,-1305,651,1122,1210
54934,-1271,7957,-7982,-668,-1656,-519
54935,7477,7392,7669,847,-1700,1174
54936,1903,-1088,-7267,880,1157,191
54937,-3822,-1755,1724,-42,828,1200
54938,2034,4907,5378,-1215,1327,1884
54939,-4949,-1442,-285,22,-1636,-1112
54940,928,-3959,460,-1647,-564,-51
54941,-6301,-5737,2092,-173,1711,-946
54942,7720,6410,-6923,1925,-682,-904
54943,-1805,-835,7014,1939,232,36
54944,4917,-1734,7533,74,1414,1589
54945,6854,-128,-3334,-575,-974,-1590
54946,-6322,-1265,6055,-379,-280,494
54947,-6208,6882,-5567,737,858,175
54948,2318,-3727,3702,331,-77,1786
54949,-2312,-2160,7909,-1765,1090,625
54950,-7388,-4547,5318,-446,916,168
54951,1121,-6453,-4904,-327,-214,-72
54952,-1735,1623,-4618,314,-1176,1124
54953,-3649,2096,850,886,-1902,1217
54954,1402,859,4010,-1346,-1083,228
54955,2531,2752,-2444,1849,476,-1045
54956,-792,-6050,6468,-1190,-1455,464
54957,-5736,-1085,5134,731,-722,134
54958,2621,5720,-217,1370,-27,1673
54959,6094,-6070,-1176,1429,-167,-1856
54960,-7191,6868,5761,1682,384,-911
54961,-119,-2021,699,-1681,1329,-889
54962,4302,5409,7219,132,543,1968
54963,-2244,6307,-7266,688,-477,-875
54964,5776,3378,4879,-1718,733,428
54965,-2897,-3520,-5605,1961,-31,-950
54966,-4166,-1886,-7030,1321,-117,326
54967,2168,964,6365,-511,-691,786
54968,3056,-7597,-150,-437,750,353
54969,-711,-3484,-7177,-805,1325,-1784
54970,6794,-3673,-3658,-691,621,1791
54971,3374,-5093,2107,-1110,774,-1761
54972,4820,-4049,-195,34,601,1867
54973,652,-4587,-2054,-1664,-86,1469
54974,3878,-2297,-5894,1150,-200,-1922
54975,3026,-1962,-2846,1456,-30,1066
54976,-471,3576,-5940,-465,-508,-1067
54977,7910,-7499,-1849,1576,-1331,-82
54978,7610,-7786,-5161,202,-787,1596
54979,-4104,-6764,-3859,-62,-18,1171
54980,7981,-3489,-5054,-1584,951,1451
54981,-3585,3988,2982,501,-207,-709
54982,-1593,4764,421,-410,69,1146
54983,-4908,-7624,5882,-832,-608,1493
54984,4032,3419,-2583,1408,1837,89
54985,-689,-957,-6179,-352,-1933,1844
54986,2937,3250,4112,-84,1476,-1855
54987,7672,7366,-4961,1067,1141,-1191
54988,6775,-3126,7558,-694,1232,-315
54989,-4894,-7775,1580,1738,1674,1805
54990,4237,7473,-6832,590,558,1261
54991,-3836,-3830,-1527,1550,-1553,-102
54992,6138,-5942,-5702,-972,-467,-1282
54993,696,-3631,-2823,-1156,1569,1516
54994,-6384,-2810,7499,-1346,1956,-582
54995,-4382,-3602,-6500,995,826,-514
54996,3836,3984,-3913,-832,-1714,-1254
54997,-2398,-4600,-442,-938,-721,859
54998,-4336,5871,3492,-608,1351,1500
54999,-761,2922,-2015,1478,-800,633
55000,7059,-7424,5828,180,-1782,1926
55001,-3722,7339,5406,-70,1547,-873
55002,-2834,1627,-7005,1321,-245,798
55003,7916,4798,-2449,1621,-680,1924
55004,-297,1114,148,-70,-215,-1613
55005,1668,-1183,4050,1047,-112,1572
55006,-2043,4415,7611,-1018,264,-1794
55007,6802,3785,187,-1539,-1924,-327
55008,3312,5060,-478,-1869,154,-710
55009,-4181,-4099,-7411,1801,1496,-1558
55010,-4460,-6969,-6881,1928,768,-1410
55011,4144,-2913,4377,1872,638,1692
55012,4436,-513,1795,-1385,200,-1173
55013,3774,5399,-7193,-992,290,-1376
55014,-3578,-949,7811,-768,-1497,-1607
55015,-1272,5306,4843,-1207,1437,-652
55016,-4623,-5967,-2192,782,-1028,651
55017,4747,-6562,-7480,1766,16,-1867
55018,5513,3368,-1654,1302,1555,-1613
55019,-5580,975,674,909,290,-1335
55020,-6512,1575,-1133,247,1235,1110
55021,-5393,1739,5112,-181,535,-1536
55022,-1538,2352,-8000,-438,-121,1781
55023,6279,7241,-1382,-583,-362,1020
55024,-3490,3969,7090,1639,-1683,1259
55025,-4516,2585,5917,-711,-1234,759
55026,-5047,252,-7774,725,1405,-1042
55027,66,6592,-2146,-276,-1505,1936
55028,-1190,-957,-5451,519,-173,1915
55029,4840,-6144,-2379,-416,-1178,-855
55030,3122,6716,-5676,-1948,-191,552
55031,-6693,7038,-7806,-1395,-788,-629
55032,2978,-6162,-3839,1362,191,845
55033,1554,2872,4741,-509,1340,1841
55034,-6749,7257,3053,446,-999,-456
55035,5442,2317,5573,6,1859,-1072
55036,-1094,6299,5198,-1189,1480,1532
55037,7024,-4362,947,282,-1302,-340
55038,3632,945,5287,-110,1804,1217
55039,-4621,-2594,2403,-1639,261,461
55040,7690,3653,3625,-269,-120,510
55041,-3431,-1705,3400,-256,-2000,-1720
55042,-3025,-2713,-157,-1738,-529,1504
55043,2745,4490,-3779,-523,1072,-1502
55044,2656,-2872,249,-336,529,-1754
55045,-1941,332,-1687,775,734,-286
55046,-5492,7656,3343,-1473,-860,225
55047,2302,-4785,3507,-247,349,229
55048,67,-6387,-6121,-508,1920,1079
55049,4850,6242,7939,-1208,183,-972
55050,4293,-6775,-1706,109,-558,735
55051,-5734,7737,2884,-297,858,-1066
55052,1511,5809,-6768,1566,-783,-315
55053,-4730,-6717,3026,-165,-449,519
55054,-5169,-19,5729,-709,-1749,1774
55055,-5078,-5007,6213,-347,-693,1771
55056,-5500,-5369,5812,1857,1261,1334
55057,3143,-2374,-4443,-118,393,-544
55058,-5806,-744,-3246,-1901,-30,-1152
55059,-6303,1348,883,-855,683,3
55060,4716,-462,-5659,-707,-1256,-987
55061,4096,-2104,3171,-579,-1300,1737
55062,1188,-1953,3595,345,-283,392
55063,4389,-5280,3879,-1140,-1685,-1635
55064,-3346,-7329,3621,1535,-1844,1098
55065,182,5001,-6277,-1379,-413,1846
55066,2208,-1541,4963,-1383,901,-178
55067,-3291,-5784,-5714,1449,-38,-301
55068,2455,4335,1369,-145,70,1826
55069,-4602,2530,-5408,-475,496,-613
55070,-3047,-586,2544,-1983,249,-1827
55071,80,3480,-2244,-1191,662,-72
55072,3593,6952,5352,-1341,-1450,-524
55073,4605,6884,-2032,-1352,1285,1309
55074,6750,-6780,-2869,863,782,-984
55075,-5511,-1529,5519,1626,-460,-922
55076,4896,4912,5703,-618,-1521,-1911
55077,-1141,-2460,1878,-276,1701,1363
55078,-4077,-512,-3274,-1188,412,-439
55079,-2542,7009,985,-682,51,1049
55080,7770,6491,-20,1953,-1248,853
55081,3106,4693,93,-1233,-1075,617
55082,530,4974,-3026,203,1314,-163
55083,3074,-4890,4509,-389,1024,-1157
55084,-846,-3544,6137,831,-361,209
55085,-5372,2877,-1143,-218,-1045,-413
55086,-411,-5540,-1802,326,1491,597
55087,-5559,2691,2161,-1372,-1119,669
55088,591,-7982,-7195,637,-1941,1416
55089,4912,-480,1827,1837,-899,-1083
55090,-1920,-5638,-7570,960,-47,1231
55091,7525,4627,-3930,-1848,-154,-1851
55092,-3356,-7850,4161,227,1313,1441
55093,6216,-2655,-6936,-803,1233,-1582
55094,-4027,547,-1831,-1423,-270,41
55095,-529,-5744,1759,456,-596,24
55096,-4360,5909,-6688,1047,-1530,-226
55097,5117,3054,7077,1834,748,1312
55098,2114,845,6800,-173,342,148
55099,3811,5749,6574,-85,-233,-1760
55100,-6144,-161,579,1986,555,-1704
55101,-3138,-7171,-2702,980,-1140,1504
55102,3413,-6245,-5940,-750,1911,-1114
55103,-6973,215,7435,846,-818,-931
55104,-6144,774,-3994,157,-1275,323
55105,-955,-6604,-1326,-1675,-592,674
55106,3526,-1525,-2318,197,-438,-625
55107,6803,1377,-3901,1532,1887,1084
55108,-6589,-5559,-853,1568,1200,-474
55109,-4115,5509,-1026,1515,65,1337
55110,-6555,6593,6961,-576,119,-1934
55111,6316,-3288,3466,1410,-1902,805
55112,4397,4829,-6375,-156,-451,141
55113,-1919,7220,-7360,-190,1939,-1121
55114,-3546,-5683,3752,36,656,1966
55115,4924,4370,-7275,-310,-51,-265
55116,-3491,-3991,5591,-77,-355,-183
55117,2818,6796,6154,1144,-1595,410
55118,4109,-5606,5610,340,721,-732
55119,7364,-6731,-7870,-965,1346,296
55120,1127,-3822,-7450,-1830,285,-1346
55121,-7747,-2646,-3014,263,1380,-1320
55122,-3488,-5970,3035,206,81,656
55123,-190,3582,5639,-148,-969,1875
55124,-4910,7858,-2402,-1219,-153,-283
55125,-5197,4870,1644,-1314,-1237,-1130
55126,-7308,-646,-2416,368,-561,1756
55127,-2372,3410,-6150,1383,224,399
55128,-7593,-2054,3131,1174,-172,-1088
55129,6176,-3039,-6749,-952,297,1920
55130,3524,-5908,-1978,-926,1969,-1128
55131,5413,-7288,-3888,-1964,1809,-136
55132,-6558,3466,-5169,-1685,-918,-818
55133,-1878,2296,-2147,1819,1202,-19
55134,6335,1984,2645,-202,-1119,-997
55135,-7003,-2576,3562,-827,761,-703
55136,-3456,-4787,-1239,347,510,253
55137,3438,-7767,2400,-350,151,-739
55138,-5162,4754,4665,-1914,-1599,-1420
55139,2380,7870,-3726,-1024,-1982,1055
55140,4514,-5775,-3113,-1617,-463,357
55141,-726,4990,7718,1776,-1384,1081
55142,252,-1245,2948,932,-1597,-396
55143,-189,4088,4938,-1301,777,1414
55144,5674,-3722,-1327,1531,1770,151
55145,-1999,-3833,-7419,1655,838,681
55146,914,-4415,-255,1627,-982,138
55147,-1236,2951,3691,547,-681,-1455
55148,-6365,6382,4667,-1449,1729,1732
55149,6811,6487,149,-461,-267,-621
55150,3227,1040,4672,672,761,1213
55151,-7043,-6171,-4262,503,572,1445
55152,1600,-1203,2760,1411,-1467,-1096
55153,-6115,6403,-5439,-1398,-590,1909
55154,-7712,-7654,-5757,-934,629,1280
55155,491,3307,1032,1357,-1206,-56
55156,6085,-4983,-625,8,1110,-1074
55157,-4536,-7605,240,536,-1076,-1404
55158,4444,4006,3534,-1439,-970,78
55159,2569,1305,-6443,-219,786,1160
55160,-1284,5577,-2451,-915,936,237
55161,2719,7512,-340,757,1527,-1154
55162,5928,-329,-3296,-1912,726,-1859
55163,-7854,-7451,3543,1812,-254,-1212
55164,-1655,-4970,-6821,752,1495,1604
55165,1319,6437,-4609,-1276,-1587,-1349
55166,-5046,1042,6303,-1197,-774,1502
55167,-100,-64,-2216,-1124,-1526,-502
55168,3524,-1023,1557,1795,-338,464
55169,4221,-6150,6769,1455,1463,-1139
55170,-1719,4410,4864,-1960,-1333,430
55171,-1398,6883,7756,1995,48,-1821
55172,2047,-3557,-6707,-1900,378,-486
55173,5522,7510,7822,1843,1245,681
55174,7444,-6950,-5189,1081,-164,1318
55175,-1816,-6290,-2370,-775,-1023,-511
55176,1073,2744,7821,874,1485,297
55177,5584,-4166,-4596,393,-1124,1233
55178,-811,-5674,106,10,-229,193
55179,2341,-3872,-7946,-1419,-329,-1780
55180,-3835,1408,-1579,-1890,1941,-1192
55181,803,2717,4857,-934,-1183,-20
55182,4295,-7100,332,600,32,1059
55183,-5461,7116,-1067,168,251,-740
55184,3023,-514,-1073,-172,1890,-1133
55185,-5751,-6594,3639,-1111,-457,-35
55186,-1781,330,583,1590,-1122,-687
55187,-1415,-6793,-3375,1648,1251,1530
55188,-7342,-5679,-7068,246,15,-1315
55189,7324,-1814,4204,1045,-1071,-1654
55190,1277,7457,6861,855,-1341,528
55191,5803,6184,-2858,1322,-1111,-66
55192,1965,-6921,-7444,-181,966,425
55193,670,-3040,7724,-500,140,-1124
55194,7581,333,1582,274,-1973,481
55195,6446,6257,5198,1010,1794,1741
55196,7032,5606,6727,563,159,-737
55197,2070,1336,-600,246,1294,238
55198,4657,7811,4384,-1006,556,473
55199,-1233,-378,1308,1674,573,-181
55200,-150,-607,3750,1751,-1701,1921
55201,5776,20,-6582,1444,-519,-571
55202,-869,6075,2616,-289,-96,1344
55203,-4920,-331,7571,-263,814,-699
55204,7692,7540,-4253,1397,157,-27
55205,-4268,-302,-1566,-849,544,193
55206,-7039,1708,-2568,434,1849,-1470
55207,3288,632,4237,-546,1450,-372
55208,-2719,-1965,-7828,-1561,-1973,1358
55209,-4529,3156,-232,-707,1561,1275
55210,-456,-4033,-5852,1219,-177,1722
55211,1081,-2285,7503,1343,324,-99
55212,4569,5072,-2289,-1700,-660,-1702
55213,-6546,1568,3117,-102,-1463,1970
55214,-238,-5927,5184,-623,1400,-690
55215,-336,-4618,-4553,924,-1092,281
55216,1644,3457,-2684,1516,-110,529
55217,3463,-1534,-7287,1256,1946,-1610
55218,6397,6122,-3431,576,-1164,-1962
55219,6120,-1542,-7180,92,-701,-1997
55220,-2571,-3429,-5738,-602,689,-1982
55221,-7791,2493,6269,357,-521,-947
55222,2797,-1735,-603,-841,-1897,1668
55223,2518,-2033,-3955,-1615,-1724,1746
55224,-5474,-1874,-5197,-1336,407,-1607
55225,-1657,-5747,-6178,1228,888,16
55226,7962,1522,3986,-1916,89,-1635
55227,6106,4078,1280,1398,-1092,-25
55228,4248,-1051,-992,-1080,-1104,-227
55229,-6126,4330,-5167,1845,1169,-1623
55230,-5742,-822,-7912,-178,-1541,666
55231,4320,-6340,-7983,-176,724,1606
55232,-752,-5018,-4778,76,-1091,-401
55233,-6617,5703,4050,-291,1764,-1029
55234,-2531,2091,2312,-1975,712,-1557
55235,-2454,6823,-6425,-1447,-1947,-656
55236,6972,-4926,-5440,3,1920,1125
55237,-3485,4904,3481,-661,-1893,479
55238,-6716,5692,-3240,952,-1750,963
55239,-6306,3894,-2266,-780,-884,877
55240,-2131,6969,4992,-1468,-257,-1077
55241,-6889,-3632,4936,-420,435,-833
55242,75,7772,-1875,-454,836,-155
55243,-4362,7227,-3690,1152,471,34
55244,2827,-5810,6965,-319,1578,312
55245,1921,5114,429,-1789,531,-194
55246,5834,-2062,-6739,-1800,-1502,-957
55247,-7877,-138,-1534,1249,-1729,-230
55248,-3718,-359,-6927,757,587,1931
55249,3939,-4812,-7217,-104,1925,1813
55250,1679,3035,-6617,927,-698,-378
55251,-3269,4809,1899,-1434,-960,13
55252,-4587,-3476,-3768,-1835,133,-1732
55253,-4081,-1177,5552,-984,1602,243
55254,3638,4945,-81,-1728,-341,-507
55255,-6371,5392,-3413,797,-265,1486
55256,4692,-7518,-7620,1127,855,-1704
55257,3922,974,4617,-847,-1734,295
55258,488,2988,-1005,-561,-1353,552
55259,-2021,5104,3888,-592,799,-1361
55260,6662,-7834,-5143,1578,1725,1735
55261,7221,-6243,-577,1297,-1920,-856
55262,-1656,7760,-4508,-1046,-1561,-1484
55263,-3055,2767,-7703,20,-1564,949
55264,6995,5150,4929,-1455,287,217
55265,-2603,-2939,2765,963,942,570
55266,-570,6119,-2210,732,1224,214
55267,-6096,6898,-4724,1908,-1827,981
55268,3168,-2498,-6848,620,105,1420
55269,-1893,-3115,-1629,945,446,-1834
55270,-976,2583,5226,-1875,-1315,-1625
55271,1516,-1977,4453,-882,1988,-1692
55272,-6375,3065,-5650,1583,-585,-908
55273,-5701,714,7310,1014,-57,1930
55274,-3764,7,-4253,-1551,-1287,3
55275,5272,2041,5043,766,-1397,-508
55276,-1497,-5022,-5025,283,-305,-10
55277,952,-3118,3458,-713,-1241,-1503
55278,-4757,-2481,7287,-770,-1765,-164
55279,4951,-144,-374,1632,-548,1262
55280,-5006,5113,-2535,-1656,-1368,-1161
55281,-457,-1301,-3354,-1484,-570,330
55282,-2964,-2448,-4049,1546,817,-1091
55283,-5549,3189,-5730,729,1416,-1255
55284,-4042,-3702,858,628,-1942,179
55285,-2901,4010,1281,-1739,732,14
55286,-4587,-7146,7480,-297,-596,-860
55287,7890,7113,-5164,342,-1829,1730
55288,-373,4919,-5855,1424,-1838,-376
55289,5239,-983,5115,102,-1198,-1211
55290,-822,-1727,7989,1985,-1293,1682
55291,-4550,108,5969,570,-1586,-1845
55292,-7554,-3992,2091,850,-1280,-1784
55293,-7487,-368,3049,1240,-672,-1494
55294,99,2597,-2280,-1017,-1913,-374
55295,1189,-2179,-4133,462,1259,-1580
55296,3574,7519,-5861,273,1428,1613
55297,207,-3691,5187,-909,-1073,-609
55298,-1873,6550,-7186,404,-8,-1200
55299,-2775,6953,7473,1377,1198,-1812
55300,5912,2605,2575,1268,-537,366
55301,-6011,-1387,-1215,-1157,1481,-1617
55302,-7108,7862,-4959,188,-117,397
55303,3933,6116,5933,-184,-1632,-1949
55304,-2356,5208,4197,-1021,-1431,750
55305,-1394,6619,1315,-1228,1946,966
55306,3023,-7910,511,-8,195,673
55307,-2434,-3417,-111,-1459,401,-1905
55308,5144,5123,679,-1361,1918,1397
55309,6747,-6750,53,990,-1766,1626
55310,-330,3993,-4401,261,336,662
55311,6759,3768,665,-1195,-558,1808
55312,7342,5517,-4882,588,249,847
55313,7873,17,-4337,-397,-782,1153
55314,-6972,-1312,-7759,1079,-770,1497
55315,-6813,6203,4169,-1920,1218,431
55316,4804,3123,2488,-1938,-242,-901
55317,1075,-1811,-4527,-1557,108,-355
55318,-1980,4236,5071,474,865,1855
55319,-5671,6212,4489,78,637,1758
55320,4286,-3977,6080,1444,-1753,880
55321,-511,-2635,4393,418,-1306,1425
55322,-6480,-4707,-4517,475,-1207,1763
55323,4435,1488,-1192,391,156,-219
55324,-972,-6184,63,1432,-1631,1030
55325,3604,-6866,744,415,-1765,-1497
55326,3821,-1699,-115,738,-218,-431
55327,4761,-7924,-2518,1850,108,1055
55328,7753,7247,7977,1546,566,689
55329,-7579,4619,984,-1424,1123,416
55330,830,203,-5289,-1224,852,-9
55331,-4510,6814,-7617,677,237,-1280
55332,-6548,-5477,-6709,856,1475,-587
55333,-7635,-3635,-2888,1548,-323,1135
55334,-2552,-195,69,975,-812,-50
55335,-3968,2313,1066,1051,-428,-1476
55336,-5574,7675,590,-715,642,1610
55337,-3062,-3760,-6163,-672,-1499,-532
55338,-2469,277,578,545,-1451,371
55339,1439,-3699,1162,133,433,-245
55340,4125,5042,4336,1228,1813,-359
55341,-1240,4213,-5718,-1978,-1305,58
55342,-1355,-642,-6640,-1775,-1355,-24
55343,3129,-5991,5025,-252,-853,-1839
55344,-497,-4802,-5506,-470,-1671,-363
55345,-2438,-1125,-2637,-928,1213,279
55346,-3647,-360,74,-1137,1499,-30
55347,1048,-6126,3269,-976,-80,1495
55348,-7758,7227,-875,1207,-460,753
55349,3458,-7571,600,1978,1825,1932
55350,-5302,1942,373,90,145,1250
55351,-344,-2017,2300,-622,-1245,-981
55352,7604,4297,3856,1734,-1483,-173
55353,3005,416,-1875,1768,204,-358
55354,-1135,-5594,-4944,-1649,590,212
55355,2447,7638,6858,778,-1850,-887
55356,-484,-4187,4353,166,872,-94
55357,-3646,3561,-2439,-1022,-622,-1844
55358,6730,2454,-4271,1321,1923,-104
55359,4387,1320,6346,-46,1842,-1419
55360,-1699,2753,5476,-1980,1104,-1145
55361,496,-6057,631,-975,-778,1576
55362,-2139,-5560,3178,-350,932,796
55363,6661,-1955,4200,1785,-1981,-1515
55364,-1770,1170,-5943,34,707,-136
55365,-4896,3351,2320,-1821,-1673,441
55366,-7678,5773,-2578,-1648,-987,249
55367,6133,4242,6290,-1308,265,-1071
55368,6105,-7866,-676,1465,-1924,360
55369,-3456,2491,4959,1411,-230,-1650
55370,-209,397,-493,-998,1013,415
55371,-4519,3549,-7614,-1100,820,271
55372,2937,-498,-582,-1440,-1196,828
55373,7378,7551,3052,1009,118,1389
55374,6397,-7034,4994,-81,-805,-1210
55375,1745,4140,822,-54,1078,-1976
55376,-7480,6404,-2607,-666,-120,299
55377,28,2188,-1017,-1117,1055,1745
55378,7346,-6745,7119,898,209,445
55379,-526,7232,-1824,1013,1854,-1003
55380,2736,-4560,-1128,-1970,-139,1583
55381,3300,5080,-4163,-1287,1870,-699
55382,7998,4742,-4783,828,561,-1860
55383,-7215,-137,6426,843,-1686,405
55384,4270,-2899,4329,-1082,-1464,-81
55385,-1247,1527,-5573,-27,1175,781
55386,-2524,-7130,-1285,-61,-588,1138
55387,1261,-4082,6456,-1274,1638,-130
55388,-4923,4621,-7200,1360,-1003,370
55389,5844,-5417,799,-1929,933,1678
55390,-4190,6812,-295,1800,1332,1451
55391,492,-5330,3921,1960,-1668,61
55392,3431,-7635,2754,-1733,631,380
55393,-7754,5781,4409,-227,440,173
55394,600,2926,-1452,-974,814,244
55395,586,-3681,-2745,-891,969,1056
55396,7927,-820,348,-653,-707,942
55397,854,-7515,-4879,-678,1850,-1384
55398,-3203,-7326,3627,-965,-1496,643
55399,1790,6886,5371,-83,42,1269
55400,-5898,1996,-6609,-389,1931,-1046
55401,7049,5821,-7398,436,-611,-1558
55402,-2832,2498,209,-1663,1065,1291
55403,-2867,6042,3001,809,638,-84
55404,-5301,-5181,4517,-1376,-1232,1499
55405,6888,7798,4782,-1868,1091,-1151
55406,-5265,2808,-4120,977,1340,-1268
55407,-1468,-181,-7559,-701,-792,-930
55408,-3190,4752,-6278,-746,-461,1300
55409,6882,6800,-6259,-1164,1006,1867
55410,534,5098,-3752,-1787,1472,-382
55411,-4803,-7678,-2326,295,1257,-59
55412,-1348,3506,7679,-1537,-1741,-675
55413,5055,4097,108,1798,-1804,-1423
55414,-4778,5690,1571,-90,-1867,586
55415,7809,-6092,-6154,-602,1434,-882
55416,-5350,-3055,3085,974,423,1884
55417,2464,-4104,-7658,351,-1131,-1922
55418,2270,-5150,6087,-324,686,323
55419,735,-777,2864,-785,984,-647
55420,7511,-7608,1522,-1821,206,-29
55421,3764,4409,-2661,1230,1164,1755
55422,6493,-2389,-5087,197,-1082,-1184
55423,5589,5695,-4017,-376,294,469
55424,-1792,-2733,3929,-407,1083,404
55425,-4663,-6289,1387,-560,1921,-1888
55426,5729,-7799,1994,-33,-1450,-6
55427,-766,4404,4604,-263,-1084,900
55428,2307,287,-6510,1250,-1372,1648
55429,-6496,2841,-5055,1859,1509,-1791
55430,2186,-6745,-840,-1706,-1054,-804
55431,7357,-481,-5634,-1746,-1881,-983
55432,4065,5890,2161,-38,-1693,102
55433,5153,6062,3569,785,1003,-40
55434,-6316,7409,7742,-92,-1044,705
55435,-6675,4350,-2729,-682,185,-1477
55436,-1132,-2507,6455,-457,175,1536
55437,3189,5055,-5635,1924,-1089,405
55438,-7330,-1980,-7825,-211,748,975
55439,1084,3259,-1566,736,1365,-951
55440,-3995,-4742,2151,-535,-601,-1868
55441,-3799,-7980,-4326,1412,1644,285
55442,-7602,-220,-1536,273,-1392,-1309
55443,2875,-1375,7935,-1906,-1428,-626
55444,6732,-2008,-1968,-1575,-818,520
55445,-2697,6848,2245,-133,1866,571
55446,3933,-7661,-6782,-1255,-240,-551
55447,5561,-6721,-5421,-1559,1393,-1480
55448,-204,-4827,2110,-1323,-320,710
55449,3812,7918,-2348,-1472,1074,1188
55450,7985,3540,-7753,-823,-233,-1057
55451,2681,-7193,-7403,690,-143,1156
55452,1,-6516,-4260,-562,653,-587
55453,1394,-3247,-4051,-648,-1474,-1530
55454,5953,5673,3083,-423,-790,-1593
55455,-6875,-5938,-5961,1331,314,-1884
55456,-6957,-7012,5900,1144,1278,1218
55457,1761,1300,7422,-1597,-1545,1679
55458,-311,773,7236,242,627,-846
55459,-3451,7176,-2655,-1113,-1157,1368
55460,-2210,315,7849,-583,598,-1440
55461,7172,1582,7799,1136,1013,-503
55462,7884,7055,4672,516,-1134,-1637
55463,4427,-4252,5715,-260,-512,-1826
55464,-6460,-1869,-4836,-1236,1575,-1756
55465,7173,2702,3184,770,-953,1033
55466,2613,2093,-4142,1424,-20,-1903
55467,-6769,6591,227,786,1516,696
55468,-6806,-601,-3240,1836,-1802,756
55469,2486,-5014,-1576,-1097,-145,212
55470,873,3179,-221,1720,1050,658
55471,-1473,-2377,-4856,610,-1654,836
55472,-4157,-1827,-1747,-1153,-877,322
55473,-5027,515,5667,-269,819,-20
55474,1452,-7895,-2676,-1088,-1478,-1842
55475,-5354,3235,4018,84,1824,-1016
55476,1114,7148,2022,-570,1953,1514
55477,-212,5699,-1971,-457,-1016,-664
55478,-7577,-1537,218,-839,1850,-518
55479,-2846,-5322,-1177,874,208,-1826
55480,-6812,-4214,2521,820,1787,859
55481,-45,1301,-3503,-1594,1092,1813
55482,5486,6881,1821,1168,-1390,1579
55483,-1340,-6364,7030,-1322,1650,-551
55484,4592,7839,792,-1285,1301,-1742
55485,1849,1780,6618,-1012,-150,-888
55486,-3074,5359,1702,-360,1343,-800
55487,-1254,667,-6874,-1125,-1405,1229
55488,2872,-279,6132,511,-650,-602
55489,-3134,7094,-5232,355,-646,-788
55490,1501,-4138,-2607,636,830,-537
55491,-3118,-5309,-5541,301,-993,595
55492,2761,5410,6554,-797,-21,1162
55493,170,-6571,1655,789,-482,-1516
55494,-7268,-3743,4871,-1450,673,411
55495,-4759,-5638,-1394,-965,-966,1891
55496,2140,7586,293,1004,-1313,-344
55497,2810,7150,-7605,-1110,-1727,-1477
55498,-6478,6245,-4483,1578,-311,-51
55499,1969,4953,-3457,-190,91,694
55500,1317,1910,-1671,-744,983,-1572
55501,-1670,5515,-228,993,821,498
55502,-4643,-5227,-7533,-1395,750,-1423
55503,7272,-4981,7989,-1262,1299,1915
55504,6975,-3229,3954,1148,-1749,1459
55505,-3514,-4607,4193,-975,417,701
55506,-6555,-1060,5172,1396,-316,1988
55507,2533,-2210,-807,-1472,482,1939
55508,5225,-2136,5308,-401,1797,-866
55509,-6288,-4461,-5430,-541,1584,-1623
55510,-62,-81,6948,-440,-311,-1697
55511,5429,-6722,4822,-1711,-242,1396
55512,-2472,1957,-5318,-831,-1769,-913
55513,4297,2585,180,677,-1021,731
55514,418,-2336,-3333,1118,700,-280
55515,4687,2991,6685,-1530,-421,-870
55516,-1211,-7697,692,-459,1198,1687
55517,-4769,5140,-7649,1399,-126,-1742
55518,-3755,-3240,-4395,1470,31,-1359
55519,-2620,-3215,7774,-1080,584,-533
55520,2057,-3372,4745,-1617,417,-335
55521,-7469,5548,-4309,991,46,53
55522,-3334,4347,-1774,1419,1365,-557
55523,-7920,-2976,-4531,162,-1938,601
55524,-1199,7314,-3357,1720,731,1317
55525,-2565,-435,7089,-364,-334,374
55526,-4303,5224,5346,761,1688,339
55527,-1672,-4008,-3341,-1024,1573,-1066
55528,-6050,3225,5494,-1939,-1971,1629
55529,3629,2304,-7738,1902,12,-57
55530,-3500,247,205,264,1842,-1959
55531,1214,4251,-4309,1752,1210,967
55532,2237,3846,-5486,-28,-1293,98
55533,3977,5223,-323,-657,678,467
55534,4774,199,-7992,685,1223,1979
55535,-1581,4612,-5980,1174,846,-1791
55536,4690,403,-7759,1317,-1635,-69
55537,-3799,4995,7608,1143,-1633,1819
55538,3472,-4177,-4780,-177,-1238,-417
55539,-1417,-4598,-4180,-724,-954,1601
55540,-6300,7284,4057,-419,-881,-794
55541,2617,-5016,6267,-1038,1900,67
55542,5736,-3225,2240,1925,1385,1438
55543,1639,5387,-178,570,-189,-1500
55544,-7206,-2759,7793,249,-386,1188
55545,7947,7687,-1485,579,-268,-230
55546,6176,91,-3031,-1659,1011,-180
55547,-7359,-5337,-5067,-1670,577,1113
55548,1325,5920,-5093,471,-1454,331
55549,6169,7440,-4964,-1716,1026,-1030
55550,1859,-4271,-2127,36,1055,1959
55551,5054,6522,358,-401,1975,545
55552,-4392,-7053,5376,300,-1398,710
55553,-2388,-6250,-6526,1175,-1792,-396
55554,-4827,5673,-6546,1611,-631,-34
55555,-6264,-6358,-2780,1723,-1832,1538
55556,5713,1268,7530,-1475,-503,-1009
55557,-7951,-6386,-5056,-881,1539,-1154
55558,6325,-4090,-6907,104,-834,1921
55559,5423,-1853,-2457,-1552,1394,554
55560,-2418,-7083,-5822,1794,827,1941
55561,-7682,7910,7641,-1451,903,-1580
55562,-2041,6107,-5367,998,-1191,870
55563,598,7099,-5700,314,1416,-1279
55564,2576,-2263,-6315,466,978,-830
55565,-234,-938,-5128,181,1786,-1305
55566,7928,-5750,1821,-586,-600,725
55567,6873,-622,5490,605,1627,-1945
55568,5811,3080,-584,-551,447,-253
55569,-3699,-2911,7601,-154,1506,1353
55570,3670,-163,-1946,-178,-431,-1660
55571,176,-2190,-7512,-1361,-345,-19
55572,7397,2674,-5525,94,-1522,-1278
55573,-5822,-2931,-5997,-1434,-1170,-1502
55574,-6003,1402,218,1551,-551,-1756
55575,5456,2726,6488,1438,-35,1367
55576,-101,6019,-5123,1333,1675,-403
55577,1972,-7675,-2572,716,-443,1111
55578,-2645,1244,5891,1024,1532,-356
55579,2873,-2925,54,-530,-477,643
55580,-7714,-6846,1149,-1450,-1610,1338
55581,2592,-6508,5660,1185,1098,-333
55582,6065,5499,3736,731,39,166
55583,5759,-2293,-3238,1837,55,-1894
55584,7295,4419,7647,1967,1989,1849
55585,-7248,-6429,-6726,1546,-1840,1927
55586,6796,6306,-1252,752,-1827,-586
55587,-7290,1210,-200,-860,-1271,1488
55588,7304,-3654,7941,1882,-1066,-1751
55589,6320,-3434,-3999,-186,-557,993
55590,-3741,5055,-3021,1654,1352,1306
55591,-7604,1644,7236,-1954,1439,1086
55592,5283,-164,7640,-1522,5,-380
55593,2910,-5740,3369,426,442,-997
55594,6554,4390,5776,-1730,906,1078
55595,2126,-4622,-4892,-1866,-848,214
55596,-5764,4953,5404,668,1885,-1473
55597,-1777,4121,-6703,-450,-1399,1151
55598,-2321,-7254,-3050,434,-805,-1727
55599,-4569,-7084,1315,-548,138,1698
55600,7515,5851,-4804,-1942,-1736,-1443
55601,6430,6150,-5365,-1153,625,-1868
55602,2855,7176,951,1718,169,-816
55603,1576,-6504,1491,-620,-92,572
55604,4661,-4853,4339,-1407,-1862,-1952
55605,-5431,-7948,2400,-456,594,296
55606,7272,-5065,3890,-150,1588,754
55607,7513,-6771,-5141,-1085,704,556
55608,6402,-906,4191,320,1516,1739
55609,-5758,5472,-5876,-334,1536,574
55610,-7746,-4200,5836,1037,-266,-1577
55611,-4863,-547,-4672,-710,912,-1295
55612,3523,1403,3901,-1615,-1238,1596
55613,-4722,5161,653,1024,187,-1772
55614,-5279,7529,-3581,1357,1478,-785
55615,4632,5483,-4137,-1691,5,-1574
55616,5101,-764,1754,312,-1224,606
55617,-2292,6272,7238,-1748,-1214,-133
55618,-3857,6354,6988,-1030,-1203,-474
55619,-6648,-5346,-2859,-353,1634,1300
55620,3947,-2202,-7009,484,-1730,-331
55621,1071,-6464,7733,202,565,1627
55622,-5223,-7207,-5924,-155,-1480,1994
55623,4913,6261,-1004,502,1984,493
55624,-3720,4677,-2222,-1913,1724,-839
55625,-4814,-5846,2442,-1430,-1687,-1906
55626,3212,2490,7510,106,1946,-276
55627,-7675,5862,-3997,-1802,1854,697
55628,-6666,-7344,4871,-300,-1587,-1775
55629,6593,-3140,-7223,-1614,1692,-98
55630,-4760,3071,-4712,673,404,1842
55631,5482,-4454,-1632,-35,-1479,1896
55632,-6677,-1958,5674,-638,1743,650
55633,-608,-1825,7541,-514,-1425,610
55634,-1699,4604,-1090,1267,-1192,-1896
55635,1347,-1830,-6532,507,-1755,185
55636,-6851,-6493,-3207,429,1316,1265
55637,-7423,2626,1604,-1056,-1466,1300
55638,6421,-4662,3372,-790,1912,1124
55639,-2724,-3520,2239,-336,995,342
55640,883,-5591,1706,1214,526,-893
55641,-5226,-4129,5904,-297,1647,1175
55642,-6845,5659,4258,1273,642,-1679
55643,4285,-4682,1935,-656,1475,-1175
55644,1160,-4351,2372,-427,-1981,779
55645,-4229,-3751,-1346,-1179,-1688,-272
55646,-3351,6130,1117,-481,-1969,-1369
55647,-3915,-7436,4013,1506,-848,-880
55648,-5183,3477,-3861,414,-843,786
55649,7119,-350,-7830,-342,823,-1861
55650,-4016,-5072,-1257,-1513,714,-1914
55651,-4354,3331,-6381,1650,-1253,-1689
55652,-1225,-6184,-3145,500,456,-550
55653,-789,-7324,2674,970,153,128
55654,5928,-3362,1712,-189,-349,-1223
55655,-2669,1769,-5799,892,281,1609
55656,-4706,4336,-1629,1910,-168,-75
55657,-394,-3965,5648,-618,-1024,-852
55658,-6564,2638,-5658,-357,-142,439
55659,6936,-4612,4776,273,-538,-412
55660,-579,2542,2276,1431,-1947,1354
55661,-4764,7190,249,1014,-1957,-1593
55662,-4666,1454,6596,89,-1882,-1196
55663,2553,6230,-3892,-330,-1527,527
55664,3227,-992,4600,1655,-838,1428
55665,1223,1953,2068,-585,1441,-667
55666,-1868,-4626,-3547,337,-1857,256
55667,-2489,-1064,3053,-1518,158,-563
55668,-5195,1590,2995,1266,1513,-962
55669,6781,-6248,-5547,-1021,-1677,-1676
55670,2869,-6327,1428,329,1915,-1375
55671,-1508,2512,-5263,-1478,-1198,247
55672,-6699,-7678,5576,414,-1932,1470
55673,6447,-5435,3354,-1850,-1321,978
55674,4450,-1184,-1303,95,93,1126
55675,-1964,-2951,4249,-15,773,503
55676,-783,4649,284,1893,699,1108
55677,4939,-5823,4485,1467,1841,-1452
55678,6588,-4785,7897,1191,-1979,-590
55679,4368,-7382,3342,-71,-1951,-921
55680,-3486,-5697,-2670,1488,579,-1639
55681,-1750,-2246,5867,-1708,-1129,560
55682,-4393,555,4719,-1751,-1534,1946
55683,-6384,2079,-6698,-928,1400,-1404
55684,3614,5872,-7547,1666,-1205,-321
55685,2686,7237,-3167,1730,1606,864
55686,3733,-4778,-401,665,1794,-1140
55687,2121,3771,-7177,-1016,-526,-285
55688,6634,7000,-975,-1523,-1774,1661
55689,-7280,-4868,6480,-1685,1090,1721
55690,-6906,-2379,-6451,-1132,-1316,-1727
55691,2896,-1889,5083,272,-557,1696
55692,4787,7165,-1595,-1621,-1837,-1620
55693,-6796,1886,5458,803,1246,-721
55694,6790,784,-3176,-1785,-1866,-290
55695,157,-2612,-7104,1690,-793,-1004
55696,3810,822,-4761,45,-1060,1834
55697,5150,7478,881,-1335,1318,808
55698,6296,6985,1571,-1433,-615,1988
55699,7308,7194,-113,505,113,357
55700,-4379,3134,-4880,90,1436,642
55701,1045,-7070,5310,-1621,1093,-1816
55702,-3575,1567,1959,217,-1253,777
55703,-629,-2579,-2542,-1346,-1683,1680
55704,-4211,7129,-3488,-179,-522,1690
55705,-931,2088,7959,27,-979,-1116
55706,-4218,-1647,-5673,-540,819,-13
55707,-5124,4198,2513,77,496,311
55708,-4804,-5458,-636,1752,1406,-583
55709,2759,-5242,-7522,1729,1169,-306
55710,-1264,-3912,-5973,1499,1091,-587
55711,-4708,-4472,-1318,-882,-1686,1391
55712,-6579,4434,143,-1517,1832,-206
55713,-3222,-3075,2503,1640,1064,-1194
55714,-3049,-204,-1096,-1585,-1942,-145
55715,3214,3233,3622,1118,1607,-1647
55716,-2621,-1211,3191,1645,-1076,-1537
55717,-5274,-3924,4396,-993,-295,453
55718,934,7081,3068,1209,51,-1177
55719,-7413,3026,5128,217,790,-1846
55720,4580,1696,-7478,-149,-544,-1513
55721,-2053,3341,3099,1467,-589,-1349
55722,1775,648,-675,1884,416,143
55723,-3913,4924,-4396,798,-664,-237
55724,-4575,7075,-4289,151,-1160,626
55725,-2898,-281,7898,-800,-1491,-1091
55726,-3531,-543,4251,-134,707,-1091
55727,-4543,-1098,827,1901,757,1439
55728,3908,228,2036,-262,-1027,1832
55729,5364,-7461,5537,-1511,1476,1164
55730,-1893,29,-7922,1767,441,-1629
55731,1790,-5159,2893,-337,1970,220
55732,581,7073,4993,539,1549,1343
55733,-3072,-7000,6710,1159,1048,692
55734,-6923,1111,-3415,-947,-267,-1761
55735,2717,-7292,-716,889,1230,164
55736,-448,7056,-6493,-325,-664,1551
55737,123,4204,3056,1832,1201,-448
55738,378,-495,-4724,-1014,347,1219
55739,-2431,1945,6850,545,-142,-1448
55740,-6041,2974,-1350,-1304,551,-626
55741,7539,6014,1504,-513,-1692,562
55742,7277,3211,4738,-1463,766,-629
55743,-4128,-5135,-3609,373,1066,351
55744,962,2346,-6151,-759,-494,-660
55745,-7252,-960,-1998,-352,1524,-1719
55746,5694,269,-1610,1470,-758,614
55747,4816,-7469,-6261,471,833,1035
55748,-7794,-4631,-5999,692,-1414,1077
55749,7373,-3876,-7831,-1992,1130,764
55750,-1662,2080,740,304,-1937,1323
55751,-7911,-2870,-7495,1501,87,767
55752,-5942,-230,1519,403,1424,1820
55753,854,1971,-292,-1886,1540,887
55754,4785,5152,5930,372,-1785,1647
55755,6383,-6494,-4335,-541,1992,732
55756,-4288,-6414,1479,-925,122,-1115
55757,2812,-4635,-6293,-1763,-1185,-621
55758,3394,-2406,6010,1810,939,668
55759,-3189,2407,-650,-1233,1936,473
55760,2185,4503,5017,1929,-1743,-318
55761,3033,4663,2908,-881,1276,692
55762,2281,-5973,-3401,-662,-487,-108
55763,-7661,-2773,-692,-152,-1905,55
55764,-980,1031,2517,568,1851,-411
55765,-4080,-2925,7122,-429,129,1504
55766,-7111,-1090,-2750,-814,-379,-999
55767,2701,-5214,4860,273,1758,576
55768,-5295,-1073,-3478,-132,868,-1610
55769,-5257,-4716,-7507,-1503,-516,-231
55770,5157,-6307,2855,-1821,1089,753
55771,-5128,-2818,3688,-507,-566,-1601
55772,6514,5318,-4951,-1745,-796,-1746
55773,3386,-3193,3552,1971,-1579,-830
55774,4737,-435,-6091,80,-1033,-774
55775,6630,6882,-3632,717,1847,-1781
55776,-1950,-7184,5491,494,-1718,1761
55777,-1954,-7488,3160,-951,1031,-768
55778,3085,4491,4849,276,158,-1148
55779,-773,-4112,7362,463,814,386
55780,6033,-2270,4916,-1441,-790,-235
55781,-1179,-888,7653,1428,-1658,510
55782,-6702,-2662,4564,-1130,-739,-40
55783,-4646,-2142,5459,-810,512,-399
55784,-4065,-4622,-2891,-141,1607,1210
55785,3799,4920,665,-1007,1757,-853
55786,1731,-1912,-2472,748,1236,-153
55787,-1456,663,-1330,-1492,1949,464
55788,-679,3769,-9,-550,-1363,-297
55789,3128,-4637,7812,679,-1278,-540
55790,-5944,-6687,7657,1755,1217,14
55791,-134,189,-2015,-1030,-1120,1648
55792,-4217,591,6606,-631,646,1181
55793,-7498,7623,2990,1406,-1311,-1407
55794,-4843,5093,-3094,-1978,-1267,1635
55795,7075,3648,-4606,-538,-997,1594
55796,453,725,-1883,-366,1362,-1140
55797,-3200,-252,1243,-1798,1049,1644
55798,-4000,-7952,-5334,1341,-1780,1561
55799,48,386,4480,-1568,-593,1383
55800,7372,-5843,620,1789,-397,-493
55801,1849,-6089,3212,-1438,310,1921
55802,3617,-7283,6579,-405,1343,567
55803,-4563,-3984,-385,-1298,-892,1327
55804,2711,2595,-7831,347,-1668,450
55805,-6772,3291,1620,-1621,-145,1653
55806,1112,2309,-6480,1416,-505,-1682
55807,2743,1200,-6572,-1455,-1019,-1507
55808,3939,6068,4696,-889,1562,-1156
55809,6084,-6337,4084,-1272,1698,-816
55810,-1016,-4687,5055,-853,1589,-1620
55811,989,6821,164,-294,722,-639
55812,-5582,4252,2568,-460,-678,1347
55813,-1948,5478,-5315,-478,1648,1650
55814,2627,5406,-6591,-1592,-1873,-1526
55815,2865,-1259,-5370,-1686,1327,-1482
55816,-6440,-4629,-5106,746,-1647,-1932
55817,7860,-2521,3341,-481,-1289,-1893
55818,-3138,-6464,4006,1238,-126,1605
55819,-5528,4689,5081,-1622,725,-1678
55820,4054,6689,-3407,1128,1769,869
55821,1574,-4180,-4294,-369,1312,539
55822,-7950,-2997,-151,1455,1914,927
55823,-7398,5495,-4001,695,160,1328
55824,1388,3216,6337,-1488,-1987,331
55825,7687,-1579,-5093,1147,-1235,-677
55826,3620,611,5913,512,-1336,-1299
55827,5112,-7844,3652,717,202,1851
55828,2497,6348,-7832,1208,-1532,-1325
55829,126,-4725,5078,62,1104,1616
55830,4103,6984,-3383,-1186,1383,992
55831,6799,2905,6049,-1162,443,476
55832,-3741,6664,-1542,150,3,-1293
55833,-5540,7460,677,900,1060,1176
55834,2009,1015,-6616,714,1965,-1069
55835,2098,-6594,7763,797,593,-961
55836,6889,-4278,7011,782,-1037,-452
55837,1606,-6919,-1778,-1150,837,1635
55838,4155,7813,-1379,408,1016,-1373
55839,1666,4911,6497,1062,505,-643
55840,-2862,4299,-7222,1926,554,347
55841,40,7361,5040,1858,-784,-712
55842,-2976,5131,3095,1272,4,-179
55843,80,801,1039,-217,-756,904
55844,-3931,-1109,2608,883,-869,-1194
55845,7875,-5123,-4610,-297,863,-1745
55846,3174,2661,-1956,1052,1711,758
55847,3598,-3548,-6145,1166,-426,-1512
55848,6862,5626,6469,771,1669,689
55849,-6246,4956,6050,1988,-1688,-1514
55850,-1009,7591,-7453,130,185,-1981
55851,-7187,-2971,-3680,-1672,1912,-708
55852,5532,-7040,-6201,221,765,-1458
55853,4916,1619,334,-1353,1439,-998
55854,6236,-2911,-2984,1626,-145,926
55855,2933,5906,5237,1102,269,193
55856,976,7842,-1981,-657,-685,-533
55857,954,1090,4614,248,-1146,1562
55858,-6725,692,1586,669,1295,407
55859,-5631,1653,-7659,273,906,1259
55860,-5742,-3762,-7765,-638,-720,945
55861,-2583,-7401,-2205,-485,1478,1157
55862,4182,-228,-5098,-1527,538,-410
55863,-6688,1718,4436,342,-721,832
55864,-5193,-2315,-6638,-383,679,-505
55865,1926,-3261,-4609,1313,-911,1370
55866,1638,-5733,-5976,16,680,-1168
55867,-3708,3958,3658,-657,1844,-1115
55868,2382,-4119,-4847,-1928,-1116,550
55869,-5575,-6281,-1889,-1020,1332,-1797
55870,397,-1510,6463,-627,-154,257
55871,-5642,6006,-797,234,-801,-1540
55872,3026,5624,-7669,-800,-937,1025
55873,-3549,767,4471,1620,1633,-315
55874,-2119,-3573,-7928,200,-1609,-434
55875,-2446,-3177,4539,-490,-1572,-381
55876,6733,5538,1624,902,901,260
55877,5058,4495,1253,615,1356,-1586
55878,727,5538,-3986,914,1926,1403
55879,-6738,-2450,3938,792,151,-347
55880,-6789,-1951,-6556,189,-405,-676
55881,5522,-1128,-6338,68,1062,1983
55882,2860,309,-6782,912,872,1973
55883,-7938,-102,6597,691,-46,1334
55884,1197,-5805,-7175,-737,-1954,825
55885,7290,-1998,-1461,1549,-1625,-496
55886,-2587,-6460,-6894,1672,-828,-446
55887,4306,198,-2192,712,1762,807
55888,2871,7670,154,662,-1641,-424
55889,5876,3441,5242,657,96,-206
55890,-4750,-7840,-5061,343,1274,739
55891,5946,6326,6878,744,-1082,-786
55892,7946,7434,-5374,-906,-1161,1074
55893,-6144,-5276,529,-1247,-146,-756
55894,-3424,4251,-3252,-540,-1223,-1336
55895,1833,3383,-5984,-1950,-22,1939
55896,3774,-1963,-399,-295,-731,-1616
55897,2140,-4014,1686,914,-1033,-462
55898,-6299,449,-5416,-819,-1528,1159
55899,4860,-1408,-5055,1109,-1132,-552
55900,-4883,3977,1808,816,1425,-738
55901,-1830,-5419,6036,-618,-1192,1969
55902,-936,-7829,1290,-1272,-1437,-1392
55903,2584,-2487,2076,1538,1915,1873
55904,7053,6898,5319,470,1162,1469
55905,-2379,-2605,-3500,173,403,-1094
55906,-7817,-6982,-6583,192,-1653,1983
55907,-45,5349,241,1656,1448,-265
55908,-6117,-2037,-1371,1826,-65,1632
55909,-3882,-4954,-1992,1658,108,-1495
55910,6733,1726,-6765,923,-322,-124
55911,-590,-2515,-1422,-158,1431,1018
55912,-4530,2978,2662,-490,1161,496
55913,7003,-2423,1732,-1641,-147,539
55914,-394,1788,1929,-1733,-723,-45
55915,5366,-4767,6656,161,39,80
55916,-3866,-6436,1675,-648,1920,-517
55917,-2220,4754,-1968,-76,194,138
55918,-1773,-7939,5326,1585,-1412,257
55919,3819,1129,1660,-1078,-1716,-246
55920,5224,1793,-6537,1165,-1330,634
55921,-1699,-5361,-3634,1194,-1369,1696
55922,455,-7698,-7010,1896,-1969,-1406
55923,-6904,-5781,6403,472,475,253
55924,-5241,-3485,-7367,1645,1740,1744
55925,-4756,5642,5349,-486,-343,-1267
55926,-119,-4640,-7137,-1079,1623,-647
55927,-1765,-4853,-4237,-1004,1241,-1318
55928,-294,-2664,-4791,-1721,1528,-1226
55929,1217,-7651,-784,-520,-837,-229
55930,6401,7018,904,-279,1909,308
55931,-88,-2460,-5521,192,1148,503
55932,-444,-2620,4418,100,1647,-1601
55933,-462,659,-7195,-1461,-169,-1253
55934,-5713,6338,-2766,-284,-355,5
55935,-4858,1340,6774,-868,456,1498
55936,2493,2774,-3845,75,1806,-893
55937,-3353,-2664,-2654,-465,1124,-295
55938,6580,-7415,-7262,37,1489,1222
55939,-1327,-6848,-4249,-705,-1001,1825
55940,1800,6552,-3172,617,1745,-1875
55941,4187,1187,5294,1185,-1672,1438
55942,6503,-3398,-7113,670,-1181,444
55943,4284,4705,405,-306,-1763,-192
55944,1850,-7894,1413,690,-1085,-1873
55945,1570,-2073,-1716,-1128,1246,1843
55946,2058,-3557,-654,229,894,-536
55947,-464,-202,1085,523,1359,1428
55948,-446,1728,-3856,1606,1242,464
55949,4601,-972,-5396,796,-564,329
55950,7524,-315,2755,-1406,711,-62
55951,562,7197,-3580,665,-1004,-1502
55952,1861,1789,-1057,-874,1268,701
55953,-4773,-448,-2159,375,1258,899
55954,-5427,-2370,-4904,-1743,745,-1884
55955,1596,3291,3419,-1764,979,-464
55956,-5016,-4701,3792,198,6,1781
55957,-1493,569,-5918,-1049,-1555,1252
55958,3325,3005,116,-629,-1349,-1372
55959,-626,-2836,4375,743,1756,424
55960,-7177,6488,6971,1467,-1235,996
55961,-4587,-6957,-5506,-628,-308,-896
55962,7190,-7484,-1709,-349,841,834
55963,-3153,6455,-1166,474,1451,-1331
55964,-5266,-6294,5007,1050,-1920,1639
55965,-2837,-2352,-3136,1706,-214,9
55966,-5277,-1635,-4486,444,-508,903
55967,-5146,1949,1559,322,-156,288
55968,-5075,3819,3384,-1766,-681,-1755
55969,-6783,-4928,-1065,-1727,1788,79
55970,-4564,-5638,4794,1239,1880,1260
55971,-1174,-3607,-4167,-1328,771,-1974
55972,448,-336,2430,-1188,-223,727
55973,-1636,3442,3920,350,-1303,240
55974,7191,2270,2224,1280,-1565,-361
55975,-6529,331,-634,-1951,1100,-1611
55976,-747,7851,2783,732,1348,1670
55977,-4227,-3714,367,690,119,1609
55978,-2146,4178,345,1303,914,853
55979,193,64,-4143,1905,9,1104
55980,4405,2737,5154,-641,-811,1889
55981,-7014,-1179,-3485,274,-1615,-317
55982,7251,2951,6900,1482,841,-58
55983,-4878,-5522,-7385,-1121,-1183,-1679
55984,7535,6692,-7050,1918,-304,-97
55985,-2103,-3551,-6503,808,483,-1657
55986,-788,-2518,2038,998,-986,-559
55987,-3096,-2055,3840,-1505,-1012,-739
55988,-5299,-7923,-2938,1191,-630,1419
55989,3470,-6336,304,-655,703,-1002
55990,2163,4388,-1430,1603,1335,-1157
55991,3654,-3858,3936,826,15,1006
55992,-3793,-2337,6739,1961,1748,-185
55993,-7406,-6711,4131,-291,-1469,1989
55994,-3471,-5836,-5087,1404,-574,-1819
55995,-1717,7596,4943,-1143,-933,-340
55996,1939,6266,7116,1285,417,-913
55997,7221,-7374,2334,1573,42,-898
55998,6037,-7380,-5414,849,1062,-1410
55999,1424,-4947,1418,1043,925,-1918
56000,-4354,-3652,-3535,-1031,-1777,151
56001,-4609,-3088,-616,1707,-915,964
56002,6406,-894,94,-491,200,1470
56003,1590,-6410,1005,-220,672,1918
56004,1243,-5021,-5209,-8,1394,166
56005,4758,1091,-6546,-1797,1362,-1462
56006,-7447,-671,5644,-359,526,-1048
56007,-4865,-6598,-6180,-1445,1032,389
56008,-1414,2764,5152,-1091,1844,1690
56009,7149,5277,958,-975,-893,152
56010,7736,5053,-1069,1303,198,-1884
56011,-2354,-1177,-1240,-201,680,-1104
56012,-6150,7789,-1350,1745,1352,-1308
56013,7912,-2015,-3671,1880,-109,-869
56014,-7794,7447,4374,1619,-1507,1787
56015,151,-3791,803,-102,1924,634
56016,6469,-6447,4371,-979,-1662,-1822
56017,1090,3814,-7558,287,-1890,1004
56018,-2459,3088,6974,1034,-58,-923
56019,1128,1231,-741,1159,-1299,-1563
56020,368,-7325,-4840,-469,-417,-928
56021,401,6809,3408,-1587,1478,189
56022,-1543,-1759,-1787,-1712,-1935,1786
56023,258,5733,3660,-1679,-1394,-484
56024,-243,7816,3346,329,-1710,-409
56025,681,-1615,-5644,1534,1124,1723
56026,-4850,-7196,1515,1914,875,24
56027,-4064,5833,-2320,1835,-861,159
56028,-5752,5511,-2317,1031,746,1
56029,5828,-2955,2467,1416,1944,-1720
56030,-4592,-1538,-4407,125,1774,-1359
56031,-5899,3637,-1884,-1738,-232,330
56032,6936,-6687,7790,1504,460,-735
56033,4015,6465,-3430,-300,-1867,199
56034,-3344,-4023,7403,-1189,-885,248
56035,-6350,-7239,6148,914,-1683,-645
56036,-5714,-5832,5564,-1405,-1142,751
56037,4928,3252,-6753,1240,-615,1520
56038,-5916,6998,-2608,817,-578,-1536
56039,6489,-6828,2310,323,-722,262
56040,-6341,3144,5097,-1740,-212,232
56041,4181,421,-3556,1791,-537,-1016
56042,1226,-1244,2209,-667,-151,-1841
56043,5943,-877,7855,1726,642,-607
56044,-5238,1556,-2378,1751,1356,-735
56045,5685,-7967,325,316,-1721,-1304
56046,-3095,-6333,6677,1179,-944,822
56047,-2855,2367,2837,1278,-957,1287
56048,-770,-7798,-6216,1326,254,1187
56049,7526,270,-4622,1659,-317,-1252
56050,-7202,-5126,4870,-687,-1023,-1806
56051,6055,7595,-3427,404,1178,-1340
56052,4962,-6045,-365,1268,-1810,1060
56053,3604,-177,-2149,86,174,1558
56054,-1520,-6444,-7085,-437,-642,-986
56055,3950,-6392,-1334,-695,-1278,-1865
56056,-3611,-3463,7929,-1331,1098,153
56057,1866,1705,13,884,-107,-281
56058,-3662,-2737,-3543,1530,1845,-950
56059,-1488,-2331,477,-1420,-295,-887
56060,-3435,1995,7858,-1428,-626,-1876
56061,3274,-5587,6179,1099,-1047,-1060
56062,-3491,7400,-3390,-919,1824,-462
56063,7855,-1268,151,1441,218,1634
56064,4944,6820,6208,-1654,-240,536
56065,708,5618,7217,1021,-902,1013
56066,-5993,5336,1346,1553,196,-272
56067,-6277,-5646,2482,-295,-1533,-104
56068,7992,5208,-470,775,304,-1242
56069,6018,-1229,859,1912,46,-1663
56070,-7776,-6565,6456,-305,-1452,-1854
56071,-1660,5885,-7741,837,-1554,-1770
56072,1485,1859,7416,-644,524,776
56073,-2593,-2979,6847,675,327,-896
56074,6199,-1901,756,224,-388,395
56075,-7004,2733,6016,-70,1766,-961
56076,-3855,1319,-6828,957,694,774
56077,-4148,3354,-3204,-1261,1452,-131
56078,6877,-3695,6308,121,-589,748
56079,-2539,7762,-5693,1046,1427,-1544
56080,-7421,5709,-780,1941,-385,1346
56081,-4350,673,-5515,-837,-1918,-712
56082,6498,-2449,120,-1117,-39,763
56083,508,-1705,1251,506,1847,-74
56084,-7535,6774,4090,-1128,-991,22
56085,1555,3983,3961,1139,-271,-1959
56086,7527,4170,-1418,1561,-147,-1039
56087,188,7084,7789,-1459,-1682,-1900
56088,7411,-5840,-6978,1863,-652,1440
56089,-2442,-5819,2165,-1739,527,199
56090,-1559,2859,-3195,-274,-867,-1803
56091,3728,5176,1361,1248,1382,1769
56092,23,7134,2478,-567,-1123,-275
56093,7816,-3786,-6726,-1911,-157,332
56094,4188,7048,-5784,835,10,1963
56095,-1497,3721,32,-672,-1580,57
56096,5061,4890,299,594,1771,-1831
56097,1792,-4099,-2333,868,1706,44
56098,4633,84,-2510,-401,-1574,837
56099,-5532,-1782,-6889,106,1234,-777
56100,641,7382,2929,1280,1270,-200
56101,-2050,5384,-1788,1985,-1389,167
56102,2161,5692,244,826,-766,-1047
56103,-3732,-4018,3404,657,470,-1235
56104,-4445,-7433,1241,1679,550,981
56105,-6888,-4292,7390,-294,-174,1949
56106,5162,607,-7772,489,-1160,-1647
56107,2065,-620,7312,1220,-1541,474
56108,-4458,108,-7009,1519,1230,-1903
56109,-2045,3109,4486,1309,1718,-1306
56110,6717,-7726,-5236,-1636,672,1914
56111,-1584,-4494,2356,1563,-20,1991
56112,-6689,-4297,4211,-1188,823,-1973
56113,-1837,-1781,7004,-376,1928,-460
56114,-8000,4682,-4717,1799,-1251,-1923
56115,564,-6546,-6055,-1068,-1924,-1520
56116,5562,4203,839,-1042,-820,958
56117,-926,-4642,-70,1291,-571,-911
56118,-1059,-5176,2762,-1332,-872,-1071
56119,-2195,-6609,-6300,235,-405,-937
56120,-140,-5845,5529,13,-1969,-1810
56121,1406,5504,-5038,-1911,1843,705
56122,4783,-6959,-1458,-1592,1395,1114
56123,5008,3714,853,-1837,-865,1661
56124,-4067,-6761,88,-252,877,845
56125,3529,2836,-5374,-1235,1636,-76
56126,2349,369,-616,-567,-1428,1995
56127,7129,-5081,-3385,886,-248,340
56128,7218,-1152,-4650,793,-646,-53
56129,-1427,5789,643,-91,-1449,1912
56130,653,-644,7458,44,96,-1768
56131,7075,-2954,3155,-567,413,-115
56132,4507,4629,1411,764,-1684,-905
56133,1446,-4292,-5881,759,-1248,1408
56134,1483,-4393,-1520,-1959,-385,806
56135,-757,2519,-766,93,-972,437
56136,-2858,-7127,3374,-1095,-1823,-857
56137,-4442,478,966,-653,-1462,-1979
56138,-1406,-6141,-4938,-449,-1789,-569
56139,3932,741,-2566,-612,-803,1448
56140,3348,7043,7607,1702,1193,-1389
56141,7055,2144,3102,-1946,1974,-1385
56142,-5337,-2548,-3883,832,-1422,-517
56143,4684,7041,-683,-477,1268,-198
56144,4487,-4243,-1447,-767,-1453,-415
56145,6631,-430,5572,-215,925,-1431
56146,480,5408,-4492,-1613,650,-1620
56147,7587,1030,177,720,-525,-1852
56148,509,5579,3277,-1729,-909,-488
56149,-3451,-4101,-2586,1661,-1599,-700
56150,-6987,6496,-6732,-78,806,1601
56151,2608,-4806,-7200,-859,-214,-530
56152,-7602,-7764,-3407,1893,1213,-489
56153,6478,-5868,-4187,-614,612,-71
56154,-7479,-2307,-4034,-1043,-876,84
56155,547,3652,-3905,-1980,777,-67
56156,3377,6776,-4695,-1334,1780,-676
56157,2900,-2240,-7632,-1029,-456,1051
56158,-44,7348,937,14,1517,-1344
56159,4659,-5808,-7042,-86,239,-1801
56160,7862,-2683,-2429,1114,-869,-263
56161,2848,7594,2458,-59,-582,-1171
56162,-2244,5144,5103,1580,-190,232
56163,1124,6846,-7861,43,1011,227
56164,4745,-6796,-7078,-371,982,-412
56165,3059,6287,-4108,654,1551,462
56166,4076,1769,-5271,-331,1975,1708
56167,-3815,-5227,-5587,-1049,1760,1572
56168,-2844,-679,6205,1459,210,290
56169,-1573,1549,-4641,1987,1225,-913
56170,-4615,-3109,5826,-808,1847,589
56171,4902,-4564,7553,980,426,69
56172,6034,1257,5450,-1499,-1496,-1925
56173,-5981,3256,-2107,1439,1665,445
56174,-2089,-1139,195,-1951,-1005,1419
56175,5889,4909,1490,1500,-819,1273
56176,4462,-7366,3533,-1040,-983,-259
56177,-4279,-1948,-5602,697,813,275
56178,3835,6790,-4277,47,-1130,597
56179,813,-7063,1748,-1221,-1291,-260
56180,2080,-3124,7902,1066,332,-1882
56181,2112,-3515,7994,543,-1268,-52
56182,3759,-7406,-5755,-1468,-410,359
56183,-1659,-2672,-5651,1207,-1321,1383
56184,5590,-7779,-886,-1957,-1427,322
56185,6952,193,-3801,708,1125,-1342
56186,3990,-1840,3177,-204,1487,1438
56187,-6515,-6810,4776,1720,-1498,-1913
56188,-6814,-2669,3108,-135,-361,-1136
56189,-4692,-1921,-7784,96,480,553
56190,-45,7493,5363,1515,-383,-1258
56191,-349,4905,1011,-1556,677,673
56192,1602,-6951,-2901,732,1748,1944
56193,5158,-7691,5769,-1518,-1395,-917
56194,-2635,-2813,6237,-224,317,1069
56195,-3754,-3686,4217,-959,-1294,-1310
56196,2590,-6839,1775,-1787,-43,-1894
56197,-7778,-5571,-5979,-1440,284,-1704
56198,6166,6942,-3488,665,479,366
56199,-5023,-149,-4424,-760,1366,-635
56200,-4712,7558,5916,1514,1085,-1666
56201,-3933,-2718,-7028,-180,1323,1835
56202,-1827,1982,3630,-734,-971,-1050
56203,-5374,-4171,-4122,-1565,-1731,-1071
56204,-5291,4181,2833,-1606,815,550
56205,-4716,-7497,-4757,97,-603,600
56206,-2895,-5200,-7859,529,-240,-1748
56207,-6634,-2548,-2652,922,-68,-1943
56208,1010,5987,1383,-586,-1418,1849
56209,-1325,4809,1838,-737,-1804,648
56210,-1333,-4972,-1160,-694,1484,977
56211,5642,2053,-1982,-1112,-1509,871
56212,7612,6988,7219,-1850,-1694,-1065
56213,5990,526,-1052,62,-1108,-397
56214,1982,7609,7830,-964,-1908,-721
56215,-690,-3381,1597,-234,-1927,1849
56216,7654,-1748,-7323,-275,-772,-1593
56217,6165,425,-6819,-377,-1716,-1318
56218,745,240,-7204,1022,-1480,-30
56219,5412,6357,-5203,874,1579,-715
56220,-7494,943,2339,-1815,-1416,1311
56221,4511,-1147,3234,-1509,1747,594
56222,-1304,-893,5701,1900,-1866,1306
56223,7947,5203,5253,-1357,-1138,-54
56224,-4089,2679,3862,-1719,692,443
56225,6611,-2327,7226,1319,1327,-1169
56226,235,748,1233,-157,882,-123
56227,721,-2196,1489,1645,-133,1996
56228,-5660,-7011,4767,1591,648,-1395
56229,4942,2345,7123,-1357,-219,-801
56230,2141,6264,-4028,-666,-1262,1794
56231,-6817,1274,5412,-9,1801,-217
56232,-726,3459,4278,-696,143,-1881
56233,957,4909,-3252,-1073,118,-1334
56234,-1717,-122,-6794,851,-1561,-593
56235,5969,-495,-2882,-373,609,-1707
56236,1317,-3472,5957,-1824,-772,727
56237,5214,-2999,-6601,-553,21,-1807
56238,-4034,-4251,-3789,1568,1105,-1194
56239,-2792,7018,-1844,-577,-1844,-591
56240,-7388,-6975,-4916,1238,185,-974
56241,-4702,5850,-89,688,1933,-1590
56242,2010,-1857,5865,-824,1066,-592
56243,7975,6091,-6410,-1009,-1072,770
56244,-4698,-5644,7825,1907,-185,396
56245,-4246,309,5826,-302,424,-109
56246,-7100,6715,-1772,1209,236,895
56247,5287,6982,6120,697,-1630,-1585
56248,7355,5102,-2944,-192,-820,451
56249,-6373,-5663,61,272,-66,-32
56250,6608,6361,426,-76,-223,-431
56251,6272,-6246,-6065,-1199,-1873,1406
56252,6560,-7279,3042,1866,-557,-733
56253,7480,-5897,5596,-1677,-974,-1965
56254,7360,-6604,-2,-454,-1754,-509
56255,6929,-1286,2267,1462,-383,-1585
56256,458,-6555,1017,-837,1259,-1348
56257,4235,-6305,2049,974,-657,1746
56258,3618,7562,1754,115,415,-198
56259,794,-6627,-5794,128,1110,-1880
56260,-233,-3017,-2300,126,-501,224
56261,-548,578,6923,-1156,205,1946
56262,7706,6176,2940,1285,738,-1225
56263,4539,-1229,-6973,1274,1854,-993
56264,-6483,1799,2251,-562,-1594,1110
56265,5909,4307,2971,-1832,1277,-1795
56266,-1829,6990,519,-660,-1538,810
56267,2597,-6150,-4517,1520,42,-731
56268,-4189,-1469,4922,300,-670,-333
56269,5908,3051,5596,236,247,597
56270,4993,-7832,4261,-208,538,558
56271,4351,-2542,7793,-799,-875,-868
56272,3141,2197,3066,119,1542,776
56273,6751,-3799,-2467,-248,1329,-701
56274,-2679,-3847,-7672,-1482,-249,-305
56275,-634,4415,7140,957,-818,-133
56276,7401,-5644,-4327,-1032,-1816,1174
56277,-5714,3429,-5217,316,1512,348
56278,-101,991,5945,1574,1273,1902
56279,607,4608,1731,-803,887,155
56280,-7930,-2040,3376,17,735,-9
56281,5827,6711,-438,109,97,1386
56282,1765,-1480,3690,-3,-228,1098
56283,2265,-6751,-4899,-1139,-740,-1045
56284,-650,3582,6729,-432,964,-1508
56285,-5105,-4572,-417,1610,1081,1624
56286,1894,-3563,4713,1305,-505,-558
56287,7281,393,-7,872,1989,1563
56288,7851,-6871,-6686,1636,1831,-1396
56289,-6618,6362,7307,290,-1075,-1778
56290,4697,4810,2657,36,603,465
56291,3728,335,-7818,-212,-1890,-1091
56292,1213,4746,-195,-904,1992,-315
56293,4056,6788,-3454,764,-1719,1658
56294,5091,-230,3307,-616,-15,-1180
56295,4690,-6581,-4583,-1479,273,961
56296,4766,3572,-5193,1271,1258,-160
56297,5483,-5594,2866,-179,1716,-1595
56298,-145,5883,-1801,-491,-1456,-194
56299,-4106,-2011,-4289,296,1604,-166
56300,-5588,5966,-4948,-424,1064,207
56301,6057,4150,-1178,697,-1105,41
56302,-5844,-2557,-6124,-725,1174,-1193
56303,5706,-1666,-5545,774,-865,-272
56304,-1371,5518,-4309,638,601,-1588
56305,4291,-6400,-5231,-1727,-943,1728
56306,-4015,7958,-5656,1713,-111,617
56307,4629,-1823,-2494,-747,1377,218
56308,486,-6807,6437,1140,841,1984
56309,2909,7494,305,-235,577,368
56310,-2300,-7765,-4399,-925,-1056,-311
56311,5079,59,-1627,389,1098,-471
56312,4318,-4447,513,-488,-380,-1443
56313,79,959,5744,-3,-1431,-766
56314,6067,2962,27,1111,-1571,-851
56315,3048,-175,-4599,-1381,98,-9
56316,2314,4779,3915,159,371,-330
56317,-6880,-54,7686,-1984,230,151
56318,-795,2954,-6490,1049,1219,-534
56319,-5270,943,-4369,1481,-1071,-30
56320,-4708,6845,1143,120,1004,1747
56321,-7543,-7038,138,-892,-1851,326
56322,5115,-2138,37,-443,445,434
56323,-1315,-4789,-4140,-1015,-978,-119
56324,4722,-3900,-2638,-1580,1466,1786
56325,583,4405,-7166,1622,1189,1536
56326,7798,-917,-5543,-204,-1308,669
56327,-404,781,-5848,-1586,1893,1649
56328,3759,-4647,7128,-1356,-516,-1001
56329,4946,2544,-6446,631,-267,-1596
56330,-6688,7299,-3976,-211,193,-936
56331,-2720,6014,-4269,-1274,1681,-1779
56332,3181,1027,-6765,21,-917,-886
56333,1432,-5155,2572,-662,-27,-694
56334,4473,-6267,6886,-1997,673,-1757
56335,-1447,-807,-596,862,-1793,708
56336,6517,-7146,4557,1879,1869,-803
56337,1256,-2028,-5956,-453,-1454,57
56338,7920,7867,6984,-825,526,1546
56339,-5203,1563,-6494,-1360,1392,-1657
56340,-715,4433,3792,1063,1524,1914
56341,7947,-6793,4678,1801,259,326
56342,-6531,-6755,5944,939,-194,72
56343,2673,-4810,648,884,1678,1715
56344,-273,-2708,7546,-614,-249,-1971
56345,-1515,-6622,3069,309,139,989
56346,-3319,-4221,-4868,-1407,1200,-522
56347,1847,337,-1030,-1048,1263,-735
56348,6498,1497,-4503,1946,840,-1726
56349,-242,7289,4480,53,-1680,-1544
56350,-4666,-7819,5264,1354,-991,102
56351,221,170,7081,-1320,1838,1811
56352,-1450,7626,4438,856,1315,696
56353,-3733,-5654,2061,-1440,206,1215
56354,6186,3781,4681,-1247,607,-1763
56355,2314,-176,5962,-1680,-1031,912
56356,1593,-892,-1499,1292,-1287,-70
56357,-1624,1393,1546,-1830,-814,1724
56358,6221,-7890,7605,-790,997,-1571
56359,-5501,-406,4592,-1523,-867,69
56360,6865,1449,7810,-1130,-155,-1687
56361,5952,-52,-6571,-914,-1409,1797
56362,1878,4205,-1514,-1155,810,1962
56363,-3707,4977,5406,1836,-1074,666
56364,3171,1000,1418,-456,1197,412
56365,-1594,-6903,3606,838,-8,778
56366,359,-3551,5829,-935,-1428,792
56367,5803,6634,-7527,-980,233,101
56368,-854,-845,-1369,-658,1342,-56
56369,2475,4876,5360,439,1207,1587
56370,-7069,1524,4645,-1846,244,-1720
56371,-1071,-5481,-1788,-1851,-1074,-900
56372,-2993,7602,5361,-521,375,1408
56373,3268,7333,-5961,74,-631,1899
56374,405,6301,6260,1405,-324,977
56375,-3449,6684,6279,811,-1828,392
56376,7604,26,-7657,1101,-1765,-399
56377,334,-4835,-7615,1727,805,-1518
56378,992,4591,1620,1684,-1041,276
56379,3009,-90,-678,906,216,-774
56380,4596,-5012,-4493,-1588,1331,1267
56381,782,2362,-1611,27,-956,-1489
56382,6810,3530,-5381,-1038,823,-1741
56383,-5012,3306,3497,-696,525,516
56384,-1361,-1344,6124,634,10,90
56385,-5851,4864,7042,-1234,79,-1480
56386,684,-6171,-5566,-184,-1036,-1550
56387,-1002,-4206,-578,774,-1997,-403
56388,-808,4916,-3412,523,1898,-1383
56389,-450,-7514,-435,655,1008,631
56390,3417,-5205,-1554,1852,-147,1156
56391,2736,-1516,1709,486,504,111
56392,343,7838,-5076,-930,-369,-869
56393,-1343,-3749,2346,-451,-695,1970
56394,6226,-112,-4908,333,-269,-1218
56395,-3475,1335,6071,673,-1018,-151
56396,-1122,3477,3071,162,-1995,-1831
56397,-4689,2389,-1915,1863,-1569,-1516
56398,-7915,-369,-7335,445,-202,484
56399,-3282,-7239,-5761,-1095,481,108
56400,610,6555,4428,1764,620,1006
56401,6949,6737,-3807,-1700,-586,-745
56402,-5475,-6956,-3226,227,-1991,1883
56403,-1778,-5594,-4583,678,950,-500
56404,-6326,1537,2449,-838,-110,843
56405,1767,519,-6928,1864,-128,1329
56406,-407,1417,-4537,-517,1642,589
56407,-607,1802,129,-136,574,908
56408,2270,2154,-7735,323,-1881,1982
56409,4798,-805,-1625,-1361,-852,-421
56410,-7011,-1699,1628,677,-106,1069
56411,2583,-5227,6534,1694,1966,1553
56412,-6451,-4737,-448,-713,-1128,-662
56413,-7212,-2978,7428,588,777,650
56414,4413,-1745,5964,-351,1966,554
56415,6327,3202,500,-1518,-398,1997
56416,-7658,3282,4817,-1905,1460,745
56417,-2155,3546,5153,1483,-1340,-1309
56418,3751,-5611,7586,-433,-281,-100
56419,-4416,5405,4017,809,1115,-1698
56420,1460,4219,7181,1836,-1324,1518
56421,2889,-2239,-7455,1635,-871,347
56422,-83,-6833,708,1113,1401,1692
56423,-5199,-4571,-1928,-1876,699,-728
56424,-793,-6410,6781,337,-1028,461
56425,-2234,5713,3882,-464,-477,1361
56426,-6158,5023,3474,1105,1796,110
56427,3273,1618,3607,-1571,-818,1049
56428,4596,-608,3064,-1438,-252,1145
56429,-320,5471,7328,-1926,-157,1537
56430,-1633,-4450,-6638,-1025,-880,-1060
56431,4732,-267,958,865,-347,-1079
56432,-791,820,-4305,713,0,-1857
56433,348,4058,3293,281,-1604,1957
56434,5101,-5021,-2407,-1973,-1887,-1403
56435,3659,5149,-7101,-181,576,-28
56436,-4744,17,-3589,-155,-1433,-198
56437,3909,-4100,5285,1446,304,975
56438,7148,2910,-640,527,371,-1963
56439,-208,-3282,4638,-729,1515,1125
56440,-1579,616,7832,-1335,-456,1529
56441,5647,-6060,3328,1671,-1040,771
56442,4232,1891,-3051,-1924,1941,-1232
56443,-6241,4545,2840,483,-336,-803
56444,-700,-4448,3600,479,982,1461
56445,2366,6773,-3444,-1313,1717,-1952
56446,-4852,5235,2968,-1911,1486,-1620
56447,4045,-6769,-7778,-322,1387,-1408
56448,-2094,1291,-446,-1897,1211,1313
56449,-3891,5177,6686,-153,1892,423
56450,4009,-3490,-7375,-1992,598,-850
56451,-4969,5810,-3867,263,84,-884
56452,7139,1872,-3311,-630,-1482,1993
56453,3791,-6296,-6032,366,1972,-411
56454,-2606,2473,5318,-1676,151,1006
56455,-2782,1284,-7680,1534,-1945,-1592
56456,4004,-3852,269,1433,1273,-887
56457,-730,-3969,-7728,-78,1947,198
56458,-786,-1625,6450,-1025,899,725
56459,7753,-6436,-2012,547,-1572,982
56460,-1294,-260,-2487,632,-529,-1804
56461,-1727,-4188,-6706,870,-83,371
56462,458,-3254,1611,1798,-1117,601
56463,1793,7372,-3225,-940,982,263
56464,7488,4410,5963,13,1181,-118
56465,-4587,6393,-4659,17,-211,-327
56466,5872,-7589,-2172,-370,-1875,628
56467,3750,-7865,610,930,1717,-605
56468,674,4025,7882,-222,-100,-1128
56469,2365,7750,6867,1906,75,1629
56470,7279,5325,-5566,-1572,1657,-1296
56471,-2721,-3707,4908,161,1355,-371
56472,-1245,4825,-4911,1618,-592,-501
56473,-5037,-5582,420,1832,513,199
56474,-7006,2983,4891,-492,-659,-772
56475,6610,-2,-1103,-1525,-1981,-6
56476,-6476,3395,-750,-1374,-791,-1250
56477,2018,-1398,-5917,-693,-1537,-1975
56478,-3198,-469,6236,192,-1563,1609
56479,2102,-3837,7197,1174,-541,145
56480,4110,498,-7959,-1700,-71,608
56481,6091,-4087,615,98,1097,-1778
56482,4399,7139,-5348,1437,1348,905
56483,2001,5085,-6121,86,963,-785
56484,5866,-5022,-3265,-1247,-1063,516
56485,-773,-7093,-4992,1388,1305,546
56486,3143,4600,1293,-1569,342,-1048
56487,6693,-1118,4149,50,-171,-1372
56488,-2054,7766,5477,513,951,1239
56489,4891,7009,-5507,-167,875,50
56490,-6901,3576,-3261,-396,-1107,1732
56491,-2735,2003,-2341,-1168,1173,-1451
56492,3545,-4976,907,343,245,939
56493,6684,3404,5089,48,1378,1143
56494,5367,-5545,6246,262,-548,1910
56495,5156,-6278,-7677,-1431,1248,1934
56496,4340,3084,-6376,27,-383,1354
56497,6839,-7137,-5042,-653,-177,133
56498,-6051,-3987,-2134,815,1986,1059
56499,7528,-5338,1808,-301,1918,-927
56500,2124,2852,-1007,1376,1569,-1891
56501,-3212,4266,-6716,1556,658,1898
56502,4658,1854,1736,-471,-370,-484
56503,-4643,484,7231,-1163,713,461
56504,-4153,-7446,-1513,-1739,-671,595
56505,2337,-647,-992,-1594,393,-1785
56506,-2097,553,-3841,-826,1977,-1612
56507,3750,2363,-7547,-865,57,30
56508,2157,5209,5771,-337,-1331,-1225
56509,1809,-7169,-6378,201,-553,905
56510,4365,7840,4694,-1040,1457,876
56511,-6885,2095,4502,1425,1532,648
56512,4527,-3369,-3578,1068,937,-1184
56513,-1516,759,-4288,-380,-1855,1185
56514,-1775,-259,2109,-1945,-261,324
56515,-864,1467,-5963,-1497,1253,-235
56516,3340,-6898,1954,1233,1401,-935
56517,3150,-1211,5081,-40,-962,-1096
56518,-7816,-421,-2391,-338,369,-1185
56519,2201,-4990,-7291,-974,-325,-221
56520,6118,-54,-1012,-769,111,1379
56521,-574,4412,-1261,-1024,-672,-890
56522,-5022,-3972,2072,1313,-313,-622
56523,4968,1586,-7632,-1700,1042,445
56524,-5685,1301,-2633,712,-359,1663
56525,7051,-1598,1154,-989,-1105,-56
56526,-4059,-2534,1091,-115,-768,1375
56527,-6038,1963,-1177,1413,1129,1991
56528,-3778,-1244,-2070,1766,517,708
56529,6743,-2661,-118,1695,1837,-1917
56530,7798,3576,-7734,-69,209,-52
56531,4625,-2297,7239,-1201,-571,89
56532,4001,2666,-943,-1850,624,307
56533,-3779,-374,-7026,133,1892,1006
56534,7124,87,1263,22,1749,703
56535,-390,7312,4706,-1810,1116,-1100
56536,-1711,2259,3428,-49,-1158,-384
56537,3177,6078,959,-1141,-1161,-1775
56538,-1733,7222,-3726,-1134,1765,-529
56539,7604,150,-5812,1665,1910,-736
56540,-996,-6904,4960,628,148,123
56541,6596,4771,3257,1087,-1562,1082
56542,6277,-1669,5248,-894,-1072,-896
56543,-1027,1043,5699,-1972,1839,-883
56544,3633,482,4781,844,-1322,698
56545,1575,-1180,-6931,1698,78,902
56546,-1148,-1298,-4384,-1884,-659,136
56547,-760,-5353,-365,-1991,1953,-1148
56548,-5540,-660,7555,206,-1963,-1465
56549,-4733,-4757,4847,412,663,149
56550,-2640,7695,-7903,-1528,-1007,790
56551,4957,3881,7953,-1529,-1146,-216
56552,-460,564,-5747,316,-1693,-1355
56553,-5847,6745,-473,1932,-1767,637
56554,-3753,-6403,-7670,-1961,1370,771
56555,7315,947,6158,1250,-1635,-933
56556,-2583,7090,6454,-803,1313,642
56557,6287,6715,6055,-637,-816,1106
56558,-4095,3259,1980,-1124,-1400,-374
56559,-2952,-3056,3704,881,976,-1474
56560,6130,3090,-7103,-545,-780,1844
56561,-7247,2980,-1157,-458,539,-427
56562,-646,-4397,-66,1579,1015,1199
56563,-3694,-5301,-2850,1137,-406,1913
56564,2901,-1583,-4844,820,889,659
56565,4938,-2505,7681,-1614,1513,393
56566,-2524,-5401,-7759,-1210,546,1140
56567,2508,4294,-1508,687,1628,281
56568,4027,-2814,1957,1413,-984,-1227
56569,-2059,5195,498,-1417,1598,-629
56570,5861,4446,-1477,-389,-138,799
56571,1857,668,2981,1143,-675,-1204
56572,4261,5493,5726,1123,-697,-343
56573,5271,3743,5168,221,-162,-163
56574,-3143,5233,-2239,1215,-1141,-1061
56575,7274,-4687,-2862,1046,-1559,50
56576,-4245,498,-119,848,1582,-135
56577,-1117,-5604,-538,-493,1457,-1734
56578,-349,-6101,541,827,1253,-1587
56579,-569,-2925,4513,-1901,1289,-664
56580,7107,-1286,-4121,-606,-1768,-697
56581,-165,3568,6635,513,-1133,141
56582,-1590,5428,4551,1238,353,-1431
56583,-7301,-5654,-7179,1355,397,-1281
56584,1351,3158,6445,10,-445,234
56585,4229,-4461,-5557,802,503,-1417
56586,3497,1325,6674,-1713,-1853,-1452
56587,-3653,-2141,-4966,1191,1937,321
56588,-1191,4161,-2954,404,-994,635
56589,108,2837,2788,1983,-44,727
56590,-5794,-7946,3443,-1325,1424,-1299
56591,-5696,5712,-3377,-1889,-1923,-1470
56592,-3856,4022,4737,411,248,-1896
56593,7742,-3843,7537,1124,1805,54
56594,796,-6996,6011,496,-770,-1619
56595,-6752,4646,6566,-1667,433,-887
56596,7096,3956,1983,257,1992,1993
56597,-1208,4230,4439,-458,347,389
56598,-3511,5172,5157,415,-1019,984
56599,-3483,3036,-7217,1441,774,242
56600,7736,-4737,-6470,412,-1119,-603
56601,2725,-1119,-7878,1085,-1593,2
56602,222,-6085,-3948,950,-568,-809
56603,1386,1522,-6032,-91,-997,1201
56604,6810,3689,-5158,1010,-1953,1578
56605,3994,7289,3896,1308,-1171,-1792
56606,-4556,897,3771,-787,884,1132
56607,4797,7050,-2457,-516,320,-1414
56608,-3909,-6245,2139,673,-73,1381
56609,-935,-1467,-5715,-1152,598,-862
56610,907,331,-4902,825,-316,-1802
56611,7456,363,-2500,680,-1355,1716
56612,6602,5200,2390,296,-1299,615
56613,-2514,-1347,2042,-975,-1850,-751
56614,-3038,-450,4714,21,-1334,-1578
56615,415,1952,-1522,508,1725,-744
56616,3420,-3348,5389,-758,-666,75
56617,5814,-7052,3247,-840,-614,-804
56618,1189,-1630,-3140,-566,1171,-1757
56619,-3071,6848,-4228,-90,368,1506
56620,5371,7942,5262,415,-1503,-459
56621,-4343,-2539,-5571,1331,-197,1327
56622,5958,-3116,3284,1192,-659,722
56623,5187,1948,-1368,-1674,-1030,468
56624,676,-6607,5056,-293,1925,-602
56625,8,505,6026,558,1339,705
56626,-2011,163,-7005,-1315,-1825,-1706
56627,5916,994,1936,1222,-705,-610
56628,7138,-1612,3196,-1371,-1970,-1122
56629,4547,67,2453,-1540,-1237,871
56630,4176,-281,-2659,262,1678,-1547
56631,2735,-5862,4336,-197,-1423,1825
56632,-223,4126,7522,-1072,895,-1416
56633,1754,5658,6466,-232,-354,342
56634,3553,-781,4481,-1721,566,-350
56635,7532,-5107,-2018,1152,1733,-600
56636,7533,73,1874,-614,1385,-1810
56637,3862,5389,563,1786,918,1853
56638,6807,3534,679,1142,-271,598
56639,7012,-2506,354,-1359,771,543
56640,4330,4272,-7010,-1182,-395,-1544
56641,-4087,-3411,-7634,1243,329,-310
56642,-2118,-2460,-7743,-727,1129,-1981
56643,-3658,-7608,680,431,1891,1064
56644,2187,6769,-4111,715,-978,1485
56645,519,-684,7715,41,450,1602
56646,3689,-1822,-5104,341,421,914
56647,-4972,4402,4938,-1929,964,1679
56648,-3240,1082,-4420,1436,-91,878
56649,-4571,-2590,4120,-1432,-634,332
56650,1379,-6491,-4689,603,1959,1613
56651,-2170,-7250,3253,1577,-1968,1991
56652,-4453,3622,5626,1926,-287,-1372
56653,-7908,6812,2207,1429,184,-1762
56654,-1855,-6091,-3092,482,1378,-1363
56655,2764,-6316,920,411,-576,-1387
56656,-7555,1162,-3112,-1222,553,1673
56657,-7364,-5778,1592,-395,-1721,-1936
56658,1185,-1664,-2295,1206,256,-564
56659,7205,6797,4688,70,404,-343
56660,-2352,-1991,-875,-1945,-1774,-1907
56661,-4531,643,4104,-1597,-1054,-404
56662,5971,-722,4217,617,-629,1264
56663,7403,-979,4537,-1997,608,-1324
56664,1413,-2288,6425,170,1022,-1187
56665,6842,-1229,1540,-1551,352,1002
56666,-1879,6792,808,-22,-1054,-1776
56667,7378,3863,4773,-225,-1345,913
56668,-3780,-681,1172,1949,734,-626
56669,4314,4157,-4620,-1399,-871,-1790
56670,-5897,7636,1799,-1273,-1478,876
56671,-3249,13,-2374,-429,1380,1673
56672,6599,-2799,-4485,-785,-1870,-1867
56673,-6616,4627,2042,-1147,1036,-316
56674,-3471,-6755,4812,-1048,-1694,-729
56675,3280,-3454,-7030,1280,-1626,1461
56676,6953,781,-3865,1706,1644,1211
56677,6255,-7289,4202,1587,1703,-92
56678,-3165,-4837,-2125,1100,1701,-999
56679,4448,-7429,-327,-359,-1864,1027
56680,-1823,-5180,892,1350,-836,1132
56681,-1947,3550,5149,-1703,970,570
56682,-5447,2260,6144,-1829,-1278,-875
56683,-1276,157,-3097,1043,-203,-211
56684,-6302,-886,4165,1127,589,1901
56685,-1868,4084,-7400,1743,-693,-744
56686,3736,5553,-3314,-633,1795,-1607
56687,4649,4898,-2865,794,1481,1625
56688,3980,1554,-7475,1820,-1607,1768
56689,-7243,2216,6955,-1206,-1108,-860
56690,-2447,-4293,-4668,-1544,-384,159
56691,-1392,1593,-119,-124,-83,-1924
56692,-2031,-6313,4363,1112,-1634,725
56693,3757,7959,4566,1862,1207,114
56694,-1241,3300,1625,-1450,809,1878
56695,-7149,2466,-6281,291,1855,-724
56696,3817,-3206,-1405,1456,-1674,-918
56697,-3232,-3842,7260,1892,-705,-38
56698,-2114,80,976,1904,-643,1414
56699,3251,-2728,-106,-1903,-720,1350
56700,-7273,718,-171,1310,1611,-387
56701,2790,-1371,4772,1692,1172,1733
56702,2602,744,-4449,965,-882,1339
56703,1000,5356,6203,-1656,-670,58
56704,5039,4988,3310,1769,-1000,-862
56705,-1260,2368,6419,759,-641,1700
56706,3883,2804,6280,-734,1474,1368
56707,-1395,-6122,2676,1449,1101,448
56708,-6203,1912,-4942,-1610,192,1396
56709,-90,3313,-6010,-1735,966,-1344
56710,6893,2070,-3372,-318,476,-777
56711,-320,2387,2620,1685,430,236
56712,-2545,276,-968,-361,400,-1667
56713,-3994,-4479,3699,-474,1821,-1380
56714,1142,5051,-2929,-1151,-945,667
56715,7188,3130,7627,1662,1900,-637
56716,-1278,-7556,-4718,-391,-1552,-419
56717,2498,7247,2469,-532,1890,-1383
56718,-6339,3062,-7504,1310,-570,1528
56719,-1761,-7758,-763,125,-123,1174
56720,768,-6421,7443,325,-1978,390
56721,6176,-4181,-7220,-831,947,-299
56722,2032,2271,-5785,-1805,1178,-959
56723,-3839,3552,-3619,-868,-268,1974
56724,-4644,1898,-6272,-1652,960,-130
56725,-2366,7517,-7792,-662,1344,-1721
56726,6539,-3401,2974,-1547,1214,1284
56727,2981,-7974,4432,-1861,1206,-1451
56728,-6515,7619,4517,674,-991,-521
56729,5653,-1035,4453,-1616,-1628,997
56730,-6244,-948,-2208,-1767,-1558,369
56731,3395,3886,-1643,807,-1206,629
56732,-5768,3678,-5444,1799,-1623,-430
56733,5891,-7242,6683,-902,-728,1133
56734,4924,-7517,-6107,1128,786,555
56735,798,-4791,-1691,999,-1428,-1091
56736,-6354,-5779,2564,1369,-676,-786
56737,3241,-860,-6849,1657,-448,-370
56738,-5307,3475,2808,1336,1361,1071
56739,7310,-4898,4998,1766,-515,-1049
56740,-5885,7052,826,1540,363,-1760
56741,-951,4292,6826,-1332,1609,-348
56742,4236,-5230,4889,1706,-1797,245
56743,-3411,-6497,3359,-1268,1411,369
56744,-2378,-641,7756,-359,-184,-1836
56745,-863,-3468,6273,1054,332,448
56746,5676,-2219,178,-1993,6,-1574
56747,6232,5258,1371,-914,-840,-1
56748,-2041,-5224,6531,1832,722,1358
56749,6314,386,-1142,1762,-1397,1060
56750,-3388,-3490,-2269,-1120,1650,-1714
56751,-3808,-6522,-3725,-1863,-1509,-129
56752,2013,2801,6366,1622,485,1168
56753,3480,1197,-4773,-795,-1449,1395
56754,4056,-7193,1826,-1814,-1641,555
56755,7332,7841,7474,-1770,507,-1005
56756,5745,7151,4899,-505,-141,-554
56757,513,-4,3730,-644,1041,-994
56758,4193,2655,-2083,556,1273,281
56759,5576,1077,-1247,1324,1716,972
56760,6439,5512,4465,-1750,1806,-232
56761,-5022,3997,-7042,-731,-745,-224
56762,2525,-1281,2264,319,1121,-920
56763,3898,-4527,4469,139,1126,1433
56764,6668,-7033,-7141,1861,1496,-1915
56765,813,3663,-4844,688,-1834,-496
56766,-5264,-4541,-2386,-1705,-134,-1237
56767,5423,-7009,-2301,-1725,346,-345
56768,557,936,3332,902,-550,39
56769,-2609,3634,2521,-874,205,1686
56770,1141,-457,-1610,1609,-1089,-337
56771,-6021,-363,4793,1661,-331,879
56772,-2028,3534,7772,182,1459,1568
56773,6538,2885,-6073,97,530,-293
56774,-656,2396,-7972,471,-1913,1520
56775,-4838,5825,5598,1888,1305,-1388
56776,-5754,6011,-1444,-556,1983,1479
56777,5752,3543,4039,-498,-1947,-619
56778,6623,-7869,-5538,-304,1863,-1032
56779,6012,5172,-194,278,1666,506
56780,5069,-517,6993,-1912,1216,353
56781,1151,-4841,6009,1728,1699,1945
56782,-7100,-1977,-5690,0,-1401,826
56783,6080,-3321,-742,-1473,1082,1188
56784,-7575,-6383,-703,-1172,916,-1234
56785,1463,-4344,3123,1328,1205,-1432
56786,-7437,-6674,-7438,926,-161,-1001
56787,-5517,1584,1687,18,1430,-1995
56788,-421,-867,783,1671,1734,1289
56789,2625,-4171,-4251,-1161,1162,644
56790,2223,4402,6199,-1645,-1550,-1380
56791,6127,-3457,4731,1898,-488,559
56792,4329,-2966,6957,-429,669,-1579
56793,1723,2842,6068,-1447,1127,-655
56794,-302,-5594,-6743,-258,-503,-1016
56795,-526,5893,-1575,1860,568,123
56796,2630,1320,4842,-722,-89,-58
56797,-3584,-6941,-1705,-369,-1765,1784
56798,7311,-6502,6916,-975,609,-885
56799,-6906,-4615,-3534,-1572,-1362,1732
56800,-1273,-5075,321,859,-1538,-1124
56801,4556,-448,5497,1612,-511,-1735
56802,2267,-6622,7824,-1641,-1968,-225
56803,7797,-3123,-1893,1299,-831,529
56804,-173,4253,-1508,-285,-1283,1252
56805,7922,-2712,5485,641,-961,1989
56806,5217,-7747,-3565,-943,880,-1098
56807,-6128,7003,-699,-1031,-114,1355
56808,-6537,4345,-5464,1570,1381,1516
56809,6822,-5250,-5557,367,-752,1967
56810,-113,4268,6671,-250,1707,518
56811,-3550,5848,-5978,-519,-1476,1013
56812,-6161,-2444,4844,1275,-17,1003
56813,6943,6121,-1115,-786,1936,558
56814,993,-7802,-3770,1538,-1243,-1973
56815,-1445,2144,3996,-1083,-783,-1750
56816,1684,-2592,1743,1662,-254,1382
56817,4908,-6141,2387,1835,569,964
56818,6141,7102,-6459,1619,422,1895
56819,1379,-7408,3666,-1204,1757,884
56820,3426,4569,5037,924,1772,-198
56821,-6322,7068,-5352,1868,-57,-336
56822,2919,2901,-3343,798,994,791
56823,2764,4135,-2680,-1507,-1226,763
56824,-5077,3124,-901,1354,1350,721
56825,7302,-7149,4897,782,1191,1081
56826,-3217,4452,-3486,-85,1458,84
56827,-4985,1358,-6751,981,-1218,-1556
56828,684,5783,-2066,-1230,-666,1734
56829,4462,-1292,-6549,-1458,1030,-912
56830,-6085,706,574,-1150,-732,-1476
56831,-2111,-5337,-4723,-669,-546,-703
56832,596,-1010,3602,1131,585,1648
56833,-7681,-315,5608,-1467,1246,983
56834,6988,881,-660,947,-1740,1354
56835,-4349,7047,7794,-1954,-1914,545
56836,-6075,-1691,-7937,-1323,-873,150
56837,1045,-7009,1826,1603,-1444,-936
56838,706,7541,4376,-1332,-1949,543
56839,-718,-673,-2883,960,-472,1529
56840,-1036,7256,3504,-1995,-1069,-1587
56841,7590,1820,4083,-1664,1471,1566
56842,2718,322,709,529,-1153,1367
56843,5519,-3720,-2952,-1505,1367,-793
56844,2184,2806,-2884,40,-561,-1639
56845,-2698,6123,6529,938,-1904,-1446
56846,5310,1272,-6759,1012,-1727,-161
56847,-3859,6296,-1668,-397,-1591,-660
56848,6995,-3210,606,-1578,-632,-1256
56849,2984,3629,-3560,682,-1286,1177
56850,7317,-6675,2106,-33,-1304,-482
56851,-3275,385,-2543,1777,-690,-1386
56852,3506,-4006,6291,949,439,1085
56853,6383,-3253,-2260,-1087,-973,1193
56854,1637,3016,-7740,667,-1798,591
56855,-6797,5518,-1718,-1350,877,-1067
56856,-6091,-7519,-470,737,-1631,-1234
56857,-3204,1782,-7758,-228,68,732
56858,-1519,3522,1427,356,-207,-140
56859,864,6825,6318,-954,-1774,754
56860,5878,4403,5377,1801,1463,355
56861,3986,-1684,4556,974,1001,20
56862,-2822,-1888,5447,-1908,-236,397
56863,3978,-3211,6909,-1050,1170,398
56864,3705,5705,7197,-1927,-443,649
56865,4910,4160,498,-1255,1076,-330
56866,-5353,-1655,-1196,1713,-1726,-524
56867,5714,2868,-6490,1548,563,-1498
56868,6020,3771,2107,807,1000,1956
56869,901,113,4423,-433,-1729,515
56870,-4844,-5610,-4594,1071,384,601
56871,-1402,-3377,-1207,-1933,838,1306
56872,801,-4624,3003,1379,-190,-96
56873,-7933,-4330,1911,-1976,-932,-1038
56874,528,3690,-3908,1677,79,1955
56875,-7076,-2017,7490,-649,1872,1564
56876,-5441,5317,-5614,-1568,-411,1436
56877,-2584,-811,-3863,-1699,-1884,-1385
56878,873,-4699,-1864,-480,1077,-215
56879,-4168,6971,7830,-1165,577,-1052
56880,7092,-1617,3710,1023,1198,-1258
56881,5655,-7839,6288,-1354,-1735,-533
56882,4208,-5436,-2684,-441,1462,1899
56883,4351,-1943,6106,-1662,1320,-3
56884,-4280,-63,3622,376,-1180,-273
56885,6004,2049,-1616,-420,110,843
56886,1405,-5052,-1470,-1219,39,1992
56887,6637,-6769,7867,-1391,973,360
56888,3719,-6977,-4847,-1121,1396,1500
56889,5609,928,-3765,449,1173,995
56890,7867,-6827,4258,-908,-78,-1313
56891,3149,-124,-1948,482,-882,-1856
56892,-1625,4857,3781,-272,67,225
56893,-6485,-3965,-3560,-232,-1251,-1562
56894,7429,3441,-1246,-585,255,1806
56895,3326,-1822,-7149,339,-793,1659
56896,-4949,-6884,-4667,-394,-1525,-1708
56897,-2284,-6010,-7760,374,-1938,1815
56898,5837,-3498,-6170,177,-779,-866
56899,-2421,-2303,5424,535,272,-613
56900,-4058,7031,4352,-128,-158,967
56901,-698,-2779,-3604,-461,-1746,-650
56902,3051,5640,-5052,1446,-1594,-105
56903,-5315,-2777,-3649,-1019,-208,-1126
56904,1272,1957,-6624,1256,1404,-1699
56905,-7155,-348,3038,-192,404,-1764
56906,7799,5807,-2485,994,-937,-1871
56907,-6508,-6194,-1556,-1171,1063,298
56908,6833,-2955,1170,-1931,308,795
56909,-5021,4888,-7762,-432,1913,-1096
56910,-4895,1029,2938,1336,-827,1123
56911,5031,-2745,-657,140,-1708,-1497
56912,2027,-5532,-5050,-596,1967,433
56913,-1021,7415,7237,-1662,-129,1830
56914,5514,4438,-407,-139,1654,514
56915,217,-5706,1945,816,-1367,-534
56916,-3290,-5166,-3084,-1909,-1362,-329
56917,2184,-2591,3010,-1509,-1779,-991
56918,7846,1528,-2295,382,-1897,-1452
56919,-5405,700,-5567,725,-1767,1017
56920,5753,-4519,-305,-1493,-1633,-1778
56921,-5756,7232,-2270,786,286,-111
56922,-3176,6191,5488,-273,-1874,-709
56923,3404,1815,5821,-946,1997,1594
56924,-6103,7348,7037,-1965,-831,-51
56925,7942,-229,4227,1682,43,856
56926,-6630,-3620,2444,804,1219,-1850
56927,6950,-5665,-2745,1331,1795,-1466
56928,-2952,1940,1969,-1138,693,-919
56929,-4538,-331,7471,373,-1275,1753
56930,4782,-2784,1209,782,1466,-1117
56931,5245,-5172,5108,938,1061,1788
56932,7584,7332,1199,-279,1575,-951
56933,2121,-5401,2991,108,-486,1045
56934,-5144,-1440,-7177,-1643,1432,-1543
56935,-7672,1460,2701,-757,782,-743
56936,-5891,-5697,6070,1790,546,622
56937,-1245,-5302,7257,406,-1740,871
56938,-7009,-6099,3600,-1684,1,-637
56939,1734,4451,-912,-1032,-1488,-1528
56940,-3211,5859,-824,-184,212,-1273
56941,-2189,7052,4226,792,-1323,564
56942,725,7226,-6209,183,-1356,1671
56943,-1674,-6763,-5567,1813,-796,-854
56944,-6949,5755,-2941,-747,185,286
56945,-2414,-3956,-7400,-1281,1056,524
56946,2480,-2835,3465,-777,1287,1318
56947,-1694,3591,-2152,-649,255,-124
56948,4605,4145,5365,121,1083,-282
56949,4972,-1190,1270,-869,1143,1641
56950,6789,4148,-13,-1152,1221,-1294
56951,-760,-1307,-2881,1681,-1611,292
56952,7274,-5396,-3263,-1027,-1893,-854
56953,-4965,4464,2124,1297,1245,-254
56954,-2341,781,-6697,1590,-1535,-1934
56955,-427,5137,-6079,-180,1848,-718
56956,3300,6028,-4631,1664,1618,1965
56957,-4111,-1824,-7422,1534,357,-1865
56958,1339,978,-3794,-1275,-1843,1132
56959,-2040,7420,2530,-50,1069,542
56960,4878,-7449,-5243,-1386,-1114,1229
56961,1827,718,-6213,1635,1305,-52
56962,-6508,3894,-1909,-445,1651,-1816
56963,4607,-772,-7877,-1200,1564,-1483
56964,-6996,-6347,-4054,-1843,1465,1779
56965,3944,5830,-3762,-1884,1844,-59
56966,1664,-262,-6811,1868,-826,-926
56967,1774,5187,-1526,1454,-106,-1621
56968,3205,6619,2787,1802,-1091,1368
56969,5208,-2053,7787,-749,-1618,-664
56970,-4823,-5121,-3999,798,413,-391
56971,2966,3338,3541,1290,-341,-547
56972,1206,5169,-1784,-186,331,1542
56973,-2786,4939,3610,-1033,490,-1769
56974,-4177,530,3263,-1394,1525,-643
56975,1388,4469,-5530,-859,-1342,1575
56976,671,7800,-1558,1007,221,-541
56977,-6112,1940,3818,-1556,-1557,-194
56978,-285,-1386,864,-460,1038,-407
56979,3609,-424,179,-184,1996,928
56980,-3965,-2321,-2457,-31,-1433,1763
56981,1381,-6353,5964,-1708,1567,-1116
56982,5298,3984,4993,1116,1359,187
56983,-5609,-732,3182,-827,1246,850
56984,-1698,4168,-6266,-1716,-992,-1549
56985,7040,6608,2375,-1302,515,1640
56986,-2362,-4712,572,-1796,-342,1315
56987,-7608,1214,-1069,-1159,292,-1467
56988,3668,-1175,-4178,1412,1961,703
56989,7116,4712,-7937,-619,1238,-811
56990,7412,5189,-5088,38,-30,-1714
56991,2853,2076,-2623,846,-837,-409
56992,-4587,1605,-5511,1136,1175,1596
56993,-2499,-7250,5595,-215,-1442,1698
56994,5625,6365,7167,-137,1862,1315
56995,5271,-5779,-492,-1401,-114,345
56996,-7448,-4911,4341,-1980,-1065,-621
56997,-3351,-6897,-194,-1042,-1588,-232
56998,2442,-4632,-4044,-1352,1963,-99
56999,-1017,-1144,7071,-401,-614,-141
57000,-6540,-6724,7472,706,491,736
57001,6952,3680,2816,-670,-1964,401
57002,698,-5367,-1704,-849,-212,-287
57003,-3624,-1649,-3608,-477,399,-1960
57004,-7792,1866,-3821,1858,-848,136
57005,5206,1625,5927,-739,-790,46
57006,-621,585,-6268,-1855,-1797,-1210
57007,6696,-1755,-7660,1495,-1427,-12
57008,6899,4832,-65,-1221,-40,1033
57009,-3819,6161,2467,1367,1622,-17
57010,-1537,-2173,-4180,1244,-733,-1810
57011,-1295,-6596,-5192,45,-1118,-1500
57012,4040,4624,5732,1915,-462,-211
57013,7122,2269,845,-670,-757,-526
57014,1368,-1047,-7694,-1135,1255,897
57015,-2352,877,3166,1401,-389,-491
57016,1705,6837,-1549,1935,-753,1389
57017,-6844,-2040,-7744,1257,1181,920
57018,-1241,1366,-1352,-513,-1805,731
57019,5823,6262,7371,1878,1291,-312
57020,-5792,-667,-1145,-1757,106,520
57021,-6032,3593,503,-526,-90,1333
57022,5464,-547,2921,757,-1565,-1812
57023,6982,7774,314,1986,-1589,1796
57024,-6255,-1553,4667,1753,-633,-508
57025,7787,5006,-3803,1253,-493,-1592
57026,-2554,6190,5048,1133,1393,-1322
57027,3805,5784,-6548,309,1260,1634
57028,5451,-1912,-3422,-769,1399,-1654
57029,-77,5622,-3318,150,-1073,-1647
57030,-5000,7964,6688,1639,1795,1490
57031,5675,-1385,6802,835,3,-1762
57032,-7741,6881,-6486,282,-1005,1013
57033,-7552,-4534,-1185,-1185,-1680,1122
57034,-4940,-3761,6080,-473,-238,-119
57035,3897,541,-5251,434,1693,291
57036,-4314,2640,4024,944,546,-588
57037,1018,-2757,5746,1875,-1911,-827
57038,-976,-5717,-4285,1054,-1007,-1059
57039,-5168,5429,7612,-1774,1623,-585
57040,5433,6899,1654,1533,1246,759
57041,1194,3537,-5351,-1379,1871,-1071
57042,-4755,-423,-6801,-509,-799,-1280
57043,-6880,-4516,-993,191,1967,-166
57044,1628,-6750,1102,60,271,1343
57045,3148,-4454,3433,1653,-393,1758
57046,-2775,5219,7462,1463,1851,1024
57047,-5578,3591,-7095,356,954,1932
57048,-4507,438,4360,-1598,-228,1515
57049,2650,-6388,-7738,1361,1899,1684
57050,-7357,7135,-2083,446,-646,1715
57051,-5266,3797,-3185,-1806,-1807,-1211
57052,-4868,964,6282,78,506,1930
57053,-1758,7705,6153,201,-325,-172
57054,-2716,1376,-1182,40,1269,129
57055,960,471,-7129,-1635,964,1990
57056,1914,-7415,3534,914,967,1649
57057,-1240,-7247,-3211,1885,-693,1643
57058,-4709,-1117,-1880,1355,1958,-159
57059,-6114,-3806,-240,-1341,315,-1400
57060,-6723,-6092,-320,-1478,-323,878
57061,-7065,1785,3159,450,1143,-657
57062,3799,4105,2414,-263,-436,1523
57063,-5896,238,-7472,-1034,-699,1085
57064,-5326,-5088,-4224,-911,128,55
57065,2836,-3243,-394,-20,1644,237
57066,2144,3070,-3596,1064,-1996,1395
57067,-6733,-7265,2152,1589,-1386,-1179
57068,-377,-7908,-3037,283,1772,-570
57069,1286,6345,-5735,-1342,-547,-1122
57070,1264,-5113,7037,-1139,539,-350
57071,2443,-6592,-5089,1950,-1935,-802
57072,7351,4692,-1974,940,1738,-1583
57073,-2595,1612,-1562,-567,34,1115
57074,-482,-7419,6814,879,996,-1602
57075,-3717,2367,3855,-1609,-1724,-657
57076,5097,5554,1022,-388,-289,1792
57077,2211,2359,2295,1806,1144,-1839
57078,2291,-3094,-7197,1675,-1906,803
57079,6261,1085,5352,-10,251,-1524
57080,-7835,194,188,636,176,1068
57081,-3726,-1232,7581,-773,-297,-1593
57082,4990,-232,7440,516,1894,-356
57083,-3388,6138,5529,1490,1593,-1576
57084,-2813,3354,3476,1306,1591,275
57085,5732,-4961,1744,-997,-1573,1129
57086,-1286,3641,-935,653,723,-945
57087,897,3484,-4589,-1277,792,-1883
57088,5673,3459,1343,839,-1465,-189
57089,-3095,4913,6673,-1816,1080,1546
57090,-1900,-1753,7793,-355,-1301,1189
57091,4198,1960,6907,-847,1047,1089
57092,-143,-7279,6613,-1855,1534,1280
57093,5971,-3436,-1189,1565,-1487,511
57094,-7031,-3920,-480,-78,-317,1167
57095,5466,6486,-5510,-1907,521,-1235
57096,-2912,4763,-1223,-618,-1820,846
57097,-687,-2737,6066,498,848,-1395
57098,1849,-4399,2349,-1769,-85,-438
57099,5753,4670,-1284,-453,-1802,-1723
57100,-3510,-6129,2754,370,-1067,1538
57101,2797,-1260,-5477,1215,769,1097
57102,-2719,6294,4303,669,1697,-1923
57103,350,-1639,-6953,-961,1896,725
57104,4585,-3457,6700,678,1993,838
57105,-6095,4177,-1017,1953,1603,1607
57106,6942,-4302,-1127,427,-1664,-1941
57107,3603,1401,7009,-1296,246,508
57108,7773,-5516,-5081,-236,-1558,984
57109,-2976,-7962,-4776,1133,317,-1289
57110,-5841,-886,-6177,-1432,-533,-872
57111,3353,-5423,-1081,411,-226,1558
57112,3658,3006,2141,-1959,-605,-1998
57113,5947,5175,-28,-138,-1693,115
57114,904,-1146,-1093,-1563,690,1500
57115,-4121,-2257,5830,-1344,-735,-1748
57116,2484,-376,5325,-845,601,-1539
57117,-5313,5915,-4167,1192,-643,874
57118,-4565,-3327,-5545,-449,83,827
57119,-7607,-4783,1600,788,475,-978
57120,2680,5165,3440,-1491,-698,125
57121,998,-2068,5916,167,-350,-1650
57122,-1541,-4762,-1004,604,-1739,-1265
57123,6985,826,-5055,-1375,773,-642
57124,5562,7659,7890,-1411,1933,1643
57125,-2180,-358,-7135,-1755,759,663
57126,-2984,-6986,-4954,749,-877,-1162
57127,6376,-5669,-7805,-1310,188,15
57128,7008,2972,-2661,-1943,1853,-1243
57129,-7148,-504,-1662,1390,-1822,1907
57130,6669,5287,4726,66,1078,21
57131,2605,-6205,270,-35,-974,16
57132,5981,1203,-6167,398,1393,1899
57133,-7626,7326,851,-1996,385,-1787
57134,-5457,-5589,137,-758,1690,1529
57135,253,-4140,-7237,1280,968,-746
57136,2480,2640,1367,-19,-1024,-1791
57137,-4018,-1036,3480,616,1351,1861
57138,-1980,537,3365,1583,846,-14
57139,1049,-3571,-911,-1376,-1055,-1549
57140,7582,-2877,-833,202,1697,-1941
57141,-3475,4443,5135,-1306,731,-1207
57142,551,-4541,-55,1337,-656,-1866
57143,-1376,-959,-6779,531,763,576
57144,-3268,-3160,5205,-652,960,-742
57145,-1105,3444,865,403,-1906,1414
57146,-5549,5496,2845,-798,1764,1948
57147,5210,-7545,4718,1843,-295,-16
57148,-4945,-1834,-4389,53,-1922,1405
57149,-5871,-2541,-3569,899,-1844,655
57150,-6992,-6176,-2995,-1264,1061,-1941
57151,3178,3479,-5626,1512,-791,-1943
57152,-1276,6254,-6514,-195,1445,808
57153,-4862,-634,-7593,-1844,-1449,-868
57154,-347,-7858,-3023,12,319,-85
57155,7600,862,5404,-1215,-501,1859
57156,1799,-4081,1214,-1762,1333,-1651
57157,2822,-4753,-2537,207,-1363,1567
57158,6804,2840,7086,1190,23,1712
57159,-6838,-6133,-5002,-1738,1705,483
57160,7620,-6239,-7472,106,1105,1068
57161,-6896,-3080,-7294,-921,-1268,550
57162,-6093,4282,-3502,624,-1642,-63
57163,3767,2172,-558,-1408,817,1521
57164,-3207,-6561,-2287,-895,1166,1281
57165,4544,-5707,2304,1297,977,-1875
57166,-1209,3257,5599,-611,-1941,1723
57167,4429,-354,5779,1837,-549,-794
57168,1356,4684,3096,-8,1803,1232
57169,2858,-1752,3815,1548,90,-68
57170,-2910,6623,-6934,305,-1709,-1019
57171,-3583,-6587,7165,-140,-751,970
57172,5291,-1249,-3795,204,-1942,-1291
57173,-1515,7687,-3656,-42,1662,1435
57174,-4116,-2501,2693,1963,-1361,-787
57175,149,-834,7513,-540,736,-319
57176,6445,-228,-3689,-779,873,1247
57177,-2530,-244,7531,1985,-1709,1207
57178,-228,-7477,7720,-642,1975,405
57179,-34,5620,7692,515,872,789
57180,-597,5654,2797,-522,1766,1831
57181,-1223,7678,-323,-1402,-985,-326
57182,-7995,4125,2308,-1691,-1027,-282
57183,-6519,-3721,-1462,1233,995,1057
57184,6508,2623,5319,-1548,-147,-1447
57185,7369,5481,-4780,-1684,1543,-469
57186,2851,5493,5565,-1148,1772,-1553
57187,-675,1946,6252,-1372,-20,450
57188,-1871,4518,2417,-1686,981,540
57189,-155,-4439,2418,1325,-1339,33
57190,-2282,-6869,-1468,1820,-1584,-942
57191,2735,-24,4166,552,-998,-1986
57192,233,7964,-4148,920,-758,312
57193,-6622,4251,-4887,42,-1287,-1796
57194,-118,-4586,4983,879,743,1121
57195,4458,-5733,4807,-157,1142,78
57196,-6557,-4367,1203,-580,-735,-803
57197,3422,2268,-287,854,1305,-1353
57198,4509,-393,1838,-1311,-312,288
57199,-293,-5593,5621,1949,-810,-530
57200,-7700,123,5539,1416,-315,-852
57201,-674,6050,-3118,1250,30,1059
57202,5342,-1660,6189,-1363,-242,1345
57203,682,801,2426,-1194,-156,886
57204,-4122,-2133,5892,-1927,202,1405
57205,-455,3645,-6869,-1821,-1078,-1240
57206,-6313,-4253,7455,234,474,1768
57207,-6556,4357,680,-925,-310,-903
57208,1625,-4561,-7544,1366,802,296
57209,-1652,-5772,6691,710,-103,1819
57210,5896,6284,1581,-168,-259,-1301
57211,7527,3370,3815,1130,-192,1516
57212,2736,-873,-7923,-1683,-813,-63
57213,5871,7815,2831,-1432,-900,-327
57214,-3984,-4958,-2878,-1439,1731,1989
57215,628,-7653,-1023,1440,1519,1877
57216,7793,-4914,-3889,1365,-460,-265
57217,2584,-228,3787,118,1053,1269
57218,5340,-2302,4228,1818,1357,-1096
57219,2492,-6285,-6467,-810,-1628,-1686
57220,556,-7700,4191,667,267,1243
57221,3180,3608,-5053,-576,461,790
57222,-4414,-7059,6614,905,1236,1635
57223,-1434,-2364,4301,-1220,1210,1525
57224,-2799,-7434,-4234,626,1556,321
57225,-1643,3662,4767,1217,-1800,-1241
57226,4208,1778,3433,1022,122,-593
57227,6567,3319,4344,1940,-214,-1750
57228,7646,1929,-4800,-527,-157,-1258
57229,3093,5193,-6594,12,706,1314
57230,-5606,6435,-7172,-985,1096,-1302
57231,2327,4174,-43,-323,1005,242
57232,-4566,-3821,5108,-402,1911,531
57233,4659,-5751,-5036,-1870,-113,202
57234,-6291,-3660,-7926,-1092,-1464,886
57235,1144,7090,4025,-1588,-679,513
57236,1536,5045,-2258,867,842,1561
57237,5500,603,5590,-867,-527,-1624
57238,4085,5438,2015,-1855,-849,1123
57239,-7791,3494,362,-1856,-917,1689
57240,-1387,-370,5427,-125,-666,163
57241,1459,4616,-262,947,1440,-1549
57242,7806,5963,2343,-219,658,35
57243,-1668,2157,2913,937,-1333,17
57244,-5126,-394,-3772,766,-1129,1418
57245,-7769,-157,-7269,-1911,-779,749
57246,4395,3208,-7339,868,1986,984
57247,-2303,7626,-4517,-1766,344,-1069
57248,4719,5720,2136,-531,-1520,-1238
57249,-2385,-1895,-1635,798,-1790,-487
57250,5482,-7403,3861,-1018,1082,-1460
57251,3409,-3286,2376,1951,1382,-113
57252,-5949,-3759,-4419,-1095,-1591,710
57253,5512,5265,2494,703,-176,-1323
57254,3677,-3622,268,1159,1957,1549
57255,4105,2280,-5773,1287,218,-570
57256,-6715,4022,-37,-683,-1316,1012
57257,-4144,-109,1743,-1559,-489,-665
57258,-1481,-2944,3943,22,902,-732
57259,-6155,1567,-4675,1813,-1970,1088
57260,-2649,5198,3336,-1478,810,-940
57261,-7239,-2165,-1553,-1144,1201,-1847
57262,4424,-5590,-3757,224,-746,-1601
57263,606,-4219,-6958,-925,-768,1034
57264,4361,407,5213,-835,-1070,169
57265,-4226,-5752,1686,46,1744,-1328
57266,7608,7732,7806,-1268,-689,-686
57267,-828,-5891,-3122,575,381,1793
57268,-3491,1169,6542,-1171,1036,-1171
57269,-1100,-2459,2726,-1467,-1374,1143
57270,-4458,6553,5262,-870,902,705
57271,-7410,-6459,-1770,1838,1021,1387
57272,-952,-1799,674,1992,-111,115
57273,-4028,-7005,19,-459,238,-1814
57274,2294,4743,-7139,1012,-1804,1726
57275,4803,-7392,-7174,777,881,-1638
57276,-5123,-2985,-1313,501,-782,-547
57277,3625,2223,-3323,612,1324,-1011
57278,-6425,5785,-4456,1294,484,-1046
57279,-3227,-2620,-140,-1003,-115,880
57280,2412,-2867,6777,733,362,612
57281,4295,-5376,-3116,944,1868,-982
57282,3854,7130,2936,-1921,883,1886
57283,-4644,4866,-1788,-912,-856,506
57284,-7689,7897,-6715,1821,363,1725
57285,-5681,-3547,-4562,1420,1998,-1778
57286,7172,-395,-7887,1684,1312,-1751
57287,5760,3289,6713,-962,-1348,302
57288,454,-401,-6878,811,658,-1102
57289,-6303,-6219,154,-1620,271,1387
57290,3576,5972,4646,1178,-131,1804
57291,-1871,-4142,3642,617,807,-1235
57292,5044,-714,-6135,-172,-1269,1455
57293,-589,6791,5397,565,1331,-988
57294,-162,2193,5660,595,561,-7
57295,4543,7179,-1249,133,913,129
57296,6816,6673,-5115,1176,-1068,-1074
57297,3912,-1537,-1701,1315,-1731,-619
57298,6755,-6690,-1216,-1587,845,-1582
57299,7461,-2457,-3220,-1931,-1836,-1920
57300,-2404,6855,1328,-1434,-524,-1528
57301,2070,-2758,-1072,303,300,-1284
57302,-3692,-1237,-7018,-441,-14,-961
57303,3089,5499,2143,931,-1053,-815
57304,-4645,2089,-2925,1091,-780,-1991
57305,3075,5754,2676,-755,1648,395
57306,6778,6905,4479,0,1395,1120
57307,-884,-2418,7760,607,-1812,-931
57308,1572,-6850,-4682,340,-813,1322
57309,-995,5420,-4016,-465,-1048,1109
57310,-6378,7706,-6269,-1223,1942,-106
57311,-6785,4453,5500,-274,-641,-1907
57312,-6322,-7038,-6662,-648,-1455,438
57313,-4248,465,7823,1470,1615,-1577
57314,-2704,7029,-5070,1539,-112,-714
57315,-1265,577,70,1352,-31,462
57316,-2857,-6868,4750,-346,762,-1010
57317,-7015,-5951,1011,1252,1395,-1732
57318,-1904,-3590,-5555,-1619,-1237,585
57319,-2219,4808,4151,-1075,-672,-347
57320,200,-3674,3332,1612,1980,1955
57321,-4561,-7098,-2671,1424,-1337,233
57322,-1828,-1366,-5460,1931,-1883,-22
57323,-727,4512,1820,1589,-66,-1571
57324,5005,-7968,1418,1134,-1767,1651
57325,-3146,7359,-3652,1837,1827,1684
57326,-1391,-2160,-4591,-1394,-513,854
57327,-7471,12,-7164,1537,794,-1771
57328,-1225,-6046,-1364,777,-1458,-324
57329,-1978,-7176,-253,541,940,-1631
57330,-6440,-871,-7282,655,1004,-734
57331,4104,934,7586,1077,-1689,-19
57332,-3272,4969,613,374,-646,1928
57333,-118,6269,1638,-1197,-184,-1737
57334,6986,-1712,3811,-1962,-1784,-39
57335,-634,451,-5945,195,1406,-1872
57336,4568,-5124,-3838,168,742,639
57337,2323,-5286,1666,-1491,1602,866
57338,-1870,-6535,6817,1615,1771,1420
57339,-7746,-727,7570,1409,661,1572
57340,-6131,-6969,7244,1670,-1901,1260
57341,-924,946,3291,-432,-281,1414
57342,2262,-2178,6912,301,-1968,936
57343,-3402,3767,4823,1374,735,1062
57344,-702,5703,7338,-1760,-335,275
57345,-6664,-4651,-7397,-461,1600,1587
57346,-7954,-4403,-6307,955,-60,364
57347,-4598,6940,6469,-1096,-1984,790
57348,2991,-4680,7127,261,1441,-971
57349,-3751,2057,340,-1748,823,-249
57350,-3063,-933,2959,-720,-364,45
57351,367,6387,-6397,-1145,552,-131
57352,-162,2954,-2032,695,159,932
57353,-7868,-3493,-2702,1953,1260,1815
57354,-1850,-7062,5660,453,535,1627
57355,-2317,-4971,3965,1410,-491,1094
57356,-2317,6008,6684,72,-1031,1966
57357,5311,4029,-2973,1888,-1385,1815
57358,6160,5618,5345,-401,-668,-534
57359,6194,-3671,1616,-1155,-1788,-874
57360,-4708,-2322,3272,-428,-294,1672
57361,408,7092,6176,852,-1628,-686
57362,3006,-5994,3572,1749,358,-413
57363,4553,6775,1187,-1328,-1904,-1566
57364,-1878,-2544,-2530,1110,-1397,948
57365,-6123,-5707,-7680,-664,1580,-1929
57366,-4454,-7878,-6337,1126,682,1393
57367,-1360,4070,-1933,-1908,1835,474
57368,5763,3654,7814,-1675,-509,-1986
57369,4499,-4415,-6275,-1452,1150,-1696
57370,-6011,1167,585,113,846,911
57371,-1066,2932,1081,190,317,1916
57372,6917,-7061,-1850,-1554,1238,-71
57373,-4002,6471,-1112,-612,442,-312
57374,2800,3031,-2979,194,1310,-1170
57375,-2679,-5540,5749,989,-1475,-1974
57376,-1761,-7006,-369,-1163,627,1634
57377,-4504,4657,3117,25,-1648,-1477
57378,625,1748,-1112,-1150,-398,-384
57379,-6661,3688,4096,1636,1986,-837
57380,53,2289,-1047,1480,-1692,-250
57381,-7673,-5330,-3481,-592,-392,-186
57382,-4557,2294,1735,1368,326,-615
57383,-4763,-4119,1849,1339,-1121,1195
57384,2230,-5700,-7727,1038,-1205,-1590
57385,3935,7630,5119,-144,349,-1243
57386,7608,595,3073,-1093,-563,-297
57387,-3012,-5329,1639,433,1308,-1036
57388,-7553,5012,-2184,654,-1800,-938
57389,-7129,3101,-3683,754,153,-1972
57390,-1874,5587,6460,1095,-1367,483
57391,-5730,4574,2368,-235,685,-376
57392,-3515,-401,-5028,1676,623,-149
57393,-2942,2676,5916,1607,1216,-305
57394,-4641,-3277,-2413,757,-612,1270
57395,7733,-2280,-505,1374,1259,355
57396,-5089,3342,6159,1973,-263,1935
57397,-7450,4504,-6023,1292,1281,385
57398,-5735,-7120,-3420,-886,-416,444
57399,2986,7749,-124,-960,1405,685
57400,-6700,-1515,3504,-1946,1949,1876
57401,7403,-2929,-4243,-1562,83,58
57402,-1789,2756,-2409,-188,231,-957
57403,5915,7765,2466,-486,-1444,817
57404,5056,541,3979,733,630,-783
57405,-2154,-7772,-7667,1585,-1924,-1520
57406,5680,2079,-446,1947,74,-333
57407,-57,-5147,-2674,1214,187,-867
57408,2088,-196,-4188,203,1128,-1206
57409,-4896,-1353,-117,-1316,1681,1434
57410,254,-35,-2324,784,461,-760
57411,-4495,7044,-7458,1157,-1126,714
57412,3807,1731,-6745,-1403,34,-1394
57413,1141,634,-3687,1564,-1599,229
57414,27,2434,118,-1159,1098,1894
57415,-3631,6413,85,-987,-197,-1260
57416,3434,7680,813,-967,-1117,305
57417,-1882,-659,150,-1449,104,-771
57418,-7606,-1357,-7674,624,-274,362
57419,-6014,-3657,-5301,-367,856,-1265
57420,-4990,-2830,4348,-481,204,-394
57421,-4429,422,2802,1987,-555,1114
57422,-3694,4056,-692,1797,-1263,909
57423,-722,-7794,1163,-1661,-908,-1254
57424,3776,6878,-6701,432,-531,-26
57425,2243,-5078,6166,245,341,-1600
57426,4609,-1155,-1006,-315,237,-615
57427,-2355,-3435,-7344,-226,-825,1650
57428,590,-1369,6403,1222,1097,1751
57429,1902,-2189,1579,-1366,-913,-1507
57430,960,-6693,7559,25,1360,-687
57431,-5363,1453,656,23,1472,-784
57432,-684,2318,21,775,1044,1240
57433,-6697,205,-4519,-1382,1979,-1322
57434,2082,6665,7673,-599,-1261,-722
57435,-6988,5985,-455,945,-1921,-1969
57436,1687,-2705,6015,1407,-1900,-852
57437,4570,-7716,-1397,827,-411,385
57438,-7666,-3123,-3150,-781,941,751
57439,1977,-6459,4231,-1979,1045,-173
57440,1373,-7175,-878,-1696,-117,-187
57441,-4135,6962,7281,-1283,1157,-356
57442,-3222,-2133,4206,-1591,-1405,-1696
57443,-2266,959,-4927,-730,925,-1791
57444,2680,1329,5108,274,1509,-1533
57445,7238,-6974,-7104,6,-1515,-594
57446,-4034,-7618,-454,-34,-466,-1361
57447,-10,-2261,5627,-839,-135,-1156
57448,7793,-4814,-2960,1566,1778,557
57449,161,-775,-5510,496,1521,-973
57450,7108,-2688,-2771,-1929,1360,1258
57451,-3413,5377,-2845,895,1626,-66
57452,-1353,4432,1362,350,-1379,1337
57453,-6066,2315,-5106,-716,402,-215
57454,-7941,3389,4019,1047,-1331,-1450
57455,-6089,-1859,5004,1708,-221,-271
57456,6350,7580,7406,-1366,483,1505
57457,1511,4094,-6976,-1492,1497,1075
57458,2891,-553,3348,296,-1474,1301
57459,-5009,-4210,7306,1975,1334,-1962
57460,-5445,1370,1626,1208,-972,843
57461,-6306,-6725,-2059,1909,823,1660
57462,-5102,-3919,3892,561,-784,-984
57463,421,-873,-113,-565,-260,-1272
57464,4386,-524,-7566,-1885,753,-1025
57465,-738,-1357,5983,-1498,-859,1261
57466,7336,-2369,7839,-501,-1588,1971
57467,6709,-1362,7323,1211,-1963,-1160
57468,4673,3528,5792,-1838,-1786,-1439
57469,3075,-524,-2978,-281,-1937,-907
57470,2629,2811,4394,-856,-616,-644
57471,-3253,-1657,-4824,-121,-986,-1067
57472,-7423,280,1639,12,455,40
57473,-2578,3014,-4455,1375,-340,-388
57474,-7258,7007,1003,-198,-1341,443
57475,1935,-572,-4050,-523,-403,-1617
57476,1174,-2111,-7638,-1852,-1132,916
57477,-2194,-5431,1851,877,-1910,1572
57478,-891,6062,369,1982,-888,-1043
57479,6587,4284,-1152,-1128,1496,-261
57480,6673,-3957,-7126,-1218,1854,-1056
57481,-6097,5297,7310,-1437,-529,-49
57482,-6891,128,-1311,-1627,1420,-1266
57483,-2709,1042,7373,239,284,780
57484,-7532,-3356,-7663,-905,1364,-537
57485,-5681,4312,6229,-529,-1140,-1528
57486,4087,6191,-3951,-1723,568,1315
57487,-377,3514,-166,-210,-1501,-209
57488,3959,-6000,-2776,1758,-1160,-1625
57489,7947,3508,6811,22,1357,172
57490,-5053,4402,-4546,1402,-87,-106
57491,3586,-819,-3620,-1513,1509,1480
57492,2253,1271,6336,-1483,-1972,920
57493,-2985,2924,852,-930,1560,-53
57494,-1466,6005,-7612,1272,-1816,-1071
57495,-4271,-5356,1401,801,-557,1933
57496,-741,-481,7639,785,91,-40
57497,5512,6328,-3413,1592,-1429,34
57498,-5174,-4526,-2062,1241,381,692
57499,-7994,7083,4739,-1792,-878,-963
57500,-7201,-3901,-3939,1323,-1448,1702
57501,-6182,-4087,3041,721,1517,-978
57502,-3750,-5755,-757,553,324,-1365
57503,-35,5265,2878,716,1369,-384
57504,7573,7476,2397,1177,91,-1811
57505,-4416,-5733,7358,898,-956,-1549
57506,-1930,4052,7704,-867,916,355
57507,-6949,7363,1931,835,-1971,1744
57508,-6717,1047,-4958,-487,1141,-923
57509,-3407,-6257,-5783,-706,547,293
57510,5079,2435,-5797,-892,385,-377
57511,-1599,2892,-6665,-351,-1527,-605
57512,-7627,-5337,3972,255,-1644,-191
57513,2097,3196,7166,1252,-66,1911
57514,6333,2499,3158,-367,-1386,1250
57515,-23,-4669,7671,-1867,-715,-1289
57516,7173,5927,1101,-913,-1617,-242
57517,-3776,-7534,-3683,707,-252,1570
57518,5006,4709,5169,1943,1380,-1817
57519,5561,2578,5037,1725,-602,908
57520,-4984,7390,5158,-291,-858,546
57521,3613,-3271,3561,-677,-407,-1073
57522,284,7152,1940,581,1131,1482
57523,-4630,2651,-731,-1456,837,114
57524,-612,-7223,-4146,463,1382,-1104
57525,-1517,7091,1430,1153,710,-1614
57526,-6141,836,-5525,1694,1478,-1912
57527,4421,-2087,-4285,657,1744,-775
57528,-4572,-6283,1392,-1517,176,344
57529,-4284,744,-2629,1229,587,-1671
57530,3914,2510,-3565,-1607,-576,329
57531,-7203,-7592,6267,-419,775,1515
57532,-2434,7477,4463,1226,835,1289
57533,-334,-5792,6360,-718,-1938,453
57534,3299,-4864,5496,1466,493,-147
57535,1650,6362,-2107,1616,1223,876
57536,-615,1320,1631,1641,1284,1010
57537,3623,5336,-3564,772,-50,794
57538,-452,4208,-1298,-16,-335,-957
57539,606,-7782,5339,-1002,1284,-818
57540,-5530,-1757,-4747,-231,-141,-254
57541,-2496,-7659,3553,782,-349,-1536
57542,-2938,-6723,-3901,-434,1374,-152
57543,2350,-3594,6517,1234,-866,-816
57544,5882,-7863,-6895,-957,-378,302
57545,4194,-2652,-2791,1519,1691,-1169
57546,2724,-7245,-5694,716,-813,569
57547,1518,7670,-6740,-1195,49,1204
57548,-3969,-6386,6039,153,-1289,-1045
57549,2547,-6908,-6747,-963,-1541,1114
57550,-5618,487,6786,660,1855,-895
57551,-5235,-4280,-7559,1393,7,-1534
57552,-3071,5510,1219,-642,-613,1391
57553,3652,-7887,-2869,1699,559,-1664
57554,1711,5623,-2177,1108,1172,-1581
57555,6590,5416,-2651,-1872,73,1595
57556,1469,-2025,4600,427,1146,1366
57557,-5719,6854,-4796,1097,-1466,51
57558,-4517,-7133,-2131,-1325,-814,676
57559,-3039,6021,-6129,1326,-57,1749
57560,-5157,4653,-4355,1126,1865,1116
57561,5039,-1107,-3453,931,-1533,350
57562,-3670,-3685,-6551,128,1196,-1515
57563,-4669,-7725,7901,764,-687,-210
57564,2258,7041,-2136,-627,-1481,1134
57565,-4296,-56,-1073,1594,168,1060
57566,505,-2231,-3322,181,1393,1484
57567,2837,-7106,5980,971,-1100,695
57568,-3914,716,-5244,-964,1650,642
57569,-2686,4575,906,1544,-1847,-1036
57570,-5837,-5905,-7721,241,-1197,829
57571,7960,-1753,2887,-13,546,28
57572,-5968,-6419,5775,-1921,1425,1062
57573,-1589,-5081,7883,459,1288,-1407
57574,854,2584,1015,-1717,1457,1816
57575,-5391,-237,-4574,1145,1249,873
57576,7672,-5824,4543,705,-1409,-1864
57577,-354,-3862,-3022,-1820,606,-1084
57578,5271,-1344,-4629,-1351,1544,-529
57579,1525,-3319,-6055,1690,1646,34
57580,2354,852,6538,-1056,-532,1258
57581,6500,-3461,7025,1920,409,758
57582,-5263,-1758,5366,1635,1632,-1413
57583,-7575,6748,3272,-749,-929,-503
57584,419,4695,-5785,-1977,1233,-551
57585,-6947,7655,-998,684,1588,-1279
57586,-6089,2596,1890,212,1044,-29
57587,-3241,-4234,-6152,-2000,478,1509
57588,6455,-4451,-2796,882,1894,1541
57589,16,5126,5988,-1175,-1947,1852
57590,2765,1726,-3297,283,1051,1595
57591,-769,5692,-2389,920,-5,1361
57592,5393,-4749,1251,-1388,1825,-647
57593,-608,-1972,-6836,-800,-1209,-431
57594,3016,-4043,-2749,16,1259,772
57595,7374,-2596,6392,-828,1273,1925
57596,205,3321,2084,1017,-216,-845
57597,-1074,-6057,1213,-1709,-199,-59
57598,-5746,1990,-1316,1582,223,-1559
57599,2405,-1499,995,-119,-642,767
57600,6869,-7518,2416,-1231,-1439,-1542
57601,-2329,5308,-5853,-1158,514,-1135
57602,2813,-3280,-726,-1978,-1820,1142
57603,561,2594,-2018,535,-909,-304
57604,-2476,-6947,391,-1225,1974,-1617
57605,-1614,1356,-2738,1818,533,-1313
57606,-2231,-7805,-952,623,468,-169
57607,-4798,5166,-5779,1237,1526,-128
57608,2695,2002,1357,1028,-1330,-842
57609,2646,-6567,727,-623,-1834,1452
57610,1743,6772,6693,-1204,-1160,339
57611,-5261,7556,-6740,-1218,388,-512
57612,-3554,-6118,-1301,86,-805,-779
57613,-6589,-194,-7639,-1702,998,1698
57614,7026,1859,7536,965,-1385,-1775
57615,715,-2238,2363,-1326,456,245
57616,-2287,3846,1731,-659,492,511
57617,-655,-1599,-3385,1867,1831,1878
57618,-1823,-1698,-1881,1475,-614,62
57619,-7651,-4515,-7774,1695,1427,1464
57620,507,-73,2950,579,1814,-257
57621,-4014,-1589,6822,1382,3,-956
57622,-4886,571,-6369,-399,-1164,1933
57623,2060,4932,7205,1035,-736,-1430
57624,4926,-5128,-3785,1871,-1426,-634
57625,-6996,-1261,-1234,1714,-1113,-1435
57626,7239,7502,1663,1955,-1554,-320
57627,5177,-2568,5347,-215,99,938
57628,-5263,-5085,5666,330,-1905,-103
57629,-1512,5894,3434,-1894,-1619,889
57630,322,1240,-6017,-583,-1837,-126
57631,2541,2585,-7705,104,-464,1023
57632,6141,-1854,-6921,1586,-1315,-1480
57633,-1339,-5568,-7981,-721,242,-464
57634,-5429,4914,-1838,1480,-1757,-266
57635,-4850,-7813,-6034,834,1251,-93
57636,-5094,-4231,-1827,614,-1082,1333
57637,3944,-360,7429,-681,1959,-1656
57638,6381,1509,-6272,1137,604,863
57639,-7019,-2507,4864,-1397,783,34
57640,629,-925,4002,-1490,-24,653
57641,-7404,-6157,-5704,693,796,819
57642,-7236,-6454,-6608,-1341,-64,-807
57643,595,2383,-1458,-592,1348,-886
57644,-6513,1483,-1720,-732,-1091,1885
57645,6039,-43,-6687,1157,-594,1849
57646,7468,3413,-1017,-1120,-1425,64
57647,7658,6459,2816,921,-1329,648
57648,-6423,6934,4108,-1765,-1966,-367
57649,-941,7108,7880,1974,-880,-434
57650,671,-5159,6777,-1377,-300,-116
57651,-1486,-226,1640,1056,-283,722
57652,-1812,-7421,3218,-322,52,1491
57653,7206,5871,-7775,733,1496,302
57654,1625,-635,2457,1701,1927,1877
57655,-250,-5011,224,178,-1817,1991
57656,4030,-1606,-1075,-1337,-873,1098
57657,1363,1506,-7309,-1058,1059,-1904
57658,-6730,-6476,6163,-1215,-467,528
57659,-6299,7657,371,-666,-894,-448
57660,2525,5293,3407,-1462,-396,803
57661,2588,-310,2756,141,-1987,-1324
57662,2659,228,-176,-603,-860,-829
57663,-6049,4718,7724,6,1842,777
57664,6702,-1356,5636,893,235,815
57665,7254,-6675,-3997,647,1725,-2000
57666,-7891,1013,-4488,987,-1549,1100
57667,-5012,-3537,2366,-665,-684,1160
57668,-942,7999,-5526,507,-124,1774
57669,-6129,7842,-488,-1849,661,-1015
57670,-3711,3856,-1543,355,-414,710
57671,3024,-3726,2584,295,-838,1896
57672,-1134,1898,179,1896,1882,1191
57673,-1250,5999,-2765,1083,-499,-1318
57674,-2331,3626,-4220,-1692,58,-838
57675,1177,5956,-6002,-739,-1107,-1565
57676,1661,-5416,4983,-451,1287,-659
57677,7580,-5486,-6575,1608,-1613,1
57678,-293,-7749,2184,-1107,1662,-694
57679,-4764,-584,-3362,-401,471,-1991
57680,3836,-2804,-233,-11,-533,-47
57681,6373,-5793,-6039,1299,1352,-746
57682,-1444,-6625,-2532,985,-925,-54
57683,6759,-7990,-333,-424,-1895,590
57684,7398,-2267,4325,-975,-234,1318
57685,551,-2595,-5986,-1728,-1917,-879
57686,2864,-6528,1794,-743,338,-74
57687,4456,-7892,-83,-368,1683,-881
57688,1285,-5046,-7920,166,-677,1318
57689,7541,-5485,5394,-832,944,596
57690,3038,840,-5771,-1918,1402,450
57691,946,3460,-7349,-1217,-759,-174
57692,7243,1744,-7237,-1498,146,-1786
57693,-2928,4502,7364,869,137,1757
57694,7677,2529,336,787,-1078,-289
57695,3873,-4374,4085,774,165,-510
57696,6980,1102,-508,-704,1505,-1617
57697,-6249,6720,-4106,-1250,-836,157
57698,-7460,-5797,-4387,794,-1337,877
57699,-5463,-3138,-6458,387,-206,-413
57700,4338,6470,-4108,-1558,-1063,-78
57701,-7310,-4252,-7045,1640,-1792,834
57702,-6657,-3712,252,1627,1012,129
57703,5924,6193,-5802,1275,-1945,-1817
57704,-3736,-6943,6379,-56,-1530,740
57705,-4353,5108,-6212,-919,-1346,1062
57706,-483,-111,4766,1874,-832,44
57707,-7735,582,-2550,-78,-1206,-622
57708,-3159,4067,-7665,-767,80,-1592
57709,-3495,4470,3341,1406,-618,-659
57710,402,4679,5253,518,-1450,1741
57711,747,-6033,-2840,-851,-1432,656
57712,-3912,4343,-3178,-873,-733,-1776
57713,-1164,7436,4312,-127,1144,1293
57714,-2600,-6843,-6670,1732,-1512,-468
57715,6150,7037,-3239,313,3,1737
57716,4528,-7645,6916,19,870,467
57717,3565,-6816,7405,-315,-1274,-1417
57718,-5962,-5003,-626,1032,1702,1702
57719,2153,3032,-4230,906,1527,-1129
57720,540,-6670,-869,1390,844,96
57721,5183,6074,-1452,1679,-1470,1709
57722,4389,375,-3410,1532,556,-1839
57723,-5731,5760,5189,1454,938,-189
57724,5949,768,1419,1252,7,-72
57725,5303,2479,-7753,-1029,-947,845
57726,-2497,-6578,1080,1610,587,-5
57727,136,610,-1984,-667,698,-661
57728,1430,-3863,-3456,877,1209,-1688
57729,-502,3292,-4688,1471,1580,1729
57730,-3878,-4002,7004,1684,-1493,-500
57731,-6745,827,-2347,636,-234,-18
57732,412,1426,-4843,1322,-1390,-1801
57733,-817,-7013,-2244,1268,372,1678
57734,-6147,5471,-3977,346,458,525
57735,3563,463,-2427,-1471,81,1409
57736,1390,-2562,-187,-446,440,-709
57737,-2721,342,4090,581,799,-1237
57738,-3196,-7515,4745,1532,-426,1745
57739,2509,4212,3414,763,1506,1434
57740,-6313,-5087,-4950,895,-1941,-1384
57741,3216,4238,7349,-956,1509,381
57742,3796,-7146,-3130,1889,1733,639
57743,-2594,5812,591,1096,429,-1369
57744,-1697,-4808,626,-942,175,-684
57745,2216,-4873,2155,637,263,462
57746,7899,1513,-7066,-1240,-559,47
57747,-3555,1119,5753,384,1690,604
57748,-6756,-7340,-4069,-251,-1061,810
57749,-7694,-6715,5222,1183,-74,1311
57750,-413,-4203,2730,-1170,391,37
57751,-6913,6203,3635,192,-21,-1178
57752,2127,1335,7835,1822,-1255,114
57753,2162,4742,-3809,-1852,-1796,12
57754,-5436,5240,-5949,7,-1148,-1808
57755,4510,-6497,3650,-487,-1254,1409
57756,-3805,-6389,4169,-1458,253,-186
57757,-1656,-6448,-3079,-398,-548,-707
57758,-5081,4801,-5435,-1054,-1076,734
57759,1193,-2525,-5710,1622,1978,1663
57760,-409,5933,2073,1259,-1233,-499
57761,-7678,1830,-2723,-1497,1823,-1811
57762,-2066,-1572,-5955,-927,-1227,1363
57763,-7658,3105,3467,1244,118,-1267
57764,-3328,-2785,2367,186,1887,-1917
57765,3158,296,-346,411,1777,-1293
57766,4790,2342,-5225,-546,-1534,-1244
57767,-6963,-2416,-2626,-1123,-655,-813
57768,7177,-276,-6696,1674,20,-1080
57769,-7020,-7472,-7834,561,817,1533
57770,-4922,-839,-1544,-1540,590,-1329
57771,2000,2360,-1192,-283,362,-879
57772,-3648,-6053,2338,1316,150,1466
57773,-3347,7599,7259,-1089,799,-1585
57774,-7931,1117,-7414,-1311,894,866
57775,3428,2148,-3994,-731,1411,-261
57776,-4850,-3103,-2420,-1878,931,366
57777,-7695,4028,4001,1568,1694,588
57778,5734,6683,-2778,-979,-630,-220
57779,-788,7306,-6698,257,1415,1138
57780,-2888,-3178,-5752,602,420,885
57781,5151,5464,1754,-1795,-735,-1168
57782,3054,4800,5762,-1064,72,168
57783,-1157,-2723,6404,-585,-782,-1363
57784,7579,-1053,2040,-1486,1846,-1502
57785,-1884,4552,7179,-627,-181,1872
57786,6911,6600,1719,-920,-1589,1673
57787,-2356,348,-400,861,-462,-347
57788,722,-3084,-3502,-308,-415,1123
57789,-3826,7083,417,-1994,1290,-509
57790,5867,-5078,-1847,-1030,97,-433
57791,-7748,6084,-7051,423,-199,-1010
57792,3355,-2567,6,1174,-145,-287
57793,4599,-2807,-3253,-1877,583,767
57794,-7703,-5269,-1326,-1110,540,1688
57795,-625,5641,3546,-161,-1304,1397
57796,6386,-64,-6796,-1967,180,-1488
57797,5974,7598,-2436,-1283,1327,-552
57798,-953,-1541,-2885,-1876,276,-1585
57799,-5769,7384,-7962,918,-1288,-845
57800,-6633,-1479,1094,-1395,1517,160
57801,-6138,-2784,-1369,-703,741,-986
57802,-776,-1612,2995,1873,-1531,-1235
57803,-4932,-7901,-1924,53,586,1446
57804,2507,-6000,7319,-296,1567,-1133
57805,6762,1910,1095,1171,-1815,-1362
57806,-275,-1081,6390,1239,-1141,-829
57807,3500,-443,6790,-368,-1146,-1504
57808,-2278,-2341,-799,-1121,-15,1798
57809,-3366,7679,2140,-94,-1027,86
57810,-6246,164,-6352,1401,1249,676
57811,-3636,7720,5609,981,549,66
57812,7020,-6798,3717,1081,-383,-1325
57813,-3759,924,6479,-1566,-752,-1281
57814,-5351,-4582,-3044,-743,-1317,885
57815,-6210,-2427,7456,-1072,150,1193
57816,2097,-7156,-2526,-1741,-1587,513
57817,54,-6293,-6933,1474,1743,1574
57818,7692,3398,585,-1954,-494,-287
57819,-7587,1564,-972,1577,668,503
57820,1220,691,-7439,1870,-1906,692
57821,-860,-4669,7207,-764,-1115,1464
57822,-5868,-3664,4169,571,-461,1982
57823,-705,5745,-4733,727,-1333,-591
57824,412,3817,-1210,541,-1545,156
57825,-229,4232,6779,-1545,-343,-1873
57826,6932,3467,-1069,-478,-294,323
57827,-3362,-4062,-4752,-654,778,-1246
57828,7341,-4506,4217,-951,580,-780
57829,-1994,3199,6070,-1483,1470,1206
57830,-1726,-1515,-3323,-1491,-906,-106
57831,7216,2095,943,-222,-1402,681
57832,-1221,-758,-5357,429,1217,-1478
57833,557,2816,6643,878,-896,-8
57834,187,-1395,-4615,-1799,648,-296
57835,2759,3257,5105,-134,1616,-1959
57836,-3332,-4030,-1673,825,-480,-840
57837,2401,6199,7094,820,-1769,888
57838,1510,-4746,-2144,260,-596,778
57839,1111,-2010,-6140,510,-557,127
57840,-1925,3553,-1176,-1136,-1653,1864
57841,-4035,5966,2718,162,1871,1120
57842,-3255,5215,7569,683,1061,17
57843,2891,5420,-7469,-837,-755,-1956
57844,-587,2347,-7972,1176,-1279,523
57845,-2560,-1451,7964,-803,267,-7
57846,-6919,4533,2412,-222,-347,-233
57847,1780,-5296,3211,1665,-1806,-774
57848,-3266,7357,5115,-1153,1818,-1764
57849,-4982,1896,-5011,940,-761,-200
57850,-1256,1539,7346,140,-1925,773
57851,-3444,1949,425,-1930,-761,452
57852,-2863,-7612,-6048,1735,668,1890
57853,1825,2533,-745,711,1603,323
57854,6710,7613,5811,-921,-962,-1929
57855,-4057,7679,5320,886,910,1107
57856,2513,-1221,-2486,-1152,681,296
57857,-6864,-5889,2888,1809,774,846
57858,-3337,1523,-2900,-1633,-1293,-1405
57859,6328,-404,1934,-1944,1141,739
57860,4024,-1571,-3335,-1790,1977,-1351
57861,383,-6558,-6619,207,167,-1989
57862,-6211,1667,490,-1384,-128,-1834
57863,3177,7364,-3195,-416,1409,95
57864,-3421,5424,5106,-1055,-609,769
57865,328,-506,361,-483,-220,-1999
57866,-4828,6565,-3286,-1411,-1636,560
57867,-6073,-5986,-1023,-444,-1747,854
57868,-3667,5185,2723,1801,-1279,436
57869,-7546,-5894,5800,178,-653,-340
57870,-3735,-4004,7186,-792,1905,-1273
57871,4673,1620,-3671,-107,-862,-1365
57872,-5235,-5513,2114,422,270,26
57873,-7484,-3516,-3048,-272,-181,-244
57874,5426,-7184,7918,-276,1718,-25
57875,-728,5980,-5691,545,1577,-632
57876,-5354,6216,6992,1098,817,-313
57877,-2961,5324,-3996,-6,-1760,-1554
57878,7222,354,-4922,-759,-927,1936
57879,-900,3806,-5881,1569,-700,1872
57880,-657,3762,5953,1496,826,1556
57881,-7772,-6013,6664,-1583,1420,940
57882,-3943,-448,-4506,853,36,1005
57883,730,3200,1454,-662,-308,1769
57884,5467,974,-7344,-219,-1327,-1606
57885,3829,-2849,6870,-1876,-1260,1535
57886,-107,-4763,-791,866,-1647,-1431
57887,-7783,6457,-2738,-1690,-861,177
57888,-1424,-2418,-6374,-1569,-984,1228
57889,-3979,6441,7271,992,1805,1064
57890,-176,1018,-1690,730,-694,-739
57891,295,7516,699,1108,1100,754
57892,5583,-6847,-7950,1050,1011,1792
57893,-1930,-1437,-7929,-1649,1029,467
57894,7696,-2161,-4586,-569,-486,522
57895,6177,15,40,1108,-931,-1331
57896,-806,1151,4024,1125,449,1327
57897,-6670,-5270,4825,-1142,194,1990
57898,3720,-3838,-7643,125,-36,-1577
57899,3626,913,4708,1512,-1610,1567
57900,-1420,1857,-3622,244,-979,-712
57901,885,6684,-757,-38,1217,1798
57902,3219,-3247,7419,558,1874,893
57903,-7910,6175,2365,-617,691,-1037
57904,4187,6089,6943,1337,975,-411
57905,-5127,5763,1877,1567,669,22
57906,6695,-146,-3976,1605,-1041,566
57907,7824,-5328,1498,-1931,1987,1441
57908,3042,-3160,7950,-685,-389,1259
57909,1805,5376,4738,-982,-1851,-1626
57910,4110,-725,1530,1316,1978,1594
57911,1093,-5208,-4614,104,1378,-596
57912,-5447,-2431,1927,-1130,-981,356
57913,5290,-4054,-5935,-1927,-1765,-1843
57914,-511,-7082,5802,-1799,521,1565
57915,2987,-410,-629,1810,-1221,1042
57916,3181,4058,3932,952,-807,1571
57917,3039,600,2595,-326,1968,-1791
57918,-7070,-7194,6922,-1046,302,-200
57919,-2174,-6394,-2860,-1271,1461,884
57920,-4919,-6415,256,-378,1715,229
57921,6747,6559,-898,-1395,-464,-226
57922,-2178,7240,6316,-37,-1395,342
57923,1530,6720,5397,475,1371,-1909
57924,-3641,1289,-7131,429,1526,963
57925,-3658,-3745,3838,1016,-360,1674
57926,4731,1956,1421,-1583,1478,383
57927,-4249,-3089,-7282,-1106,1959,653
57928,6447,-5020,7360,557,812,716
57929,-7661,1352,-7385,1993,-957,-1870
57930,2338,7261,798,1677,1661,-1381
57931,7668,-1473,4427,1875,229,-1211
57932,1153,7744,7868,-352,-921,-1675
57933,-7634,4730,-7517,-1425,-637,1814
57934,623,-5221,-4761,1318,117,393
57935,-2105,-1841,-555,616,1759,-768
57936,-128,-5179,2791,136,1270,1492
57937,2376,2802,2013,-1665,1928,276
57938,-3834,2050,2,1846,-1115,1481
57939,-1711,-296,-1525,-51,-1471,-73
57940,1346,-5381,-4048,-1943,-1668,1058
57941,4094,3448,1878,-380,-295,1960
57942,-2805,-6340,-2505,-642,1544,633
57943,-6992,7974,7960,1133,1644,1502
57944,-1885,-5722,6066,1384,1262,694
57945,4388,1608,-1348,-1314,1679,760
57946,2222,2035,-4372,-1335,-1237,1631
57947,-2237,-5426,-5765,-1092,1916,-1887
57948,-954,-866,3181,-881,-1603,-1434
57949,70,7818,4095,869,-86,111
57950,784,-2759,-47,158,599,52
57951,3033,-7479,86,-1664,963,788
57952,-4077,-6205,2447,-605,1375,-1613
57953,-5560,-2127,3674,1001,-1117,-1413
57954,2436,2777,-1427,1187,1605,1088
57955,-4716,6609,-5284,-804,-631,-1430
57956,-7884,654,-2094,235,929,-1684
57957,5106,1673,5363,1563,-989,141
57958,-4371,-1024,-3989,-1987,1210,722
57959,6357,169,318,854,-879,1003
57960,2084,222,5986,907,1059,-548
57961,-7869,-7420,2030,-464,-898,-881
57962,3839,-6955,-1248,1042,-1706,-760
57963,-6935,5023,-5317,-832,329,496
57964,3491,7065,-3513,-1996,-1358,-341
57965,-3381,-230,1596,-583,-1694,-877
57966,3289,6060,-4819,-399,-866,275
57967,-7554,-5261,7836,808,562,886
57968,5508,3362,3980,1903,-861,-1946
57969,7141,-6239,-4840,1299,-1414,1072
57970,-5180,-7895,5975,228,-460,1123
57971,1760,-2051,-931,1483,722,-871
57972,-1119,-2838,-461,-1383,677,624
57973,1917,-7012,1621,531,-1228,653
57974,1710,5450,-2132,1666,59,970
57975,4176,6135,3328,-1084,548,-514
57976,5049,4791,1841,1104,142,-1977
57977,496,4244,-3736,448,754,-590
57978,-5023,-4286,-7912,-774,-1683,-906
57979,7532,-5578,-2789,1168,871,1393
57980,2530,-7800,2664,23,1006,1070
57981,-197,-7654,1139,365,24,-1868
57982,1450,-5498,2330,-466,610,1012
57983,-3618,2980,4435,717,-1867,-1846
57984,3987,-4308,-2944,1258,-449,-1153
57985,-2325,-377,951,1657,78,421
57986,-2451,-7524,-4378,1886,-194,1157
57987,7897,-3895,-5140,-1846,664,823
57988,4230,1772,2265,-139,-649,1706
57989,-6885,2149,-2788,1703,-754,1401
57990,-862,6629,2333,-88,-410,-1154
57991,-898,3485,1158,-105,-1666,-1105
57992,2624,6599,-1281,1518,-1988,1229
57993,2365,2366,5217,245,433,1889
57994,7553,-69,-3715,-1525,-316,-382
57995,417,5172,4166,-577,-348,475
57996,4887,6529,-1312,70,1652,-255
57997,7180,7750,7501,242,-939,1766
57998,-5268,4800,-6848,212,-2000,1244
57999,-5773,6241,-1488,871,-1854,-521
58000,-2951,7762,-2456,-810,-937,1976
58001,-7332,-3900,-5964,0,-1083,647
58002,-1369,6105,5477,-897,1811,-1422
58003,-4702,140,4072,128,-1178,-1958
58004,-7130,-2401,-7499,-497,-7,823
58005,-3121,3277,4190,-1301,963,-1326
58006,6496,1992,-3130,-1848,-1600,-1940
58007,3749,3232,4950,-640,-667,-1479
58008,2360,-5962,-3333,1621,1136,-1243
58009,-6066,4513,-3896,-53,-63,994
58010,-2555,6811,7977,-1224,1550,-1042
58011,4591,-5775,-4971,-328,-148,829
58012,292,4297,6887,-982,-1406,-1287
58013,-3179,-4402,2601,119,973,1439
58014,7161,-2819,5354,-882,-1685,-177
58015,-6153,-3803,2670,861,-810,-719
58016,-2325,-1268,-832,1421,202,-819
58017,1558,-5190,-4804,268,857,36
58018,3642,-4264,5263,731,-1864,-1725
58019,5895,-974,5703,1808,624,1409
58020,-7107,-7407,2027,-734,-830,-687
58021,-6686,-3520,-6066,-1450,555,-775
58022,-3607,3265,-4318,-1925,746,370
58023,-4603,186,716,-948,1371,1166
58024,4336,-3414,542,-623,495,1449
58025,2787,5364,1864,1087,1174,159
58026,3291,6978,-7547,355,1114,-147
58027,-1719,-2022,-1737,-1337,1403,-969
58028,-3902,3971,-3723,-1356,1074,619
58029,-5538,-6495,-3688,-244,-1748,-1815
58030,-80,-5273,2400,-1787,402,-215
58031,2888,192,-7789,1087,-1139,-1471
58032,-2266,-3727,5101,-7,-1363,788
58033,-4479,-5624,-1180,-1011,-1882,-1828
58034,4274,-363,-2303,797,-885,-1061
58035,-1357,-3616,7444,199,1486,-1121
58036,-7379,-1911,3347,-1021,193,480
58037,6471,-129,-1848,819,1134,947
58038,3611,1856,2275,1229,-715,1653
58039,-4596,6698,59,-1379,-1650,49
58040,-7016,-4079,-7431,1151,658,-805
58041,4480,-4677,2112,793,-1959,810
58042,-5514,4582,5515,-1706,280,-346
58043,6904,-510,6077,303,467,1852
58044,6042,5262,546,1000,-1067,-477
58045,1228,7994,6437,362,-1911,108
58046,45,147,4817,-1578,-1713,-1553
58047,4108,-7551,5067,-388,1071,675
58048,69,1853,5738,-552,702,994
58049,-1876,819,880,-1031,929,137
58050,-66,-5957,4993,-1932,366,-1442
58051,-847,3630,-5125,130,1132,-76
58052,-7529,-5465,6425,-262,1095,-785
58053,4264,-7048,7904,1195,-808,535
58054,-2877,-4630,1649,-1160,-1634,-1163
58055,-6695,-6264,934,718,970,-1878
58056,2902,-6692,1530,1980,314,-432
58057,7475,-3820,3940,337,-1607,969
58058,1418,5329,-3628,-1504,532,976
58059,-4224,5380,2269,1869,501,-1090
58060,7044,-2229,2801,-1882,1134,1938
58061,-1845,7799,7636,-1260,1605,858
58062,-3506,-526,-1739,954,842,1948
58063,-7424,-6343,-7208,696,1429,1571
58064,5565,2629,-2186,1070,1971,330
58065,2889,5810,-2525,-1111,-371,-1458
58066,2381,526,5095,1183,-386,541
58067,2441,4910,-4467,-734,-267,1190
58068,-267,7492,7189,-674,-1165,-1551
58069,3983,3701,4506,1119,315,-1681
58070,6166,2848,-6123,1661,1122,-422
58071,-1975,-3892,2092,-956,1238,1964
58072,-6256,666,-1434,-7,-1239,493
58073,-6865,953,-1533,1267,-1301,-1982
58074,2271,6659,2002,15,-276,293
58075,5987,-5025,4508,-801,-1922,299
58076,-7296,-5896,-6397,436,795,1920
58077,7689,-6990,1392,1601,-1811,-483
58078,3651,4904,410,-1178,809,-1620
58079,-2225,-4575,2904,-462,-1439,-120
58080,-4367,-1343,-7499,-853,1339,1454
58081,6292,-2758,4424,-20,1484,-1011
58082,-6151,-6577,606,1827,-272,-1644
58083,-1181,-1071,208,-412,1454,-622
58084,-3039,-7577,-3198,-1637,83,1730
58085,6904,-6067,1947,-143,-417,317
58086,1289,-3332,6009,-838,-1080,1078
58087,78,-5220,641,-59,-856,-207
58088,-4515,1678,2089,-1100,1150,145
58089,2221,-5697,-3065,-481,-1246,-1551
58090,3826,5036,2439,738,1070,-1845
58091,3423,-5883,-6288,69,-1472,1053
58092,5645,-1355,4557,-1676,575,742
58093,2457,5132,5468,654,1270,-1824
58094,-1325,5011,6372,-1471,-547,-553
58095,-4126,-6928,-2805,1857,-1040,-1896
58096,-6386,-3959,-4450,952,-399,-1181
58097,6689,-4051,-3908,1187,94,990
58098,-988,-2493,7860,1390,1031,-387
58099,-7163,-7212,-530,1885,1390,-774
58100,5000,-5074,4899,1557,-628,-1502
58101,-6825,-1473,131,1517,-1840,-48
58102,-1973,1637,-1681,-920,1515,-672
58103,4317,-7771,4547,576,666,-588
58104,-7705,-2,-3056,-1294,1032,812
58105,6825,37,-6772,-759,-704,-880
58106,-5942,547,-5803,-287,1615,-1655
58107,2945,-3622,7273,-729,-170,-1168
58108,-2303,-898,6844,818,-1618,-584
58109,-6583,-1205,-7981,-754,-540,1524
58110,-4656,1902,4789,1877,1980,580
58111,-2683,7459,-6244,-1042,-1047,-1508
58112,-6146,5387,-3687,-202,940,-491
58113,-2062,-7126,2834,-454,-108,-488
58114,1157,360,-168,-1621,-1100,1871
58115,3766,-5216,5159,-68,-1101,1556
58116,2683,-6077,-4701,-777,-1851,-1197
58117,3668,-7317,-4863,-1112,1320,-1630
58118,5803,4398,-2189,1253,-995,1081
58119,-4447,518,-3240,-118,-1061,1929
58120,-3095,-2331,-1537,-1514,-351,1313
58121,3095,-7785,3595,-935,1218,-1526
58122,-544,-3179,7218,166,907,-1518
58123,7950,-1616,-5265,1861,-1774,-307
58124,-26,1932,627,-1109,299,1158
58125,1155,7928,-459,-751,-1569,-381
58126,-2783,-1201,6357,-1331,1299,-3
58127,989,-3035,6875,1315,1161,-1175
58128,-4436,-2553,212,370,252,-207
58129,-2825,6920,3688,95,1340,-1733
58130,-3999,7160,-5818,1443,-871,-1974
58131,4463,2730,4802,-860,230,1459
58132,-5873,2125,6274,-1621,-1286,1305
58133,5837,6594,5014,1351,701,-1100
58134,4409,-6561,-2643,6,-1558,796
58135,7527,-1623,3787,-1381,-1944,664
58136,7700,5926,-3767,333,406,698
58137,2853,-4842,186,-1703,825,302
58138,3369,-227,2258,-100,209,-1604
58139,-2655,3246,996,-967,726,1436
58140,-3001,-5519,-4708,1464,1438,-450
58141,-6366,-4912,7725,174,-946,578
58142,-6529,6181,-5108,-1875,-100,153
58143,-6968,6661,7198,25,1046,-547
58144,-93,-4435,-1366,1817,-672,-1071
58145,-6983,2682,-6414,-673,-658,419
58146,-3108,1304,2751,911,-859,-1361
58147,2024,-1266,3681,1934,1134,1997
58148,-373,-3741,5948,-1516,-499,94
58149,-1597,-1993,4248,-1586,-1996,-1033
58150,-7851,-2072,-3215,695,1111,1222
58151,-4906,-1128,-3379,-332,964,-1043
58152,-6446,6429,7081,254,-297,-1844
58153,3244,6442,-6899,-1934,934,1371
58154,6057,1909,5375,-721,-927,1087
58155,-5262,-3547,3883,-985,-872,-1593
58156,297,6582,-1179,1953,-1481,1653
58157,1855,2052,1522,1935,1436,1859
58158,-2359,4717,-5108,-1826,934,-1791
58159,-7549,-2135,4340,1182,1994,-1819
58160,-2719,5785,7273,-244,-1322,66
58161,-251,6003,-2533,-1969,-1316,113
58162,-2943,-7224,7150,-723,16,201
58163,-4146,-1641,-6636,632,1528,361
58164,7733,-2101,451,-655,1537,246
58165,5735,-881,371,339,459,1749
58166,4824,-4103,-1552,387,454,-1800
58167,3759,7479,3153,651,1600,-293
58168,-6967,-4774,386,-1005,1303,-1581
58169,-274,3885,-5882,-1229,888,-627
58170,-4868,-115,-7539,-53,-1473,1083
58171,5063,-2046,-7863,-551,1866,1759
58172,-946,-3912,-2200,1418,-310,1524
58173,3791,5551,3002,-275,-1247,-1945
58174,-87,2723,496,616,814,493
58175,4296,7480,-3862,1319,-1989,301
58176,-3101,5035,575,1561,292,-525
58177,2688,824,-5614,-882,1792,-237
58178,3367,4754,-514,1860,907,-1141
58179,77,-2876,1077,686,559,91
58180,3211,1427,4499,920,-618,-1762
58181,-6277,5933,6994,-103,1559,-1473
58182,6228,5776,4930,150,1392,-916
58183,2745,-957,-4611,-1806,47,1596
58184,4254,-6449,5441,-1150,1837,778
58185,-328,838,-7448,1005,1755,-272
58186,-1151,7245,5530,-445,1893,-1625
58187,-1077,-4950,5751,-1033,1187,1481
58188,-2158,-3197,3348,529,104,-1744
58189,2666,-2414,7787,-948,-1197,-378
58190,-3802,3586,5174,-1266,1065,-1118
58191,-3065,-3178,-4929,169,-1816,-983
58192,-7546,3960,-2682,-870,-1782,-17
58193,6927,5170,-5251,-393,601,-1342
58194,-536,-1869,1271,136,-528,-928
58195,-5608,-2821,-7759,-1133,-1789,239
58196,-1842,-1781,5228,632,-1646,-937
58197,1776,1361,-1424,-1515,415,1245
58198,-3688,1163,-2718,-498,1837,23
58199,-1326,1989,2392,-515,384,1444
58200,2536,-5834,4467,1701,-481,136
58201,5029,-2304,7649,557,984,-423
58202,4880,-1596,-7883,-119,260,-229
58203,-7521,7584,-7006,-882,-1232,-1670
58204,2412,3747,6302,863,-1577,1013
58205,-1161,804,-3533,1953,-609,1670
58206,3510,342,632,-1603,-1009,48
58207,-6870,-566,-1719,1473,701,1126
58208,7034,2086,-4474,1720,-585,-915
58209,7717,4938,7646,-208,-884,1550
58210,3911,364,-5944,811,-836,1785
58211,-4997,-2234,-7127,-282,-1758,1721
58212,6231,5180,85,1035,37,52
58213,-4768,1467,-6031,-845,-1034,-780
58214,6774,-3024,7764,1181,1119,-144
58215,-5931,-2379,-2269,-229,-913,303
58216,5429,-2537,-6897,-1891,1244,-711
58217,3775,-130,1857,1924,-132,1577
58218,7968,499,-1195,-1542,-1908,-410
58219,-1343,7033,-2818,1701,-1725,-1134
58220,-3661,7750,2348,-394,-1845,-1908
58221,2060,-3287,-28,96,664,-266
58222,348,-3620,-7934,1945,1020,-1690
58223,-5427,-466,-7480,-1738,1045,-76
58224,3879,-1078,-4332,-412,-464,182
58225,-5284,3773,2955,-1891,-1787,146
58226,-942,1467,608,930,573,711
58227,1426,4104,-3868,598,-138,846
58228,-1686,6199,-5485,-1783,601,1440
58229,6472,-4448,5404,-660,390,-327
58230,-2875,-4392,4158,-1762,-1554,1276
58231,-2460,-5101,-6839,-269,-665,-342
58232,-4320,-4193,-2376,-814,1617,-41
58233,225,1073,-2207,1299,1977,-1029
58234,-7713,-3727,-7172,-1253,733,1040
58235,-3377,963,-1380,158,-383,394
58236,-6823,4249,-3105,27,-1553,788
58237,4651,7167,5779,656,-996,-686
58238,387,447,5967,-1767,-1851,1684
58239,3526,3661,4737,1120,981,-698
58240,-3153,3195,5401,383,190,-1459
58241,1382,3757,5803,1264,723,1257
58242,-5845,-5665,-1131,-1549,536,-1969
58243,-7961,-6910,550,-1724,-1258,354
58244,-3867,4736,3369,255,-1156,1152
58245,-775,-7675,-4434,191,1690,-224
58246,4376,6367,4373,1050,1177,-766
58247,-4339,6733,6800,1278,454,1865
58248,-7559,-2255,1556,161,-56,-741
58249,-3951,5205,-5988,1894,-259,1571
58250,-1267,3052,877,34,1900,-1
58251,2329,3633,7591,255,-664,1621
58252,5450,-392,4918,-479,552,-845
58253,1905,6734,-435,1933,403,31
58254,2444,6797,-4636,-1542,1856,-1562
58255,-3764,-7903,4660,-1781,752,-40
58256,1011,-5255,6042,-475,1017,-1011
58257,-7315,-7105,4051,1888,434,1809
58258,3549,-4609,4456,746,-437,-1517
58259,-3725,5597,-5054,113,1813,689
58260,6782,6068,-5797,313,-1656,-903
58261,3939,1776,716,-1826,1173,-1938
58262,5496,7167,1642,-241,-208,-237
58263,-1749,-2437,3397,569,1725,-1960
58264,7987,7783,7817,1243,1048,557
58265,-5603,7399,-5040,1400,1618,-725
58266,492,1825,-559,-29,-90,-671
58267,-3987,5534,-3402,698,1096,1611
58268,2225,4560,-3642,-405,-802,317
58269,2211,2157,-2269,780,1410,1194
58270,7121,4683,7436,143,1758,-1619
58271,-7769,-861,-7786,1992,-1009,-1846
58272,-2368,-6963,7615,-776,798,1113
58273,2628,4364,5533,1244,1189,890
58274,578,-6708,5073,-882,-1185,1250
58275,2916,-5609,-5459,564,1512,158
58276,7861,4767,-3698,1616,1436,-1816
58277,6406,1636,-6490,1035,-1432,1481
58278,-7071,-2184,1969,-1929,-1055,1235
58279,-3364,-5958,-715,1412,-1868,521
58280,-6800,-7677,-3172,1351,-1569,176
58281,-2099,-2638,-1466,795,1713,-393
58282,799,1613,3273,-709,-1996,1315
58283,-4380,616,3430,-1184,-1144,-699
58284,5401,53,7902,1226,-1097,1717
58285,977,1467,-3026,-1105,175,402
58286,5299,2089,3720,321,833,668
58287,-6923,-7624,3994,854,723,-628
58288,5010,-5898,6652,-1750,-26,1800
58289,2910,2365,6568,-1321,1121,1151
58290,4608,-7465,-1735,1109,-1379,1088
58291,-2717,4885,4420,-971,-1706,1535
58292,-3238,5508,-4027,748,-1284,-1704
58293,-801,863,5222,1294,122,-1333
58294,869,6065,7294,-1405,-1683,17
58295,-2499,-1453,-5592,1646,625,-1079
58296,-4957,1287,5262,-938,-1893,-641
58297,7623,1785,-125,1747,-1330,126
58298,211,1224,-3666,1558,774,802
58299,47,7649,3185,-524,-1119,131
58300,637,-7993,307,950,866,388
58301,-6405,6707,-7455,-288,293,-1113
58302,7223,6726,3800,-1271,859,-828
58303,7455,-7081,-6741,354,-314,399
58304,-5703,1510,-7520,95,-628,1750
58305,-11,-4474,-7502,-1192,-610,727
58306,2110,4925,-4311,-196,931,1913
58307,-1774,3040,4191,-647,1779,-1640
58308,5774,3996,-6831,-1917,1132,1395
58309,-6594,-5757,2847,1078,1133,846
58310,-7462,-69,4637,-1624,654,1656
58311,-25,-2131,288,-1466,698,-975
58312,-272,6102,5471,-817,-1317,-1027
58313,-3083,2503,-4872,-1274,911,-983
58314,-1024,-1429,2419,330,-571,744
58315,2417,4389,4243,1588,-1993,-1589
58316,5967,-7221,4503,1877,-1596,284
58317,-5874,-3613,7430,-173,-1153,1833
58318,3470,125,7354,-28,-874,1757
58319,5987,605,6076,1901,-1117,-1806
58320,-6633,-766,5276,1094,600,276
58321,-2529,-7123,-7811,512,-572,344
58322,-117,-3885,-7282,1587,1304,375
58323,4763,-658,4773,1261,-1894,-974
58324,-1615,-4711,-6375,-76,-366,-549
58325,-6082,6840,-3313,-373,150,340
58326,-423,7236,7086,13,16,-950
58327,5755,-5706,3371,-686,1215,-1885
58328,-5138,5029,3126,1475,-319,-1515
58329,6918,4576,5031,-1514,-1697,-240
58330,2143,-7886,-6121,169,1036,1283
58331,50,1434,2499,291,761,-1155
58332,1275,567,157,967,-1123,747
58333,5803,-341,-307,-1097,-1001,-1877
58334,-4657,-3054,-5564,-1255,1084,738
58335,-692,5621,5501,1540,1399,-484
58336,-2980,4439,-2855,733,1288,240
58337,7661,6437,-5937,-691,748,-129
58338,168,1788,-5695,-1463,1541,306
58339,-5246,3397,-4255,1364,523,1942
58340,1300,-5872,-3265,997,1766,-1911
58341,-4672,-3405,-6447,1659,1425,-134
58342,2637,3152,3944,-1791,-346,506
58343,-5291,87,3771,42,-1227,-1976
58344,-547,-1854,-6452,1982,478,-770
58345,-7891,-369,-4137,596,808,843
58346,-2370,2983,6942,287,1142,-626
58347,-3810,3294,1721,1946,-30,1632
58348,-5110,2282,2003,-1045,-727,-1650
58349,3624,-839,3230,-246,1614,287
58350,5688,-172,-6924,448,-1246,1669
58351,-5846,-1130,-7839,359,-178,-671
58352,-3418,616,-4163,1824,1868,-1692
58353,-661,5355,5761,933,398,-972
58354,1046,-456,3654,815,621,-1925
58355,-6339,-1453,4625,1495,-377,-474
58356,-2505,-5561,-5040,1214,-1269,331
58357,5810,-6599,-5938,-272,1574,-1470
58358,-5919,5803,-7761,-1459,-1525,-844
58359,6347,-307,4122,527,1903,241
58360,120,-7127,4603,1818,-615,-1478
58361,-1565,-5329,6975,1507,1990,666
58362,-5600,-6609,1351,-1972,130,716
58363,-5852,5541,-1798,-221,-114,-520
58364,1414,-7532,6949,1270,-1370,1632
58365,6141,-7157,3679,1115,-493,-1634
58366,-2222,7508,3380,-1097,1061,-529
58367,-474,6490,-230,-412,671,-951
58368,4570,6401,-2068,-778,1288,-142
58369,-3067,-4358,1927,1153,1545,-458
58370,-2244,-5491,-2955,1600,868,1635
58371,-6777,-2912,5146,-764,-115,-169
58372,-297,-1864,1468,-1852,1059,-1461
58373,-6025,2446,6439,-447,-1826,1709
58374,-2702,-4215,-1639,-1468,262,-899
58375,7621,4451,4077,21,173,1540
58376,3573,-2520,111,-1537,1346,1424
58377,-269,4610,-5669,1959,-1810,1113
58378,-626,-3167,-1207,815,41,-931
58379,710,1437,-7065,681,-403,772
58380,-256,-5005,-5948,1184,-1959,-891
58381,2593,-2407,7541,1920,-15,-687
58382,557,6728,6008,-1464,1473,-852
58383,-3808,768,-4186,-282,1665,-1388
58384,3336,6383,-4572,1865,-466,245
58385,1613,-5255,5837,-476,212,1083
58386,2768,6681,2515,399,-292,721
58387,-3744,-5932,-2200,1450,-1801,1456
58388,5965,6106,4802,-919,64,-836
58389,1947,757,3483,-1734,-1306,-46
58390,1562,-4160,-2208,-602,700,-304
58391,-7384,4957,-4738,-73,1904,517
58392,-561,6132,-4702,1031,-1073,-631
58393,-283,-5448,-3360,-1151,-144,930
58394,5576,-2971,4322,-517,1281,1080
58395,-5896,-6454,-3580,554,-841,-1788
58396,-7765,-6022,-3164,1222,1009,1777
58397,-1872,-4349,-6835,829,-1083,-505
58398,6535,6267,-3140,-969,-192,-236
58399,4795,-4788,4994,1009,-535,1682
58400,-4411,-6101,1387,-1210,-1604,-1566
58401,-7131,-22,5953,1766,-1706,-1398
58402,3196,6483,-7298,1978,-980,1860
58403,-4175,-6465,1423,-318,311,-1157
58404,-3705,-1792,-1996,-1442,193,-1915
58405,-6813,-2541,-4446,865,-711,1431
58406,1447,7269,1138,635,-190,-47
58407,-647,3722,781,-764,-1663,-776
58408,-6564,6840,-521,-1326,-1573,-1476
58409,2548,-4035,-6100,-1739,145,1823
58410,2054,-1946,3620,-87,14,1628
58411,379,7135,166,-463,993,1544
58412,-5877,6107,-4138,-1441,-1781,-4
58413,5575,-533,3741,-1845,-1159,-1818
58414,-1049,-786,-1873,750,1945,929
58415,-6837,1487,-1876,1719,1856,70
58416,2658,457,1492,151,-724,190
58417,-3166,-6136,4316,473,-73,-704
58418,-583,7151,4476,913,-66,1358
58419,-1929,-2585,-6503,1810,384,-992
58420,-4702,-3970,3538,769,847,1202
58421,443,2414,3380,1754,-1124,1985
58422,7287,7873,2607,-661,969,155
58423,5770,62,-4366,-122,1861,823
58424,-5618,1590,6920,-318,-229,1007
58425,-1705,-6253,-6270,1157,-1004,-1878
58426,-1757,-1301,938,-72,1124,-355
58427,4239,-6306,1550,937,367,-1031
58428,3710,-1374,1279,257,977,1589
58429,-5632,4937,334,-13,1496,-468
58430,2402,-595,389,493,747,362
58431,6608,5918,-2578,1052,1169,868
58432,2514,-5370,-1393,1253,485,-249
58433,2675,5895,-7435,1126,-37,-429
58434,-6644,-6639,-5485,802,-573,1001
58435,-6813,2488,225,1468,1671,1144
58436,-7342,6290,5014,70,674,905
58437,5505,-4593,-3717,-1869,-1985,1352
58438,-7996,-6580,316,-153,-1076,1514
58439,-4742,-7774,-2193,-1026,574,-574
58440,-2859,6108,-1968,366,854,415
58441,128,2010,-2011,663,416,-1642
58442,-1540,-1044,6371,1312,1225,876
58443,1699,4922,-7022,-1028,1441,-111
58444,7466,-7690,690,-1472,752,-204
58445,396,-5897,304,1204,-1647,432
58446,5516,2668,5034,-1779,874,422
58447,3094,-2361,2343,-1299,-1761,1234
58448,-1099,-845,1275,-185,-8,549
58449,-5852,-3327,-1451,454,-196,-307
58450,3490,978,4200,-1927,-1428,-817
58451,6955,6537,1839,-1523,-850,-607
58452,-7651,-6563,2470,931,138,-1791
58453,-204,1966,1460,-688,1501,-1209
58454,-5707,-7878,987,-1559,804,1869
58455,-5113,-1886,4392,850,-1662,-330
58456,4846,-1227,-5552,1019,1775,-1097
58457,-7740,-106,-206,427,-1768,408
58458,-1470,6262,-133,-634,-1813,-1181
58459,-5047,-4011,196,-502,-360,885
58460,-3864,-3026,3680,-593,1189,-1972
58461,2141,5791,7569,-172,-1645,-1192
58462,-7361,-4078,7271,-1225,91,146
58463,4158,-3456,-4846,-727,-16,-454
58464,-6842,-1426,-7833,26,747,-975
58465,-4610,1403,-3926,-819,-1044,-1218
58466,-6742,4761,769,-1906,-365,-373
58467,-5546,-5528,812,832,1724,-934
58468,6821,4503,-1567,407,1287,103
58469,1471,3078,-6231,1530,-163,-379
58470,3332,7162,-6995,-1498,-835,-32
58471,5471,2464,3045,-1507,-898,-1278
58472,6150,-7794,-4516,-884,-965,149
58473,-3625,-7075,2460,603,-725,1723
58474,3462,-972,-4504,1313,-34,1941
58475,-342,-341,2152,958,-295,1752
58476,-44,3576,-2027,101,-1118,717
58477,7981,1559,830,-217,-1868,-581
58478,4168,3260,3355,-1639,-1255,1192
58479,2684,-224,-1385,-1971,213,-1737
58480,5538,7570,4238,1136,-33,-1105
58481,880,7068,6627,998,-634,768
58482,-1354,-7494,-7492,-1247,1341,-301
58483,-5747,-4651,3998,-433,-109,555
58484,-4758,-1007,5467,-1730,-773,1883
58485,-149,4180,6713,-683,746,38
58486,-657,-913,-5835,1151,-786,1714
58487,929,-2053,2448,512,449,164
58488,7233,6317,1345,537,-1509,359
58489,-1819,3284,-600,1322,1622,-214
58490,6786,4103,-3496,399,-981,-230
58491,-5796,1714,-7813,-512,1172,-573
58492,5880,-7876,7834,1197,-1514,-1129
58493,-5964,-6598,-790,978,-790,-1714
58494,-1989,-3148,-6995,-154,-1300,1955
58495,4984,7845,1611,1451,915,-353
58496,-6680,4249,-5392,1599,-1314,1182
58497,1048,7236,340,202,-1939,-100
58498,-6425,-3673,-5779,265,963,1739
58499,-4887,-4443,2673,-142,-491,1576
58500,2145,-3227,1272,424,1952,1372
58501,-2693,-4997,4780,125,-86,517
58502,-1951,-5329,-4717,-1222,1064,1109
58503,1425,-2749,4979,-1749,327,-1793
58504,-4258,1470,268,-1497,-1782,-754
58505,5237,-5880,-6668,1942,-1980,616
58506,3519,1788,2034,405,135,-698
58507,-519,698,-519,-531,654,-168
58508,251,-7410,974,989,-1472,1261
58509,6234,-1209,-7414,-695,1199,130
58510,-433,1859,-7763,1835,1888,237
58511,-3076,-1107,7957,1710,-228,765
58512,6864,-4305,6316,674,887,-1807
58513,7166,6621,-7310,1304,-1562,-1639
58514,-3855,-6728,7484,-1100,111,-777
58515,-5568,3524,-3423,-151,-1548,1875
58516,-6006,7267,3815,283,1277,478
58517,-2754,-6946,7063,859,661,157
58518,-584,-4682,-6413,1752,-1131,-1963
58519,5645,-2292,-370,585,1347,-202
58520,3803,-3244,1476,-1448,1602,434
58521,5684,6067,148,-829,1526,-53
58522,-3987,-4232,-1947,1141,-1484,296
58523,7175,-3746,7031,96,1839,-6
58524,7173,6130,-3705,-1812,662,-629
58525,5457,6546,6638,406,957,733
58526,-1724,5380,-5842,835,49,-308
58527,-3809,-2488,-2160,-1231,1331,980
58528,3558,-7514,-7789,481,-1958,1881
58529,6960,-4130,4235,-972,-1892,254
58530,3500,5972,14,-1556,1291,1001
58531,-3408,7319,7859,559,3,729
58532,3576,-2709,1309,490,1926,7
58533,-5065,-7058,-2536,57,1801,1578
58534,7645,3098,-1667,376,-1959,1928
58535,33,3049,309,-373,-981,1758
58536,-3295,-6950,-1116,-1195,-436,-1058
58537,4152,-1485,-3841,1142,-1345,1908
58538,-805,3701,-7058,-79,1992,797
58539,-3739,2613,3392,1987,1317,-359
58540,1688,-6418,5232,941,680,-1297
58541,-5550,1293,-7788,1085,-302,1543
58542,-835,-4330,-4802,712,-612,-15
58543,1675,4025,-5682,-1973,-820,-1906
58544,6049,893,-2861,-838,-248,992
58545,-1788,-2166,-2593,-974,790,-1821
58546,2638,5478,5866,-1757,281,926
58547,7890,4954,-2459,1012,-1591,1595
58548,-5295,817,-3143,884,-502,-1570
58549,-2315,7272,-4549,1601,1160,25
58550,-7568,-6268,1660,-1022,-1059,119
58551,-6324,882,-6911,-1482,-42,-264
58552,-3763,-2094,-2132,536,1006,1374
58553,-4593,-7015,-1726,1660,907,-978
58554,7054,5430,459,251,-819,269
58555,2263,6621,4588,-1887,371,109
58556,-6708,357,-1126,1404,36,184
58557,-3278,-7277,3043,1544,-1663,298
58558,5367,-6846,-341,1264,146,1139
58559,-236,1786,-64,-1510,1488,1684
58560,-7116,-1849,2859,-489,985,-1535
58561,5781,-4428,-6720,-549,-1249,-1138
58562,-6408,170,5472,349,313,1658
58563,1674,1885,-3333,-411,-1416,-1309
58564,597,1744,-5267,226,1649,-1120
58565,5834,-5028,532,-1535,-211,1253
58566,2142,-1306,2022,-1774,-1820,-1831
58567,-440,7082,-4948,-560,-1864,-1302
58568,1752,-3668,4285,-1243,781,-1652
58569,-3336,-1327,-7029,1928,1553,1942
58570,-6829,-2555,-6665,504,-819,1213
58571,-7411,4280,-1364,-358,821,-680
58572,1221,-7803,2573,742,-1860,1688
58573,-395,-6010,3662,712,691,-771
58574,-1758,49,-1465,464,1844,-519
58575,-2746,3725,-4077,1327,-1566,-1206
58576,-5337,5444,5353,1013,1154,1305
58577,-1734,-1952,-2105,-1666,1725,-687
58578,5042,-6372,-3779,-1231,-885,-1027
58579,-3980,-6759,-3960,-216,510,133
58580,-5438,529,4599,1427,-322,1979
58581,559,2716,5047,411,-1602,-488
58582,-2870,-1257,-2559,355,-939,1692
58583,3808,5613,4736,764,857,1819
58584,1519,-1915,7765,-1264,709,910
58585,844,-479,6175,1854,-1171,-148
58586,-2661,-5253,-3643,1363,-449,1581
58587,-2379,1315,5460,-1305,1680,-1539
58588,-1965,-4151,5746,828,428,1651
58589,-3750,-3887,5369,-949,1234,-849
58590,7413,-550,6531,254,736,-493
58591,-2252,5868,-3265,-145,1883,-1826
58592,-6575,5059,3503,-1430,-713,-933
58593,-3113,6487,-4039,-1869,1572,-745
58594,5357,-3091,-1176,-83,-30,-1459
58595,-1804,4356,-6052,-241,-1745,287
58596,864,802,-7219,1493,1632,-1423
58597,-7840,4955,6693,-619,1053,-1674
58598,6451,2362,6271,-1192,-755,319
58599,-4248,-7486,-2219,407,-640,722
58600,5067,2742,-5949,-1586,-1177,657
58601,-701,-7894,-3871,1670,-1832,1303
58602,161,-7091,442,-1295,-752,727
58603,-559,-427,-4359,1692,-1314,638
58604,-6875,6482,5114,-263,1574,-434
58605,5104,3685,5955,1347,176,1139
58606,5294,6641,4777,1051,-884,-1040
58607,-2285,42,7662,1818,-577,1475
58608,-291,3525,2337,555,1482,-1369
58609,110,1552,-1306,671,490,-982
58610,-6092,-3825,-6169,-243,497,1258
58611,-342,-4108,4814,-1389,-1266,1692
58612,4617,4547,-3764,1223,-1706,783
58613,6872,-402,-5197,1239,-1731,-1999
58614,4875,1110,-4579,1372,328,-907
58615,6570,-5447,-4099,-1656,-567,-991
58616,-4415,-5977,-5947,-1397,-1750,658
58617,-535,7845,-6753,-1914,-564,-944
58618,3559,4865,4128,-1804,1431,-1864
58619,5517,-6400,-1127,-34,1924,1508
58620,-2912,3109,3867,864,1401,938
58621,-1857,-4668,-4578,238,-764,-213
58622,-1118,2683,6669,-1295,-1804,115
58623,-780,-6574,2800,-786,1401,-1305
58624,7715,-5903,-4933,-1889,74,-1221
58625,5200,7196,3411,1541,630,1381
58626,1428,-1918,-113,434,670,1642
58627,1934,7654,-609,-362,371,1228
58628,-1335,4712,6119,-1070,426,924
58629,-4136,-2055,483,-940,1026,568
58630,1274,7905,4333,-124,157,-1612
58631,6681,1446,5861,-1766,91,-850
58632,2900,3822,-7453,1119,1034,-1827
58633,-2582,-5872,7122,-1660,-1830,1358
58634,-2712,-807,-1998,-1148,622,-1175
58635,-1573,-1531,1969,-726,-703,565
58636,1716,-7301,5785,481,-1782,1773
58637,-7642,4942,1324,-1077,-1778,607
58638,-110,2610,7269,-1105,1932,-847
58639,-1869,-3405,5084,1422,380,1329
58640,-5718,-2286,-4809,1316,-150,-1029
58641,-2019,-2720,3200,1120,-401,-1123
58642,-5143,-6721,5015,526,-1401,961
58643,158,6180,-7641,-1483,1049,1849
58644,7867,-7211,-6466,1948,335,-1345
58645,7153,-3365,5513,734,905,-1763
58646,-2820,1733,7663,1370,214,27
58647,-638,-7649,7043,1143,-647,-1017
58648,-2171,552,-7726,-1971,-1891,715
58649,-7938,5465,2961,846,-151,994
58650,4741,7878,2607,-953,1704,1840
58651,-5399,-5059,-6546,-1581,1398,843
58652,-5424,-3868,4775,460,-847,-555
58653,-7666,4038,5651,25,867,1738
58654,12,7391,-7640,1593,1119,-201
58655,2445,-6860,-2090,-727,-139,-553
58656,396,-1378,-5436,-470,-1912,-1646
58657,-2584,1785,-5568,349,-113,711
58658,-5003,-6124,3036,-1814,1533,-171
58659,6156,7139,6061,1152,-1167,1381
58660,-723,7852,-1978,-1995,293,-491
58661,94,-6062,3000,-461,1032,-1727
58662,-6573,-7562,-7811,-1009,-1079,108
58663,6521,-7558,5368,1713,-1631,-145
58664,-1064,997,5953,-1763,639,-408
58665,2947,6731,3409,-283,-699,889
58666,-296,-7865,2329,1757,-1340,1162
58667,406,-5188,-6219,-1681,-399,312
58668,7583,-3815,-2265,1276,852,-1281
58669,-7619,-4920,-437,-950,1100,-1657
58670,-3631,-7354,696,408,-1710,-1936
58671,3474,1816,861,-666,-673,1024
58672,671,2161,-7640,470,1116,801
58673,7575,-6084,3063,-1031,-605,1875
58674,2077,44,-705,483,3,969
58675,2370,181,-2435,178,1390,1845
58676,2455,5805,-1457,-1321,656,-337
58677,7584,-3091,-1989,-1953,1915,-387
58678,2187,-7480,5900,-418,-1592,-905
58679,7842,-2081,2205,-533,-1701,-1095
58680,-4122,-3929,5955,1153,-488,1328
58681,-3737,7416,6570,609,1941,696
58682,5656,-5799,5038,1087,261,1729
58683,-1225,-1789,-1762,-99,-375,-56
58684,1890,3569,6065,463,-270,-1775
58685,6162,-875,-6501,-1408,-1078,-117
58686,-5026,-3575,1126,-1345,784,-1230
58687,6477,-6933,2491,1971,399,527
58688,-521,-3158,-1000,1760,168,-27
58689,-527,-7026,-7032,13,-1496,1506
58690,2556,-4304,6334,889,213,-1642
58691,2659,2802,5349,-1682,-1449,487
58692,97,-5111,6464,1690,-1165,-1985
58693,5998,7023,-2092,785,473,-1891
58694,7211,7395,-1535,-1257,1330,-560
58695,-7315,-7048,-5555,903,1326,398
58696,-845,-1852,2926,1243,-1543,273
58697,-1676,3526,-4215,1169,997,-1039
58698,-2126,-1446,7028,84,1780,439
58699,-1987,-4170,7792,-627,-320,1872
58700,-6370,-4790,-4211,-554,185,479
58701,-4787,608,6694,1393,-1388,-813
58702,1499,952,-4472,-253,-251,814
58703,-1175,261,712,-1551,-1517,744
58704,1201,-5162,-6293,-1159,486,-1350
58705,2701,-1098,-4144,363,-1889,1528
58706,3280,2636,-7294,1202,354,626
58707,-653,4017,6596,-1043,-849,1009
58708,3561,-2102,4606,1580,-1682,1289
58709,-5341,4636,4532,677,-1681,1147
58710,-5612,4539,-2685,583,1979,-1851
58711,4460,6227,-3373,243,1211,1773
58712,-4775,-4383,5721,685,-1731,426
58713,2370,-932,-4725,813,-434,-60
58714,4240,3419,1497,-270,1954,117
58715,-2019,-4355,4253,625,-1244,477
58716,-5200,234,3012,-622,1769,1807
58717,7573,-4902,7386,1369,-134,-716
58718,5661,6762,-1208,1017,-1268,-1723
58719,643,-5095,503,-1824,-1088,1565
58720,5231,5224,6969,-547,1595,-1547
58721,3149,451,7513,-1232,-1795,904
58722,6404,-7689,-5482,-1023,-1445,995
58723,-7691,-6895,5165,-1765,-1075,-1617
58724,-6406,1696,-5952,972,-1176,149
58725,6075,5917,5972,1680,608,-1228
58726,4401,2607,3918,989,602,743
58727,-5017,2800,2366,-1656,697,850
58728,134,1527,-1098,-1575,-1087,-1377
58729,7984,4873,-7947,1546,40,1072
58730,7049,-4080,6715,-1953,1353,-410
58731,-2286,860,-5526,-18,498,474
58732,-2140,-3828,1907,-1162,220,-5
58733,2356,-7131,867,995,-1013,1318
58734,1623,-2101,2162,1404,-792,976
58735,1612,-6360,-1292,-1825,-1303,739
58736,-6345,-5879,-7050,-1364,-1517,-1708
58737,401,-6238,-2884,1238,-789,1330
58738,-7325,-6067,-7022,-1238,-1490,-454
58739,4666,5341,3388,788,631,-1134
58740,-5240,3291,4011,882,-665,-1273
58741,-7127,7018,5848,-810,-640,1947
58742,-553,2828,2922,-353,752,-1754
58743,345,3739,-3602,-287,1889,1321
58744,211,1593,-793,-853,1863,408
58745,5417,-2715,-4353,-1,1091,-357
58746,-3422,1920,-2802,1629,-92,1859
58747,1322,-7145,6939,-1309,-118,1182
58748,-2479,1726,-4139,-1075,1362,751
58749,-2886,-6258,6551,-959,-1056,1
58750,-3335,2551,-7966,-251,1784,970
58751,2323,-6816,302,601,-1733,-132
58752,-6174,5612,7829,1140,1911,693
58753,6392,3646,-1957,556,-1807,-115
58754,1943,-885,-6141,1126,-1635,2
58755,-2528,6787,-815,1618,-663,1990
58756,780,7419,4031,-1519,732,303
58757,-5884,5587,-2765,138,1096,1279
58758,7981,-3765,1720,1300,-1655,946
58759,-4662,5610,2479,573,-1264,466
58760,3439,2527,6985,-635,338,-413
58761,-3423,-1999,-3673,-1265,151,-1187
58762,2874,-4081,-1155,-231,540,-919
58763,-6194,1899,-6305,-1747,-1448,1054
58764,-1049,-5025,-2854,1018,289,-1214
58765,3583,-6196,-7809,-1927,-919,-1819
58766,-556,-7358,-4931,1659,-145,-997
58767,5994,-2111,-2455,981,193,-343
58768,-5408,-2222,-7394,-849,1110,-1366
58769,7411,-7606,4123,137,127,-1604
58770,6338,2325,-3230,-64,-1433,-721
58771,7413,3776,-5408,-1582,807,-1781
58772,7305,4408,6747,-501,26,1512
58773,4184,839,-2821,1575,-1251,1383
58774,-6266,-4943,-6126,-811,-914,94
58775,-4905,-2482,-6597,703,1833,-1661
58776,-132,-2084,-3371,1312,1756,-1665
58777,-355,6534,-5670,-333,1753,374
58778,-7141,-1822,4919,244,1029,83
58779,-2685,-4879,-2180,625,723,-1812
58780,543,7729,4433,747,261,-812
58781,5503,-1791,779,-1539,-1546,386
58782,7791,-2155,6369,933,931,1642
58783,7598,-6657,-1227,-41,-1717,1917
58784,5792,-2206,6905,-414,-1259,1400
58785,1626,2984,3902,127,366,755
58786,-4643,3486,-954,-689,1722,1150
58787,1331,-6609,6871,1699,-710,1194
58788,7828,-7800,-7746,-626,-211,1637
58789,1356,-133,-6408,1247,358,1006
58790,-7448,7825,-4797,1945,1333,780
58791,3563,-2768,-4866,-1807,-1221,-416
58792,3271,-768,-6114,-737,-1438,290
58793,-7192,-5764,2853,-111,484,349
58794,-4047,-3714,7744,-1612,-762,1965
58795,4560,3443,-4471,685,-1614,743
58796,44,2683,1097,219,146,1650
58797,2626,-4275,-3518,447,1593,1402
58798,-4670,4356,-1833,-125,-1421,60
58799,-4199,-5374,403,-195,1625,856
58800,6260,2322,5027,-1295,-223,-972
58801,-434,4928,-5243,-1631,1042,1919
58802,-6157,-7453,5681,1733,-728,-1960
58803,-2679,3958,-4471,1400,-1037,-119
58804,-4323,3933,-3491,-1876,1059,1804
58805,-187,7367,-1362,-1081,-471,-828
58806,-3015,-7696,-595,-1861,1815,-1648
58807,-250,-7511,4695,-1590,436,-1692
58808,5230,3528,5932,-206,1767,74
58809,754,4992,-2466,161,-83,853
58810,5264,-5711,-7705,797,1073,952
58811,-2688,2899,6478,-1538,-727,-1649
58812,5962,2317,940,-438,1708,-995
58813,-2952,-6445,7371,1209,-254,1131
58814,4326,-7094,-1547,1777,427,-529
58815,6189,2486,3174,638,1004,-264
58816,2243,4881,5941,732,-53,1489
58817,355,-2724,2226,-902,639,-1984
58818,7047,-4701,-5798,-84,1579,-1106
58819,-4342,4152,712,1658,-1194,-859
58820,3957,2154,5430,961,-802,-658
58821,2700,-5171,-286,-1729,30,-355
58822,2967,-275,-6051,1372,-990,-258
58823,-5949,-4427,3985,-1861,885,1176
58824,4164,-1232,-4295,1535,1755,-977
58825,-5103,4602,4860,-1427,-1117,901
58826,6973,-2602,-2239,1843,-241,-312
58827,-6039,4411,-3840,-1304,686,-133
58828,3049,-76,-7800,621,-1979,1919
58829,-1412,-2773,1450,-900,-30,-1669
58830,6164,-4916,-3470,1760,131,-240
58831,1125,-3827,-6151,726,-600,757
58832,-1698,-4472,-3130,616,-272,-1452
58833,-278,1755,-6185,575,-1270,1613
58834,-4129,6780,4972,799,1992,333
58835,2557,6230,7509,-1794,-469,1768
58836,-1041,4977,3291,1032,-966,-1039
58837,-2984,-3642,2924,437,524,-1211
58838,-37,-3687,1254,-737,616,1150
58839,-2420,-3697,6922,-290,-465,-530
58840,-615,2234,-1592,1633,286,682
58841,6078,-2300,-585,1309,-199,940
58842,-5461,3217,307,-501,-1852,-1707
58843,-586,2499,-7733,-1249,-9,-463
58844,-3479,-3034,-3869,-1028,-412,-585
58845,5697,7394,-5571,-754,1752,1513
58846,-1796,7153,6036,-163,-583,-1118
58847,-723,-1905,-5549,-248,-586,373
58848,-7303,-6396,-1284,-158,-922,1039
58849,-4766,-1255,3198,-286,609,1131
58850,3367,5015,-2061,-1294,-353,319
58851,1881,-792,4381,865,-1099,-288
58852,-4855,5326,-1390,1877,1612,-1718
58853,-7828,-3562,-6887,803,1619,-1968
58854,2748,-2007,-796,-1580,1616,1844
58855,5786,-4857,-3745,-1011,-495,-49
58856,1602,-7960,-7803,-21,800,306
58857,5327,3338,2293,958,-1838,-202
58858,-7133,-3073,4770,-1206,-733,105
58859,1342,1977,4252,-617,1554,1596
58860,2446,-2458,-5256,-225,311,1846
58861,-3659,-5712,4694,267,-1906,797
58862,-5996,-3798,-325,-1779,-846,-38
58863,683,-2167,1329,1822,-237,789
58864,-7760,4993,-3608,1714,-895,297
58865,-723,-3275,-1191,-942,189,-1511
58866,-2198,4659,-6585,1133,48,-1233
58867,2873,-2173,-4758,1464,1743,1653
58868,6353,3984,5346,-1943,-48,71
58869,2020,-6797,-582,-228,3,-1330
58870,1127,4237,-6366,-862,21,-210
58871,-7078,-4097,1940,4,488,-964
58872,5445,-1275,-360,1848,-24,1319
58873,1933,5970,7025,-1377,940,1639
58874,5957,-4596,5483,-430,-1476,1930
58875,3328,1305,-1971,811,-1082,-49
58876,884,-6647,6350,1057,-1912,-1996
58877,5859,-5332,-7072,364,228,-14
58878,-3347,-6478,7393,89,-473,-1969
58879,-7613,6602,-6445,135,1055,-338
58880,7970,-1900,1914,-1337,993,-1190
58881,4139,4528,4228,1711,-462,-125
58882,3949,-7667,4152,-1481,-919,1983
58883,-2059,-7138,-6422,-765,-796,1937
58884,4437,7208,251,155,-543,-1510
58885,983,4242,-6648,-592,-1690,455
58886,7432,-741,5963,-1508,1053,-725
58887,-5043,-6184,2024,196,1661,97
58888,-3106,710,-5038,-356,-436,-707
58889,-5320,-7313,-46,1189,796,1416
58890,-297,-5523,-7191,1061,401,735
58891,-4672,4899,-6035,836,-892,-1196
58892,2878,1335,4118,683,1916,-1726
58893,-2306,3189,-1232,-769,1762,-916
58894,5907,6729,17,-191,296,-105
58895,736,4999,-6872,378,1635,419
58896,-3392,-3700,-971,-744,-1482,1970
58897,7397,-992,-5981,-1345,-1814,-701
58898,-2847,1841,-1448,1866,-209,-980
58899,-5058,-3305,5665,-1560,1988,1488
58900,-1340,-3390,-6147,-127,502,1833
58901,3510,-2475,4681,-309,253,-193
58902,-7170,-2632,7517,-1981,894,-217
58903,-6670,448,6591,-511,-1133,371
58904,-6014,-1531,-4336,-1699,1573,-1309
58905,2769,7105,-3461,-1008,516,588
58906,-295,5968,-3691,1891,-765,-1172
58907,-4036,-2761,1025,-1448,1740,-752
58908,95,-2818,-7144,-844,-1167,-161
58909,-427,-7370,-4647,1272,151,194
58910,275,6313,-7077,159,-584,1941
58911,-7671,1433,2868,831,16,284
58912,2523,-164,3970,-68,650,-1099
58913,-3617,-3741,2366,1165,-1424,195
58914,3394,-3661,5175,992,-1676,-645
58915,-3048,5141,-2785,-819,-1825,721
58916,-6012,6512,7302,-985,-674,-1317
58917,-4722,-203,1468,-302,-1330,1235
58918,-2450,-3387,-6166,-663,701,-165
58919,-2364,2176,-5401,-1095,-1084,1840
58920,-6903,-2984,2687,-1586,-933,-1468
58921,3260,-1633,1984,-1615,75,855
58922,-5118,6232,1935,1498,91,-705
58923,4981,-2150,-2909,826,-1713,43
58924,-3534,7324,-4731,1648,-1967,360
58925,-6173,6187,241,16,-1955,-1341
58926,5176,-403,2101,-1047,1230,1878
58927,-183,-2021,5038,477,796,-1682
58928,-1399,6066,3707,-64,-1245,1719
58929,4959,7914,2134,1647,616,-1844
58930,3004,-4195,-4259,-180,-640,687
58931,4520,-6058,-6129,663,-1229,422
58932,2173,3003,-2410,-799,-292,1785
58933,6623,1184,-4261,1817,-1943,1147
58934,5521,-6847,4149,-109,-1111,-1076
58935,1317,-3033,6080,1819,59,-1528
58936,7309,-4832,-3692,-355,-1364,-937
58937,6769,-64,7259,-489,-466,-1109
58938,3637,2076,6814,40,-1630,492
58939,-5138,185,5342,232,1070,-1329
58940,-180,-4854,1464,-931,-1950,398
58941,-5676,6639,-5310,-1611,1774,175
58942,5577,6626,-1671,-50,-1671,1605
58943,5546,-1495,188,-1528,-1534,864
58944,2037,-4096,-4248,183,-1987,-827
58945,-5564,-4956,7168,-740,1867,236
58946,5589,-4414,4593,-1720,746,1549
58947,4311,6343,6350,1618,-1785,-1405
58948,6098,517,-35,1921,1557,-540
58949,-2457,1322,6747,-453,1479,356
58950,-222,-772,-2008,-602,-306,730
58951,2021,1502,7099,-1985,1446,-78
58952,-36,3962,1695,1371,-1495,-624
58953,2751,2554,3047,-1004,257,1038
58954,2887,-7037,-3965,1927,-1698,-1146
58955,-7810,-17,1010,1196,-97,-750
58956,7685,-2997,7883,735,-1862,-1534
58957,-7354,5850,-2144,-452,-12,1477
58958,-3215,-4530,-6967,1598,790,-1803
58959,-7848,-7375,-4334,-176,-454,-1607
58960,2818,5163,5207,-1716,-1378,453
58961,-2189,6465,-3314,1791,-570,-1776
58962,4381,-1513,25,-585,-1120,-1203
58963,-5537,-7310,4051,-302,1324,850
58964,-5256,6940,-2666,1531,276,323
58965,2157,-6207,-658,1414,1014,694
58966,99,7332,7699,1801,614,361
58967,-6484,22,2394,1843,-1024,1914
58968,-2238,2640,3196,121,-1179,-1245
58969,7419,-3045,-1705,-1528,146,1520
58970,-3227,1058,-4771,-810,-622,437
58971,4001,2346,321,-1350,-1108,-371
58972,-7114,2650,-3945,-17,-1404,1174
58973,-2671,-5801,2378,998,143,-860
58974,-6348,-5047,3804,-402,162,1505
58975,3169,-1650,1472,-557,-420,470
58976,-1907,-1862,-1758,-1467,-130,1816
58977,-3231,-875,-6277,240,-1186,274
58978,7981,-7783,1584,-875,-701,-1326
58979,-7021,-7398,1612,1303,-1282,184
58980,7412,-2673,4381,-1497,-730,-517
58981,7935,-1156,3424,1065,-847,1148
58982,-4149,1459,-1191,-397,-1194,1883
58983,-3218,-2106,-6104,1736,-195,1224
58984,-7765,-4178,392,-1422,-846,891
58985,-2754,-7028,-3849,1568,-212,-1007
58986,928,-145,-3442,-45,1267,-1452
58987,-4762,-7277,2607,-852,1097,-903
58988,-5471,-6808,-5801,-551,1831,-1357
58989,1505,-3920,2004,1149,-1134,1429
58990,3996,-7168,4381,-1348,1997,1632
58991,3399,615,3464,1048,-236,1877
58992,-5999,7759,-6224,-92,-1490,1394
58993,-1299,2500,-6774,776,-956,-1757
58994,7919,-6481,-1351,-896,798,1038
58995,3518,-7888,-2389,1622,-955,1231
58996,1227,-4416,6331,-708,-359,608
58997,-3086,20,-4826,-484,1206,1750
58998,-6596,-4638,-3099,1959,11,896
58999,-7935,-3810,-2502,366,1729,61
59000,7376,1718,-3588,754,-859,-1938
59001,404,492,4202,-635,38,-947
59002,3170,6436,3576,-1300,1106,1508
59003,-3828,-7453,-5914,275,1576,-1506
59004,-7627,-1851,-6564,-882,-984,-1376
59005,-4302,-1156,-5931,-1538,1616,140
59006,-6280,-3338,-7259,-1747,983,1398
59007,1886,-4347,1891,1190,1788,30
59008,1390,-6905,1062,1517,-1595,-933
59009,-4054,142,7615,-1922,551,1290
59010,1737,2701,-1439,767,418,1729
59011,5531,6177,1819,-324,-996,167
59012,5272,-81,-6147,512,-234,-1085
59013,2323,-6411,-4666,908,1297,-376
59014,-3666,-6575,-1432,-29,-720,-187
59015,-240,7305,-2173,403,-1842,-1091
59016,1544,-5161,-2410,1317,1167,765
59017,-1787,-7434,-7110,-933,-570,-572
59018,2218,-6992,6455,991,1046,-1184
59019,1716,-5425,-534,-1298,-1453,1823
59020,-2702,5629,7054,-177,195,1382
59021,3606,7842,4184,561,476,-1119
59022,-3075,3444,-4308,-91,-1650,1330
59023,5967,2095,-2505,-203,-1956,-886
59024,248,-4491,-1537,1906,1584,1335
59025,6670,-6989,-1819,1340,-746,-1976
59026,-1277,-6269,283,-1061,-1949,673
59027,-6193,-7711,2430,1204,-1664,1039
59028,3812,104,3431,1269,-374,-1010
59029,-4254,-477,2864,-1995,524,-622
59030,-2448,-6036,-1066,-1439,1233,1864
59031,-3226,7355,2055,-121,337,-444
59032,2914,6058,-533,-1432,-677,742
59033,5145,2131,-4013,954,1474,-1680
59034,3870,-2245,-6041,-1984,1218,-978
59035,3143,-2284,5039,1112,-568,-577
59036,-3979,-4810,-5163,410,1183,-893
59037,-2699,4345,-4105,-311,1357,925
59038,447,-2598,1119,-1860,-1606,-287
59039,2086,5126,2191,-1456,1181,-145
59040,-2673,117,-4374,834,1054,-822
59041,-3573,-7068,-2625,1215,775,-189
59042,-6301,1944,-4875,-1265,-1790,76
59043,1723,2385,754,-130,1689,-798
59044,4546,-6761,-7908,56,-1339,1338
59045,5434,6645,-7710,787,1631,-1581
59046,-6045,7437,6767,506,-1529,1539
59047,-6575,4166,7360,-1467,-1886,-1094
59048,-2939,-4587,-7573,-687,601,-1983
59049,-7538,3728,-714,-1798,575,-1170
59050,-2772,-3573,4666,770,740,-148
59051,-221,2855,5833,1237,469,-210
59052,2665,-4424,-7492,1614,-744,-16
59053,-1652,7793,1699,1610,1857,-883
59054,1473,2970,-2746,-827,419,529
59055,-2108,-5345,5903,273,1865,1642
59056,1888,2927,-2406,434,-1211,1508
59057,-5093,-4621,-4872,490,-278,1861
59058,1362,3141,-3283,-87,-1536,-1813
59059,-7123,-2095,-4582,1841,1102,-37
59060,565,-5709,157,1160,1609,1391
59061,7899,3999,-1089,1058,231,-92
59062,2217,-6194,-6941,-1244,1163,470
59063,-3924,3454,-2142,-1391,-83,245
59064,-1080,3203,3220,1419,312,-852
59065,2266,-351,-7847,-430,-1772,830
59066,-4219,2369,-891,294,-214,1012
59067,-2451,4330,6655,-749,-1980,771
59068,-5635,-6164,-6686,-446,757,-1335
59069,-3053,-5477,-7532,-1929,1452,1756
59070,5291,-3198,7062,-631,-30,209
59071,4200,2264,7387,-1048,241,292
59072,-2919,4162,-1494,-1904,-1340,680
59073,7789,6244,6044,318,-369,1273
59074,-2208,5664,-5365,704,1876,-1734
59075,2530,3874,7890,-842,1299,1043
59076,-228,5274,-5356,183,-140,-1856
59077,-5355,-4753,7838,-1698,185,-1197
59078,-3450,635,-533,-483,138,-50
59079,169,649,-6553,-528,-835,1264
59080,78,-6402,-571,-713,560,1953
59081,2535,-4070,6520,-387,147,-68
59082,-3099,-4338,4238,486,-913,-1688
59083,-6141,-783,-6891,-1246,1458,1506
59084,269,-6161,5296,-1025,-816,1101
59085,6887,-2022,-6639,1182,1778,43
59086,4919,-3190,6762,-1633,1453,1169
59087,-2310,-2839,6275,1371,-218,-629
59088,29,509,4007,68,1205,-873
59089,4763,-2657,-7172,1797,-855,1956
59090,6141,-2656,-4369,-1617,193,28
59091,-4306,-7608,2216,1364,802,-1872
59092,5771,-5613,1276,447,-1850,-1578
59093,-7093,-7162,-5222,805,1465,1635
59094,-7849,4900,-2966,1051,-1005,23
59095,1318,5041,1030,-1353,-466,-1124
59096,-2350,-7360,-4108,-873,-1582,1826
59097,-2489,-3103,-3599,1331,-642,-272
59098,-60,6033,-3063,1140,-1012,-1190
59099,2916,1567,6021,1998,-573,1915
59100,-2167,-4518,-695,680,-699,61
59101,-6055,-5904,4996,1231,587,-1928
59102,-4526,-2524,5159,1475,64,-992
59103,-5645,1033,1964,1816,1072,-696
59104,-1021,-7444,1673,-1912,269,1465
59105,2018,172,-799,-1503,-24,355
59106,1032,-5956,1672,-969,246,-1105
59107,-33,5741,4453,1647,-192,130
59108,-5670,6977,830,-1643,343,1927
59109,-6219,-6454,1497,-462,-1577,-780
59110,3388,-7638,-1429,208,810,1705
59111,-4302,-5272,3352,-428,-49,-1600
59112,7904,5318,2892,1283,315,-1448
59113,-6836,-4959,1930,1155,-1562,1976
59114,-5253,6513,-2686,1710,152,1672
59115,-4394,2052,3359,-1149,1107,657
59116,2495,5304,2174,-644,-369,1451
59117,7579,1104,6597,1422,-291,656
59118,4417,7784,-4057,-264,-571,-1078
59119,-3441,785,4656,-754,-1888,-1524
59120,-7486,-423,-5284,-497,-818,-1712
59121,-611,-6488,-5070,1361,-561,-457
59122,-4651,4133,5603,-1377,1324,-957
59123,1650,-953,-3263,1623,1862,405
59124,6955,3364,1360,1304,122,1772
59125,-5915,-4787,-7553,1510,-43,1969
59126,7804,-4430,-972,1352,1062,-1485
59127,-840,-329,7343,520,-1091,831
59128,-2612,5105,2707,597,1988,1595
59129,-7315,1612,299,-473,343,-1610
59130,6361,374,5401,77,-1106,-679
59131,1993,-7603,196,-1511,-608,144
59132,5529,1009,2457,1299,-302,-55
59133,-6586,5224,-3704,1177,1279,448
59134,-392,6751,4014,-1514,1473,-1184
59135,-5697,-6013,3674,-1867,-376,424
59136,4526,-6514,6343,1489,-1983,1634
59137,7154,577,2187,1556,-431,-51
59138,-4280,4713,-649,1531,-414,1524
59139,3306,-3697,5332,780,-1508,-655
59140,6363,5855,6603,995,-1906,944
59141,-7964,-2946,7217,1091,1975,483
59142,7120,4461,5511,1326,-1973,-911
59143,-7005,-2141,-2204,1300,-227,-1178
59144,2956,7339,-4768,-1047,1946,588
59145,-7355,6843,-4990,-397,-790,535
59146,5136,-404,-7169,1415,-1709,1601
59147,6942,424,-107,629,-1556,483
59148,5652,-4384,-5305,713,-829,-1973
59149,1936,2880,-750,-1636,1815,-663
59150,-2444,-4819,986,1103,1525,-730
59151,6927,-6718,2766,-630,1386,952
59152,1941,4708,6674,-370,1419,623
59153,-4117,-5007,-7604,358,1581,-1944
59154,-5523,2387,2175,-1880,1903,1563
59155,4322,5928,-5870,1289,1495,266
59156,-4519,-7447,2071,831,53,1807
59157,7265,3670,-5217,-1907,-1559,-1088
59158,-7356,-1503,806,-164,1696,1378
59159,-7200,-3413,94,-1372,-1516,-1455
59160,-1098,6353,571,896,-639,335
59161,-7923,1684,7564,536,123,-1099
59162,2215,-1564,-1926,-1650,-605,-1569
59163,1941,4682,1315,1515,-381,-115
59164,-7285,-7526,4639,885,-315,1878
59165,492,-5969,5186,982,234,595
59166,-145,-1099,-6322,454,497,174
59167,-6898,7106,-3593,1244,1126,348
59168,-2251,-3849,-272,-1592,1535,-1047
59169,7717,6637,-3878,-1224,-1184,-1050
59170,5779,-996,4413,-1703,1822,-538
59171,7214,-109,2990,-1460,-65,-697
59172,-6329,6407,-208,-1901,-317,235
59173,-6630,-4042,2592,777,1259,847
59174,-3894,-5814,190,-1810,1942,55
59175,707,-2910,-2025,198,1005,1225
59176,-5620,-4294,6436,395,1465,-62
59177,-2213,-4390,2459,-1806,-628,502
59178,-7271,3632,-1598,-125,-968,819
59179,-3213,-1148,-2473,1589,-147,-1456
59180,-7863,6190,-2697,-132,-428,-124
59181,2671,1816,-110,901,544,-1382
59182,7227,280,-6521,-731,-1413,-771
59183,-460,-837,-2271,-1509,-1867,1982
59184,-5691,-1864,-2273,-1958,-1838,317
59185,-58,2439,1914,115,918,884
59186,-1688,6149,-5563,-108,-131,-956
59187,-4437,305,3299,-969,-1737,-217
59188,-7386,642,7606,1310,399,-1647
59189,454,964,3706,-808,-527,1270
59190,-4383,-1774,6298,1835,1667,-1803
59191,20,-4530,-3640,238,106,-1068
59192,3521,-2598,-1078,737,1624,-76
59193,-1056,1651,-6700,920,793,793
59194,-7594,-493,5342,1271,714,1513
59195,1444,-6144,2586,1039,-596,-1509
59196,-6390,-7448,-1559,833,1178,-25
59197,-6676,3886,5664,-388,716,798
59198,1728,436,3411,-106,-78,1945
59199,5299,-6448,6076,-159,-713,1905
59200,4453,5363,3422,-1228,-56,-1902
59201,5754,819,2211,-1515,-170,1444
59202,6613,-3112,-7338,-180,-1843,-1910
59203,5553,6348,3912,1595,-583,-1994
59204,-1432,-488,-5426,1290,-1972,989
59205,-477,3842,-6293,21,786,1234
59206,889,5426,-991,-342,-395,1203
59207,-4962,3357,-5859,1083,-912,1929
59208,3713,-2116,6663,1876,-839,787
59209,-174,5231,1951,-1629,-299,-1009
59210,-4486,-3414,2061,615,903,-666
59211,3475,-7541,-190,503,-1193,470
59212,721,-199,-2775,19,296,1041
59213,1294,-843,1255,1400,-420,-552
59214,-3892,-4079,-3978,-495,1811,1465
59215,5744,6350,6784,-670,1163,55
59216,3083,6616,-5803,-154,478,1034
59217,-1120,2384,-3028,1641,743,-894
59218,2854,5136,-2889,773,-1237,47
59219,3152,4649,-596,-1618,1046,461
59220,71,7126,5112,-1072,-1135,-666
59221,6790,-2052,1838,525,-128,-1821
59222,-3368,1380,98,-1891,1431,-857
59223,3066,-267,3967,767,477,-491
59224,3378,4773,654,403,257,-1831
59225,7806,7025,-4161,-1984,-124,-1899
59226,-1051,-149,5546,-595,777,509
59227,709,5712,1651,411,-862,489
59228,-1771,-4790,-2481,1953,269,709
59229,-6166,5417,-2191,-1603,1327,-768
59230,7999,-4762,-4356,89,987,-201
59231,5908,7178,6226,-424,-479,231
59232,-1927,-5470,2763,-1624,1778,962
59233,-4694,1023,-644,-560,1647,-653
59234,7433,2131,-2462,-49,1033,218
59235,1188,5581,-6579,284,-544,-830
59236,7288,-3205,268,1359,-1510,149
59237,7341,2602,-2165,1528,355,-1927
59238,-5781,5574,3158,1555,407,-833
59239,3526,-5939,2929,1548,-361,1790
59240,-5206,5014,3911,-370,190,198
59241,4336,7867,7048,744,1873,-1000
59242,-4726,3599,7653,1629,953,701
59243,1453,256,4775,400,-1409,207
59244,-2878,7135,-815,1101,265,1813
59245,-2715,-6561,-4481,610,352,1254
59246,4216,5608,-1271,354,1875,-1970
59247,1725,-7905,-5206,-1514,1619,503
59248,272,-7254,271,-1922,-1366,382
59249,2575,5617,824,922,-486,484
59250,-4926,7154,-2394,-775,371,785
59251,-6137,801,-4677,-974,1253,1150
59252,-1293,143,-6508,126,1696,-1410
59253,6233,-3141,6299,613,-1849,1564
59254,6414,5646,7730,1811,-1246,1455
59255,-3790,155,5580,-342,273,1935
59256,-2418,6883,-2172,-1987,1097,-79
59257,-1742,-4478,3801,-239,1333,715
59258,-1815,5214,-506,-1901,1902,1837
59259,-3194,151,5693,-1341,979,1261
59260,-2996,7815,-1103,1042,1813,199
59261,3522,-5432,-6164,497,-906,751
59262,-800,7562,-4535,1051,347,-1666
59263,3478,-2733,5988,113,1756,1553
59264,6908,-2176,3293,696,1214,1064
59265,-926,1768,3785,-1200,-603,-1775
59266,-6305,-5776,-6859,1402,-216,-1132
59267,-5530,-2743,4660,492,690,50
59268,7935,-4723,-5048,767,554,1574
59269,5533,-2398,2812,-768,605,1485
59270,3535,-5850,-4916,-915,1176,-1691
59271,-2081,-7264,-5107,-1054,-1991,627
59272,1086,5931,6457,283,-602,-1466
59273,-2216,-5399,7672,167,-1866,454
59274,-4046,-5686,-505,-551,605,1664
59275,4805,817,-1176,1628,1562,1076
59276,-6656,4624,-6036,873,-497,71
59277,7712,2225,2541,-583,-867,-96
59278,-6451,-2478,5846,-1153,-1641,-744
59279,-1127,5570,-1365,-399,506,165
59280,-5855,-5961,4407,973,-1333,-411
59281,4352,7351,-2055,-1130,-182,1422
59282,3205,5774,-1668,-1064,-1601,-1904
59283,5416,-875,-1558,-1958,-1103,-496
59284,2207,-7987,1718,20,-901,-601
59285,-3098,-3996,-7709,-1251,629,27
59286,4479,-7247,-2026,672,-1851,1051
59287,-1662,-1490,-2129,693,1149,1230
59288,6455,3196,2084,1139,1585,-1903
59289,-1957,-4056,-6446,538,493,-162
59290,-5294,-4890,-3126,1584,852,-1461
59291,-13,-6637,7220,948,1953,-581
59292,-6940,5522,6909,1350,1209,-1290
59293,1379,-2538,-3250,1859,1318,565
59294,-1445,607,-6209,1800,-1839,-1272
59295,-1676,2833,2615,1312,1772,-1404
59296,7747,3333,113,198,-1249,501
59297,1645,4526,-857,427,1656,-701
59298,-4139,4699,1239,578,120,1462
59299,-5042,7784,3336,-718,1196,787
59300,-5252,5170,-6334,1892,-841,-1709
59301,886,3490,4262,1246,1791,1841
59302,5395,694,-7213,-185,-1211,1292
59303,5027,-2342,6172,-1953,629,-346
59304,-2820,-4107,-259,-1980,-639,1695
59305,2751,-4640,3177,923,-1633,44
59306,2559,7485,5761,553,768,-1754
59307,6432,392,5277,1881,-1351,-1501
59308,4629,4479,7892,-200,537,985
59309,7826,-2877,873,-868,-1743,-913
59310,-31,-4444,-6878,64,-378,-540
59311,-549,-677,2467,447,-1201,-1287
59312,-930,6247,4515,-1201,1638,1799
59313,6243,-4152,-6910,523,-1276,-1361
59314,-3073,-1067,2070,150,-257,1722
59315,530,-6305,-2475,35,1132,857
59316,3281,-707,1505,-1531,565,521
59317,-7378,2314,-7393,-1426,-1274,1737
59318,4757,-5163,-1212,535,1755,-209
59319,-5218,-4982,-2209,-719,-299,609
59320,3859,-4854,502,1754,-1941,-73
59321,-380,2527,-1065,-1629,-1997,907
59322,-5610,51,-295,-1701,-1362,1675
59323,-871,-1511,-7387,1901,942,591
59324,4891,781,4899,528,-26,273
59325,-3143,-494,4681,-1610,-375,617
59326,-97,-7367,-6992,-1780,42,-1157
59327,-430,2648,-6075,1811,720,-1055
59328,5595,1054,-2880,1717,1765,840
59329,3786,-5166,6331,698,-563,253
59330,69,-666,7357,1178,321,-1291
59331,-7244,-7816,5292,1888,932,-1774
59332,-6996,-7814,1757,1163,967,-541
59333,-1745,2651,5803,794,665,476
59334,-1310,-4165,2252,-283,-824,-1003
59335,-5854,2681,4422,-1143,-963,-916
59336,3246,-2369,1826,73,102,1028
59337,-4364,-2218,2856,-1038,-214,-301
59338,1056,5604,-4790,1733,-339,-1759
59339,-6799,-1556,-3579,560,-1002,-1726
59340,-4017,2402,3172,-547,1712,-848
59341,2912,2108,-2661,-1995,-1968,-1223
59342,-4589,-4351,585,-1644,1529,1963
59343,-2492,-7785,-3191,-623,1265,-1302
59344,-1057,5308,-954,1847,624,883
59345,-2618,-5528,7904,1871,626,-528
59346,-3742,3667,-2034,-1590,714,-369
59347,5965,1200,130,-368,-476,838
59348,1832,3114,6552,223,-155,-1029
59349,7829,7854,-5406,1171,-838,-1360
59350,-2366,-5530,-5737,-146,483,568
59351,1401,-6943,-3444,-1710,979,-1507
59352,5024,-1474,-2268,-522,909,-779
59353,2939,6655,-2847,457,-1286,-1687
59354,-2181,-6454,-5479,1482,1413,635
59355,-4535,-2581,-166,337,181,-1629
59356,-7163,-892,5564,1439,-1915,-1771
59357,-6974,1102,-449,1906,208,-1414
59358,3071,4881,-2908,799,628,845
59359,1097,562,-2279,-1446,-1081,1157
59360,-3721,-7041,5879,1391,1850,1004
59361,7287,-2004,5067,-1326,375,1346
59362,-6530,6772,-1989,1157,-917,569
59363,-7606,3155,-3308,1450,1971,-162
59364,-6025,-7670,2250,1007,929,1268
59365,4132,-6113,-5796,15,-579,342
59366,5692,2618,3850,-96,743,-344
59367,6509,-7523,-677,68,-1061,-1531
59368,-1574,-1197,-5849,1558,-1047,704
59369,-2929,6124,-1103,1141,-1900,-677
59370,301,7182,-2281,-330,1837,227
59371,3347,5091,-2212,-1502,974,142
59372,-7653,-916,-4988,-1046,-1950,888
59373,-1648,3255,-2751,-1520,-1649,-1253
59374,-4251,-1831,994,26,-1282,663
59375,1381,-7243,-4222,270,-1876,1385
59376,-5669,6612,7530,-1461,-1588,1829
59377,-581,-7547,-6957,-1858,1850,-1105
59378,3708,5873,1391,474,147,-1651
59379,-7886,-2539,-1348,-871,479,1153
59380,2559,-7802,-566,-166,-675,758
59381,6861,-3606,-2293,35,-836,967
59382,4201,3755,-6307,-1266,534,-372
59383,-201,-2193,2569,789,1319,654
59384,-7030,-437,-4437,-1489,-1373,1177
59385,2526,7876,1071,-1229,1937,76
59386,4857,-668,-7666,-682,-831,1285
59387,-127,1323,-3597,1193,-267,1909
59388,-7931,6117,483,-1957,869,-1163
59389,2147,5002,-4830,-299,767,-1408
59390,-875,-5960,-222,-450,-424,974
59391,1483,-3314,3650,1100,-1015,-1311
59392,-5283,3521,-4094,-662,1241,142
59393,-7639,5406,3864,-1712,1293,-763
59394,1208,1573,7966,61,-1952,214
59395,298,3795,2984,-1925,-257,1588
59396,-2702,-6754,3818,-467,-363,365
59397,-690,3720,3730,714,294,-1139
59398,-7524,2615,-6389,242,-1318,655
59399,-7233,-209,-2366,1378,-51,884
59400,-7316,-236,7467,-506,-531,1304
59401,-1094,-4139,2884,-313,-1147,-1817
59402,-4144,4977,-2403,-369,-1487,149
59403,6666,3482,-7535,-9,79,-936
59404,1496,175,4417,-1977,1750,597
59405,4022,-2880,-5527,638,1870,1472
59406,-4809,6528,-3021,699,-89,950
59407,4012,-3484,-2585,260,1093,-1188
59408,-3842,662,1500,-347,-178,-1578
59409,-2174,4094,4379,830,-13,241
59410,-442,5132,-462,-1203,-584,192
59411,6272,-3546,-6719,1346,-1053,-1745
59412,112,-699,-6856,-1122,-1932,1720
59413,-4912,7075,-6933,1936,1672,672
59414,5126,2312,-1614,1525,-1297,-1803
59415,-1503,-7145,3289,-1148,438,1107
59416,6326,1572,-6228,756,-1527,-181
59417,6380,-3792,-3262,-1826,-1153,916
59418,-5763,-6991,-4469,692,-706,-871
59419,-5406,5806,-7200,-107,1233,-203
59420,3479,-1864,3116,854,1633,-669
59421,-5260,-2519,-518,-1123,-419,923
59422,5638,-4655,1112,10,520,-1111
59423,2932,-5357,3930,-845,1878,-262
59424,959,-3521,-3974,1616,-644,-377
59425,-665,3741,3061,100,-711,545
59426,6265,-5286,7585,1862,325,1095
59427,-1889,-7857,-3877,1365,-1164,1310
59428,715,2998,5020,-1831,461,793
59429,-820,-74,-4969,1203,223,-338
59430,-6641,4788,-2224,-1070,-769,-496
59431,6943,3901,2853,3,-1183,-1069
59432,-6369,2327,-1762,-96,111,-1172
59433,1839,6242,6582,671,-1297,-178
59434,1207,3720,5061,-892,727,-1675
59435,-66,-5003,3043,1760,-1694,-112
59436,-7207,-6390,-5599,1697,-407,-1103
59437,6282,-6315,-585,-1412,50,-88
59438,5042,1930,-332,336,1350,-253
59439,-4876,6150,1716,1059,-47,-1647
59440,-5039,-461,7510,987,-262,-336
59441,-4448,-4809,7414,1346,93,-368
59442,5980,2427,7395,667,-699,281
59443,-7226,856,3040,-1990,-1366,-1242
59444,-2473,821,5105,1405,1494,838
59445,-6510,2175,6882,847,-379,-680
59446,-719,7933,7168,1702,-777,-1741
59447,-766,-3104,-700,800,-1415,383
59448,3335,-5694,-3665,-119,1754,1990
59449,-2295,4236,-4577,-1245,-236,395
59450,1911,-6977,-128,-35,-1467,1827
59451,-1295,-5005,3630,131,-1061,1974
59452,-3447,-5902,483,-825,-273,-1006
59453,7142,-6496,-5033,-1279,-1555,338
59454,-2760,-3863,2653,-926,1309,-918
59455,2062,6894,3102,-568,1173,1940
59456,5652,-5123,-867,-616,-1452,1401
59457,-3018,6380,5269,-1021,-1642,-431
59458,7622,5008,49,288,-678,-892
59459,-1898,3222,-1372,-1618,324,-776
59460,-5761,-2267,6342,1030,-1893,1684
59461,3489,-6950,401,1957,-1671,-1377
59462,-106,2377,-7016,926,102,52
59463,-4248,-2362,-2134,-1308,1822,-620
59464,637,4160,2370,1750,99,-1331
59465,-143,3447,-6124,1982,405,-359
59466,4310,-5874,2322,-1454,1597,-1215
59467,6237,4601,-5437,260,-425,-802
59468,350,-6084,-2114,1699,-1346,397
59469,-2295,-6797,-621,1833,1640,-390
59470,-5399,5252,-726,-627,-270,485
59471,-6073,-1720,1584,1322,-1708,1039
59472,7271,-7977,-4576,-697,-581,335
59473,-1540,-4374,2919,-1677,200,-588
59474,-5625,253,-4754,-730,-133,1872
59475,-2728,-1151,-327,-1430,-395,391
59476,6084,-838,-4839,807,-562,79
59477,2727,-4603,3736,892,697,-795
59478,2235,4563,6986,-771,-1146,-1869
59479,7875,2795,-2677,-89,-889,-1164
59480,3998,-7970,-7199,831,-1879,1692
59481,1534,2983,-2847,-254,-1197,1547
59482,-7023,4487,-765,-1464,-1191,889
59483,-4771,-4871,6051,-732,-1674,1107
59484,7629,-7351,5911,1264,-1801,-1625
59485,7300,1030,2958,960,1733,-1948
59486,6862,-1508,6652,471,-920,-1316
59487,-5422,2739,-7095,1472,1331,-1882
59488,333,-6231,-1625,-339,-190,790
59489,-7796,-1398,-4144,1709,-1913,929
59490,-2391,6473,2047,-391,609,-1408
59491,4878,2960,-7954,-1455,1775,-494
59492,7659,-831,-2527,-101,1009,-1916
59493,-7421,5454,-3550,-30,1085,1565
59494,-234,7296,79,1475,744,-1726
59495,-2725,-5809,5923,-1638,1674,182
59496,7348,7698,6521,521,1314,1485
59497,3386,4013,-1882,325,-854,-1478
59498,-2109,1110,5993,1260,-964,-246
59499,5693,-266,-1049,-989,803,-1328
59500,-695,555,-2980,1064,-1946,-448
59501,-6633,-7092,6530,299,-31,-877
59502,-1223,-1080,1765,1288,-1436,-1652
59503,4514,-143,-5437,-514,604,46
59504,5367,-1180,-6009,476,-1153,1088
59505,6344,6040,-5971,-128,1873,-498
59506,-2375,6447,6832,-1646,-1807,-845
59507,6640,3561,570,875,1042,205
59508,-315,-2809,-1686,1030,392,-1619
59509,-3731,1871,2959,-137,-1799,-60
59510,-5498,-1635,4169,388,170,1574
59511,2860,5972,-7525,576,-913,1608
59512,-463,6691,3789,-1909,652,1477
59513,-5522,2607,-3146,1782,568,1886
59514,7820,-7329,-1833,392,257,1257
59515,-2571,-7199,2639,1991,-609,-1939
59516,5233,6891,3865,1534,-27,-575
59517,5603,-1784,-1124,-10,-1467,1125
59518,-524,-7147,4078,806,-1717,-297
59519,-3771,875,7938,1432,1118,1075
59520,-4586,7599,-1975,1783,411,413
59521,-84,-3678,6844,1606,665,-956
59522,3431,1549,-1047,1607,-916,880
59523,-5717,110,1332,1420,1756,517
59524,1571,2704,-3800,-1053,-1203,1438
59525,6893,7509,-989,-1375,-179,-895
59526,6001,7388,6330,-990,722,-1000
59527,-7449,7291,241,-409,-1330,-1275
59528,-6700,-4031,-2406,-1581,538,1306
59529,3403,3341,-3529,-990,-1734,900
59530,-258,-7099,6858,598,487,-1876
59531,-4867,7600,-3302,639,-1663,-1636
59532,3939,-5852,7038,-1713,-813,-1897
59533,-283,-6272,-6512,-1299,1993,-723
59534,-4003,-1066,-6451,-1244,798,523
59535,-1618,4355,-3055,759,-428,-622
59536,3720,6395,-6929,983,-1784,-1744
59537,3671,761,-1095,-141,-1894,-1209
59538,-6426,-7149,7220,-1001,-1024,938
59539,4901,-436,1518,1079,-961,-788
59540,-6618,5659,-1333,919,1135,-97
59541,7476,-3910,-7835,1905,463,1209
59542,-4017,3693,-2006,1691,1028,-906
59543,-7498,-5727,-1496,-337,-876,1160
59544,7980,-1117,-1683,1608,632,559
59545,-1802,225,-3564,1252,-631,601
59546,-1674,-7420,2513,1653,1238,1771
59547,-166,3623,3653,1371,221,-647
59548,-6924,-6692,-1042,-1251,-1715,-959
59549,-4853,-3240,910,-603,1315,-736
59550,1818,-3938,1530,-576,1819,-784
59551,-6495,2090,-435,765,389,393
59552,6496,4697,1427,-798,1932,-617
59553,3564,-7737,-7506,214,666,428
59554,2615,-2021,2623,1800,1940,-774
59555,-1345,-2199,2744,625,-212,-1214
59556,-4270,4660,-5067,199,168,-1002
59557,7865,1596,1423,1093,855,117
59558,5663,-862,344,-682,231,-1218
59559,-4225,6531,2577,-1719,64,1903
59560,-1030,-7471,-1413,-1984,427,-681
59561,-4145,-187,-3760,435,150,-1775
59562,-2082,-2707,6734,-790,-903,-317
59563,-6555,-1962,-4254,-26,-1639,1895
59564,-5186,-5070,2138,-1059,-1376,1317
59565,2824,-545,6093,-1706,456,125
59566,2924,3065,6163,-1550,-267,83
59567,3277,1207,-3442,439,1738,107
59568,-3485,-1918,7930,1230,1932,1206
59569,901,-3914,-6527,1870,1815,-952
59570,4957,-5462,-161,-1578,-1963,1539
59571,-1736,-6857,-6432,273,985,-583
59572,5391,-2448,1843,1055,-630,776
59573,-2468,371,-125,224,1278,-1428
59574,1345,-1365,-7867,1516,-740,764
59575,87,7409,-3562,1528,1385,1086
59576,-2835,-5881,7956,1375,-346,1368
59577,-6846,-211,2998,-991,-908,1917
59578,-3433,6417,-5974,-76,1807,-1732
59579,3446,-4007,234,396,-351,1104
59580,-6664,-2750,1691,-62,-1044,-203
59581,-4138,6213,-51,-1335,1600,-775
59582,-9,-2207,-7131,1567,-403,509
59583,6804,-1133,-2176,1957,-112,-386
59584,1049,923,3192,1173,-1806,-945
59585,3078,-2958,-3598,345,1789,-984
59586,7137,-6047,-3220,1099,1821,-1784
59587,-4432,5286,3448,-258,-1716,-1401
59588,-7492,-409,4931,-72,167,-1036
59589,1505,2748,5357,816,-1766,-50
59590,3204,-1936,6209,-953,-1714,1489
59591,-7372,2864,-5982,428,131,-1469
59592,-4642,5738,-5149,597,469,930
59593,-4089,5173,5620,-928,661,1224
59594,-5363,1440,2510,-5,-1189,-1963
59595,6088,-4990,5872,570,53,-931
59596,-4897,-272,6774,907,-958,1595
59597,5502,1986,-5696,89,-1747,965
59598,-3946,-2222,-2609,789,-1852,250
59599,943,5447,3599,265,604,650
59600,-6304,5129,-7251,1720,-916,247
59601,-4816,-4990,-4727,618,520,-59
59602,3070,-6012,4748,-475,-1762,-698
59603,-6030,4515,-1743,-1763,107,-1364
59604,5792,-4583,720,-1770,173,-1793
59605,2122,-1075,4622,1221,-32,1024
59606,5717,7441,2745,1621,-388,-210
59607,5603,5251,-2860,-536,1090,1360
59608,-2818,205,-3281,-393,753,-1110
59609,5460,-1513,-4916,-1837,1378,-1676
59610,-5821,-6720,-5996,228,1628,1584
59611,2954,6477,1215,-642,305,-1845
59612,5799,1464,-2125,601,1889,1020
59613,1631,2243,4614,-1224,-878,485
59614,-6988,3102,-2768,-572,1122,-1612
59615,-2862,-3538,7135,936,248,1714
59616,7359,-7610,7260,-618,1446,243
59617,-3816,5134,2036,-482,630,-396
59618,-2723,4511,2186,255,-1246,1116
59619,3499,3812,-538,-620,-1617,-28
59620,5479,-6295,-7851,756,40,182
59621,145,-6266,3779,1505,1633,449
59622,-6323,-2803,5542,-1954,-4,1748
59623,-5271,5417,2748,1350,-1226,-238
59624,-4273,3663,-3920,919,1990,390
59625,4757,5544,-579,-1652,-898,-1653
59626,1011,2952,6384,-170,-226,402
59627,-3692,-3411,-3647,1745,-560,942
59628,-4528,4891,-5013,1017,1991,-1507
59629,3432,-881,446,-768,717,-1858
59630,1296,2574,-6798,-545,-1942,178
59631,-2799,5158,-3913,-1052,-886,1746
59632,4578,4218,-7237,586,-1652,1077
59633,-3921,-899,118,1237,1784,344
59634,-4388,2628,-5426,756,1593,-737
59635,6218,-1912,3213,1779,-1195,1331
59636,-2873,3833,-1794,-120,-773,-217
59637,5716,-6157,-6427,1101,1223,1998
59638,774,6315,7693,46,967,295
59639,141,1158,-1870,-856,1084,-655
59640,325,7660,5827,1631,-88,1540
59641,-1549,1545,-3807,-663,-584,2
59642,7298,5214,412,-274,-1483,-340
59643,1884,-7259,-7618,1687,1469,-948
59644,-6715,4056,-4030,1841,-1540,1279
59645,1656,-3472,-7775,-622,-1261,1648
59646,731,-4345,-6262,-1657,1843,-280
59647,-1426,-2123,7989,-1856,-1199,-125
59648,3196,-4213,3357,175,-289,577
59649,3330,-2227,937,-117,373,-876
59650,7644,-2064,-5610,1586,368,-1864
59651,-1334,3444,3829,1279,-1271,-1963
59652,4977,-7642,-278,1391,303,459
59653,7627,-6461,5913,133,-209,1865
59654,2743,-5219,-4405,-1907,-677,1142
59655,-2037,-3998,-2507,1592,-1543,-620
59656,7,-677,-3353,-389,537,-586
59657,-6810,-2094,2302,-1730,-1498,905
59658,788,5209,3367,133,-813,592
59659,-6539,2386,-1880,432,1191,101
59660,-625,4730,3698,1553,1228,940
59661,-3467,5021,-7585,1097,-1589,-1241
59662,-4505,-5390,-4521,1241,-717,651
59663,-1060,5445,-2081,-616,1669,1933
59664,2971,-2959,-5541,-1062,156,1413
59665,3836,-1831,7494,1940,-761,-1720
59666,2911,2003,-3489,-1765,-23,-1729
59667,-5877,-5667,-243,-581,662,1125
59668,1083,6551,-5777,-665,-324,-1512
59669,-3343,1885,-3077,-980,935,965
59670,615,4142,-2744,1382,1755,564
59671,-999,-1238,-4670,-347,-204,1026
59672,6688,2452,-358,-1517,583,-43
59673,-5716,2409,-1018,317,1275,-803
59674,-4541,-177,-7174,-517,500,-1023
59675,-4806,6540,-4386,638,-131,1396
59676,-2765,4645,-6337,1912,939,838
59677,-3812,4516,4885,732,1325,-709
59678,7555,-1135,403,-486,485,118
59679,-5065,7164,4527,622,-1655,1575
59680,4530,-3545,5360,1728,1120,-857
59681,-817,-7518,-6458,-1583,-643,-1454
59682,1157,2563,-6782,-1501,1505,844
59683,4303,408,-6338,954,1044,803
59684,-2128,6064,6216,-340,-1269,-59
59685,2773,3316,2274,-485,-1664,1920
59686,-7068,-3663,2369,520,1582,1805
59687,6760,1126,-3337,1549,-1796,-1571
59688,-480,4955,-7038,712,-1315,356
59689,7701,-3662,3137,1599,909,-357
59690,1897,-246,5033,461,1018,-712
59691,3697,4329,-1071,-881,532,-797
59692,4708,2667,-6623,-1168,-144,1637
59693,3299,-2752,3835,-1444,-1605,-1643
59694,-6497,3076,-6607,-757,1373,809
59695,4496,1907,-383,-1117,-1804,1304
59696,-1563,-7300,-3335,-276,-1350,-1251
59697,3640,-6369,-6037,-1896,1355,469
59698,2303,-6009,1866,1988,-384,-836
59699,-6286,-6530,7212,-277,12,-1245
59700,-5227,-1958,-850,-515,-1922,801
59701,-120,-4133,4489,-1337,-1738,-931
59702,2495,2431,5289,482,1787,1943
59703,6830,-4245,-5366,-224,1640,-460
59704,-1081,594,-4686,-1818,-537,473
59705,-463,-4848,6442,-1741,-259,311
59706,1256,6744,-407,613,-1234,-1099
59707,-4770,-3362,7941,-1132,-1616,764
59708,5229,-7110,1333,646,1248,20
59709,4801,7574,857,1444,1576,-16
59710,-2807,-1121,6379,849,627,1687
59711,-4419,-7601,6686,-1871,1840,-750
59712,-6738,-1274,3281,-158,-1340,943
59713,-2795,2779,1825,-94,-1383,260
59714,-2609,-7350,-4052,-426,324,675
59715,4934,6584,7730,-1500,1744,-1840
59716,4751,-6830,684,-715,1812,-1356
59717,5951,7063,-5505,-342,386,1366
59718,7886,-4749,5666,172,-1213,607
59719,2531,6747,-4663,-213,1148,1404
59720,-7971,-4164,-1114,-1866,1777,1674
59721,6454,-3558,-3088,-789,-204,111
59722,-1499,6793,3061,-607,652,-805
59723,2990,4366,-688,-224,-783,1753
59724,5339,4559,1240,982,251,1882
59725,3878,-1207,2054,-818,-702,-1970
59726,-3257,-3872,265,-307,445,-1453
59727,-5673,5317,-828,1066,-1293,-1541
59728,-6530,5532,-6908,-1475,-1147,-532
59729,-5229,2237,-4176,-284,-875,-1426
59730,-895,-861,-2787,1534,-1122,-1415
59731,-1675,-5429,890,1705,-1016,-1510
59732,-6670,5399,-7411,1305,-1371,-917
59733,1928,-5690,-7459,-1993,-1239,-1144
59734,7778,774,776,1116,-150,-1072
59735,-5758,-3409,7399,1351,-1035,1783
59736,-3178,7791,964,216,-1876,1982
59737,3820,-1633,-616,-1373,472,204
59738,-4114,7081,7589,1569,-1741,-1159
59739,-4368,-16,-7962,713,-590,1609
59740,4794,5906,7627,-1568,1457,287
59741,-3305,-2463,-3619,-1262,1764,1646
59742,4995,7266,4767,-1308,1060,-216
59743,-4938,-463,5313,-993,1203,-139
59744,2139,-3122,-4522,-132,1511,-1844
59745,-6355,-3382,4427,959,-1195,665
59746,-3435,5014,-5913,1603,887,392
59747,3797,4117,3622,223,1345,507
59748,-97,2452,-3246,-1323,1248,209
59749,2617,7505,6741,1009,313,1394
59750,-1094,7151,-1382,-1379,-1357,-142
59751,2124,7665,4171,1814,1712,1224
59752,4128,-3888,-6178,-1862,128,-470
59753,324,-6948,-3154,37,-1269,609
59754,-262,6449,-460,-107,1617,1912
59755,4657,-5334,1609,-1179,-706,-1802
59756,-667,4558,-4099,-994,-1786,-392
59757,2133,-7947,1247,1504,-566,1609
59758,-2840,-1632,-3631,-1312,1759,545
59759,-3932,7711,2567,-373,830,1030
59760,2718,-6863,-7632,1885,831,267
59761,-1307,4139,-686,-1709,1029,-1613
59762,-3866,3255,-3474,-1557,-950,-807
59763,-7539,1476,-426,40,297,-1623
59764,-4476,3764,-909,-1307,-915,769
59765,825,-6097,-2369,-1944,-1924,382
59766,-3142,6671,-668,-437,310,1893
59767,-7169,5639,4338,-769,-704,1414
59768,2310,-507,3727,-277,186,848
59769,-1529,-7422,7416,563,908,750
59770,-3468,409,-6940,-1733,326,-465
59771,-1494,5399,276,19,854,836
59772,-7875,-3474,6041,-1125,-1807,-536
59773,7854,1892,3299,1624,1039,-1211
59774,-3140,-4714,-7333,-1827,145,-174
59775,-995,5720,4519,-1476,1286,1992
59776,6338,6009,-2156,-1830,831,1850
59777,3605,970,5292,346,1484,1259
59778,1616,4067,2761,1211,695,1267
59779,-7480,1077,-4140,-798,1132,454
59780,5283,-1147,-2291,-675,1949,-264
59781,4481,-3614,6398,-673,-214,722
59782,-486,2249,2571,-1512,-29,472
59783,2248,-7463,-6363,-1718,1193,602
59784,2515,-847,-4171,527,75,1284
59785,-5552,4145,-4080,1907,1972,329
59786,3411,-1626,401,-1107,-404,-1192
59787,-4401,658,128,1405,1925,763
59788,2812,-6950,-2090,-307,-857,-1684
59789,5460,-280,3691,1680,1798,361
59790,7601,3430,-4718,200,1377,631
59791,1411,7105,-223,-444,-817,-38
59792,-7513,-375,-3707,-821,-857,1361
59793,452,-653,7013,-600,1975,-296
59794,-5525,-96,1083,-1309,521,8
59795,4452,4557,-4522,-339,-1331,-1806
59796,-5950,-5400,6481,-699,-1051,57
59797,-3870,1349,-206,-519,-208,1261
59798,2469,-7764,2778,474,189,1670
59799,7008,-6782,3068,-1652,-1728,-1561
59800,1666,-323,-7164,-278,-1549,1994
59801,-7280,4791,-2268,-1361,720,154
59802,5425,-5488,3925,1509,-396,-733
59803,6321,6889,3296,1195,-1109,254
59804,-3706,-1158,-5126,-1167,-1513,381
59805,6046,-7640,1278,668,-94,1143
59806,-6781,-2818,-5457,-1193,1839,-1524
59807,-5622,-5782,-1276,1583,-7,1510
59808,2572,-4955,-7984,1152,1917,-620
59809,-5191,-2869,-3614,-999,120,-123
59810,3396,3679,4076,-1614,1480,1761
59811,4599,-5668,3285,1196,726,504
59812,407,2920,-2348,940,1009,-388
59813,4363,2764,-4329,-596,-1641,-404
59814,-7329,6654,4807,-996,57,-1564
59815,-5742,612,3066,-241,1503,-302
59816,-5883,6536,435,-1303,-123,-882
59817,4671,-3024,4061,264,-1531,1688
59818,-2187,-670,-7458,-8,581,-1677
59819,-3355,-6387,-2129,-136,486,1018
59820,-308,6381,5591,-1312,-127,251
59821,4492,-2204,-6850,395,149,953
59822,7833,7774,6658,-1446,1152,-1502
59823,-3485,7632,6138,-951,-1969,1577
59824,-1962,4954,4512,1490,187,-1174
59825,4433,5722,-6507,-864,-1985,472
59826,-7342,6740,2131,-391,412,-1054
59827,4976,-1610,832,-1713,-1953,-1267
59828,6071,-6701,-5451,812,518,274
59829,3563,2658,-2440,-284,-1667,-1118
59830,7364,6149,-1706,-947,-595,-1053
59831,-6473,1721,-6495,367,-1157,1197
59832,4360,2831,-5430,1720,1923,1480
59833,6150,-1089,4382,-45,-276,1115
59834,-7498,-6145,-7026,13,842,-576
59835,2347,5477,-4277,1154,817,-862
59836,-7829,-1340,-5796,-1659,1011,808
59837,6493,2056,4268,-1288,-1640,-624
59838,831,3883,2968,1766,-357,-95
59839,-6115,-5206,4242,370,-1182,-102
59840,-638,-1383,-3900,-554,-266,786
59841,1589,2469,7866,-1196,-1680,-912
59842,-7300,-5046,-193,-1291,-246,-896
59843,7625,-2905,1003,1961,-394,-1268
59844,5292,2652,2437,1766,-1775,1652
59845,-1919,-4879,-7613,-1722,-1577,949
59846,7248,7038,1902,1588,-780,-1743
59847,1849,-3203,-125,1719,182,323
59848,-7450,3030,3813,-186,1047,-1394
59849,-2419,1446,1042,-1338,-1464,-1316
59850,4641,-1707,3266,414,129,-132
59851,6078,-1546,-1514,75,212,1929
59852,885,-2768,-7985,-1231,979,-901
59853,7796,3284,577,1510,-1969,200
59854,-7283,-6404,2676,-1584,-284,1910
59855,2219,6920,2274,1714,-461,162
59856,-7524,393,-2351,1248,1859,-1947
59857,3590,-1784,3195,-1057,692,859
59858,-7039,-4138,3446,-1343,684,-1986
59859,-6013,-6936,7898,1111,-816,1076
59860,479,-3553,-3267,774,-1468,1089
59861,3177,4933,-5048,352,-1355,-1125
59862,2466,-4624,1112,-1339,-1136,392
59863,5188,4982,5558,-213,-649,-1233
59864,-4252,806,-1635,-1317,-880,1600
59865,-7759,4341,-4285,-1219,1845,-460
59866,-7231,-1569,-6176,74,1718,1514
59867,6916,-3019,-1470,1400,1649,-259
59868,-4810,5877,-153,1075,-1321,-783
59869,-7068,6864,-2531,-438,-272,983
59870,-6207,-6321,3893,-1507,-7,-754
59871,-759,-2183,-4841,1418,1223,-1500
59872,7273,-189,-1510,1197,600,1248
59873,3415,6351,6772,-1363,-852,-1282
59874,7162,1571,-1704,604,334,-662
59875,-4374,1654,-3063,-130,170,-416
59876,1320,4970,-7575,-1697,1920,-171
59877,-7125,2831,1740,-1169,-1330,-1466
59878,-535,-5853,-7769,1516,-1404,1095
59879,3115,-275,-5009,-831,-1636,805
59880,-1750,6544,-1351,-186,621,1407
59881,632,6892,2511,-154,1007,596
59882,-3267,-1365,4889,-621,-1194,-296
59883,-1699,-7070,4037,1634,-8,-1305
59884,-1189,-2678,1284,1198,1824,-818
59885,-7564,4678,-3901,-1373,791,262
59886,-2755,-1472,-5895,1518,179,1908
59887,1356,6320,-5336,-263,-318,1864
59888,-403,-6714,3670,943,355,1384
59889,6105,-5138,4204,1482,742,-939
59890,-7616,-4271,7415,-1494,78,-1135
59891,-6481,-5839,-3988,811,1629,83
59892,-6295,5266,4553,-1209,-1452,1849
59893,-7338,-1697,57,-416,1596,-735
59894,6774,4129,-1891,1821,197,1653
59895,7765,4212,-223,-915,-1405,-1500
59896,3918,-1415,-1832,-460,924,-575
59897,6390,80,-6824,-1086,1330,-1010
59898,-7574,2983,-215,426,318,854
59899,5452,1258,633,1482,682,215
59900,1151,-1770,6818,-1142,-546,-1911
59901,-1540,-2926,-2198,592,678,1035
59902,1283,6245,-5485,17,-1013,675
59903,-6244,-6522,5345,426,-431,1076
59904,3875,1087,7447,-708,1563,-1559
59905,-5323,-3067,-4670,69,1937,-1573
59906,-1928,-6819,-4230,-1195,1906,-1220
59907,3827,-2730,-6937,278,-1992,563
59908,-2261,-3502,-7797,-830,-1190,-312
59909,-6096,5299,-769,-1267,-99,-1774
59910,-1242,5645,4480,673,-1009,1948
59911,-7865,1542,-6477,-751,445,-1931
59912,1072,-7043,-3019,-1804,1646,288
59913,3699,-64,6706,-858,1024,-1844
59914,-4154,4662,3341,388,-115,465
59915,-5935,-7531,-7769,1777,-1388,801
59916,-615,-3292,4619,-946,-72,515
59917,-3342,-4400,6055,-217,-1191,-481
59918,3852,4796,4441,898,1703,-838
59919,40,5690,273,-1002,-1792,-1600
59920,4401,-6806,5794,111,1787,-1562
59921,-6962,5529,-1470,-1785,-510,-1035
59922,4603,-5953,-1768,1449,511,-613
59923,-6709,778,3952,1443,-263,-1035
59924,2101,7766,-6575,190,366,262
59925,-4977,-3423,-1843,-385,-1212,-1514
59926,-5642,-7026,-3321,-1884,-720,-709
59927,642,-3034,-5300,-1136,-985,1429
59928,362,-6402,-6884,-1229,-782,-903
59929,2454,-3361,-598,-1882,407,-1571
59930,-4192,-1720,-7077,-709,11,-1523
59931,-1526,1062,2887,-1800,-5,-1198
59932,6947,-1707,-6410,64,-1184,-1125
59933,-351,-1042,2594,4,1176,940
59934,-4697,7828,-1899,-1153,-393,-766
59935,-4457,4666,-2425,1221,-96,-1028
59936,7018,126,5764,953,652,1363
59937,1522,1876,-6910,1070,821,-1343
59938,-1251,-2588,4548,613,-1610,-1764
59939,4106,-2822,-7008,-1474,422,-280
59940,4599,6067,-2594,1563,-1701,500
59941,6242,5380,7017,1630,-1963,-705
59942,-922,1204,353,576,1684,-741
59943,519,5080,-3398,463,-200,-1479
59944,467,6074,1352,1377,-1706,-1975
59945,63,6598,1046,-1443,1964,1351
59946,6799,-5301,3802,1373,-126,-1873
59947,101,-2607,7952,-1015,1738,-56
59948,7327,-6484,-6964,1760,392,-1685
59949,3861,-4848,-7063,-170,1096,-759
59950,2388,1391,-5348,-110,-1372,-83
59951,5202,-1,5759,1568,406,622
59952,2045,-3752,-6776,-1052,777,1872
59953,7234,4677,3560,-1067,142,-706
59954,2251,4614,2137,682,-789,-1862
59955,-3914,-7208,57,-1641,1517,-804
59956,5297,51,7608,705,1499,-1278
59957,5127,-6711,5407,-608,1586,1914
59958,-1269,-1262,-7901,1414,1043,-1028
59959,78,-3022,-5376,-843,-804,1586
59960,-4813,7815,-3945,1433,-41,-1656
59961,-5285,-1150,456,-602,702,-1162
59962,5926,-2132,6786,-1123,1840,-394
59963,-6195,5838,7392,649,-1068,572
59964,-5368,-4211,2576,-1344,1133,-1617
59965,4461,-5673,-2102,459,-740,539
59966,4336,-2479,5689,1127,-315,-1181
59967,-6338,5884,987,-1132,-878,254
59968,-1897,-4552,6547,594,1509,-1554
59969,-1264,-2639,3351,625,-481,-1949
59970,1851,4436,-6070,-885,153,1127
59971,-6569,-6475,709,1599,-1477,-1181
59972,-4189,7862,-4314,-813,325,1322
59973,-4453,-3170,-4837,-943,637,-382
59974,7666,5255,-4667,934,1417,-329
59975,2688,-5866,-6997,1059,747,-1568
59976,-5684,2857,-1727,-391,-54,1347
59977,7408,7358,-276,1800,-192,-1949
59978,-7503,3637,1203,-1636,274,-501
59979,7245,4396,2404,514,-1451,-477
59980,5084,1186,-2776,86,1312,1680
59981,5758,-5431,2082,-774,1122,-1628
59982,4803,-5494,-5635,379,1225,-233
59983,4574,985,6301,-890,1317,-312
59984,-5954,-6424,-2178,1950,534,375
59985,-6621,-2360,-963,-1502,1267,-1638
59986,1672,-2853,-5158,-1908,-311,1124
59987,-4204,-2331,5876,1560,961,829
59988,-5496,3088,6301,-627,-1192,1869
59989,-5151,-3631,449,602,-1681,-1191
59990,-1490,7326,7691,-424,1932,-1528
59991,-6621,7782,2912,229,1496,62
59992,-2937,3310,-5644,1833,-120,-1014
59993,2432,-4335,-7656,-127,-723,1810
59994,-7862,-2157,4006,1324,656,-1734
59995,-6251,3090,-2382,-1084,461,-350
59996,2940,6129,-4231,-1024,515,-312
59997,-7722,2748,4080,987,-397,1164
59998,-6779,-7478,-4550,894,-1958,678
59999,-7589,-4451,7402,-1288,-824,710
60000,-6342,-7929,-7371,963,-1838,732
60001,799,2655,-7760,-1046,-1163,86
60002,-7682,-722,756,-124,562,74
60003,-3764,-7292,-920,-882,-669,-962
60004,-6131,-7119,-2265,-362,-176,-1097
60005,-4930,7076,6919,-6,-1434,-504
60006,5310,1952,-7767,-535,-1458,-1497
60007,934,-2119,-4464,88,-1248,483
60008,-3153,6087,4204,-234,-1402,-1369
60009,6411,4097,-6456,-48,-1365,335
60010,-6557,3038,3950,-1576,607,1603
60011,-6133,2847,-114,-1672,-1615,-941
60012,7488,-1357,6466,1470,-1545,985
60013,-1323,5935,-3007,1584,325,1067
60014,-7906,2318,-5654,1151,-1965,-799
60015,3634,-7489,5046,-832,1774,-661
60016,-173,4359,-6542,834,-1153,357
60017,-4964,-5878,7452,-1883,1817,-1443
60018,7245,1632,-5948,-545,-1918,-767
60019,-6375,-1150,-3769,1561,1528,361
60020,269,981,6026,-1322,135,1524
60021,-1287,-7475,-6901,-853,601,1115
60022,-2224,4415,-4276,-1356,-1595,-1054
60023,2069,-7477,-2844,1771,-825,-757
60024,4524,-452,-3108,1872,-135,596
60025,5218,1923,628,1600,1846,-1762
60026,7621,855,-4517,907,1645,-94
60027,4615,1124,-7639,128,-522,149
60028,-7011,2079,-1423,1096,1338,-474
60029,-3519,-2933,453,1996,1127,-608
60030,-107,-7083,-1731,684,1726,-122
60031,-3683,169,7450,700,734,1982
60032,-7528,-4486,3417,-707,308,-123
60033,-4696,-2679,297,-357,-1106,1558
60034,-1689,5146,2747,945,-478,-58
60035,7526,-1593,-2316,-1396,354,-903
60036,7891,5076,-6593,-1450,-1307,1990
60037,-2322,4414,1783,-526,-1202,-512
60038,-850,5378,6494,-793,1371,-1561
60039,-1952,6036,5268,710,-698,-183
60040,-7727,2503,5724,-1219,-1774,1689
60041,-3056,2280,-3176,-945,1050,-611
60042,-5887,-2373,-4300,-348,769,995
60043,-7132,-6548,-415,-1695,1052,1476
60044,4236,5947,3536,981,291,-715
60045,-2345,217,7087,-1208,904,1511
60046,-7449,7650,-6035,-1890,1630,1806
60047,-1784,883,-4122,278,-1964,-1486
60048,1160,-6146,-2745,205,30,-488
60049,2468,3885,5401,-817,-993,-778
60050,2183,-6262,-7537,1528,1711,1409
60051,-3989,2698,1073,375,1223,-676
60052,979,2424,-985,834,-1430,-112
60053,-4553,2246,-6006,-1093,-1282,-689
60054,-2045,6474,-7965,-1228,695,-76
60055,-1005,-3395,633,1467,1064,-1824
60056,1998,4434,-1082,1815,853,-363
60057,-274,2487,-331,-1333,-1197,1964
60058,-237,1747,-2018,723,1805,-957
60059,6368,5900,6515,1234,1050,-1181
60060,-4047,4203,-2084,-1370,-125,1155
60061,-7566,1834,240,-10,-1740,-753
60062,-407,1221,-3138,1360,-1623,387
60063,6616,-3887,-2446,-1216,-761,-1099
60064,-1673,300,-3149,893,-1640,-137
60065,-6093,-2829,-5216,-116,-1902,-226
60066,-5331,-247,-5129,93,-1429,1598
60067,-53,-4911,4472,-1972,1227,534
60068,-2700,-5544,-2713,553,-36,760
60069,2501,-7212,-7434,-1283,-828,1096
60070,3318,-1693,5002,1231,909,-707
60071,-900,-7507,-1709,-1507,-682,1876
60072,7856,4006,-6558,-93,-1421,1928
60073,5332,-7572,470,178,-224,9
60074,1456,-7063,6586,-865,-1927,-528
60075,-6331,-4992,4797,747,563,102
60076,1528,7236,-2510,-894,-1198,802
60077,-2149,6616,2347,-833,-869,-1634
60078,-7947,-3249,7352,-1014,2,940
60079,-5296,-7330,720,-1925,-620,1386
60080,-253,-2322,-5047,-1434,23,-71
60081,5943,-6750,-4066,-862,1402,1874
60082,-297,7186,4757,172,1659,-388
60083,681,4035,-3601,-1731,-518,1723
60084,-1963,7908,482,1111,-820,403
60085,7576,-6882,-7716,1312,-1379,-1738
60086,4135,3300,537,-1871,1147,1049
60087,771,-3072,5707,78,-1850,-515
60088,-1586,-3167,-7758,-1306,-288,660
60089,-1364,3395,-190,1026,-377,1219
60090,2126,-1327,-1849,138,1774,-1728
60091,-7079,1964,514,557,1656,-161
60092,-3238,462,582,940,1913,1824
60093,-3038,3220,-7791,1054,-1572,1045
60094,-876,-6893,-862,-703,-809,-708
60095,-6873,-3112,6650,-513,1190,-1785
60096,7903,3988,259,-16,1750,-357
60097,-785,-6555,-1928,795,-172,1959
60098,-2255,5167,-1298,-1624,-192,253
60099,-3884,2899,-2663,-1719,-314,-203
60100,-5065,-6842,-6180,-933,1356,-1491
60101,-1973,-1570,-2945,1929,1185,-1420
60102,1996,-3259,4791,-1489,398,-1996
60103,7396,5584,-515,-574,-1969,-202
60104,-7911,-11,-549,-327,-1563,-810
60105,3634,-329,-3043,50,1260,-459
60106,-6921,5598,7509,1172,56,-78
60107,-2684,911,1453,-1321,-1364,-688
60108,-2873,-3026,-5870,1248,-1194,-369
60109,5615,6325,-4144,619,1887,-1223
60110,6931,5488,2277,-1270,892,-1417
60111,5082,2487,2146,-1810,-1829,-1207
60112,-3455,-2728,2045,742,-1469,-208
60113,7367,5033,3068,128,-1314,-867
60114,-1214,530,-6422,330,-1829,-989
60115,6557,3979,6157,-1923,-1990,296
60116,7584,-2567,7189,-1726,-1703,489
60117,-5039,-723,-4531,-1019,1917,-248
60118,-7837,-779,214,-1329,638,-1640
60119,-6139,2564,-6800,-1344,420,-1833
60120,-6083,-5401,-6907,-1924,1649,1461
60121,3922,4836,3097,-1767,1921,-560
60122,1053,-2659,-1755,1907,-1050,512
60123,1449,5731,-1967,1348,750,1344
60124,1783,4765,-5056,1681,-1951,-1755
60125,3340,6766,-7143,-1953,856,1944
60126,5780,3339,1939,-417,1131,-588
60127,-7646,-4257,3654,-519,-763,-961
60128,6814,5306,-192,-435,-817,-460
60129,-3707,6489,6381,-1370,1486,-413
60130,-1422,-2258,-6691,195,434,-1018
60131,1781,1319,2720,238,-931,991
60132,-3039,-2996,7742,-1664,1022,-1394
60133,4405,6629,2176,111,-178,-683
60134,-225,2686,-5159,1280,-828,1397
60135,-5114,1245,5351,-979,966,134
60136,311,2403,1798,-1996,238,1853
60137,-1281,7388,-4480,715,1548,-936
60138,2221,-1016,5711,1579,707,-1635
60139,-6425,4663,1936,1249,1163,671
60140,-5016,-7267,7129,729,596,-481
60141,-4726,1669,-7616,-780,712,1841
60142,6131,1374,-7836,1025,-417,1528
60143,3098,2122,4249,-1078,1115,-1509
60144,-4204,-4081,-7212,-1029,416,-1690
60145,1459,5670,-3777,-1036,914,136
60146,7249,-5258,7923,1073,-1865,-1972
60147,-375,4576,7794,-413,-1346,-1911
60148,4758,-6556,-28,1422,-1196,1876
60149,-4111,-3263,3260,1629,-885,-1058
60150,-6398,-2220,1567,-1398,-1609,1975
60151,6184,-633,3656,367,1620,-908
60152,-7194,-4445,-2255,-911,-598,1728
60153,-3612,-3453,-1080,1775,-693,-1202
60154,3784,6330,-3613,-326,190,165
60155,7416,2819,7874,-1823,375,535
60156,-4808,6061,3585,-1342,-90,-497
60157,4283,-138,-844,448,827,357
60158,1892,-5024,-6335,-937,-1002,-1544
60159,-572,-2174,591,1572,-544,-1565
60160,846,-3464,7364,-1853,-1631,457
60161,-3969,3370,4626,-128,1070,1255
60162,-5726,3831,-6039,1796,-1223,1407
60163,241,613,-912,300,-1292,1398
60164,6778,-2783,-22,1023,1772,-297
60165,7440,3297,-5071,569,-243,1914
60166,911,5060,586,619,323,-980
60167,-3566,-5939,-5476,-1410,883,1632
60168,2646,-2545,6108,414,-1878,1658
60169,6500,2044,-891,-1560,673,-1038
60170,-5119,1640,3189,-1239,1972,-955
60171,5912,6909,-4505,-459,305,424
60172,-7554,2787,-6304,1419,772,-726
60173,1504,-5563,3890,1624,719,1124
60174,7676,4771,-3506,1840,-689,490
60175,-198,7620,-3987,-544,-1349,-1061
60176,-2575,-259,-5630,1185,1951,-1771
60177,-1201,2061,1300,-1582,1314,1330
60178,-680,-1975,7175,-1355,242,-128
60179,-4973,-1357,6259,-61,1997,-1608
60180,1526,-487,-7612,-363,372,1607
60181,6867,-5260,2084,-966,-804,1941
60182,116,-7255,7626,-197,-1270,1847
60183,-1214,-7261,-397,1709,-325,-675
60184,2946,5310,1900,40,811,202
60185,5385,-5708,5983,1974,1169,-448
60186,-4767,-413,-7470,-700,-454,1484
60187,-1166,-579,7228,-748,798,650
60188,-4929,-6853,-5980,1400,1488,-1398
60189,-7531,-4639,6697,1944,-1486,-545
60190,2385,-2654,-440,952,-218,504
60191,-653,-3999,7763,1973,-381,-1201
60192,-6675,-1306,-4066,-1837,624,1419
60193,-4693,4886,-6053,1744,-186,978
60194,7153,-5047,-5889,-447,239,1228
60195,-2226,-6632,-7503,-1088,-143,-1337
60196,-1257,-5613,-346,-1094,-1476,467
60197,-931,7777,-3247,-1938,1486,1812
60198,-1210,-1945,5796,382,-227,-1036
60199,1011,-2745,-3021,-1494,-1230,-1511
60200,-4019,1321,-7798,-646,-23,498
60201,6150,6273,7837,1340,837,-499
60202,4240,-2419,-7778,1592,1170,-518
60203,-1027,-324,5361,163,-171,-67
60204,-2140,-3896,-4898,-274,-1047,-777
60205,-5532,-6687,5029,-8,-510,122
60206,-3210,-5720,1453,-338,642,1954
60207,-2914,5948,5262,-1977,-702,-1437
60208,-3783,-976,6192,367,1545,297
60209,5511,-2059,735,-1895,-16,-427
60210,3622,-2731,6629,-1913,1209,-1469
60211,-5963,4917,2630,-1220,1827,-1152
60212,5562,-7306,5983,467,401,935
60213,-2190,-625,1066,-396,-375,183
60214,3916,2859,348,-1095,1137,-1005
60215,7055,5652,-7270,-162,1270,-684
60216,-6083,-1699,-3286,-306,-1730,384
60217,-4010,7393,-7979,1737,-960,-1688
60218,1282,-4387,5494,1864,-405,351
60219,7622,3169,7996,-633,897,1705
60220,-1587,-1234,-6773,1653,-1944,1029
60221,1642,-454,-7038,1696,-1650,-1560
60222,-405,-7556,-4928,9,1653,-161
60223,-6225,5554,4027,1297,163,56
60224,-4172,4464,-4466,485,190,1192
60225,2355,-1119,1811,1481,-621,962
60226,5897,6561,-2257,-935,1840,1934
60227,6714,-975,2181,-1513,323,-1225
60228,-309,2154,-1076,759,1577,-1117
60229,-4589,-2616,-3986,627,382,-1222
60230,-1307,-7530,7624,764,1026,-529
60231,5828,536,-7691,1353,802,-1277
60232,6131,1270,-5529,1609,-229,-707
60233,-4321,5353,3472,1077,1914,-1967
60234,-3415,7181,-5909,-12,1807,1579
60235,921,4054,-4938,563,-1280,697
60236,6367,-5555,5920,1382,-1536,-832
60237,-7626,-7077,-4642,749,-1162,537
60238,2874,3022,-4678,-74,1391,-897
60239,-5960,7647,6628,-923,565,533
60240,-6077,-488,6990,-1748,1942,1139
60241,-6486,-7,-5531,696,-1261,-774
60242,5026,-7592,-5692,773,1909,1899
60243,-4559,-3640,5488,-529,1661,1961
60244,4772,-6035,-7763,1457,-983,-1936
60245,2197,5508,-5294,154,-1428,1107
60246,7235,162,5479,501,-4,744
60247,-5885,-3782,-4433,1187,280,-1862
60248,-3117,-1964,5795,1420,-644,-1441
60249,1178,7251,-1605,438,-1908,558
60250,-4641,6002,7627,219,1426,-974
60251,7854,-4057,7956,548,782,-1564
60252,4205,1637,2107,38,-636,1269
60253,1261,-1335,-7160,-681,-1478,1538
60254,4112,-3448,2905,-1250,699,899
60255,5756,7399,585,-391,-120,-1686
60256,1945,-1702,-2281,1798,-1233,-919
60257,367,6940,4712,1441,-297,-148
60258,3339,5834,-3282,-1617,1003,372
60259,6852,-7028,-1090,120,504,1264
60260,-4305,6979,-2292,1464,-930,-1357
60261,-5826,2925,-2062,-84,-1409,-1256
60262,7058,7284,2456,1381,-832,1498
60263,1692,2921,3970,-640,348,-1952
60264,3990,-1400,5841,909,1959,-1678
60265,5526,937,1417,-1997,663,742
60266,5113,-3383,5814,366,37,915
60267,-5435,6776,7844,30,1058,716
60268,6600,1717,-6958,-424,1133,270
60269,-7542,2433,2946,677,552,181
60270,-7055,-4140,-3715,404,-659,-1370
60271,268,6680,1744,-1765,1389,-789
60272,-1289,-2633,4612,500,873,-1767
60273,-4253,-6907,-3086,170,1165,920
60274,2547,7597,4452,1509,-79,1178
60275,-5954,-1347,-727,-534,1305,52
60276,3526,5217,-7890,780,1226,-1861
60277,6241,-4226,6317,1827,-760,-1685
60278,-1555,2857,-1363,665,1481,-254
60279,7909,-6117,-2030,-1005,1237,-167
60280,-865,-1764,740,693,-1658,1602
60281,6443,-3949,4945,-1254,-1493,1568
60282,-3193,7654,2427,1842,73,855
60283,4836,1298,-3621,253,1832,-1059
60284,-7974,-2489,5186,-1517,1051,840
60285,3276,-1950,-1518,-1157,-1758,-193
60286,-1576,-1647,4540,1927,919,-1339
60287,1342,2399,5915,-829,524,1540
60288,-6274,-731,2935,-1098,-1430,-574
60289,1040,-38,520,1083,1115,-986
60290,5239,-1584,-3346,1911,-843,646
60291,3387,-5705,3957,1769,-1173,1366
60292,-5854,6801,-2213,-1792,555,-1706
60293,-3738,3864,-6391,61,-1390,451
60294,6132,-5811,-1927,-470,-1447,-625
60295,4794,-2592,-1269,-133,598,1604
60296,3193,-4142,5219,-674,170,1390
60297,179,3966,-1948,884,-1953,2
60298,-2747,3120,-7609,-1244,762,1572
60299,-2373,4077,4337,-198,1607,1737
60300,1066,-758,1951,304,-1984,-1623
60301,5578,-5941,-128,613,-489,781
60302,3439,4131,7926,-1247,-1736,978
60303,-5994,-3862,-787,537,-392,249
60304,1331,-5773,2321,424,663,-804
60305,7043,-6447,-4752,1491,1950,-95
60306,6831,7162,4056,-373,-1693,-1628
60307,5371,-3124,2715,1790,1904,-61
60308,7175,-661,-3479,65,-206,725
60309,226,6086,-1375,38,1121,344
60310,2542,3157,-7587,1766,1527,954
60311,2258,-4089,7169,-435,54,790
60312,-7151,-4596,3281,-887,-1727,1972
60313,-1697,-6221,5529,1624,1490,-731
60314,-400,-5159,5868,-1259,-586,666
60315,3821,-1125,2779,-1527,242,-297
60316,-1538,-2271,-5133,-6,1056,-1715
60317,-2771,-4708,4880,1468,-612,172
60318,7491,3701,4856,-1637,-1337,1947
60319,769,-709,-111,1026,1238,7
60320,-1396,2739,-1151,1457,-656,-592
60321,5145,3234,6257,-136,1284,-1125
60322,1666,2728,-3765,1368,-1512,-1286
60323,-549,-523,4298,-617,-1599,-753
60324,-2008,7,4422,-521,551,-1159
60325,-2667,5775,-3453,208,-442,-756
60326,6953,3079,-7714,1177,922,-782
60327,-2324,-1396,-2702,20,1238,604
60328,-4405,3756,1962,-326,1806,1392
60329,-5731,-1146,6243,1809,1444,749
60330,-1077,6186,5849,816,1603,-693
60331,7012,727,1656,1667,67,1128
60332,4558,-1541,1016,1831,1081,-1622
60333,-3207,4915,4871,1424,459,-1058
60334,5112,4083,-7813,-331,-1209,-39
60335,1394,-4159,-3619,-1706,1065,-108
60336,-1479,7289,6345,1204,-1920,-193
60337,7219,1046,-7237,1570,334,378
60338,-5051,5623,-3803,1286,-171,-1087
60339,5114,498,-5717,-1170,-358,1362
60340,922,-4038,2540,-269,207,413
60341,-2150,-3172,-1874,346,1573,159
60342,4474,-1561,-4851,709,1695,870
60343,-5399,2083,3369,-363,-1329,-181
60344,3702,7697,-572,-1705,98,989
60345,941,-6859,892,-1143,1577,-1908
60346,-2971,-3867,1305,-1019,-683,-1326
60347,768,5279,7787,-1530,-1146,722
60348,-3280,-5207,3090,-1957,-690,-1936
60349,-4058,-360,3513,254,-677,-51
60350,-6510,-4726,7815,-1543,-1776,257
60351,1792,-7621,2975,-1318,-1393,-1430
60352,-5711,-5977,203,-1225,240,46
60353,3438,6694,-304,1744,1599,1354
60354,1183,-7965,-2071,1601,128,471
60355,-2955,2229,6398,-1739,-1020,936
60356,7967,-7201,933,683,823,-1697
60357,1124,-7442,-3484,-1707,-1298,-183
60358,5011,-3616,574,-1250,1499,1909
60359,2452,2020,7736,-1865,1257,1415
60360,6984,-7096,-6958,241,-634,182
60361,-4259,5856,-4333,-1964,-1885,1376
60362,2141,844,-2892,209,-507,1159
60363,-7908,-2610,4725,1160,-543,838
60364,1436,-851,-1752,1821,859,-1335
60365,-4556,-2206,-2015,548,120,-668
60366,2040,-4920,7294,69,-1117,-695
60367,-2744,-6463,767,1416,-1854,1204
60368,-5983,-4296,-4968,678,-1649,-129
60369,397,1563,-5292,618,780,-904
60370,-3812,7561,-3283,1613,-1009,-1244
60371,-1499,-2353,806,802,231,-85
60372,-4902,2401,-6851,-456,1908,107
60373,-1169,-7861,-5325,225,618,-1433
60374,1990,-4576,-4103,1527,906,-216
60375,-2163,-7935,-3515,1883,-23,656
60376,2351,2377,-7433,1021,345,1622
60377,3970,5996,3073,1052,-339,63
60378,-538,7064,2272,-423,800,1365
60379,6266,-3672,7366,-1018,1203,477
60380,3549,-4442,7918,-392,-21,1727
60381,5564,7431,-1188,1356,1301,-225
60382,-3606,210,2367,-1141,321,-1474
60383,-4222,-674,-1820,579,462,413
60384,4465,-252,-6435,-1033,1152,1435
60385,-3503,-7940,2319,-967,-3,98
60386,-2708,-4138,7772,-1472,-1945,-116
60387,-4493,-2281,-4161,-723,806,-1722
60388,-251,6224,1181,-1338,1416,418
60389,-2358,5175,5437,-1073,-723,-111
60390,5475,-3041,1029,-99,218,103
60391,1046,1031,2487,1638,-1126,1862
60392,6714,-2151,-6819,536,-1161,-1805
60393,-1041,5410,-6063,540,-1556,-125
60394,-260,690,-700,-1961,502,-1642
60395,-6918,-710,5597,-485,254,180
60396,6206,1464,-5053,-193,617,-1779
60397,893,6220,-2548,-1903,-1564,-1605
60398,4014,-4494,6635,1995,-391,-456
60399,-5431,-3553,3067,422,-626,1206
60400,-5369,-6564,3037,199,-1913,-1632
60401,886,-5621,7405,-716,-506,1197
60402,-5501,865,-5816,163,859,-683
60403,-3828,-289,2248,1635,-324,-1071
60404,-5868,4364,-6782,1983,-88,-697
60405,3490,1989,6032,-1149,1520,324
60406,-7650,-2066,3299,873,1969,-500
60407,3707,-3102,-7945,-1314,833,1874
60408,-6600,5695,3834,-275,-926,-1091
60409,-1669,-4717,5062,-1322,689,574
60410,3392,-4317,6288,-460,-379,-263
60411,5624,-7036,3316,1764,-1902,1231
60412,-2786,-4482,-757,-1043,650,1270
60413,-2374,-836,-2280,-1799,-855,-534
60414,-6573,1268,-3877,979,1517,-1050
60415,-6669,433,-378,-396,-1467,1488
60416,5155,-4011,6068,1378,1188,489
60417,-4112,-2511,1654,-189,1979,-1017
60418,6136,7959,24,303,-853,1379
60419,4312,-2887,-7353,428,-1593,-850
60420,-925,3357,3433,175,-233,-1593
60421,-7589,-5410,-6102,-1114,738,-993
60422,2773,729,4200,991,994,208
60423,-4932,-2114,4419,1376,1070,302
60424,-922,6649,-3117,-871,-796,-830
60425,-4773,3629,-6173,796,1712,1295
60426,-3844,-1062,7627,384,-1965,1731
60427,-6056,7079,-538,-1943,-1735,60
60428,-4391,1315,-1026,-1374,-1813,-1098
60429,3560,4499,6059,-348,1615,-1014
60430,-4121,7733,1895,850,-1339,-339
60431,3228,6489,-1227,1535,-1449,1350
60432,3984,163,1173,732,-531,-378
60433,7445,-4941,-3662,1592,-164,998
60434,5058,-873,3701,-1353,344,468
60435,2349,-935,-5262,221,1608,-1324
60436,1416,-1568,-1516,-791,-924,-800
60437,-5952,-3492,-6856,90,95,-1014
60438,-2222,-981,3005,286,-1469,796
60439,-2932,-7901,2554,419,1291,1824
60440,-7951,2029,-1497,1159,1529,119
60441,-5866,4297,2376,70,1451,-1940
60442,-7401,5237,-3746,6,-1085,-463
60443,6211,6906,-1301,43,-1325,1809
60444,-6812,-2001,-3970,-902,-244,696
60445,5587,2788,2640,128,1912,-1361
60446,596,3551,-7864,-490,404,512
60447,-1943,6820,3168,1321,263,-1793
60448,6574,-7061,7499,-1604,1338,-1787
60449,787,6001,5043,1925,-1110,92
60450,3552,7281,-852,484,1748,1618
60451,-6295,-1292,-5029,755,-131,-871
60452,1557,3291,6742,1513,1345,-1185
60453,1024,3246,6851,573,-1546,1239
60454,7907,-6131,3448,-1037,1465,991
60455,7312,6933,1477,1258,-281,-397
60456,7059,-7059,-4550,1907,581,320
60457,7564,1972,207,-1433,-712,-915
60458,3142,-2016,-2141,130,1178,-445
60459,6541,-5702,1310,1592,-455,1147
60460,-5620,5562,1274,1870,1598,-1412
60461,-2280,-605,4633,723,-1741,-1128
60462,975,5893,-3343,28,-976,410
60463,-3607,-2332,-1909,1877,1820,1824
60464,-5985,-2670,4766,-856,-1450,502
60465,6090,-7475,-5286,-928,-215,1229
60466,4212,-6063,-1643,-1764,-1241,-1458
60467,-6839,6107,-933,1144,980,-790
60468,-5046,6575,6100,193,-1237,557
60469,-4604,-673,-849,1361,1379,701
60470,3453,-4596,379,1874,-28,64
60471,-1930,1320,2191,-811,-925,-1074
60472,3230,3127,1707,-1529,-834,-1500
60473,-5416,6735,665,-1486,-1384,-951
60474,-1926,-7234,5370,906,1435,1310
60475,-4348,5931,5050,769,1825,237
60476,7062,-1549,-70,-453,1587,-821
60477,-72,1371,2837,430,-227,-373
60478,5279,4056,-7942,160,-57,521
60479,-4781,5112,-2632,-1414,1660,1929
60480,7737,669,-7797,593,-620,-107
60481,4813,-3963,-5923,32,1158,-1817
60482,6151,-4343,3251,-1110,-1144,-449
60483,-1156,3341,-7755,1560,-315,54
60484,-2835,-4962,2789,1863,1732,-1025
60485,-2422,-1004,4881,451,1189,-1539
60486,-2237,2259,6081,1284,1965,703
60487,6790,4009,7592,709,-1554,-1475
60488,3520,-1600,-4919,1733,1746,1760
60489,4759,1226,-5768,-1518,-1744,-303
60490,-2022,2617,-6929,-275,1562,-1792
60491,7773,-4279,6327,1773,373,-1346
60492,-6437,3941,-3400,252,-1179,-533
60493,-1262,2890,-6627,-1921,1119,1390
60494,-3305,2067,5046,-945,804,1176
60495,-7029,-2391,-7749,-108,-1320,1165
60496,-1842,-3919,1799,1405,1242,-366
60497,-7856,-3424,-3904,-1349,313,721
60498,3229,-6842,3647,344,584,1201
60499,7337,-6009,-7792,-1684,-1329,-930
60500,-7515,5572,1055,-931,1749,385
60501,834,3734,6708,232,-792,363
60502,7939,-5839,2000,1223,1789,544
60503,-50,-1598,-1080,1415,-1147,-134
60504,7238,-206,918,623,1894,1987
60505,-2800,1401,-163,1519,-778,-1627
60506,6703,-6862,42,160,437,-1115
60507,-398,5747,1629,455,-183,832
60508,-1562,675,-113,570,97,750
60509,3013,-662,6624,1876,-811,-1688
60510,-4579,6288,-7062,-1860,-1280,-826
60511,-3265,653,-1758,871,435,-1433
60512,5083,-5822,-2682,1889,176,-1951
60513,-2304,5232,-6888,1511,-761,1381
60514,-2939,-6657,-3991,1848,1670,-621
60515,-534,2818,-5813,974,1238,-538
60516,-5587,-7397,7353,-880,-420,1610
60517,2388,-1029,-7933,-1178,-1172,1016
60518,3692,5336,7334,1124,-339,-1813
60519,240,-5138,7496,-1868,-1470,648
60520,-4935,748,6051,1817,-946,464
60521,3778,7386,-6269,-258,31,1753
60522,6621,3371,3582,-1459,-1904,237
60523,-2301,1301,613,1072,1850,1996
60524,-6133,4818,-3583,-1996,-553,839
60525,-894,6940,-3910,-1778,1875,-1173
60526,4440,2051,2672,-673,-540,-1128
60527,-6334,45,403,-1254,95,797
60528,-6231,-7432,3269,-1385,1525,-1000
60529,-827,-1493,1101,-661,518,109
60530,5889,9,4713,-1231,1669,-1399
60531,2935,7176,3329,-346,-1860,-1039
60532,1194,-558,493,1685,-1984,1146
60533,2263,-2662,6231,-1746,-1911,-1648
60534,5766,5598,-6381,-1173,682,-1102
60535,6056,-3699,1232,1899,318,726
60536,4422,-1478,-330,-1165,941,129
60537,-1322,2647,6472,1807,1368,-552
60538,5375,4672,2828,-1594,-495,584
60539,1881,5447,5967,1261,-1971,-423
60540,3576,-4530,302,-7,1656,-1501
60541,2614,3751,301,1621,-549,1113
60542,-1063,-2702,1520,1516,-1237,-308
60543,-2049,1511,4892,-1531,-1798,-5
60544,-3523,-6422,1732,1806,435,866
60545,1225,7356,-906,1827,-819,985
60546,-1604,-2921,-7316,-1614,-1004,1016
60547,-6598,2884,-223,393,1545,1895
60548,2600,1222,-1140,644,1940,176
60549,-7355,7039,5495,1876,356,-1795
60550,-1615,7328,-5548,1322,-641,-1369
60551,-1467,6286,6916,1117,1448,86
60552,-4774,6306,6668,-1305,-452,-1074
60553,7042,657,-6763,-954,-369,-1211
60554,7465,-3989,3521,446,-687,-965
60555,-2996,-4295,-4818,-1249,6,1524
60556,-7922,290,-785,1567,-554,575
60557,6084,-2415,7711,1623,-717,1725
60558,-2299,4210,5011,-525,1944,1928
60559,-4174,422,1992,1239,1828,1442
60560,-597,-6282,-6682,474,-1451,-1053
60561,-3131,-7310,2684,1297,1078,-1043
60562,4867,2601,308,-860,1336,1264
60563,6935,-1177,-3993,-608,-57,-1310
60564,-1821,-6637,4354,1802,-495,-528
60565,-7478,1841,442,-731,1413,-1640
60566,-3967,-1870,1950,-1437,463,-1674
60567,7578,-269,-6113,-1434,1528,1553
60568,-1563,4543,-4036,1909,-45,1803
60569,-1147,1875,-5101,1682,-337,-1675
60570,-4982,4968,1009,1126,-1777,-31
60571,4717,-4510,-2856,-1038,-90,1380
60572,-3958,4864,-5917,-1159,-1519,-1463
60573,-6572,-4628,-1937,1934,-1241,1917
60574,2375,4171,2806,-918,-400,-352
60575,1199,3499,1307,-457,1975,-1775
60576,-2076,-1448,2453,-593,1746,-936
60577,-6013,-1423,6564,-1709,-1728,-332
60578,-963,-6380,1200,92,873,-162
60579,-7876,-4235,1271,600,-1570,-53
60580,-4465,-566,-1076,143,1585,1568
60581,-1211,-4216,2540,1921,-1601,559
60582,3083,-815,7388,-1912,-1144,913
60583,6372,-1598,1365,1485,1498,-944
60584,-13,3725,7671,-1239,290,-846
60585,5688,1926,-1542,649,178,-608
60586,-1358,6430,-6812,-1163,-1531,291
60587,953,-6238,129,1083,957,-1851
60588,4005,-265,3867,-840,562,-1869
60589,-2917,2963,-7232,-1457,-1488,-888
60590,-7415,4377,-1285,-1343,-1502,-1823
60591,-434,1668,-6776,-902,-1129,1134
60592,-1678,-2511,-3036,139,-854,-1074
60593,7908,-5199,-2884,-1169,317,1680
60594,6794,-3805,3438,1962,-1042,207
60595,4079,1648,-5675,-1753,-1383,-879
60596,1279,-3209,7120,-795,-635,-1196
60597,-7189,227,-607,957,-1370,-400
60598,3832,-3190,5899,1128,849,-1955
60599,4920,-4484,-7885,-130,1529,-887
60600,3408,-507,-3697,1924,-916,-1155
60601,-5659,6545,4102,1423,-1620,-1401
60602,3759,-4621,789,1622,1833,694
60603,-4004,1695,3142,-1107,1682,497
60604,4494,3288,-220,1047,1044,145
60605,4958,-4963,-1787,-284,-645,1824
60606,6778,5065,-2340,135,-756,1679
60607,-5387,2081,4422,696,1471,61
60608,-7177,833,-6225,-235,57,-1078
60609,-1980,1485,-2751,1986,1545,1997
60610,7276,4348,-1353,-1845,943,724
60611,-1692,7406,4210,-481,1448,1421
60612,7746,1481,3508,1304,970,1934
60613,-5541,6074,3325,786,1552,1861
60614,-2898,6436,-7556,762,559,-810
60615,9,3195,-2186,828,-1998,-1021
60616,1915,5421,-1906,-1880,-649,-1901
60617,-3104,3583,7236,454,-681,1092
60618,-6945,-5795,2432,-769,-924,-529
60619,2017,-5025,-4453,540,-312,1513
60620,5286,6447,3433,1851,-30,-618
60621,-1481,2059,-6963,1685,1554,1007
60622,-3314,2458,7712,-865,1627,165
60623,6994,-7609,4001,-1176,1636,1455
60624,6733,6591,1090,677,-1963,623
60625,-646,6862,7481,418,95,-1518
60626,-504,6578,1127,-31,1929,-1974
60627,6879,6979,129,-38,270,424
60628,-1894,3046,-7500,1849,1936,-825
60629,-6874,-7439,-787,1224,-1669,-1315
60630,6767,-1537,5396,443,-272,-1367
60631,-2802,4708,-109,-1647,1178,279
60632,-7567,-63,1778,-1506,1788,-1336
60633,-2815,836,5111,1696,-477,645
60634,4387,7278,5833,-1153,-463,-1807
60635,4118,-2330,-5529,982,-539,-841
60636,-675,-4608,2888,1710,-1991,1127
60637,1498,-1249,-6022,-1074,-236,857
60638,-3497,-5743,6143,-1216,-348,1254
60639,-7811,841,-532,1153,454,-1846
60640,-2034,1691,-4665,447,-1628,149
60641,-7172,4646,6447,-1238,1653,-1502
60642,-2309,2989,-7583,528,1377,-1404
60643,-804,-3540,-703,1354,-1328,-362
60644,-3934,-6833,-1627,941,-1634,152
60645,7317,-1406,-1576,-824,-1918,-126
60646,3029,4007,-160,-1166,-1344,-882
60647,96,3979,-4763,-595,559,1013
60648,6756,-7736,-3967,-1014,486,1596
60649,2408,-5045,-1940,-81,353,582
60650,-6651,-1097,-4313,-71,1020,818
60651,4475,2783,-1190,1409,-196,1486
60652,-5412,-4950,-1111,594,85,241
60653,-7401,946,7631,-197,364,-287
60654,-5186,-4943,-6139,-1174,-1977,-1590
60655,-7903,-6742,-4003,740,-945,-1065
60656,6759,-3623,5612,311,1256,-1182
60657,-6907,-2114,1533,-1560,-1444,-761
60658,-4671,4864,-6083,573,18,-59
60659,-1168,-2599,7024,-978,392,-935
60660,-6522,-5217,-1308,-408,1362,-643
60661,-5606,-6645,-1979,1356,1106,1022
60662,3477,-65,-4657,1403,1874,832
60663,-2135,3491,-2562,-723,-1351,-575
60664,6151,5764,-1228,1970,428,485
60665,-2205,4292,7084,1862,293,-1376
60666,2764,-1429,312,195,1056,1114
60667,-1501,-2985,-7035,416,-93,71
60668,4115,-7550,-2662,-47,-470,1525
60669,-7153,2769,3407,38,-1291,1404
60670,-5859,-6442,3965,-1251,-673,-836
60671,1487,7004,-7346,228,-1161,-440
60672,4841,3173,-5841,855,-1650,1166
60673,4477,2505,6370,1199,1040,1157
60674,-3267,269,831,-1368,-18,-626
60675,-1355,4493,3094,-1953,1201,1941
60676,-5808,5971,580,1234,345,-1739
60677,-2176,6727,-37,-616,1878,148
60678,-6652,-532,2122,-1513,339,1274
60679,-6471,-1076,3835,812,-649,1764
60680,-7353,-5797,-303,-19,-106,679
60681,-1874,3329,-6476,-217,377,-1124
60682,-5108,1424,5568,-1839,62,560
60683,6982,1326,1563,69,-1965,-886
60684,-6827,3646,3981,-143,-1934,-694
60685,-26,-3362,664,1951,-959,-740
60686,-7304,-4431,-1111,1142,890,-961
60687,-6787,3358,-6227,755,777,-416
60688,-6995,5640,6079,160,-1203,866
60689,-5614,-1001,3474,-853,-201,-1931
60690,2007,-6255,-6713,534,-444,-1148
60691,-3034,7396,-2711,-1522,865,994
60692,-5212,4545,6244,1911,-947,-744
60693,-7735,-2330,3416,-594,-761,-413
60694,-3723,1340,-243,1828,498,-389
60695,-6818,5211,-7644,506,-1932,-281
60696,5436,-2745,-352,-625,1097,-1126
60697,6319,413,1701,-100,24,-573
60698,-170,-1356,-712,1260,-1347,931
60699,-3471,7134,748,-997,-328,1963
60700,-7741,-3384,430,-503,217,1489
60701,2338,-2109,-234,-310,1266,-306
60702,-1502,-990,-6885,192,-955,1840
60703,4798,6806,-3221,-593,-1385,1120
60704,5462,-3522,-5669,639,611,-1439
60705,5049,4703,-2932,-1850,1692,-915
60706,847,2812,6984,1934,-1535,122
60707,-3285,-5668,7352,-327,1806,835
60708,-5551,618,6287,690,1807,1956
60709,-3198,5104,-982,721,-918,497
60710,2659,-1090,-677,-1583,227,1197
60711,-2787,-3323,6705,-713,1088,-854
60712,5776,-6324,-7259,-228,-210,732
60713,1304,-4683,5314,-251,-1807,1786
60714,3735,614,-5685,126,-699,-552
60715,-1944,-4877,5801,323,-1486,1165
60716,5175,-7884,-2351,-949,72,392
60717,-7938,-5452,-4747,-1937,578,1447
60718,4030,-6524,-3905,-1379,-548,-273
60719,606,6317,-159,-1944,-804,-641
60720,957,-7898,-1357,665,1271,-1045
60721,-480,1271,1418,-1689,45,-1749
60722,4806,4370,-371,-298,-785,-1406
60723,1534,-6228,7798,-1746,-1321,1907
60724,-1340,-5751,-3744,723,-251,-789
60725,-7969,-5376,-5609,-1117,1426,1506
60726,-3598,-1276,-2263,1464,-292,1192
60727,2275,7419,6499,1577,-513,1479
60728,-2850,-1450,-2865,-42,272,52
60729,-3476,-5059,6569,656,1648,-249
60730,7599,-7110,2496,467,-1502,-1980
60731,-3765,-1640,-6413,363,1256,1264
60732,1242,517,-2139,-1992,1771,-1235
60733,5410,-3031,6285,1298,-62,29
60734,-3082,-716,-4573,1175,-1266,-296
60735,6498,7511,7926,1521,1065,-1385
60736,6095,1944,-5464,1763,594,1330
60737,2150,7057,-4269,-478,817,67
60738,4651,-6037,1949,698,-1973,837
60739,-657,6368,952,-1837,-1266,565
60740,2631,-7759,3043,-33,-1053,537
60741,-6442,-5020,4554,1658,1271,-1414
60742,-4852,-1210,4841,-1045,-6,1308
60743,-1722,-4295,5032,-173,1171,-395
60744,2937,-4383,373,576,-1318,-514
60745,-5453,6380,-6729,132,-541,-248
60746,-4554,-871,-3555,653,286,1216
60747,2013,4018,-5423,493,1840,-1488
60748,2354,-3502,7801,896,725,-1013
60749,-3492,-7163,-4804,100,-830,743
60750,3435,-3394,3568,-837,780,269
60751,1191,4048,4522,-24,-126,-1907
60752,7871,-5067,-4736,607,170,1083
60753,3143,6029,-3851,-1812,162,336
60754,490,-7677,-6897,1985,-475,895
60755,5047,6997,7798,-17,577,-1244
60756,7782,-7230,-7207,-1676,-1288,1575
60757,6369,-3853,-2641,-1245,1778,-1192
60758,-3545,-6397,-4694,-1892,752,-1040
60759,-219,-3031,7195,-38,-582,812
60760,-5165,2472,-1002,32,-744,-1628
60761,4636,-885,-656,1468,1545,1894
60762,4674,2198,1343,-1731,-1975,-431
60763,4217,-1933,-1581,1547,1588,-368
60764,772,-5993,722,-44,1645,98
60765,61,7079,-7419,1325,-985,-1636
60766,7602,-6868,3741,1699,1737,238
60767,7081,-2555,-4136,1843,449,-649
60768,-3365,-1107,5929,-1788,-1803,-374
60769,-7270,7467,6857,1742,-1692,1035
60770,-931,-7823,6836,-714,-1711,-1026
60771,4995,-3413,6910,-1066,1761,-1103
60772,-5696,1934,5264,594,-1797,-727
60773,-6243,-579,3592,-740,11,-520
60774,3500,-615,4726,-940,-1251,1373
60775,-1309,6033,1960,-1183,-177,-1814
60776,-2944,-4905,-4092,-644,1956,-608
60777,-7748,-5704,-971,-1894,1295,-1517
60778,-3131,7145,-6147,288,819,-516
60779,-6177,3607,-4611,764,1416,-1603
60780,-1135,-2419,5978,-928,1370,796
60781,6299,2857,-913,1219,-170,1957
60782,3740,-3108,-4508,381,1696,1611
60783,-5139,-7198,-7685,1297,-537,1191
60784,-1986,3356,7902,-1064,1212,728
60785,-4204,-6828,4209,269,719,63
60786,-3913,-2939,638,-945,-63,-157
60787,-4472,-5541,7900,-691,1649,-1237
60788,-2273,6076,-1028,264,-443,-733
60789,-1330,-2843,-3264,-150,562,-373
60790,-5122,-4618,-5174,504,526,1414
60791,717,3349,2516,-301,-35,-703
60792,-3103,4891,-7995,461,-945,-1728
60793,-2559,-1155,4837,645,-1745,1819
60794,-1398,5147,-147,-302,-1141,1382
60795,-6726,-1629,7732,-243,-1551,147
60796,3028,469,5033,-1297,-360,946
60797,2442,-3028,-2061,85,506,-1816
60798,5899,4109,2315,1292,-262,1336
60799,7885,-166,-6400,754,-1834,1899
60800,-6762,-3587,-2299,1349,-1917,1988
60801,-1252,-424,-3048,-1751,-1446,328
60802,6926,-6584,4191,824,1099,-901
60803,-4101,-1578,-4898,149,846,1294
60804,912,-3587,7846,606,-376,-358
60805,-605,-915,-5815,-645,-1487,-1942
60806,-5345,-4078,-6889,1667,-1767,-1926
60807,-2524,523,-1224,-1446,764,-466
60808,4833,-7647,-4637,981,-1319,762
60809,-5867,-3398,-6218,-1487,-1598,-947
60810,2169,7603,-6118,1558,-1196,1513
60811,1121,2314,-6189,-82,1130,1405
60812,1829,5301,-268,1396,-1991,-1973
60813,6074,-6405,2637,-590,1141,621
60814,273,-4112,6803,-404,1735,1842
60815,5995,7041,-5490,-1484,-940,20
60816,-7553,-2693,-5666,-1204,-473,-1959
60817,-5461,-7584,346,-403,10,-1922
60818,-1445,3935,6526,-1187,1108,-702
60819,5997,7465,2564,-301,-1709,5
60820,7422,-5421,5825,1191,996,828
60821,3325,-530,7244,-1183,-968,-1718
60822,-4948,4870,-5531,-195,-344,436
60823,6616,376,7010,-789,434,17
60824,3026,-4790,-6890,-1272,93,1974
60825,5561,-7822,-1529,-1177,-428,-1486
60826,450,-4765,4647,885,1944,-523
60827,-453,4089,6389,-1306,-39,595
60828,2674,-6818,5759,410,1053,-1440
60829,2804,-3056,2609,91,478,1188
60830,-5105,7886,-1298,-351,1145,-1459
60831,-6415,-6275,6244,-13,1399,-648
60832,-4989,1309,-5928,651,214,-703
60833,-7784,6036,-3302,-1848,1095,-1281
60834,6724,2687,-3895,1673,987,-1816
60835,5640,-6817,4689,-1214,-1323,1862
60836,-7636,-5169,-2323,546,38,1167
60837,-363,4809,-311,-1971,352,1410
60838,-3698,-3869,7758,-39,-1178,-325
60839,-7877,1850,-605,-1601,-1965,1200
60840,-1425,-708,-39,1096,30,914
60841,-997,3475,6314,178,-684,1913
60842,3075,-5397,-1993,-307,-978,506
60843,2944,-6335,-720,569,-1194,-1766
60844,-3881,-1383,2002,984,-1427,-107
60845,1661,3731,-1886,58,-1737,566
60846,-5937,625,4250,-1087,1715,-1674
60847,-3889,5415,-3338,-407,158,-553
60848,5975,-3539,6217,-1082,-1983,-929
60849,-5208,4737,-4461,1875,1790,-1888
60850,2544,-6321,7770,-387,102,-1478
60851,6941,7125,-3785,387,-1179,-1647
60852,3593,3114,2016,-1927,1255,-235
60853,-1875,649,3313,956,-1310,-1755
60854,-3612,-549,259,241,-162,611
60855,5743,7113,5752,1159,-1849,1994
60856,-2813,5314,-619,738,-464,134
60857,-1455,-5217,1271,1148,-1739,1291
60858,3341,-2393,-5549,1772,133,627
60859,2610,256,1241,-1739,841,816
60860,6061,6273,-7482,-1973,-842,1179
60861,-2327,-1793,837,1723,1865,-263
60862,1108,-2825,6195,-1035,-340,801
60863,-2908,-5142,6962,543,872,-1126
60864,6158,-620,6061,-1192,-501,-652
60865,-1820,523,-486,587,-1909,320
60866,4246,4056,4087,1778,1431,-1604
60867,-640,-7039,2474,1180,1288,-1356
60868,2324,-6390,2646,1327,-1287,-1289
60869,-5080,-1777,3465,-1802,263,-668
60870,5319,3274,-2736,116,123,593
60871,-479,2387,2835,-575,940,-1577
60872,-3952,1238,-4333,-325,1014,1220
60873,5104,-6034,2386,1272,-1747,-470
60874,7965,-716,4814,-185,1372,1386
60875,3713,575,-4615,1226,-957,-974
60876,2040,253,-7324,-1668,-428,-1519
60877,2975,7648,4810,-110,107,742
60878,-2349,2696,3368,1447,1345,293
60879,-875,5496,-6905,-562,-1819,-937
60880,-3554,-2679,-6670,-599,-44,-1451
60881,135,838,-6886,-939,-417,-870
60882,2115,7512,-5949,-302,-1645,605
60883,6126,-5081,5623,1852,408,517
60884,-732,5354,-4612,239,1158,1163
60885,3242,-3620,-1438,-284,6,902
60886,-1656,2468,-5046,-1429,-1734,-594
60887,-7476,-3102,1057,-997,-340,1726
60888,3355,-2120,-303,-1015,662,-703
60889,4761,-3455,3565,-5,-1706,-693
60890,-749,-3030,4873,1751,-34,-24
60891,-2402,-4573,-5514,-1890,1238,-1651
60892,2157,-7734,1063,-98,-1786,-1744
60893,4350,-4069,-4506,286,349,881
60894,6286,-5003,6324,969,130,981
60895,-2550,-4286,-800,608,-1415,148
60896,-6660,-2710,4568,1966,1974,1764
60897,-1949,6791,6404,-890,-625,558
60898,630,-6798,-4712,-701,-1225,-895
60899,2008,-4156,-6358,-1718,-1031,1712
60900,2326,-7863,-2365,-883,1459,1415
60901,6537,-1733,5211,683,-121,-194
60902,6504,4470,5522,665,641,-1418
60903,634,-425,1063,1708,1415,585
60904,3248,-1593,792,1802,1673,-1278
60905,-5099,-3945,6763,1175,1173,1456
60906,7340,6971,-2260,-1090,-662,1364
60907,-5072,5542,-4333,322,36,-194
60908,3939,-6694,4449,144,731,-1137
60909,-2877,-6488,-1676,1307,-35,-1174
60910,6263,-994,5080,-420,-146,-940
60911,7355,-2988,-2367,-530,1784,-1682
60912,5024,-1698,-3584,1665,-313,1650
60913,-281,-6372,934,1008,-54,16
60914,2003,-4245,-3822,880,-460,-1442
60915,-6371,1056,1343,1498,-965,582
60916,-3526,-6958,186,1536,85,516
60917,6449,2514,-5696,-716,-1375,-713
60918,5324,4783,1626,-1529,-1007,-69
60919,-2653,-741,6097,-1358,1755,1724
60920,2844,-7429,-3133,753,-1627,1535
60921,-2981,4599,-581,131,1037,1099
60922,-150,-5061,-2059,1167,941,-91
60923,-1748,6999,3347,-1722,-106,1194
60924,-4518,-2792,-1380,178,-1975,-313
60925,7904,4840,-1388,-1853,-1010,-865
60926,1954,3954,7546,379,1826,1437
60927,-7845,2943,1226,-1857,525,708
60928,2385,-1379,-2088,-928,-686,-1875
60929,-2123,-284,6792,216,1920,-165
60930,3152,6744,3919,1797,-1909,912
60931,-7053,-4385,204,72,1952,-1935
60932,-6067,1786,5525,-310,-1106,-366
60933,-997,6325,874,337,-453,1695
60934,3140,7022,6096,-426,-1995,939
60935,1071,-1161,1326,-1321,-1170,-899
60936,2082,-7901,3702,-1633,28,-929
60937,-5621,3445,-1363,1286,-1422,345
60938,-600,-4082,-3473,1937,-1456,-383
60939,-1776,1474,4354,-1151,-793,1338
60940,972,5804,-5238,1909,-1995,1248
60941,1659,-7208,1759,316,480,-807
60942,-7101,4123,-6176,-1353,1717,-168
60943,-7185,5024,5509,620,277,306
60944,2901,-258,-2520,-1153,1862,-1951
60945,3321,5112,7417,284,55,-630
60946,-4205,5606,2840,-1897,761,-1981
60947,-1046,5896,-6824,-943,-971,1038
60948,7470,1094,1267,662,-238,1773
60949,-1029,3453,-3073,-677,754,498
60950,-5865,-6612,-76,-938,-637,-1225
60951,5610,7946,4857,-1000,-370,1244
60952,1653,4201,4475,-1199,1017,-541
60953,-1548,4842,7011,864,1665,25
60954,2724,1162,4993,963,-1592,-105
60955,6051,-3277,-6725,-958,1227,1599
60956,-3780,4748,6525,-1967,-497,1561
60957,-3475,-4748,-7632,1096,1490,-1958
60958,3833,-3710,-177,-1520,-1041,-265
60959,4673,-4277,5401,1338,-1025,1834
60960,-3311,2218,284,169,286,1562
60961,-563,-1434,2517,1131,1407,414
60962,-669,5330,283,1978,1498,366
60963,3960,-6562,3718,107,-1911,-1718
60964,-5364,-4628,307,1049,-1620,729
60965,-1941,1025,1356,1569,-1115,-1519
60966,-7269,6904,6237,-1417,-1077,1299
60967,5720,-1074,-5931,-357,1382,839
60968,-3375,1999,7248,-839,-773,804
60969,-5146,2747,395,-1660,341,-633
60970,-2643,827,3232,1543,-431,1891
60971,1590,-7454,2069,348,-1001,-1505
60972,2889,5624,3610,1217,1418,-1439
60973,-4203,2610,-6892,1837,-1369,-1282
60974,6520,-1136,5570,929,730,1094
60975,5838,3143,-5220,1493,1170,1659
60976,-2678,-6253,7402,1218,-1808,486
60977,3106,-735,1402,1398,-1315,-1196
60978,-7870,501,-5402,1549,-1189,353
60979,5620,-5054,324,1967,-635,-1959
60980,6010,7001,4909,795,1691,-837
60981,-3280,96,4158,-857,-1658,-361
60982,1173,2984,-1607,1467,-102,-1510
60983,-5605,-5065,-4306,682,-721,824
60984,-6637,3410,-401,-1240,1630,1809
60985,6063,3166,3860,-581,-603,574
60986,4415,518,1451,818,-318,1712
60987,3670,889,6314,-1808,0,-1692
60988,-5404,-3384,5911,-578,-1645,557
60989,7633,-2184,-5094,1773,-1314,1617
60990,7716,-4608,-4168,1791,1795,-124
60991,-3118,-336,-5137,1801,-780,976
60992,-1013,3211,-4960,-1032,-916,1765
60993,5023,-7042,-3821,505,-51,1660
60994,3004,6392,-2656,-762,1468,-245
60995,2923,1780,-2682,-178,641,1298
60996,921,791,1707,-261,774,53
60997,-218,-3802,-2730,-488,-343,-515
60998,-3166,6469,6313,-185,661,822
60999,3012,7366,1350,1039,-960,-1881
61000,-3643,-7937,-4558,-1339,26,650
61001,-6635,-4778,-2076,-906,255,-1572
61002,5347,-2997,2545,1504,1484,1993
61003,-3949,-4689,5281,-636,1312,-1635
61004,3692,-7978,7421,-268,-1359,-59
61005,5684,-488,-7241,-1473,1320,-1310
61006,-578,-541,-1209,856,-506,-523
61007,1041,-4949,-2227,-326,1549,-1770
61008,3116,-4271,-6336,1977,-439,1753
61009,-1832,581,-3569,-1058,-380,-559
61010,3375,2784,-3058,-550,-122,-1167
61011,5056,-1171,-6211,1526,1690,-24
61012,1885,4605,-6594,1591,-334,-1290
61013,-3280,2198,2949,-1609,-400,-1570
61014,342,-5890,-4730,1922,440,-664
61015,-6822,-1125,2187,1643,1057,-1010
61016,-3895,-4447,-2809,1895,-1098,-1387
61017,-507,1020,-5109,247,-1798,-439
61018,5175,-6568,3615,94,-1291,1251
61019,-3905,-6143,-6512,-762,-488,-1674
61020,5574,7984,-7162,1642,-590,1565
61021,-2869,-7503,-5471,-425,-1014,-1469
61022,7953,6046,3066,1420,561,-927
61023,997,6259,5062,-1545,1855,-1769
61024,-7306,-2001,6077,-170,677,1073
61025,-5793,-2967,1311,1076,1054,-1202
61026,-4488,4928,465,1970,1273,-10
61027,2233,7292,-1525,-1143,-67,-496
61028,3590,5484,-6042,1501,-142,339
61029,5142,7659,-3058,444,-5,-831
61030,-6495,497,-6155,-356,-1632,-1606
61031,-2612,1311,-5345,0,1521,-930
61032,-3679,-4963,-4900,-634,-977,1389
61033,-2298,-645,7460,-1948,542,1041
61034,960,-2234,-1521,-870,953,1123
61035,7327,-1645,-6978,-1599,-748,1089
61036,7760,2469,4150,1876,-413,-9
61037,-369,5614,-5740,637,1580,1148
61038,-4445,-6326,-3351,1553,-855,-1205
61039,5472,-5979,-7868,-750,1679,43
61040,-1482,-7436,-759,-803,330,1638
61041,3568,856,1659,1976,-304,-1340
61042,2106,6980,5309,-806,434,845
61043,5059,4114,6975,1239,823,-43
61044,-1347,7667,-2986,1807,668,-1370
61045,3561,-82,1526,-270,1602,858
61046,-3091,7513,-1476,-1948,-1529,1302
61047,-1058,-1050,5434,-175,-1660,712
61048,3652,-1558,-3167,1386,-1169,773
61049,7512,6182,-7506,407,1814,-643
61050,4079,7832,-3685,-788,-407,165
61051,-1574,-2090,-5004,1104,1665,1507
61052,-2291,-4210,-7081,-353,655,-1474
61053,-6045,-2343,-960,-1942,-1216,1917
61054,6044,-5630,4008,-994,-1064,-670
61055,-4606,-6946,-5321,1366,328,866
61056,-5510,-3354,2039,1369,-1702,-624
61057,-179,1901,-1431,-845,-1321,1764
61058,-6470,-4885,7009,327,1230,-1121
61059,-1311,7565,5019,285,-832,-1196
61060,4339,-3215,1562,243,720,-1801
61061,-3922,1395,-1540,-76,32,-1294
61062,-4076,-4126,-3290,-1505,1791,-1201
61063,-3281,323,-3907,-404,-527,1057
61064,-2967,5434,6556,802,1708,1360
61065,4165,-4176,-7547,1338,-1782,-1669
61066,-7817,-7943,3970,-125,733,-681
61067,-190,7449,3905,1382,-1688,1292
61068,-724,6161,5392,-892,6,-1990
61069,-116,-4427,-5932,1006,-299,-806
61070,-487,818,-1822,-1698,-394,-1516
61071,2629,-6092,3044,1743,-1622,-1884
61072,6644,4346,-4497,-468,-997,-366
61073,-5429,-58,5071,-1468,1460,-1751
61074,3089,6035,2569,611,-337,-519
61075,1057,1233,3912,1923,-1319,1388
61076,-107,3562,398,-1459,-933,784
61077,285,-1263,-81,588,927,-1643
61078,12,1446,6496,833,-706,-1528
61079,4450,6810,1182,-651,377,-1955
61080,6434,5302,3292,1490,989,-1297
61081,-5752,-291,4268,-334,-495,-312
61082,-1851,6491,-6019,-823,-312,-386
61083,922,-4499,-4294,88,-1904,100
61084,-184,1453,-3383,-950,-580,1387
61085,7513,3531,-3697,-1648,-1444,778
61086,1088,-6673,-4371,-1149,618,843
61087,7463,-5280,-2873,-497,-1408,-68
61088,7391,-6521,-6575,-1160,1772,1106
61089,-4397,6867,-2273,247,-1685,907
61090,-7176,6630,-1540,-1042,37,8
61091,-4889,2586,-2190,-1350,-732,1987
61092,-2486,-3501,1753,185,-1974,-1314
61093,-786,5588,3846,990,-1783,1126
61094,6164,4395,160,-452,-1656,525
61095,2003,-7908,3248,-1462,549,199
61096,7737,-1348,-2648,1818,-726,1863
61097,184,-7195,-1507,-740,1235,-1000
61098,837,4782,-3346,338,-1113,1258
61099,4595,1813,6680,674,228,-1467
61100,4357,-2250,-5572,1898,-1144,-1148
61101,43,-678,-6127,353,243,386
61102,1558,5882,6900,-784,1974,-532
61103,2903,401,302,1601,375,-529
61104,-4595,1028,5178,-724,305,-1735
61105,-1936,-5202,-4059,-1868,-718,1724
61106,3216,7953,-5008,-666,-1810,1859
61107,6026,1301,-3573,-1216,1421,-369
61108,-3504,-7161,3411,1317,1905,965
61109,2202,6901,3293,-1876,-1645,1938
61110,-5282,6826,6965,-159,-744,1210
61111,5800,5539,7569,-641,438,959
61112,5402,1070,-1279,-392,-750,-848
61113,6130,-1399,6623,-1471,-1005,-682
61114,4322,546,7071,-1360,1499,453
61115,-2391,-7665,7291,-411,1395,-1756
61116,-5166,5757,-5691,1953,1841,-147
61117,-7759,5334,-4625,-1915,-1194,-999
61118,-1549,-7132,-497,733,-1117,1476
61119,-5685,2871,-6311,1890,937,1477
61120,150,3207,-2429,1159,-1149,564
61121,58,3317,-7060,-1685,-233,734
61122,-7965,-6774,1846,-1110,299,-1596
61123,5865,7119,-4620,-1408,-1396,1163
61124,51,-3156,2451,-916,-1665,-545
61125,-7735,3084,5058,-1022,1859,-240
61126,-1183,7501,-4685,-867,-1364,-212
61127,-7829,-1263,7554,942,-1535,-1376
61128,1752,5823,-1463,1077,444,1326
61129,-6524,-553,-3129,-314,-1836,-1422
61130,2394,6932,4921,684,-1793,1745
61131,-1685,2234,6444,-392,1631,1972
61132,-1929,555,-2235,488,843,-1084
61133,-2029,5676,5384,1635,-1483,1594
61134,-5399,389,5568,324,-366,-1847
61135,-4003,-3628,-3914,1723,-219,-413
61136,-5535,4623,6767,909,-516,379
61137,6007,-1843,5267,1755,1257,1242
61138,7854,3190,-7365,-959,-1254,-1691
61139,2229,-4063,-4444,1941,1418,-523
61140,5876,1463,995,736,-1954,276
61141,-365,3906,7529,-1287,104,-1077
61142,-7486,-3591,3138,-977,-1552,1750
61143,4752,362,-1543,839,429,-1846
61144,795,-248,-857,-554,-1295,-1301
61145,-6738,-224,5851,-785,-1561,-935
61146,5984,2949,-3139,-923,670,1014
61147,7629,-886,-6422,-998,-960,-925
61148,920,-896,6485,258,-1310,-1057
61149,-5443,-5257,-5427,656,1517,-1934
61150,1193,-3358,5346,1802,631,1599
61151,3594,7649,-7116,1703,1131,-801
61152,7156,5842,-5480,1815,-129,-1018
61153,7845,-1570,4956,749,699,-46
61154,-6109,-3540,7355,-1702,-790,-4
61155,6137,5928,-4235,929,271,819
61156,-3101,-1530,6174,-181,-1101,405
61157,-1570,-5668,6059,1140,-435,-241
61158,3192,-4173,2968,-593,-115,-14
61159,6490,-1634,2571,1794,-1020,-267
61160,-4896,-6101,490,1577,-1460,247
61161,-5796,-3241,4008,1923,626,-644
61162,3096,1704,-7660,108,1969,-1023
61163,-2335,-1957,-3582,1365,1148,115
61164,637,-5393,7627,-29,828,-1246
61165,1086,-7091,3052,-1836,155,1638
61166,3811,3835,-4534,-262,-385,-1566
61167,7337,-718,1404,-1772,789,1231
61168,2764,1786,-6011,1749,1238,-1812
61169,-6879,5926,-1374,-1688,-1262,-1760
61170,368,6763,7392,785,-1861,1420
61171,3721,111,6104,573,1189,891
61172,-7795,6848,-7064,-485,1875,887
61173,-138,-2230,-1370,902,84,-779
61174,-5717,4852,-5072,-88,-1377,352
61175,2764,-4966,-7747,574,733,-905
61176,6235,-6012,-275,-261,-1169,-1768
61177,5604,3632,52,-877,1071,872
61178,-4088,-2559,-7107,1456,996,-1536
61179,2691,4594,7482,1228,555,1940
61180,-3503,-2605,2948,291,949,913
61181,1467,-701,772,1984,685,1556
61182,1407,1669,6129,1974,342,-972
61183,-1200,2352,-364,424,699,230
61184,-6033,7284,-5812,-1615,1155,-1296
61185,1229,-3240,4931,-1654,-1165,-1317
61186,6667,-776,4508,1907,-1561,1804
61187,7229,6361,5384,-1221,-811,642
61188,-2822,7797,-4384,1384,-117,-1626
61189,-5510,7089,-5484,-1317,-75,-1401
61190,6145,5520,934,1138,663,-1152
61191,6192,3593,6351,-230,-1646,-1471
61192,-1923,-7207,7777,-1720,-1351,1905
61193,5946,-155,-1169,-453,-1007,-90
61194,1848,-1805,2571,-1018,-80,-144
61195,7834,5812,-6614,-1976,1726,-1038
61196,3704,3169,-2184,1771,-1864,650
61197,-2513,7003,-1677,-1525,539,-223
61198,1091,-5520,-953,1988,1021,-1044
61199,-5869,7822,1432,581,-1116,-287
61200,774,-5312,-552,-176,1879,-266
61201,1112,5807,929,-1304,311,-461
61202,-2539,-4299,-4416,-1296,253,836
61203,2418,-5077,-3832,-1290,749,-1426
61204,6302,-6209,7046,-799,-257,1350
61205,4073,-2011,5068,-1293,169,-477
61206,-5503,-6433,-6567,-451,106,-1246
61207,-3966,-5691,-214,1522,1021,-635
61208,4057,5761,-7695,1661,-1119,916
61209,531,-1733,3778,-247,-440,1144
61210,283,-7020,-4688,26,1326,501
61211,-7397,-1514,-296,1949,-1945,-391
61212,2802,1128,7793,1314,814,-1691
61213,-4856,-3657,-7956,-1964,1196,-1869
61214,-1417,-5768,-17,527,658,1613
61215,-5096,-956,-3664,-977,486,1121
61216,-860,1067,-5644,816,-480,1037
61217,-50,7388,-2401,1858,1917,1459
61218,2698,3734,-5853,729,1998,-1981
61219,6276,-5730,796,-1780,-1676,735
61220,4033,-6286,3644,1079,983,1337
61221,-7250,1113,-788,79,543,-674
61222,-878,-538,-5444,-625,1150,345
61223,-2781,-328,-6659,1726,-439,1655
61224,-532,-1680,-2839,424,1167,-560
61225,5815,6280,3351,268,286,-787
61226,-5980,7456,-4322,-1473,-1871,-320
61227,-7424,-1034,6926,-227,1704,945
61228,-5388,2340,551,1835,1024,-1042
61229,-5374,-952,2302,-37,35,-1306
61230,-871,-7560,-5455,1367,1739,-1053
61231,5045,-989,2275,1939,-1367,-870
61232,-6609,-2015,-55,-1146,-1493,-1467
61233,-7342,-1053,2871,743,149,-383
61234,1207,-2859,-2927,-1947,-1599,1975
61235,-2972,7663,2945,664,1975,-546
61236,-3347,-1490,-2604,680,158,-1287
61237,6956,7143,-3740,825,-1682,725
61238,-4172,2811,697,-1064,-99,118
61239,22,1439,-3794,-368,-243,-660
61240,4363,1022,6499,830,-1787,-312
61241,-7536,-5222,-5917,1409,-1208,-613
61242,-7335,-6368,-3690,-1289,-1305,-322
61243,-1225,65,-1964,-1436,-797,220
61244,-6590,-3744,-7096,-1826,1477,644
61245,3412,-1889,-6858,-139,149,-260
61246,794,-6449,-2092,1733,-451,590
61247,4693,-3792,-2535,23,847,-869
61248,-2649,-7685,5447,1576,-903,1550
61249,5952,6611,-923,1516,-1995,-250
61250,-2027,-7626,7231,17,-1694,1856
61251,-5292,2191,1183,-392,696,1996
61252,-6691,3805,55,1024,-28,733
61253,-6823,3278,-1520,-688,535,-1973
61254,7753,7371,2624,-1015,1428,1694
61255,-7924,-4023,-2217,-864,1235,-865
61256,-7083,-6550,-1555,-1318,-1981,-1861
61257,-2410,6449,5349,-710,889,1123
61258,-7473,-7645,1966,-1343,1956,-832
61259,4110,4952,815,1770,-1013,-1874
61260,2672,3499,-4132,1831,-200,1294
61261,2975,-7359,2692,1854,-1747,36
61262,5416,2257,-6081,-254,-514,-1879
61263,2764,3780,6835,-941,1361,-207
61264,3029,-6614,5587,-1489,193,-995
61265,-2764,-5718,-5806,-1761,-555,-1151
61266,2210,257,1848,-1191,-609,944
61267,-1562,-5505,619,-589,1069,-596
61268,1870,-3568,446,-1885,-1770,1148
61269,-5045,-1851,6566,-1721,301,-527
61270,6193,-3728,1237,1874,347,951
61271,-1963,3620,-245,1061,1857,-805
61272,-6489,-7739,-392,1991,-919,-893
61273,-5401,-4331,6971,1341,-283,-421
61274,-3944,-6444,7143,906,-1236,615
61275,-4952,-5696,-4897,803,1332,-602
61276,2049,-4644,3914,857,-595,-835
61277,5067,6791,5297,-1494,3,-1865
61278,-1983,-2482,1209,1215,-1406,462
61279,-3806,5011,-4327,-258,1399,-830
61280,-5276,7816,1502,-46,1243,1775
61281,4382,-1407,1580,-714,-1829,-581
61282,7202,4048,-2987,-1958,-1601,-835
61283,2154,1903,1526,673,1596,611
61284,-209,-4343,6454,-12,-1177,1619
61285,6768,681,-3064,584,1546,1137
61286,-1522,684,-4119,656,-1569,535
61287,-1468,-4918,-6584,-449,1045,1280
61288,-7246,-5959,4145,709,-1323,225
61289,1446,5048,6404,-837,1045,-367
61290,-4059,4453,5652,269,25,-1182
61291,-4323,-5641,2701,-1135,-77,-1922
61292,7288,878,-1283,890,-180,-1774
61293,-3942,-7464,7890,893,-1012,-1612
61294,837,-297,-2129,1511,379,-1331
61295,-3486,6068,-454,1529,847,1515
61296,6583,7900,-1827,-1162,-551,46
61297,2949,7646,-5226,-544,-744,1282
61298,-4932,-5772,6657,1742,180,1743
61299,-949,4859,-4784,494,-1718,-900
61300,2849,-5282,-6915,662,675,-39
61301,-7865,-1659,3171,-963,1748,-1768
61302,4425,3832,5046,-1007,-806,-947
61303,-5370,-1390,-4676,473,1388,-1278
61304,5753,-1602,-7673,-1640,252,-1763
61305,3207,5986,4887,-764,-619,-626
61306,-159,4542,2436,1079,-1265,-978
61307,-2209,-4087,-5046,1652,636,186
61308,375,-7102,5266,-304,-645,184
61309,-6743,7925,-4339,118,-1807,1835
61310,-2880,-7686,1493,162,1379,-1658
61311,2809,4144,-7386,-1347,1652,-870
61312,1178,6499,-6146,564,1704,519
61313,-806,5842,1113,-1832,-12,-942
61314,-7054,736,-3073,172,619,592
61315,-3698,-8000,5703,-1742,1763,1473
61316,6306,-4934,6629,-818,1904,743
61317,5669,6503,3353,-1489,1421,-1934
61318,-4175,-88,4683,615,-678,630
61319,-1931,3487,155,-282,-1235,504
61320,7434,-3641,-3163,12,-784,1811
61321,5539,3248,-3511,-1987,-763,-824
61322,2983,-3894,-4767,-1442,559,1286
61323,2119,-947,7582,1869,-59,-811
61324,7997,7027,1613,-981,103,-87
61325,-1356,5626,6596,546,1730,-113
61326,5246,-4925,-2889,948,-1720,1273
61327,-3566,-3206,4634,-1984,-1076,-390
61328,5019,-3318,-2262,437,-1126,42
61329,5339,2977,-3768,-221,1843,1232
61330,6462,-834,-7950,-1371,188,-1081
61331,-6191,-6836,3352,717,1279,408
61332,-5649,-2698,-4480,1733,1754,-1249
61333,-7518,-7850,5075,271,-536,1799
61334,242,5620,-2513,1100,1937,299
61335,-3766,7705,45,-1739,1229,528
61336,4215,-102,-1324,-344,-930,1757
61337,-424,-2328,3502,563,-284,1768
61338,-2230,1175,-2939,1401,-1566,1375
61339,-5060,-398,1429,-144,-166,178
61340,-1624,7436,1303,-1862,-1884,-1432
61341,-3061,-1821,6041,1168,939,1494
61342,-1145,2718,6799,1426,1532,881
61343,-2403,-1426,-5853,1430,-1856,579
61344,399,-1085,-4689,-357,236,-707
61345,7626,2313,-6018,83,6,-450
61346,-2205,-3403,1371,888,1254,-617
61347,-3695,-446,-1087,-257,547,-962
61348,-948,4835,2982,-1604,134,397
61349,97,-585,-3083,-930,-824,1541
61350,-7826,-4467,-5160,1706,-127,1419
61351,-5997,-6756,-3627,79,-1828,1354
61352,4718,-7578,-5957,1089,-909,-240
61353,-730,6407,-3053,1548,-1687,-1166
61354,-3010,2567,-6121,-1091,766,1153
61355,-7780,-7544,7674,579,1633,-822
61356,-1901,3567,4186,540,983,517
61357,1785,-5701,-3321,1469,516,-11
61358,-5083,6049,4960,-1558,1560,1638
61359,-2767,-1207,4960,415,560,1441
61360,4322,-501,4653,-352,-72,-606
61361,2225,7008,-33,1690,-188,-1848
61362,775,-2858,-5943,-1632,-1854,-41
61363,-3145,-3064,-2092,1004,497,-85
61364,-1603,3676,2683,-1484,536,-265
61365,-503,5206,5839,1564,-540,1924
61366,2268,-5302,-741,224,1233,673
61367,-165,-3932,4029,1757,-482,-740
61368,5882,1392,4645,943,501,-935
61369,3267,-7490,-960,-1841,1291,-1287
61370,-2819,-4377,-2806,-1458,-656,1927
61371,5528,5111,-6163,-1771,-978,-1031
61372,4781,-7037,4087,508,1398,1813
61373,37,-1589,94,-1564,1938,1391
61374,-5032,-5222,-3410,1695,581,-1100
61375,-270,-6422,7016,-1776,1085,-1592
61376,-4911,-3409,2315,228,-1383,-1704
61377,-7953,-2065,6959,111,-509,1826
61378,-1328,4704,-3835,-652,-1605,-95
61379,-1465,-6436,-3274,-897,1014,-1603
61380,-474,-3902,-1201,1636,1281,482
61381,-5877,-6621,7231,-1624,-1592,113
61382,7073,-757,535,-1124,-1072,-1737
61383,-4647,126,4452,-1262,-752,-1928
61384,-4156,4994,4846,775,1116,685
61385,-7135,540,4259,646,1058,1717
61386,-1924,1018,7442,1924,-113,868
61387,7050,3089,1728,264,-898,-1346
61388,5442,-803,-7743,801,-1013,803
61389,5819,-3880,-770,1209,-1998,-1340
61390,4799,1992,7114,-376,-1124,903
61391,3106,4479,-810,1232,1698,-891
61392,2762,429,7144,1710,1031,517
61393,-4444,-2737,-7906,-1600,455,-397
61394,212,1601,1175,-1636,119,-1085
61395,-4526,-6867,-6687,1976,1680,-1910
61396,7575,-1519,4782,843,279,1251
61397,6099,-6070,-1838,-580,823,1044
61398,-3764,5420,-2632,-266,53,-120
61399,3851,-458,-4983,1515,1264,1573
61400,6411,3503,1831,-1119,-164,997
61401,-3703,-1504,6255,528,1154,1164
61402,-2759,2904,2590,430,-1495,-1045
61403,7705,6362,6649,-915,145,-865
61404,-3919,4498,-7994,1923,-901,1900
61405,7491,-3071,1800,-1738,446,-1050
61406,2805,-2936,-7220,-616,1240,1246
61407,-4617,6441,-7785,-1993,348,-897
61408,5476,1675,4145,-274,989,-900
61409,7430,-4443,-965,1309,-364,1099
61410,-700,3735,4066,955,1902,-1706
61411,1025,-1143,5494,-1998,-650,671
61412,7521,1425,-2299,-1251,-1724,1753
61413,-3433,7907,-5687,453,-206,960
61414,-1529,2945,-4475,946,1056,180
61415,-6310,4976,-7361,-326,51,-1858
61416,-3223,2905,-2026,549,820,1829
61417,319,-1616,4805,1453,1019,1757
61418,-6930,-5493,-5074,-1564,695,-632
61419,-5367,7579,7693,155,-1059,577
61420,5791,2871,3224,-1873,1090,-1478
61421,-6565,2368,1789,-1149,-1454,-782
61422,957,-2023,-6387,645,-283,39
61423,169,6782,-6967,774,-1362,1633
61424,-546,2240,-2290,-1356,-213,1563
61425,5208,6023,1980,-961,-776,-1454
61426,-4414,-3558,-5858,-1543,700,345
61427,5098,-3134,3185,1259,-698,1457
61428,-758,-724,-6579,-630,1822,1356
61429,3273,4687,-6676,-1329,-1661,1256
61430,6350,1327,1234,1463,172,613
61431,4734,-5358,676,-759,-179,1949
61432,-7671,7777,-5462,1096,-622,1230
61433,5399,7761,2573,-1778,397,1096
61434,-369,-5751,7218,-934,1254,1772
61435,4096,-2588,2613,495,-1598,-939
61436,-6545,2818,-7151,1891,601,661
61437,-7874,-41,1396,175,905,1655
61438,5058,-7588,-399,-694,-1285,-408
61439,-4835,2955,-4777,1804,563,405
61440,2555,-6211,884,535,318,-1775
61441,-1307,22,7665,602,1015,1022
61442,1612,-3550,2885,-1300,-982,-1490
61443,-5604,-4889,5926,-756,250,-697
61444,1275,2250,-333,-1834,-1743,1190
61445,-4635,6720,-4838,1583,518,-363
61446,5403,3575,35,1732,-1994,-1615
61447,2096,3305,-6587,-833,-176,-428
61448,5104,3898,5021,-929,-984,-1927
61449,-377,-1143,5342,1973,1519,1183
61450,-2774,1736,3141,440,1944,93
61451,481,2753,3587,-273,315,973
61452,-4940,-159,1181,-162,-418,-1874
61453,-1150,3820,2449,-750,750,-439
61454,6971,-6189,-3223,-1324,1393,1097
61455,289,-7087,7368,-517,740,410
61456,-7705,6512,-3974,-545,1888,-426
61457,-244,-736,7010,-588,1034,1884
61458,-2698,5549,5289,864,-851,-43
61459,-4952,-6402,4524,-613,-355,761
61460,3703,-7832,-1743,101,1974,-597
61461,7348,-1260,1917,-1445,-1598,-1087
61462,-5113,-3751,-6196,-437,-1687,242
61463,-2427,-3500,-7034,-1716,241,-650
61464,-1495,-1449,-3117,-430,306,1674
61465,-1287,-1020,-1046,1753,321,-1110
61466,1818,2596,-356,-1629,1289,-739
61467,2398,-3843,-1402,-768,-820,1669
61468,-3777,7956,6509,-1281,-1276,-654
61469,-5296,-7443,1521,733,61,94
61470,2751,-6754,-6597,-1608,-600,-139
61471,3653,-3557,-1324,1,-854,141
61472,-7485,-4602,-4489,896,1956,1641
61473,6387,1517,-4991,186,-245,-1764
61474,-270,-6415,6852,-1908,-1163,1936
61475,-7155,-5679,5827,1618,-11,1152
61476,-7587,2870,6439,-1382,-1629,474
61477,852,-6029,7005,314,-1144,-1923
61478,-2625,628,1778,-156,1997,-1527
61479,3951,-5204,5370,922,1617,-1273
61480,-5461,6456,-5726,-372,-1914,-1099
61481,-3739,-6377,-7677,-338,224,1718
61482,-1796,-1565,1732,-1457,1277,-1085
61483,-6371,-2728,-5795,1444,-188,-336
61484,4491,3852,3205,772,-50,575
61485,-5973,-4098,1012,-239,446,926
61486,5723,-7952,4330,1162,432,-653
61487,6840,-237,6263,-1655,1637,-84
61488,-561,203,3875,549,795,1996
61489,5321,-6122,-5400,-1579,-344,-140
61490,7536,-2348,7020,1484,-216,-853
61491,2837,7819,-1589,788,-1355,1626
61492,4125,-1502,-4911,1629,-1309,-574
61493,1238,-3961,-6101,1056,-1174,-91
61494,-2051,209,6953,694,-813,1970
61495,-6161,-4125,-2016,1491,-1171,-526
61496,6761,-2976,-2400,-1876,1915,449
61497,3632,6066,7196,-1394,-1741,1305
61498,7797,-7847,-41,-868,519,1991
61499,-4408,-7055,-4396,-1632,-324,-168
61500,6836,174,4751,710,1756,-425
61501,2003,7595,7142,-6,-170,-314
61502,239,-4078,3767,-1049,-97,-1828
61503,586,-2298,6054,1574,-953,-671
61504,2697,-5816,-5868,-162,-857,-1092
61505,-4161,4969,1563,335,-28,1975
61506,-979,6186,1228,1482,-562,-1456
61507,-6054,4433,3056,-769,114,1261
61508,1754,7702,-3108,-16,-338,1470
61509,-7912,-7490,4996,1253,1596,42
61510,-2887,-4212,-5043,736,1995,420
61511,6451,5990,6376,339,-212,-443
61512,-319,5889,-2100,-985,-1683,477
61513,-6279,3077,6164,922,-1827,1678
61514,6796,-3567,-2827,-910,-1878,-1697
61515,7313,3965,-1094,1848,804,522
61516,-1503,-1927,3322,172,429,-934
61517,7196,3596,4311,1066,-1872,-1950
61518,-3218,-6534,-4904,575,-1998,-21
61519,6981,5696,1443,-1657,-1224,-1048
61520,-932,-5650,3903,319,1745,-1479
61521,3945,1127,7001,-1356,352,465
61522,-7313,3095,2188,1359,752,933
61523,1405,6867,4845,541,1316,-1891
61524,7908,5175,-3829,225,1121,-1241
61525,7786,2073,-6538,-892,1354,1125
61526,-6280,-1635,3324,1495,573,1467
61527,2943,-3073,-1268,-370,-980,374
61528,4338,-2815,-5269,-902,1677,-1878
61529,7330,2418,-3018,-189,185,1941
61530,-2685,-7651,-2183,907,1096,1251
61531,-1613,-7754,-1096,878,1363,-744
61532,-1549,2174,-363,-461,-739,829
61533,-5281,3158,-4809,572,1538,1579
61534,5154,4674,-350,1715,-1884,118
61535,2817,-6940,-1906,1344,-553,583
61536,-7047,7303,2572,-1022,-308,-1554
61537,-4771,4047,2339,769,-1731,90
61538,-2918,-580,6109,-317,-773,-597
61539,-2689,1654,4327,1245,-896,-121
61540,3464,4606,-300,-1885,-1855,947
61541,1956,-149,5011,1507,703,-1515
61542,-383,-4060,-1016,-1528,-1820,699
61543,1576,7853,-3946,762,1949,-813
61544,-4592,3928,6363,-76,459,-990
61545,3854,4068,4359,1280,1912,-1131
61546,4028,7149,6028,1038,-12,-787
61547,479,600,1150,-37,270,-1662
61548,5901,-6459,-2647,611,357,1147
61549,2437,1594,-6288,1592,-297,-1725
61550,2021,-7604,474,441,-132,1688
61551,7107,7294,-7499,297,1090,-1447
61552,-5880,2341,-4521,993,-725,-1546
61553,-5472,-495,6692,1489,788,1056
61554,6864,-4416,6201,-151,-223,1050
61555,6804,-2035,3440,-1166,1537,-588
61556,2898,2046,5166,1930,871,460
61557,6172,-5067,-1408,-198,-1807,188
61558,6883,-6139,3299,-1334,110,-1417
61559,6646,3682,-2471,1010,1807,1981
61560,3012,5313,-516,318,-1708,1999
61561,-1480,-16,1684,1855,604,1709
61562,-2297,-1758,4189,179,-942,1620
61563,6552,-2616,-6416,1481,-1212,-1728
61564,-5737,1259,457,-556,885,-1033
61565,-5384,6529,-1551,-1752,1306,1188
61566,-5834,5203,3047,-1766,51,1025
61567,-5810,6368,6681,248,161,506
61568,2587,1883,-4683,-507,-1710,-1486
61569,-1910,-2086,3463,712,993,-201
61570,-5349,-7827,-413,-754,-1330,-119
61571,4421,4610,4884,-184,-75,547
61572,-4579,-6463,-7955,-1397,605,1449
61573,7896,-6790,7699,-109,1716,-711
61574,7550,6827,-4488,-347,1209,-579
61575,-5142,3624,-5730,1997,1706,-872
61576,-5831,6574,-1962,1284,270,112
61577,-2826,7656,3497,-409,809,1109
61578,-7499,-4339,2955,-1510,1814,1834
61579,2376,-5469,7690,459,1604,1282
61580,5273,-1835,-2310,1952,-706,1514
61581,-4125,-4553,-1668,1217,1115,1617
61582,-26,-2146,4270,-113,1765,-1932
61583,7561,1986,6600,-824,783,1210
61584,-7600,3036,-7108,-1494,-1540,-1678
61585,3020,41,-223,-1558,-390,741
61586,-2848,1345,-450,1910,-1922,-1063
61587,5241,84,-5107,1630,-1017,254
61588,-5881,596,2626,-1022,1055,669
61589,-7345,-3352,-5628,-730,1564,877
61590,-559,-6752,-7866,-1264,-802,-568
61591,-6105,6699,1276,1907,-173,-279
61592,520,-1684,-3857,718,1542,-1751
61593,-2833,1273,1349,1011,317,1645
61594,4195,-2043,6216,-1893,80,-1524
61595,-3952,902,-3173,-671,-1864,-588
61596,-5152,-7341,-4507,359,73,-951
61597,-4168,-3045,-7835,1274,-1027,738
61598,-7209,-2234,-5047,1522,-384,-1274
61599,-1628,809,-6474,-971,-1035,-1887
61600,-286,-4887,5252,-1368,-824,1565
61601,-5723,4397,-3271,-1114,-1665,1570
61602,5598,7105,-104,940,767,107
61603,-5409,479,477,-1633,974,1926
61604,972,-2982,5969,-1155,1487,-1190
61605,-7464,-2236,5328,-1960,-1913,-337
61606,-1483,-4491,-5663,1809,438,-397
61607,6868,-6409,3709,609,-76,-991
61608,4053,6658,-3902,346,-1169,365
61609,3344,-1421,-3449,-650,-661,443
61610,7876,-354,4255,1791,-1716,1204
61611,-1053,7881,6563,769,-1634,793
61612,7138,-5349,-7934,1274,-873,-838
61613,1075,-2917,-2137,1649,1531,953
61614,-3497,5646,-7626,1899,-1191,615
61615,2594,-3551,1326,-1962,653,-19
61616,-7355,-3346,7524,-862,-612,1194
61617,-1674,5317,2265,-904,1592,-193
61618,4292,-5115,-1658,1717,63,-1583
61619,5573,-1695,6560,1008,1497,1135
61620,7552,6393,3804,-324,-1486,-1177
61621,-3092,-7458,-1887,796,-1289,988
61622,7678,7091,409,509,172,234
61623,-5929,-4210,-2553,1561,1117,-448
61624,2992,-5714,-4081,-192,-636,-170
61625,-7211,1092,3262,-308,1964,-1286
61626,4647,-5561,229,29,1474,220
61627,1695,-3219,-5263,-121,1150,1253
61628,397,4552,5533,-1769,-186,2
61629,-3537,1308,-394,-358,-842,421
61630,1249,1962,1512,-898,-1281,486
61631,4565,2906,-5794,-1577,528,-1318
61632,-119,6057,-2516,-1893,1572,-32
61633,2983,1691,5194,117,-1566,689
61634,-2913,2757,-3513,1993,-715,-803
61635,-2485,6399,3797,-783,1021,-281
61636,3803,-97,-6220,-1424,1898,1335
61637,-6439,3165,5945,-275,505,1351
61638,1380,-304,-5565,547,1026,-1567
61639,-6342,-5456,6296,-1653,-24,1671
61640,-2174,2742,-3504,1695,-990,1077
61641,593,1141,5712,465,-1632,1452
61642,6842,-938,1979,1578,-486,-837
61643,2492,6730,-5841,-484,760,-435
61644,-3638,-1293,-2431,822,1694,-649
61645,-6798,297,-1842,-826,1967,-1450
61646,-115,5822,-5224,-1732,-498,-1569
61647,731,-6019,1245,989,-1890,436
61648,870,-5526,-7848,855,-666,282
61649,6716,529,-1124,933,-681,242
61650,-79,7331,-7975,-1766,-738,1603
61651,4333,-4260,-4226,1106,-210,1377
61652,5961,-7755,-3635,340,1893,-445
61653,-7474,-4967,1363,1565,-405,-28
61654,3775,-2448,-3657,-1719,-499,1368
61655,-7455,-2053,-7870,-1797,494,-1950
61656,-6623,-7535,3859,491,1220,1175
61657,-3410,-2533,6447,1359,-452,1066
61658,-4843,-2277,4661,903,-350,1899
61659,-5084,-2559,2636,-355,-1888,-211
61660,-1330,5925,3368,-1284,-497,1979
61661,-4001,-3989,3374,-1066,956,599
61662,-6817,-2613,-6551,-186,-213,-898
61663,-54,-3671,-1712,957,779,858
61664,-7721,-5249,-2601,-813,-996,846
61665,-2601,-6418,7529,-117,333,384
61666,7956,-7046,5519,-208,-62,86
61667,3101,871,2279,-159,1401,1634
61668,-3735,3592,-3375,-1923,392,-112
61669,-4897,-4580,-2673,-919,-1901,828
61670,4425,4614,5062,-4,257,1130
61671,-7188,4110,-750,-560,1670,524
61672,1988,6019,2231,1730,-763,334
61673,774,973,746,188,-281,-136
61674,-2486,-7435,-1675,972,-1042,1787
61675,7837,2207,6267,-108,-763,-1461
61676,-7927,136,3364,-393,1647,715
61677,-2356,-6872,4552,-1772,1706,-656
61678,-6248,4168,-520,-365,-713,317
61679,5984,-1737,6127,-1935,-566,24
61680,4021,608,2874,-1731,904,-397
61681,5286,5117,-3986,-634,610,1985
61682,-3043,6173,5749,-289,260,-605
61683,7028,-5382,487,1811,-1930,-1742
61684,3795,7452,-7685,-232,-617,-717
61685,-3291,1563,3819,272,-1525,-1178
61686,2774,5589,1060,730,-1421,-1983
61687,4095,-1408,2499,-38,347,577
61688,-5398,-7978,-2415,1842,765,1197
61689,7555,-1632,2825,203,1624,-715
61690,-565,7507,1431,585,1386,1546
61691,-7834,-4901,-5400,1882,90,1643
61692,627,-1374,-7029,-1122,631,143
61693,894,-6702,7019,1550,1822,-1947
61694,6118,-3059,-1117,1099,1400,-479
61695,742,7106,3204,-544,687,-1325
61696,-4267,2629,6355,260,-1167,498
61697,-7719,5448,-71,1729,1169,778
61698,40,7303,-913,1406,-1754,-1492
61699,-5207,4451,5037,-844,1940,924
61700,-5465,-2201,5440,1484,-1525,-1177
61701,-7841,-5838,-7644,716,1873,908
61702,4538,6761,4348,-1314,979,-978
61703,7955,5179,-2516,-909,1237,906
61704,4560,-7191,650,987,1133,1921
61705,6176,-871,-1569,-421,142,1558
61706,-1888,-2325,6344,633,700,-1323
61707,-5919,-6053,1811,1922,990,-1207
61708,-305,6255,-666,-349,-1593,-659
61709,3243,1306,-5037,196,-1896,1389
61710,4092,-653,-5336,1420,-1378,-949
61711,-1214,7807,-4154,-333,1738,1223
61712,1735,261,666,-491,-110,463
61713,-6668,-7035,-6997,1100,-968,-1770
61714,782,7847,-649,1156,-1591,-1738
61715,6002,3375,460,726,-1692,1594
61716,-6064,-4104,3906,1086,1499,-844
61717,3568,-4058,7241,706,-238,1543
61718,2612,-1331,1629,-1169,-399,-1244
61719,5048,3684,6583,-1959,-138,-245
61720,-6494,-1484,-762,-72,874,-1025
61721,-2104,-2849,690,734,-1185,-1760
61722,-5492,-2136,945,267,-1105,1961
61723,2363,2527,1351,603,-561,672
61724,7743,-524,-1680,-842,-1422,-1800
61725,528,5927,-1370,-620,-1452,-35
61726,-2847,7856,-6702,478,304,-1654
61727,-6732,466,-5058,-1901,100,-1737
61728,149,-3842,7337,1912,1889,-1523
61729,-2444,-778,-4455,-880,-1145,712
61730,7493,7963,2175,92,-435,-1376
61731,-7506,-4604,-5937,1944,-1693,72
61732,5438,-2509,4579,414,-977,-421
61733,-7540,-5334,-5930,-1928,-656,-583
61734,5640,2837,-1298,-720,-1889,-1974
61735,-4514,-5691,494,690,-335,196
61736,-3479,-3346,-6103,-1657,1201,16
61737,7851,-3266,-1149,1975,-850,1385
61738,6673,-1736,2646,39,-377,178
61739,4939,-7073,-4470,-1651,749,917
61740,-5326,-1465,-2476,-1892,-1336,-1300
61741,6387,-2294,-7141,-1249,883,462
61742,-2620,-5656,554,-1248,-624,786
61743,-2618,6095,2660,-358,-1722,1473
61744,4570,-4951,2794,94,-252,1434
61745,4140,2926,377,-837,-1114,1535
61746,3768,2676,-6717,1071,-732,-1697
61747,2924,2682,1909,-620,403,-524
61748,-7245,188,3261,-195,1818,-1593
61749,6637,-1925,-3679,-1872,-675,1536
61750,3405,-3889,3528,1117,753,-1812
61751,-7314,6729,6305,622,1650,-694
61752,3409,3062,-2277,1371,1570,1190
61753,-6045,784,-6430,-988,1921,1769
61754,-2089,6068,5553,714,1480,1228
61755,4931,4854,-7315,1309,12,288
61756,6869,-2870,-2808,-704,559,479
61757,4847,-6330,-3926,-593,-1691,-1750
61758,3855,-888,1426,1537,-949,350
61759,-1504,4576,-2020,127,-463,857
61760,7817,-3048,-7319,652,-1363,-516
61761,-3097,-5529,2288,1106,-1324,1461
61762,463,7338,-6608,743,336,-396
61763,7685,-2160,4425,389,306,-1424
61764,790,-6895,599,1336,767,-1540
61765,4081,6887,-288,1544,-351,-758
61766,7371,-4238,2656,235,-1094,1249
61767,-6503,-7536,-671,-1857,-1405,-663
61768,7774,1927,-1151,-1420,942,-1432
61769,3126,5158,-964,-1784,1391,-1968
61770,-549,4320,6766,-144,1240,-677
61771,7767,3069,-5021,-1147,948,-943
61772,-3238,5160,-3684,-1973,1800,1489
61773,-1258,-7849,-5876,916,224,-1775
61774,7199,-3847,1065,1337,1432,1627
61775,-2065,1121,-5473,-1370,205,1631
61776,-6710,3456,-7025,1433,919,1415
61777,2594,-7022,-1914,595,1458,799
61778,3807,-2240,7541,-1948,1634,-197
61779,5803,-7241,-6703,-1623,-786,-944
61780,-2594,-463,4200,-1261,382,1076
61781,-3248,-6414,6933,1556,-1411,-1416
61782,-211,-3806,83,-315,-1784,-256
61783,-7785,1228,6327,-341,-1307,-1848
61784,-6569,6179,496,-1588,1874,-1581
61785,-4378,6767,-7782,-1033,471,-826
61786,-4066,-3293,-7024,-536,1267,-698
61787,-1554,-3779,-406,1716,1035,1025
61788,-1367,2020,-4438,620,-1249,314
61789,3920,4768,-4534,1559,1469,-771
61790,-1738,7864,4487,1698,-650,784
61791,-2535,4962,-7709,-116,-1271,1297
61792,-1048,5238,-196,1566,-1817,-1593
61793,870,3266,3477,-561,-599,-1387
61794,-5119,1080,2551,-1985,1711,983
61795,-599,6056,-3159,-415,1668,-1874
61796,3611,-3509,6390,893,-1160,-1558
61797,6596,-6808,-3642,1685,-296,-1226
61798,-7609,3068,-724,1165,173,-385
61799,-2138,-1116,-3789,290,-1250,1978
61800,-5298,2612,-931,1097,-698,670
61801,5081,-2662,-3572,-968,80,-1093
61802,-4452,-6378,-883,1469,1730,1152
61803,-6869,-760,-1537,1799,543,1021
61804,6268,2043,-377,-183,1036,-1530
61805,3649,-4891,1064,-396,1375,-1575
61806,5210,-6390,5506,606,545,-1068
61807,7093,1428,-629,-220,-991,-423
61808,-7185,4162,4205,1036,235,1085
61809,-290,-7974,-2412,1279,-1091,-623
61810,-4982,7446,-2573,867,-1317,-1604
61811,-7460,-939,7462,1796,927,1594
61812,3085,6722,2962,1225,1960,1145
61813,870,-902,-3024,1350,1507,1067
61814,4791,6139,-1597,-1646,-1725,1188
61815,4283,-735,-146,67,-1944,-406
61816,891,-1697,-7597,1036,1448,40
61817,2388,193,1242,1182,1124,41
61818,-6233,-763,967,-1730,794,-403
61819,1546,699,983,-731,184,-190
61820,-2057,-7126,-913,1743,-1159,1083
61821,-5879,-1867,-6158,-1321,1446,231
61822,-7959,999,-520,-1306,-503,1063
61823,6090,-753,-7548,609,-1569,1072
61824,358,4330,-5010,1531,-153,-1948
61825,6050,-536,5039,-1773,-200,1712
61826,2171,-6262,972,-1251,608,815
61827,7287,6903,-4968,948,-1368,1660
61828,-6189,-1519,-2547,527,-218,1368
61829,-7669,-4120,-4837,1871,-963,1742
61830,1163,2444,2816,-1738,-1914,1569
61831,-7668,-2029,3799,-254,24,1099
61832,-7206,5836,-6399,156,-691,-1708
61833,6393,-1041,7798,-416,-765,705
61834,-4751,-3392,2157,-1321,1563,1733
61835,-4612,-3214,-7893,-978,-1569,-1839
61836,-6682,-2359,3697,1221,-228,-30
61837,251,-4775,-4578,1312,607,609
61838,-6498,-3111,-2918,-1437,-1532,-476
61839,4957,751,7064,-385,-699,-642
61840,-4581,5367,1739,-123,261,-342
61841,7723,1801,-6712,564,274,-355
61842,-6683,894,6771,-204,635,1698
61843,4880,5525,1621,-1310,-212,697
61844,1459,-7199,1316,1662,1621,-1908
61845,-1333,-5767,3811,-1801,-1775,1847
61846,-3663,6747,1377,654,-629,-816
61847,-6200,4441,3519,458,1929,-1682
61848,6514,7789,-3128,-569,-495,-1020
61849,5668,6022,-4486,-791,1953,-1191
61850,-2010,-416,2472,156,-1567,-1229
61851,-7914,7992,-4294,-936,224,1653
61852,6565,5726,-7289,-933,1106,695
61853,5399,7840,-2738,781,930,-561
61854,7311,7032,-5574,405,-331,1560
61855,-7123,4966,-4904,648,1781,-1121
61856,-4382,7991,-1519,272,-1047,-1451
61857,96,-5926,3832,705,-1054,450
61858,-6311,3513,2144,1452,1157,-1207
61859,-5011,2858,5786,889,1579,132
61860,-6768,5631,-4750,906,973,-275
61861,4774,7202,574,-605,63,1708
61862,5844,-4581,6389,-1204,-252,-1283
61863,7380,-5882,165,-465,1802,-457
61864,-3295,5990,-5752,1644,976,-1992
61865,4195,-6614,-5326,287,1525,782
61866,-2060,1555,-939,157,-832,211
61867,5641,5997,3977,1158,1508,1134
61868,-6708,2940,-2988,1372,1006,-1502
61869,-4325,-7364,223,-1028,-12,1235
61870,2976,-3152,3998,449,1935,114
61871,-2240,-953,1943,257,-1119,1916
61872,2035,5331,5732,-1424,1498,-1383
61873,-3077,-3664,3363,491,-1698,1204
61874,-2515,4235,-1672,-138,1604,-587
61875,-2551,-3316,4631,-448,310,1173
61876,-4057,6206,-6124,742,332,213
61877,-2659,-4654,7004,-1075,-1634,52
61878,5676,-3321,1370,1026,1355,-374
61879,-5793,6027,-3707,-1688,949,-492
61880,7686,-2107,-5363,1404,134,1456
61881,-6968,6014,-5697,-513,1035,-1572
61882,6142,-3883,5352,136,-202,-574
61883,7147,5083,-2106,394,-285,1389
61884,7048,6879,3293,-64,1092,-1632
61885,-4206,7485,-7989,-951,836,396
61886,-6863,-5740,5056,1953,1404,422
61887,-1050,1593,5277,816,-1790,203
61888,-3896,4151,-3011,1256,1770,-162
61889,-4778,4486,-6248,1735,-226,1680
61890,-4317,-402,-3426,-1568,1990,-861
61891,-2676,-1503,3386,-85,547,83
61892,-4874,3436,6593,920,-134,-628
61893,-3509,6951,1227,1527,-737,-1176
61894,2699,-3017,3158,1524,-1373,-1216
61895,7288,573,5492,584,367,1843
61896,-3322,3605,-1722,-293,509,-1957
61897,-5897,-5181,3340,938,-1329,1318
61898,5278,2332,2027,-261,-800,1886
61899,-1755,-5535,-2167,-1899,1424,-1553
61900,786,2153,5513,-32,214,-1711
61901,2212,1860,-2413,-879,-981,-765
61902,3943,-5688,285,-1616,-726,-1132
61903,-2754,-6912,1370,-69,-897,1417
61904,-3938,1248,6530,170,-1786,819
61905,-3034,3332,436,1107,805,1463
61906,-2796,5456,6223,-1944,1920,1856
61907,2441,6873,5530,-1868,708,1228
61908,-533,4759,-5561,-1935,-1510,-1992
61909,-5835,7192,-2613,-853,-400,1528
61910,389,-7690,-5763,-25,-553,1063
61911,-355,7829,-1813,416,1367,1729
61912,-3905,-3665,-6067,-1049,143,-914
61913,-6559,2285,-2747,-1353,-1082,1576
61914,2232,4301,1546,-1872,414,-391
61915,1946,1407,1471,-25,1950,-569
61916,-958,531,-6841,1476,557,276
61917,-7042,2765,-905,-165,-919,1597
61918,-5474,-1142,-4892,-1800,-1614,595
61919,1389,4083,4591,-807,-950,1160
61920,-577,-7408,6084,-181,504,953
61921,7889,-1644,2841,-89,-798,132
61922,2697,-6742,6508,386,-1849,350
61923,-3321,-1280,-7899,188,-312,496
61924,3033,2797,7204,-1739,-1612,-474
61925,-6447,7397,5452,73,-320,152
61926,6477,5040,-460,-1458,246,-15
61927,5206,2912,-7240,660,1653,-1122
61928,-6423,-1294,-5418,-1643,303,291
61929,-3041,-5914,7047,-1648,315,1582
61930,6697,-1090,5447,88,-1699,1308
61931,-2120,-2446,7801,9,-274,625
61932,2603,-1804,6166,-1919,1838,77
61933,6346,-4931,-3244,1135,632,704
61934,6022,-1436,5116,430,-1042,-991
61935,-5909,-677,-4570,-716,1952,806
61936,6147,5881,5823,1326,139,1181
61937,2206,-1865,-7350,-1168,314,-344
61938,-4029,2017,-179,-671,-1516,-1286
61939,-1480,6649,-7212,-1100,357,682
61940,-4047,3447,-5304,-341,540,22
61941,-6588,70,6104,-1543,-1662,1067
61942,-1878,-5464,-7344,280,-201,1981
61943,5068,-6718,-4337,1002,1908,-519
61944,2778,4535,-7714,-1098,292,1910
61945,-2844,-1158,5943,536,-1255,1715
61946,-7029,-561,-2820,657,-1202,-967
61947,-4887,-1442,-1529,1973,-246,-1982
61948,-2360,1340,7958,-1171,-644,-1208
61949,1075,3194,-7246,120,-988,634
61950,-3409,5826,-152,1668,922,1740
61951,-4935,7805,3947,-1328,-991,1506
61952,-2990,3536,5500,-1754,786,1494
61953,-3435,2112,4929,-413,-1554,-648
61954,2112,-6821,-6326,-1445,-1164,-1962
61955,-4224,-6617,-2469,-1064,1766,-361
61956,-6667,7494,-1825,-1828,1362,454
61957,-843,4952,6613,-1508,-1515,-432
61958,7390,-7663,-7112,-593,-840,-509
61959,-2229,-2925,-6443,727,-1863,-145
61960,-89,3241,3755,-1087,718,1606
61961,-2038,4877,-6073,-536,10,-1196
61962,1937,6319,-6020,1411,-529,1080
61963,5955,-2576,-95,-1311,-421,1316
61964,6341,-6630,3078,702,867,1654
61965,-5147,-293,-7796,-105,1757,-1746
61966,-5808,-6282,6225,-1100,-1569,463
61967,1625,-1498,1186,-1859,1649,-11
61968,-6056,2328,-7188,1804,76,1615
61969,4209,1497,-3280,-738,-1177,1162
61970,-2978,7310,4969,1054,146,-868
61971,7259,-5699,1660,273,-484,-1454
61972,5924,-496,-5095,1135,-262,-1324
61973,-4484,4917,-4123,-1469,-448,-413
61974,-313,1810,-7435,-1995,1470,507
61975,-2613,-456,-3514,-1739,-1815,-385
61976,70,4843,1671,833,64,845
61977,-3486,7127,5803,28,-429,-1687
61978,-4785,-4257,5452,-1938,-686,1947
61979,-828,-3549,-6142,119,865,961
61980,-1189,702,7291,1791,1802,1749
61981,-4942,-6842,2412,196,1696,1183
61982,-4291,3698,-7310,-4,-1910,1122
61983,-2220,3009,-7457,-959,-1682,515
61984,-4039,-1396,4535,1772,263,-927
61985,4192,-6510,3624,425,1514,1071
61986,-6819,-736,75,55,1293,1116
61987,-2318,-3722,-3321,1333,-1016,153
61988,-1849,-557,2445,-967,141,1929
61989,-4779,-3864,-7375,1152,-1467,1051
61990,6335,36,11,-1676,-1104,-618
61991,-2210,-2929,5780,-974,-476,-300
61992,2134,3993,7983,-214,-349,1989
61993,7807,-3130,6805,-344,1613,1284
61994,-4482,-690,-3987,-434,-1496,1535
61995,-3314,1343,-4185,-117,1560,993
61996,7419,-7328,7341,1396,1891,-1846
61997,-4463,-5054,1404,76,-1458,-1624
61998,-6444,-5413,7003,972,1771,-1368
61999,1584,-2166,1844,447,-1830,-1274
62000,-1541,-3585,2581,-1756,1282,1301
62001,2150,-6034,5606,-1551,-867,-1256
62002,1712,6374,-7874,1183,1074,-1041
62003,-112,-2467,3566,1959,114,-143
62004,-3218,-5469,-7631,1968,1784,-1207
62005,7686,-7055,-7793,-82,-1433,767
62006,-3643,3325,7372,650,-870,-1920
62007,5457,-4844,-7303,1090,-781,521
62008,-1207,-29,1970,92,1939,-936
62009,-244,-4934,-4997,289,-604,-1361
62010,1721,3264,-5105,-690,-1728,-1117
62011,-7361,-5857,-6291,1052,1125,-79
62012,-3819,-1965,5148,-1289,-224,-1196
62013,-3219,-6856,4295,-1673,409,-768
62014,6611,1183,1771,1072,1733,74
62015,2463,2804,7356,421,662,-954
62016,-1068,7608,4226,1771,-922,593
62017,2777,-5399,-7277,-1782,-1231,-1497
62018,5452,1418,-7460,-1894,55,-1694
62019,6012,4463,-5468,-42,-1791,256
62020,-5210,-3368,-3807,1642,1149,-433
62021,-3745,-3852,-4718,-1792,967,-1970
62022,5849,1406,-7588,-1283,1509,-872
62023,1402,3502,-1883,469,1238,1938
62024,-3559,-5191,-2699,-629,1072,1608
62025,4484,-1384,-6199,-1885,-525,1181
62026,6050,-3683,1078,-1632,323,-1587
62027,-3522,1928,7734,1390,1212,1158
62028,4820,5354,1418,657,-1492,-1510
62029,2703,195,6835,-1512,1578,-314
62030,3867,1111,-876,-1482,-752,968
62031,5443,-7189,-6403,-540,-1591,1217
62032,907,-5101,-6172,-510,961,694
62033,898,5951,2742,1930,1599,-1988
62034,6103,-3602,-4833,-1065,-721,44
62035,129,6213,5282,97,102,-1200
62036,6187,-5983,-5964,-996,-1064,1012
62037,-6212,3404,2065,1802,-1021,-1575
62038,796,7680,-1418,837,73,1190
62039,5247,-7741,-5816,1280,515,850
62040,-3681,7188,-7255,1208,1893,1443
62041,4546,2178,-2638,-1663,-1589,-1771
62042,4893,6382,3825,-1469,-988,1905
62043,1551,-5536,932,1128,1979,-311
62044,-3275,2136,-2432,1856,-650,592
62045,1805,6923,552,1638,-120,431
62046,-5660,3611,6870,-1393,128,791
62047,6767,-4811,2855,-35,872,-409
62048,1480,4943,-3822,540,1073,-1725
62049,7973,-5999,-4773,796,-1266,-1152
62050,-6785,-357,5100,-553,-645,1553
62051,-2651,-1901,3772,250,-239,-1448
62052,2821,3446,-4759,-642,1923,-1092
62053,-7385,2160,1893,-536,-1817,-1418
62054,-7087,-3445,-7191,972,-757,-862
62055,7119,7638,2596,1900,-854,1753
62056,4581,7666,6924,-1629,-564,1342
62057,4038,7626,-5614,1656,-1023,-24
62058,-5484,3437,2780,-807,285,-1200
62059,62,1297,1607,-26,-222,492
62060,-6755,-4174,867,-196,1106,1757
62061,1649,-5095,4179,991,-711,1362
62062,-7504,3891,3878,816,-793,1285
62063,423,-7119,5152,954,1581,1672
62064,1965,6272,417,-6,-160,-1558
62065,6521,6025,5075,936,-1015,-844
62066,-524,279,1227,546,-1735,-1380
62067,-2027,-5276,7302,661,1959,391
62068,-5331,-2971,-2389,1400,-724,1903
62069,-1826,1529,596,-421,-96,-722
62070,4771,-6204,5403,-1476,-512,-1165
62071,-1120,-2497,2180,-589,-434,1281
62072,-5278,-1674,867,-1608,-1096,-165
62073,-1540,1635,5588,1321,919,-636
62074,7174,6461,-7346,-358,1647,-714
62075,2684,-2691,-7390,-772,-1872,-19
62076,1870,7398,-2154,1401,-841,-210
62077,4910,-3687,-1096,1398,-396,185
62078,-382,1476,-4879,-272,-1386,-1471
62079,-2136,-6581,4492,994,-631,1538
62080,-4200,3719,-1828,-1978,-341,-1140
62081,-4948,-965,7964,-534,-1641,502
62082,-1576,-4319,-6706,9,-582,-266
62083,5661,-2914,2099,-1438,934,-242
62084,6038,5656,5120,-1659,-1029,-1194
62085,-7077,-6842,-7917,-765,-1555,162
62086,-3826,-6331,-7947,-804,-908,-1314
62087,-5760,-298,6986,-1940,-1856,-1314
62088,4104,-4818,-7854,-1070,-966,-715
62089,2323,-7717,-2917,1438,583,1454
62090,-7656,4162,-727,928,-554,605
62091,1625,-4080,-4570,939,-1542,-1611
62092,-3297,-1941,6744,-758,368,-94
62093,-6802,5459,2151,599,-1880,-1282
62094,2335,-4330,7968,1627,-313,-1730
62095,5656,629,-4969,-255,-34,-526
62096,-3988,796,6791,538,1069,861
62097,3399,3991,-5585,-1110,1339,-638
62098,-760,-3381,220,-538,487,1917
62099,-6487,-6994,4185,-21,6,1692
62100,3727,-4075,2734,-1552,-1466,41
62101,-5389,-4900,-6761,-1671,240,-1848
62102,6414,2346,2765,-876,-1298,1712
62103,4049,891,-1878,-876,-1705,-1578
62104,-1190,4084,-4198,473,-1492,-1971
62105,6176,7041,-2730,-933,258,-1214
62106,-2765,-1381,928,772,-1085,-1352
62107,4209,-1942,-4405,-1575,-914,-1071
62108,-2904,2065,-1379,-1963,-1572,-370
62109,1291,1894,5074,-393,283,696
62110,-3136,-98,-6866,-1084,342,1357
62111,6878,-5954,4164,1135,645,682
62112,6090,-1550,2182,1660,1469,-1806
62113,-3263,-5453,2163,-1973,-976,-1509
62114,-2476,-5712,1960,-1870,217,1132
62115,517,-5099,5582,1183,1153,1168
62116,4494,-4079,6934,1556,-1634,1598
62117,-597,4456,5260,1986,-249,122
62118,5255,-4793,1856,-1292,1822,1135
62119,4782,4405,6371,1013,653,1330
62120,5017,-6446,3275,-173,-1735,47
62121,835,-5268,-686,-26,-1484,-1758
62122,-2206,278,7717,60,-1531,679
62123,7872,647,-888,-1607,531,1496
62124,-7489,-1500,4837,-437,-1490,704
62125,7460,-1177,6029,384,-1049,1947
62126,1051,5899,5496,1556,946,380
62127,-2873,-1933,-1418,-800,1797,1400
62128,-6863,-4686,2914,-234,-1436,759
62129,7435,-4759,2375,793,-783,-636
62130,-3572,5313,-6148,559,566,377
62131,-6577,7160,-6661,278,-1019,697
62132,-5155,-2466,4364,1563,-80,-1765
62133,6928,5432,258,402,1798,1159
62134,5799,-3303,4475,445,-1805,-1056
62135,5358,7815,-7097,-1403,-178,-301
62136,-4680,4430,5890,-1197,-1085,269
62137,-6698,-3905,5628,-1186,-1061,-456
62138,3645,6776,-5381,-1585,300,1007
62139,-5990,-3339,6169,-1959,1920,1096
62140,7173,1877,278,-536,-1087,-1666
62141,4098,2409,-4671,1063,332,934
62142,2771,-6731,7468,922,1089,1655
62143,-4619,6809,-7160,1724,567,625
62144,-6163,7727,-3873,-254,-230,-1200
62145,6090,2964,5524,340,1145,-1535
62146,2360,-1020,5757,87,329,776
62147,-2560,3777,-6001,910,-1727,1452
62148,6639,2505,1433,-1842,-926,-667
62149,5666,1663,-5251,1923,-1377,350
62150,7782,-4377,6745,-759,1618,167
62151,5575,6379,6243,-1422,1072,1727
62152,-7172,3183,-552,-732,1872,842
62153,-2187,4781,6128,291,-933,-1878
62154,5122,-458,5216,-1925,1395,-309
62155,-7033,1039,3650,-329,-1734,1454
62156,4982,2875,-7973,1364,1674,-1305
62157,-2303,-5694,-2606,-1334,468,958
62158,-5170,1109,4451,-519,-788,-1602
62159,3846,3960,2316,973,-1868,1313
62160,-2204,5479,7879,-1589,-1173,-1503
62161,-6507,5571,-3873,773,530,714
62162,3680,-507,4854,-334,168,613
62163,-4384,-6703,-3347,-464,864,-1638
62164,3285,7329,6516,-1834,-1055,-903
62165,-1994,1182,-7420,-554,849,-1589
62166,5973,-4544,-2004,-11,1322,-1264
62167,-6942,3175,5980,1286,46,-1310
62168,-4121,-7777,-398,1605,-299,-805
62169,7210,-6856,7459,-1258,978,1897
62170,4541,-7990,-6438,-870,1385,658
62171,-444,-3010,942,220,1966,1040
62172,235,379,-7658,1236,977,-1555
62173,-6105,3558,-7328,460,-740,1255
62174,-1073,7767,3912,1597,258,-1099
62175,-5668,7228,-5044,583,1073,-1321
62176,-6024,6086,-5793,709,1199,-899
62177,1960,1578,3630,-911,-1620,-1679
62178,-2169,6326,-7581,556,1368,-1853
62179,4570,7880,-6828,-407,996,1078
62180,7345,227,-2006,-647,321,1383
62181,6242,-7114,6235,-442,983,-112
62182,-6715,719,7342,-754,-239,1889
62183,1140,-2189,4658,-979,894,-616
62184,-2127,3205,-7904,562,-951,-1220
62185,4563,4500,-3033,582,-1306,1613
62186,-5363,-3315,-4954,-927,-1868,573
62187,-5007,-7421,-7408,1174,-1042,-1810
62188,-7093,-5130,-372,-991,-1243,-783
62189,1485,-1249,-7604,-1007,1473,1076
62190,6082,3224,1515,-1437,678,-872
62191,-7858,4214,6077,418,-1928,-1477
62192,555,-354,1907,573,410,107
62193,-3931,7003,5356,-663,-293,926
62194,-173,-1219,-2866,844,374,-1625
62195,-2935,-6810,4104,-1698,-1142,-1243
62196,-299,5183,-7471,-1184,-1233,1765
62197,-7650,-95,-2974,861,1001,-1063
62198,2864,-6832,-3825,871,-1681,58
62199,2529,7500,1396,-1938,-1961,400
62200,4553,222,5602,118,-524,-909
62201,-4255,6254,4475,-240,1013,544
62202,11,-2198,3769,1399,1396,1589
62203,3315,5017,-6665,788,1485,-1582
62204,1980,5927,-7256,-1215,1081,1654
62205,3702,-5596,6697,-57,-593,-926
62206,-3237,-1078,4062,1022,1601,-1564
62207,6699,3269,-7597,-30,1208,106
62208,-4853,-5293,-6123,1062,-1957,346
62209,6715,7825,3681,651,1777,-1244
62210,4626,-7527,-3655,-1260,-395,-60
62211,-2623,7511,6711,-284,-1368,-687
62212,-3062,3187,-3786,430,1076,1933
62213,2183,-441,-1497,1092,931,-1027
62214,449,5712,7488,1937,-993,-608
62215,-1073,803,657,-394,510,448
62216,-4176,-1991,-4385,-991,-342,-750
62217,6391,6532,671,1411,-687,-1651
62218,585,-5775,543,1868,-1891,661
62219,1725,-7270,-712,-1168,1249,1816
62220,5578,5380,-5274,-303,-893,-1069
62221,-3075,5678,-7051,-228,1718,-1531
62222,-7463,-503,4111,-695,-1622,-720
62223,-6009,4272,5683,-1961,1138,-1156
62224,909,3373,5577,199,-277,-248
62225,6934,7506,-3420,744,-967,-378
62226,-7697,-6687,2350,507,-455,1495
62227,-7074,1287,4985,-893,1716,-543
62228,1888,5232,-3799,-583,-1638,-714
62229,-3540,6356,-409,210,-422,1762
62230,-1238,6742,-285,-576,116,-1011
62231,-2184,1383,3449,-425,217,-549
62232,-1964,-7733,5200,1722,-323,840
62233,5663,-7243,-432,1132,-1073,-1701
62234,3015,4304,-3102,1683,1189,1864
62235,-5332,-609,2354,-941,717,-1408
62236,7168,-4827,2916,-1631,-1761,-261
62237,-6942,-1400,-1833,1121,-326,1194
62238,-879,3065,2756,-848,1833,-411
62239,-917,-3069,6339,-1851,1334,-1019
62240,-201,841,-6076,-1706,1631,-218
62241,2981,-1483,-2287,-1663,1495,292
62242,-3728,1298,7823,612,1206,-1527
62243,7939,5297,4870,-1474,1867,1986
62244,-3016,-372,5166,1258,1026,701
62245,4818,1253,-2386,-1338,199,-12
62246,7464,-2778,7699,-1003,-295,266
62247,-6800,-5698,3120,1675,-49,1930
62248,5106,-6210,-1388,-1071,715,379
62249,757,6129,-749,-1912,1553,137
62250,5240,6864,4624,850,851,1436
62251,3169,2478,2602,-545,1609,-276
62252,4482,2984,6044,-1116,-325,-1403
62253,7994,-7206,-5518,1594,1610,-726
62254,-3332,-7534,-4044,-28,1803,-698
62255,-7572,7224,-3843,874,800,-595
62256,-6243,1836,7441,-1311,-1518,-39
62257,4071,2179,2969,1538,-55,-1057
62258,-1883,2005,-837,933,1474,1556
62259,6281,3074,-5317,-11,532,181
62260,740,7494,3694,-1780,-812,-1485
62261,2498,4734,7854,1732,-768,-1729
62262,2133,-267,5295,301,-1221,797
62263,2288,-1902,-2863,-578,1688,1681
62264,-1103,-1409,-2947,794,-1991,1780
62265,-5597,-7548,1083,-25,1980,375
62266,-6320,1663,5988,-292,567,312
62267,4482,-57,-4496,890,-1185,-1872
62268,554,2384,-4508,-29,1289,-1677
62269,-2823,2564,-1756,254,-1752,1935
62270,-2451,3416,-6417,350,1748,-1584
62271,-5678,1714,6338,-108,1214,997
62272,-5638,977,7458,-472,-1288,-303
62273,-7101,-1006,-1399,1630,790,1230
62274,-2008,-1745,-4124,-938,-1457,-234
62275,-3012,6396,5889,-549,-1683,1235
62276,-7089,-4980,-7068,1434,-1004,-1815
62277,5616,3150,3628,-199,-1990,1974
62278,4136,6980,-2197,-671,-1944,-1469
62279,-348,5044,-1000,-1640,-1777,1351
62280,4167,-7731,-813,1857,-80,-1317
62281,2398,-3785,6449,943,257,665
62282,6192,5385,-561,985,4,420
62283,1670,-773,2499,1698,30,650
62284,-7838,7575,5385,-907,-1076,709
62285,-786,6247,-282,977,691,840
62286,-1441,3880,-2510,695,1103,1821
62287,6557,2280,5680,-1601,-1351,1068
62288,4975,4838,1919,519,-1977,1571
62289,-1213,-4138,-3553,-77,-309,387
62290,4826,-3029,7270,421,1219,1759
62291,-6966,4713,-2086,-502,567,-1950
62292,-3247,4006,449,-1281,904,-515
62293,-1435,5194,4430,-1368,0,-565
62294,4744,4467,-5206,896,-35,546
62295,5138,-7566,-2669,-1973,-1328,-1768
62296,-704,6724,3972,-687,-796,1716
62297,1999,1776,-5737,455,-1813,-1010
62298,-3691,689,-2315,1052,1009,-618
62299,7605,6625,-4111,-481,-1149,-77
62300,-6941,3008,-5903,-173,-1421,-1787
62301,6864,5812,-98,-761,-1012,1156
62302,-12,-2183,-3381,-192,-1754,1088
62303,419,1341,-1155,672,-522,1499
62304,4526,-1503,-3973,-1467,815,1390
62305,5461,5691,208,-1268,214,556
62306,-6856,-517,-7559,1833,1500,901
62307,-5217,-6009,-2710,-1382,-1850,-1083
62308,5286,2875,-5170,1081,889,603
62309,-6328,-6434,7740,566,-394,-929
62310,-1902,7629,193,-815,-906,1350
62311,-6961,5093,2226,-27,326,64
62312,7673,-7128,-4045,-1902,-752,-643
62313,-6104,-205,-606,661,1210,-148
62314,6817,2282,4812,886,861,-1937
62315,4268,1671,-3176,-1799,934,508
62316,-6702,4804,-1618,-1193,1156,962
62317,-2161,7140,1332,-1427,1995,1933
62318,-3579,-7523,-2309,1174,-1022,-1108
62319,-4529,-5340,-3765,-763,1037,747
62320,5663,7584,3768,-1110,409,1552
62321,-1114,-3946,-61,1541,73,422
62322,2572,5921,514,1309,1714,1561
62323,6354,638,6392,566,1629,1004
62324,-5263,-1605,2918,799,-1741,1284
62325,5790,-7112,4769,683,1351,1678
62326,-6109,3054,-7655,-1666,-712,606
62327,2584,-2513,-2080,724,-1544,1788
62328,6892,4242,2303,1229,1587,1097
62329,-4210,-1603,903,308,116,1414
62330,-813,2539,-6843,648,-957,1456
62331,-1253,-786,1296,530,-1869,1938
62332,-3715,-5992,-5680,-1609,1656,-645
62333,-4890,7575,6123,854,-46,727
62334,-2885,728,-5951,-317,382,-663
62335,3520,-1797,343,1124,-1625,876
62336,-6006,-6152,6761,-1516,1623,-960
62337,6670,-3360,-4272,-1421,-904,-1050
62338,626,-7311,-4126,1657,-1143,239
62339,2582,3089,-3988,1812,917,-1112
62340,-5685,78,4977,892,-1807,1598
62341,-6972,670,2853,-1830,-1384,1361
62342,-7123,1814,2486,1588,1731,-1610
62343,5809,-5278,-4562,-1464,1515,1440
62344,-1327,-3892,649,-299,-1098,1187
62345,-254,-3683,-31,265,-1616,-799
62346,4225,-1719,-791,1874,-44,-1904
62347,-5616,2533,-3961,-468,272,-925
62348,-2212,-3106,-5934,1007,981,-1711
62349,-3744,-3366,1092,-108,1,1147
62350,-5572,3122,-4002,1305,-1780,-464
62351,-7105,4526,-29,-1623,1318,-30
62352,2564,4897,-6459,1760,-115,-334
62353,-1716,-1012,3485,1123,-1496,-1140
62354,7981,-164,4668,1,1785,303
62355,-2444,-549,1511,651,968,-1647
62356,-1087,-2040,-1774,1895,230,-1586
62357,3543,7264,3499,-1643,-1292,-289
62358,-2808,-719,137,305,1817,-292
62359,-2807,-2003,5185,-926,1133,39
62360,5956,2621,2818,-1213,706,-1560
62361,-1843,-6646,-6589,1262,1433,-1061
62362,-1592,2266,-3933,1597,-1564,146
62363,-2739,759,5264,-1386,-1363,1418
62364,4398,5914,3902,-45,1337,-509
62365,1063,3243,-5982,156,1838,966
62366,2684,-263,3757,1155,-915,598
62367,-1379,6286,-3791,886,-363,-766
62368,-2107,98,-4396,972,1966,-1706
62369,7004,-2101,2598,-1624,-498,1461
62370,-639,1940,-6395,-1571,-981,-1174
62371,5747,-6408,-7971,595,-1449,1578
62372,6032,2286,5302,1134,660,1992
62373,-6800,-6320,-4483,1166,-1908,-1516
62374,-1575,5629,1071,-328,-877,-1230
62375,-5799,-5123,-6886,560,-3,-168
62376,-2659,5983,4036,-1886,-572,1667
62377,-7479,-4348,5331,1922,595,1869
62378,4526,443,7111,-239,-1046,-1022
62379,-2537,-4309,-4604,813,523,-553
62380,311,-685,4291,-734,-1320,-1335
62381,633,5294,-4106,-205,1778,-570
62382,2054,-794,-4323,-621,-1736,860
62383,5508,-6504,-7614,-1914,-1213,1653
62384,3065,6109,359,-1327,22,-948
62385,-3101,-352,4810,1608,650,249
62386,-3218,-7012,6760,-225,-137,1360
62387,6486,-2696,630,1440,1677,-228
62388,7748,-3779,-7959,-1011,839,-793
62389,-5888,3099,250,-1683,748,-1199
62390,-4638,-7293,-5368,1276,-1838,225
62391,3023,1302,-5142,382,1725,-1424
62392,6573,-6959,-2110,-1086,916,475
62393,-3552,4311,1317,-86,195,-885
62394,-7484,5652,5718,-1347,559,552
62395,-3743,2597,-7610,-1250,1816,173
62396,-4544,-7273,4588,-1154,-789,-686
62397,2647,-7559,1118,-1950,-618,1146
62398,7886,-6215,6504,1051,-668,-832
62399,-5890,-1209,4686,786,1305,-1411
62400,1544,5105,-6962,-1442,401,-999
62401,6926,-6469,4551,-1139,-297,678
62402,2104,7605,4988,-1551,-1592,-1030
62403,-4286,-7617,4560,-1530,562,1496
62404,-6963,1216,3269,-1642,-1867,-519
62405,-2235,-2666,269,909,-901,-498
62406,3793,2390,4232,635,-134,1603
62407,2487,540,277,869,-428,-1045
62408,937,-4467,-2097,622,-1446,141
62409,-5788,-4409,6873,1853,-10,20
62410,2287,-6601,-6586,-402,1954,-1485
62411,-1675,-4053,-2547,-1715,1790,1063
62412,6757,5120,-2136,572,-299,1428
62413,-4585,5214,256,-303,-971,-1878
62414,6474,-2538,5174,1633,1830,-1317
62415,-1412,5186,4943,1027,664,168
62416,-6477,7596,5595,550,-665,1128
62417,-3579,4799,-6876,-1894,-1646,-1792
62418,-3450,2581,-7541,1176,632,13
62419,-6135,-3667,-1218,817,-1361,-7
62420,6928,-7275,5497,-359,-932,-858
62421,-2188,-821,7996,1582,908,987
62422,-1034,-3510,-7123,517,-1141,933
62423,6357,7767,5840,-145,-1282,1480
62424,-2739,-5822,3605,-1890,172,1216
62425,5149,626,-154,1928,-584,94
62426,-5801,5589,5715,567,170,-1436
62427,2070,5346,-5130,978,-1906,991
62428,-4957,6832,3239,-1717,-707,1758
62429,2035,6673,-136,861,1543,-634
62430,-1218,540,-442,1946,1030,-1268
62431,-4618,6049,-7373,1764,406,33
62432,-4827,-5046,-7215,-1896,1657,-565
62433,-470,-598,3286,-1117,1200,1273
62434,-5810,6378,5543,-1435,1524,-1063
62435,2879,-1643,-7491,1951,170,-1401
62436,-379,-664,-7313,-1118,-631,-176
62437,-3340,7544,4421,-916,-525,-34
62438,-7832,-1292,4194,-676,-595,1927
62439,-1204,5770,-2380,1274,-1115,1849
62440,-1400,-5927,-5364,-1253,1641,461
62441,3484,-5685,4568,1831,1969,1162
62442,6765,-7961,7567,-1443,-1469,-1679
62443,-6123,-6509,-3882,883,-1680,-323
62444,-7744,2193,-1084,-1999,736,1262
62445,-7553,-7459,-1800,-1056,-1247,-1567
62446,2783,6380,7149,1594,-1087,-1980
62447,-4850,6646,-7063,1330,643,-593
62448,-7254,2364,929,-544,-1025,-1300
62449,6946,-661,5432,-224,-1900,1663
62450,-4504,582,-1958,-949,377,-323
62451,-44,694,475,-1965,-335,-1841
62452,2765,-1724,-5182,-596,484,-1820
62453,-710,6440,7170,-1225,152,1081
62454,6341,6903,3733,-459,246,1125
62455,7529,-3486,4196,571,448,-303
62456,6348,-3016,7096,-1772,-1366,-1924
62457,-621,6080,3194,-768,-1852,1958
62458,6039,2832,1680,839,-650,1687
62459,-3178,-7854,6438,-466,-244,1246
62460,3067,1810,-5939,1303,1463,-414
62461,-7513,4933,4446,9,-584,1680
62462,7692,-6457,1594,154,909,-1998
62463,-1167,5328,-1136,-1036,-1123,1059
62464,-6341,2951,4192,1095,915,1617
62465,1119,-5566,-7981,-1168,423,1089
62466,5124,7862,-7823,-447,1629,-1929
62467,6334,-37,7160,-1754,1617,-156
62468,3615,5616,1854,930,1819,827
62469,-295,-3495,7860,-1592,1696,216
62470,-4830,2239,68,-73,44,1734
62471,2810,-4466,-3977,1221,267,970
62472,-2325,-4063,1317,1657,1007,746
62473,6898,-5965,7854,1026,1770,131
62474,7504,7554,878,921,-58,1782
62475,-4035,949,-1401,-645,1697,1567
62476,5947,-6628,5861,-723,-1049,93
62477,4444,2564,-1458,57,12,-1461
62478,-5367,2143,-6875,707,-150,207
62479,2023,-5470,-6014,-1273,-961,889
62480,6571,-5236,7785,-1810,-1588,254
62481,-2651,-1840,-2485,-1582,-1053,-1263
62482,2697,6796,-174,-1341,-1289,-729
62483,5718,-2473,-7578,483,1826,1537
62484,7080,2920,5616,1548,1173,-1524
62485,6979,3069,-3416,-1956,-385,-583
62486,7670,7979,2564,-1870,1178,1745
62487,694,-1844,5305,-1031,-416,-1033
62488,734,-1846,-4902,1873,-815,296
62489,-3365,-3777,-5876,1955,531,-1717
62490,-2985,6702,-6560,284,1363,-199
62491,-423,7573,-4677,-878,-437,-1714
62492,-3859,1081,6012,-650,-648,-1419
62493,-5610,6622,2496,1455,1571,-607
62494,-2782,2386,7868,1359,1229,-373
62495,3840,-4848,-6555,1623,477,-1430
62496,2167,2300,246,-1622,898,906
62497,-3742,-3929,-7050,1603,-176,-348
62498,-5579,-3505,-466,-1455,1209,-1020
62499,-337,6324,-2343,1980,1825,358
62500,-4974,94,218,1466,-101,-1000
62501,7187,-3340,7723,-677,-312,1418
62502,6440,-837,-3638,-303,1924,-596
62503,-5908,3536,-815,295,-1562,153
62504,-7710,7205,-4100,1237,985,-429
62505,188,1735,-7785,-801,-1503,-748
62506,-2750,-2879,590,1686,490,-1108
62507,4106,-3824,141,-1082,-1988,-1102
62508,467,-2502,-5766,1701,594,508
62509,6488,-2182,-2933,-1104,-1408,1579
62510,-5674,77,5052,1530,-1304,-1813
62511,-3099,7740,-2721,1087,1526,1921
62512,-6334,-2472,7901,907,634,916
62513,276,3357,-7102,-1666,-1587,-1278
62514,-6282,4542,3902,1574,-1126,-1752
62515,1681,930,-7362,-1544,-1160,-361
62516,-2503,-6827,2204,-1638,-289,1485
62517,2787,2329,1901,200,180,1872
62518,6356,-1098,-3501,-1281,1714,-17
62519,6030,-5890,-6732,1325,-218,1581
62520,-6502,-1303,-2387,935,-747,584
62521,5974,4440,6052,-796,-671,42
62522,-882,-3024,1552,-543,1040,-59
62523,-401,7344,-7319,-882,-826,-1303
62524,5467,3183,3675,-480,1892,-1797
62525,4776,6576,6019,-128,-778,777
62526,6263,1597,-6309,-1868,-19,-1620
62527,3729,6416,4338,-912,1548,-70
62528,3106,384,1129,-1067,864,-1526
62529,6367,-2500,-7239,1330,-1195,-988
62530,-3679,-7574,-6566,981,381,492
62531,-2070,-4618,4521,1270,1929,128
62532,-2715,797,-1581,-144,551,1998
62533,-4271,-2317,5844,289,664,-1263
62534,-2364,5524,7846,987,402,-201
62535,-6790,5178,-3415,-1127,1011,1281
62536,-3697,2181,77,-1663,-899,881
62537,5014,3825,4945,-520,541,1019
62538,5673,5990,6984,1191,-290,1155
62539,6621,-2864,709,-122,1285,1192
62540,-7829,-2189,4220,-1780,-814,1034
62541,4971,5874,2038,-607,1340,-1050
62542,-6733,4123,-4070,-3,1749,-1497
62543,107,6842,2150,-1068,1064,-82
62544,687,5710,7563,-207,-341,-1605
62545,-4034,-7590,-3918,1091,566,-556
62546,-5335,3717,-5145,1230,-175,-477
62547,6456,-1976,5976,1089,246,-1092
62548,1095,3579,-6744,-1674,-1943,421
62549,435,-6709,-7011,-629,-618,-277
62550,2273,4251,-5117,1072,-984,1399
62551,7899,2498,7778,-1282,-1373,891
62552,-1309,7978,6975,-1409,1063,1674
62553,-1324,-6711,4815,1325,866,-1073
62554,2201,-7842,4502,409,404,-771
62555,-3121,6832,-6261,-1031,-1049,198
62556,5036,-2453,-6746,18,-882,696
62557,-5709,2652,2781,-142,1959,-1024
62558,-2646,-3692,-6013,-136,-725,-1133
62559,-1325,5611,7302,-1472,-812,-66
62560,6789,-1729,7149,1701,-402,-725
62561,-2549,2693,-6494,-383,417,509
62562,6265,-2194,-3402,-729,822,-252
62563,-1876,2416,3375,612,1706,921
62564,-577,3007,-6049,-1678,-1368,-1870
62565,325,-5880,-1894,1238,942,1187
62566,-873,-5651,5729,-1379,-175,1593
62567,7506,4519,-2414,-1357,1021,1592
62568,-1943,3061,4778,-1312,235,1800
62569,-2095,-37,-1253,-468,-621,-80
62570,1818,2827,-7650,379,-1164,-857
62571,-4374,-2106,-4950,-86,-1292,-1634
62572,-5988,-3657,3001,401,-1011,1989
62573,-5018,-4126,-7823,1948,1489,444
62574,286,7355,-1331,-1899,203,187
62575,-5133,1974,107,-1176,624,1432
62576,3630,7037,4213,579,-503,1449
62577,-1678,5985,-3352,-137,364,-377
62578,-2746,7938,-2473,1183,-578,-1712
62579,-1672,5773,5447,-617,-1817,-255
62580,-6602,-5725,1335,-486,-69,1778
62581,-1245,-6533,2595,-311,415,1087
62582,-4614,-1674,-3234,1879,1817,-1197
62583,-6771,-603,5245,272,-1107,708
62584,-1983,-1766,-3571,-945,321,-387
62585,272,7786,160,-704,-171,-1364
62586,6589,-7200,-1289,-1921,-826,-58
62587,7321,-4756,-7636,556,1441,1536
62588,-6313,2821,689,443,584,407
62589,-7575,-2195,-3756,1510,-1425,1352
62590,-246,4292,-3463,-1537,-1911,-1714
62591,-4016,-6635,-985,-458,465,1214
62592,-3291,2613,-6084,275,-914,-1501
62593,4264,-7163,-3633,-704,1399,1518
62594,1568,-6317,831,-742,1570,-1872
62595,-4903,1345,-7495,995,1747,-1295
62596,-7098,-1377,2785,1050,-566,746
62597,5098,-3401,6663,-1616,93,865
62598,3088,7777,-7104,-1870,-1639,1838
62599,-173,3534,5538,-201,-1887,582
62600,-1938,-1203,5909,-1076,-1645,940
62601,-7916,1765,1036,615,1928,1989
62602,2062,-6508,6460,-1323,-1703,1361
62603,1913,-4981,-3822,545,1363,1958
62604,806,4619,3692,-698,-761,1139
62605,4987,6728,-5635,1860,1505,-665
62606,7542,-2619,3396,-1490,-1911,288
62607,-4087,-237,1635,-779,165,-267
62608,4936,2922,7866,-225,-1178,1825
62609,-2928,1853,5381,-1636,-182,270
62610,-3628,-5133,-6181,20,-1127,-1640
62611,-4579,3770,-5539,495,1120,-874
62612,-1763,-7905,-5871,-599,1508,-1830
62613,444,-2747,-4746,-417,96,1516
62614,-2900,3646,5631,-1831,-1044,1217
62615,-2265,-4011,6660,-1709,-1426,1755
62616,-5977,3627,6087,-1258,1566,-855
62617,7513,4006,1736,513,577,514
62618,-6661,-7385,5289,1534,-974,1580
62619,547,3040,6847,-1552,-380,1568
62620,-6576,-4145,5999,1497,-1218,-1815
62621,4487,0,-3143,-523,297,-977
62622,-3129,-6912,7656,-1300,-632,681
62623,-7615,1682,-7264,1100,-1176,-1496
62624,-3468,258,-5973,-1653,1743,-1184
62625,5666,-2428,-7004,-864,-1962,1015
62626,-1198,2395,-3003,-1072,-1579,-1104
62627,1288,-384,2775,-210,-1738,45
62628,-7404,827,-6884,45,1396,1639
62629,5438,-1339,352,1611,1873,-1727
62630,-2807,4634,-7759,1011,-1094,-1062
62631,4755,-4548,-1617,-1514,485,44
62632,2680,6404,-3907,-1446,-321,637
62633,6229,-7431,-2001,1090,-287,1447
62634,5720,-3233,-1145,826,-501,-570
62635,7090,-5901,-6868,1376,-1039,-481
62636,516,317,6425,1974,1888,-537
62637,7854,-7765,-4623,300,1773,416
62638,2329,6462,1970,1731,144,-327
62639,447,-4916,-4758,-1526,92,1344
62640,-3931,-7994,990,71,-108,-1215
62641,-5560,-7465,6542,-992,-73,-1488
62642,-566,5417,-5363,495,1213,1971
62643,-3109,-1647,7657,1827,1410,-492
62644,-4984,3545,-6850,-1234,231,215
62645,-643,-3645,7697,-1610,-752,83
62646,4944,3499,-1420,599,-1027,-915
62647,-5306,4956,3077,-1422,-437,1649
62648,1953,-5616,-1911,-355,-183,1933
62649,4930,-7446,989,-595,-1792,1809
62650,632,-1481,-3851,574,437,192
62651,5174,-2097,-66,-902,503,-1736
62652,-4967,-6614,-5212,1380,-1221,501
62653,2185,-2052,3252,1253,-945,1746
62654,-2414,-6379,-7372,516,966,1728
62655,-1815,-6034,-5060,-1953,-5,464
62656,-2754,-5240,-2280,-927,255,-340
62657,-682,854,402,248,-1510,1227
62658,-5844,-4739,-1637,-1183,-28,145
62659,-3361,4472,5341,265,-24,-266
62660,-3988,3125,1092,1542,-1420,1210
62661,1503,1067,2171,-1847,1800,-670
62662,-3309,7950,2339,-1280,-1756,798
62663,5989,2372,5952,1268,-1532,-1384
62664,-300,3720,-1868,1253,-1019,1169
62665,-5735,2590,-3225,216,-1849,272
62666,1306,-3207,-1959,54,-1361,1910
62667,-4471,-5924,-4850,-1752,-448,-378
62668,-1283,-4196,-5430,-803,-790,277
62669,7936,-7245,3574,404,-153,1815
62670,2496,1682,5068,1328,-122,1961
62671,125,-3251,-5063,1906,1343,-61
62672,-476,-4493,-1305,1532,903,48
62673,-150,-5606,6352,1655,159,1541
62674,3392,2650,2666,1121,301,-431
62675,-3540,-790,-2385,942,1265,1591
62676,4591,1605,-4564,370,-214,-1116
62677,2919,-3489,3972,-328,1311,1020
62678,2593,-940,-535,-1895,475,-1013
62679,-4184,-3297,-118,932,770,1629
62680,5980,-695,-4728,985,155,-1089
62681,-6255,5873,-1827,-1531,585,81
62682,6174,1271,-191,973,1675,-457
62683,-895,7080,-4058,214,1761,-674
62684,6696,5547,4581,-216,62,-1227
62685,4008,271,1465,203,1765,-1844
62686,-5240,-3320,5420,870,1051,-108
62687,5003,5809,-3948,-893,1876,-660
62688,-287,-4000,6232,1396,-114,1315
62689,2291,2202,-7000,-1135,-343,412
62690,2998,-911,-4549,799,28,825
62691,4929,5669,1722,702,-225,-6
62692,-5018,5052,-7981,-849,-1758,507
62693,-5061,4038,-508,-144,1347,1101
62694,346,5667,1011,1315,458,-887
62695,-6564,-4039,-6371,1369,-866,37
62696,-6971,4780,-3515,1223,-598,656
62697,6881,7025,4726,1292,-878,1902
62698,6354,-3649,2767,-1961,-1568,16
62699,-609,4731,1090,1611,-1113,1027
62700,4450,-5034,-2953,-1362,-549,292
62701,-1588,1467,-5464,-280,-1153,559
62702,4636,-3895,-6427,1884,306,-745
62703,6023,-3545,261,1926,-1651,1307
62704,-5351,7721,918,1196,74,-1217
62705,-3879,-2495,-6256,976,1292,1046
62706,7655,-7018,-1977,292,-1975,-248
62707,5553,-5819,-1541,1649,1937,-923
62708,217,5967,-4486,260,-1041,1645
62709,-2062,6043,2860,-1802,-1129,1497
62710,-1070,-7882,-6678,864,1915,1614
62711,-5126,4264,-7044,1139,1401,16
62712,-2730,4002,-5425,464,-1987,704
62713,516,-5304,-7221,-1040,166,-1813
62714,5505,-2188,3944,-783,-175,-1485
62715,3673,-7470,679,421,-1438,-1842
62716,-6134,-3906,3072,-1132,147,855
62717,-4835,7878,4731,-1821,1397,1599
62718,-854,-7388,-4097,777,484,535
62719,3903,122,5949,-808,-103,-572
62720,-2348,-7032,-3494,1623,1905,-1568
62721,-1771,-5604,-3931,44,85,-1244
62722,2996,-3841,-214,1562,380,1955
62723,751,-1868,7814,1617,100,-1398
62724,-4565,5272,2469,-682,-212,-77
62725,6872,-4659,5217,1048,533,-960
62726,-1484,3871,6674,-158,-738,58
62727,-7792,920,-324,-306,431,-218
62728,-3266,-1757,-6297,-1420,806,187
62729,53,3097,-7917,128,-1295,-134
62730,6483,1699,1876,-886,349,1491
62731,-6779,1821,2705,1296,1815,828
62732,749,7471,-719,484,-306,267
62733,4729,-7205,1411,-1532,-1109,1734
62734,-2414,-1425,-2251,-1937,-1806,-1019
62735,6539,7350,6366,893,588,1903
62736,6972,5436,7304,-7,672,335
62737,-6638,3666,5054,1784,1009,1940
62738,-1046,4991,7110,629,-388,651
62739,-3700,-6471,-4617,-1451,1714,-841
62740,-39,-1029,-4463,-1426,394,1070
62741,599,-377,-2263,-1532,97,1332
62742,-6305,840,6211,-660,-492,215
62743,1248,-4467,7757,364,-388,233
62744,2004,2018,7961,-131,-482,732
62745,-5581,-4312,4762,-1806,1732,7
62746,-7060,268,4855,-1935,210,-945
62747,-1999,-2797,-3028,8,1817,-509
62748,-2702,6013,-7987,-1689,547,-574
62749,1415,-106,5267,-768,675,1156
62750,-1344,-4979,-4046,816,-1284,-625
62751,3490,-558,2281,1699,240,-905
62752,-6196,-4422,-5445,-275,-1050,-1738
62753,-5698,7322,-203,-492,-1289,930
62754,1375,756,2039,-958,-1351,-1914
62755,-2780,7250,-1622,423,1174,217
62756,6964,4424,4444,-53,1041,1624
62757,-1383,-5262,2919,-403,-1543,1441
62758,-7415,-3837,-7136,-311,203,-955
62759,1455,-4721,-3635,-1058,-894,-216
62760,-337,-7723,4279,-736,836,1225
62761,4909,-5576,1219,-1835,-823,-404
62762,6889,4885,7930,123,1492,-1655
62763,-335,-7404,-3122,1888,972,-283
62764,7617,-5945,-3237,710,1164,-343
62765,-4797,-2385,7027,1997,1749,-400
62766,2717,-1943,-4487,-464,925,-318
62767,-4122,2116,6073,234,-862,-342
62768,3477,3830,-7616,956,-890,458
62769,3553,-918,5466,-7,908,-1365
62770,1767,3427,-5670,-1201,-830,1681
62771,-3758,3815,5707,1844,1062,788
62772,-2622,-995,6072,-51,375,-1502
62773,-7728,5763,-2752,-524,-1152,-1709
62774,2844,7360,-4521,-1767,-738,1434
62775,-4830,-3330,4593,-1012,667,1401
62776,3533,6180,3088,629,1014,1847
62777,6376,-1503,5801,1047,639,-833
62778,-1683,7545,6561,162,618,-888
62779,-5645,2497,-1474,285,207,831
62780,5846,-2628,3794,468,1500,1856
62781,-2463,5538,6147,1501,-248,1176
62782,-2793,7934,-7831,1085,-204,507
62783,-7847,1580,-1230,-1886,-433,94
62784,403,3162,2122,-716,-198,-940
62785,6420,-7764,-7144,-1454,-940,-1293
62786,3224,-255,3795,-1207,941,-1024
62787,4584,5525,2741,-1430,1623,-1337
62788,-1432,7705,-4358,-113,963,692
62789,-2443,-6307,-1825,381,325,1518
62790,7047,2881,5063,-281,767,350
62791,4195,-3862,1413,-241,1911,-774
62792,6950,6427,684,-1385,-454,-1224
62793,5047,-1275,-5788,-439,1642,721
62794,7981,-6307,5625,-607,1627,1746
62795,-6561,-5190,-2562,-1839,1024,1747
62796,1790,2818,5238,-31,-996,-418
62797,5931,-1332,-7684,-1857,-1930,552
62798,7143,239,-3775,907,-520,491
62799,-2220,2467,-3689,-90,-848,-327
62800,-3696,-2828,-7686,217,-1587,-1703
62801,-4537,-482,-3209,529,-203,1502
62802,-4053,4512,3687,-1494,-1289,-571
62803,3061,1352,2191,-1825,-1902,-1787
62804,-5055,3268,4276,1585,-1135,944
62805,2179,1047,-1166,7,-347,-325
62806,6451,5967,5878,-1447,-813,-1330
62807,-3981,-4543,-1776,837,-355,-1313
62808,5476,-7320,-2336,-1650,-1406,-892
62809,7303,-5197,5130,427,1803,1097
62810,2094,-4104,-2638,-1286,1906,670
62811,-3960,4411,-1524,-1036,-825,-376
62812,2673,-4034,4710,-1727,1346,-571
62813,-1047,-6094,7782,-161,1383,-500
62814,-301,3902,6263,35,-1788,-502
62815,-3248,-3484,715,1012,-1799,1070
62816,-4621,5835,6975,-1296,-1964,-358
62817,-7041,4811,-1655,359,-446,-1356
62818,-5497,-2139,3745,1812,-414,480
62819,6538,-3193,-7024,1845,-1248,-1855
62820,-1625,-4264,-949,-804,-522,1031
62821,-7389,-6895,-984,1974,1123,1882
62822,-6361,2446,626,1310,-186,895
62823,5867,-2002,-3863,1914,-1552,-308
62824,-2713,2893,-2470,-583,796,1093
62825,1283,347,-7532,1492,-1504,-1820
62826,6419,6253,6912,640,-270,-487
62827,657,-5245,-5895,-629,1463,-1581
62828,-1517,-7044,-7023,-1646,1165,271
62829,-3995,-4434,-3516,-1755,-112,955
62830,294,1584,-5346,-764,-1917,-574
62831,-7791,-6988,-1766,-644,1368,-1356
62832,5012,6846,6053,1351,284,1703
62833,3285,1810,-5610,1409,-1772,-1069
62834,-5733,2209,-2719,1782,577,952
62835,1890,7914,-2207,1242,-594,1616
62836,-4064,2516,-6131,-1322,1188,1530
62837,2474,288,5015,1584,1385,748
62838,-5290,3287,1826,-694,954,1744
62839,7546,-7328,5528,1779,-440,218
62840,2953,-2900,-2850,-1777,-1777,1681
62841,438,-3554,7158,-149,1225,-1659
62842,-919,-3049,-2110,-770,1438,1226
62843,1517,-530,-2684,-1049,1700,-1017
62844,5990,7759,-5969,-217,1529,230
62845,-6786,-2153,2241,-1476,105,-803
62846,-6653,-7254,-7831,-667,868,-135
62847,3731,-1091,1362,1433,1201,-942
62848,-1689,2555,-2249,-1537,1640,238
62849,-2479,5580,-4137,-1108,1302,1314
62850,1328,-4581,-4804,-350,-121,1808
62851,4892,-7173,-5928,654,1567,378
62852,-7245,781,-97,1783,1154,1740
62853,631,6523,-7217,951,-1659,-1936
62854,-4850,4372,6742,1256,1792,1861
62855,-4921,-4841,2669,1829,816,-257
62856,1395,5442,-211,1061,-464,297
62857,6361,3896,3264,88,-1453,1408
62858,2517,194,-5981,-524,726,-490
62859,-320,3261,7729,-265,893,243
62860,5195,3096,-4695,331,-888,160
62861,-2884,3027,383,357,1511,638
62862,-1769,7345,1086,1228,1818,1155
62863,5574,5003,-1336,-724,1125,1992
62864,-6379,7613,7539,-1067,1155,576
62865,-7993,-2641,-7898,-78,-1368,-950
62866,6243,-7504,-7191,1636,1978,1817
62867,1166,3797,5191,370,287,-674
62868,-7231,2654,180,-1550,1402,1240
62869,2890,6676,7044,-1871,1157,395
62870,-6171,-1203,5922,-1215,1888,831
62871,5217,-4305,-7886,-853,-529,-160
62872,-5266,-2397,6711,1616,-249,-1555
62873,7110,-2870,7658,-511,1877,1061
62874,7733,-3698,6214,-2000,-1032,711
62875,-7056,-3298,5910,1582,990,599
62876,-4726,-3118,-6922,-1548,1725,696
62877,-2793,5214,4660,1389,-997,-171
62878,7972,-7173,-6140,-487,445,-579
62879,791,177,-5212,801,75,1660
62880,7958,3930,1931,1019,-1307,-314
62881,-5991,1370,5966,1817,1317,1028
62882,-6271,-7067,4161,-318,-316,1112
62883,-7367,4402,-1574,-650,1907,844
62884,2670,6663,180,-1220,881,713
62885,7231,1070,1257,1851,-549,1184
62886,-2561,5455,6424,1056,597,379
62887,5907,4601,6862,1182,529,-1007
62888,7255,5248,-3768,1890,-925,-616
62889,5249,-2416,568,-782,-971,-137
62890,-653,-3177,-7259,97,1602,1647
62891,-5039,7367,-2356,389,-1521,-1042
62892,-7704,-6072,5741,1207,717,-1145
62893,-7281,-7963,-7866,-1005,-873,456
62894,6832,76,-3164,69,786,-208
62895,-722,6953,-2144,1188,-748,856
62896,-4645,-5568,-4535,-1317,1462,1848
62897,7885,-1615,-6363,1044,1606,-480
62898,-6291,-2085,-2456,-156,1628,695
62899,-5819,4641,-3932,-1119,-248,-328
62900,6866,-1031,-5012,-1225,1056,75
62901,5984,-4452,-5064,1446,1915,-952
62902,7659,6212,-2621,1270,-1610,-1180
62903,-1611,-5806,1742,-1825,-316,479
62904,-3647,6912,7166,349,-1509,676
62905,7825,-7502,5427,1460,335,1488
62906,-3121,-3487,-7116,134,1395,-1104
62907,-1386,-6609,4799,-736,-1987,-1151
62908,1833,-4895,-4474,-804,-801,1281
62909,-6609,-5548,-2769,-1406,-191,1016
62910,1161,-7167,-1874,1429,-363,1419
62911,-2243,4901,1853,1817,867,1405
62912,1574,546,3683,-1743,216,1145
62913,2729,5674,3271,575,1663,1755
62914,-6243,6686,3545,-991,1071,-1416
62915,-921,1384,2939,-139,275,-1670
62916,-1862,-21,1114,993,-26,-211
62917,-573,1679,6140,-742,502,1221
62918,6436,213,242,-439,735,-937
62919,-4734,-5007,4391,613,-1727,-151
62920,-3298,5246,-5795,-1313,-1120,1452
62921,5489,5516,4148,-230,-546,-1240
62922,-7001,2338,7374,1564,932,-41
62923,4847,7094,5457,1099,-29,-275
62924,46,-747,-6152,429,1381,-591
62925,7246,7308,-6206,-1394,1313,-1926
62926,-6456,599,3938,174,-1388,1731
62927,-7926,5236,2973,-213,1497,-995
62928,-3860,-3949,-5296,1527,29,552
62929,-7802,7089,-7323,529,1026,-1316
62930,7517,5258,4768,-1817,1267,105
62931,655,5879,6718,-436,1985,-1397
62932,-2528,-5455,155,-955,1710,-393
62933,-2314,-910,-11,1129,560,863
62934,-4251,-4138,3468,1680,-1241,-1787
62935,-6601,-3324,3076,948,-1439,-692
62936,-7,6178,-3127,-1595,1920,1009
62937,5853,-6051,5957,1700,-1097,-301
62938,6955,5243,542,1573,1156,-1724
62939,3968,-5699,-4071,1927,1010,-1987
62940,-7018,457,6544,1321,-214,1878
62941,-7410,4101,2731,1194,538,-1891
62942,5806,2223,6089,-1663,-619,-1947
62943,-3870,6222,-2657,936,199,-25
62944,-4283,-7201,3335,-1582,-1388,-237
62945,1898,2663,-6953,-1017,1296,1721
62946,4211,-5320,-961,953,-527,-1035
62947,-3137,-4812,2864,594,1251,990
62948,7803,7695,1294,-1551,1602,955
62949,-5057,375,1498,-834,-46,-1671
62950,-5656,3403,-5861,-1933,949,-1964
62951,4691,6834,-4486,938,334,833
62952,-495,-4660,-4251,1632,-1346,1775
62953,-1355,299,6179,-985,988,1464
62954,7749,7592,-4165,-1916,1870,1219
62955,-1555,3855,-2148,-487,-1019,635
62956,6126,-624,-6227,-1220,-446,63
62957,-1429,-911,6636,397,1830,-263
62958,-4814,2566,-2756,-11,1989,920
62959,-6540,-4748,-2052,-1816,438,1026
62960,1627,6788,4,795,1733,-803
62961,6641,640,-2715,1961,547,1711
62962,4943,7599,572,1621,-409,1370
62963,3157,-4753,-7279,1706,-1374,-1014
62964,1615,5870,-1097,-1689,-999,-362
62965,-2042,-6520,2988,262,456,-110
62966,-6945,1022,6479,-1041,-1991,1257
62967,5304,-4697,-3622,-633,75,132
62968,315,3612,-5953,-1593,-873,-503
62969,-5885,-3731,6066,1068,863,618
62970,-1779,-4573,-3964,1932,-1931,1180
62971,-2280,-598,-5816,649,-228,-1263
62972,2838,2263,2995,-63,1779,1539
62973,3019,-43,4248,1383,-1051,-250
62974,-2583,-2864,3226,-711,-1541,1254
62975,254,-3426,4435,1796,629,-1357
62976,-4991,-6502,1193,-1495,-884,-1572
62977,7063,-290,-3281,531,285,-869
62978,3546,2397,-7528,714,161,1885
62979,4824,583,-106,-1036,841,1507
62980,-31,-6407,-2444,-1865,-1995,172
62981,-4790,-4675,2167,753,872,1099
62982,3600,7553,4600,-2,1034,1430
62983,739,3771,5652,-597,-242,296
62984,3916,2776,-5256,1482,-278,-586
62985,5632,2804,3612,-668,303,1138
62986,7439,-7170,-6896,-1357,-601,-1612
62987,7936,7205,6735,1749,-1384,571
62988,622,-3840,-1044,568,-302,-894
62989,-3388,-2272,4162,-1790,1555,47
62990,5667,-179,-3586,-624,978,-1191
62991,5643,6149,6187,709,-1996,1892
62992,6983,-5764,-195,925,-69,-1055
62993,-1644,3043,4449,446,1890,1452
62994,120,4637,5585,-1967,1982,540
62995,-6349,-2343,-5880,-936,1944,-1022
62996,3205,-5530,-6121,1512,-1034,-104
62997,-3190,739,2253,1006,-1345,1490
62998,-5775,-7903,-7708,-769,1323,1235
62999,5102,7989,3470,1909,-1342,-828
63000,-3362,-6371,-4498,1649,-383,213
63001,-2552,5959,-7447,-494,253,-980
63002,-1041,6464,6522,-664,-63,-1663
63003,-2067,2868,-1821,-901,-436,-764
63004,-7548,2193,-1274,959,282,-914
63005,2668,1001,-70,-1373,-1594,1396
63006,-4692,5266,6053,-223,1247,-94
63007,1218,-2380,584,-356,-729,1494
63008,-7788,-3097,3869,1197,1967,843
63009,5901,480,-3320,-256,648,-791
63010,1916,2595,-652,1768,-1503,-801
63011,2930,-365,6787,1263,27,-1521
63012,-3183,-2889,4115,664,251,-296
63013,-7990,4873,5254,-920,-1415,-1434
63014,-2917,3731,1129,1301,1215,1804
63015,-2064,4504,-7871,-1985,-727,-1779
63016,1329,-3781,-7763,1574,-446,741
63017,-6432,-186,6987,-255,48,1874
63018,3642,-4721,-5047,1089,-1333,350
63019,-6661,-3233,5811,-583,1797,1769
63020,-1875,-5478,-5882,-215,659,-573
63021,6436,-6972,-4380,1684,-1985,-1797
63022,-3395,-4824,-5622,-47,73,1708
63023,1764,-6529,5614,-1534,-185,198
63024,2089,5680,7043,530,890,1925
63025,1457,6771,-5339,197,378,172
63026,2042,2257,-1085,-205,-1240,-960
63027,-4423,7756,5698,174,811,-1944
63028,6163,259,-4994,1262,-1346,-1479
63029,-2293,-1926,7328,452,1642,1876
63030,-5085,972,4312,-1767,-1875,850
63031,3539,-5097,-6863,1308,1097,-1357
63032,4655,-5542,-6366,1427,-1258,1942
63033,7961,4480,-6465,-1797,-73,-894
63034,-871,-6321,667,-125,-510,-344
63035,4431,-3733,-6635,1255,-1438,889
63036,862,4547,-3668,-770,-314,871
63037,-7266,5863,7264,1778,-870,-103
63038,-6140,-2418,4327,-244,1848,1277
63039,3101,-3784,1746,1186,375,37
63040,-2734,1723,-5596,-1406,1070,144
63041,4095,-6861,-7131,572,-1645,846
63042,-828,2839,3563,98,-773,-15
63043,2442,-1431,-1530,-1436,-1288,-1464
63044,-1005,-2059,-1331,-658,1586,898
63045,7733,4105,1841,1558,-1524,267
63046,2028,-7106,5107,1233,-184,1062
63047,7806,-2507,-2346,42,816,938
63048,-581,-4428,3951,747,540,1841
63049,5931,5753,-6415,-221,1695,1341
63050,1730,-7383,-3061,-508,-1545,1150
63051,6453,-1925,-1687,-72,1056,-546
63052,-6379,-5820,4763,1142,1433,631
63053,212,-6358,4294,353,-347,-840
63054,3702,3376,-4901,498,1770,154
63055,1467,3932,-6581,-1339,964,443
63056,595,3563,7036,1980,-814,-1885
63057,2716,2069,-535,-1447,1631,626
63058,758,717,-5482,-6,-847,259
63059,2372,-2572,-6549,-1809,-1045,-75
63060,-7357,1408,7136,-1039,820,-926
63061,6444,-2920,-1493,-996,-1213,-1913
63062,-6287,-6310,7900,-873,612,1138
63063,7496,-1597,-2100,-1369,541,927
63064,-1709,5651,-4377,1244,645,1970
63065,-410,-7623,1079,982,-1135,1033
63066,-3365,4606,-5336,619,1301,-489
63067,-2711,4737,6742,-27,-938,-243
63068,1104,-3880,3424,-440,-1654,995
63069,2507,2312,1918,779,1392,340
63070,-1193,2089,6913,395,-459,-1744
63071,-1086,-3685,-1936,1528,1184,-1934
63072,5305,-1339,405,-1636,-1216,538
63073,-537,-5220,-1534,-1340,423,136
63074,-3445,-7585,-3013,69,41,-193
63075,2221,-6025,-2704,1980,724,190
63076,768,2515,-5918,-1159,349,-326
63077,-7564,4066,-6248,-1597,650,1147
63078,1493,934,4805,-1689,607,959
63079,-1894,-7788,-6469,167,1118,72
63080,2035,-4104,5155,-57,-610,1070
63081,-3631,-5525,-2882,-248,1631,-1262
63082,-318,3851,-955,-1331,-408,-108
63083,-6536,4972,-4663,5,-190,-1226
63084,-6156,6551,-7046,-501,184,8
63085,-6592,1581,-7871,-1021,466,-1535
63086,-1347,4173,-2822,-1974,1804,-1064
63087,-5232,-6550,-7448,397,-34,-1589
63088,-1688,-817,-7992,1919,1734,196
63089,5706,-4827,1775,-707,1829,236
63090,-6230,3440,-4254,-1290,-1119,1527
63091,2631,4174,-7336,-1952,-1961,410
63092,-1042,-6134,-3182,1332,-1048,1007
63093,1652,-7096,1400,-1240,-1540,302
63094,452,-7875,2325,1879,-429,909
63095,1121,-6413,-2036,-248,-1345,-470
63096,2824,-6778,6868,776,1744,-1342
63097,558,-4674,2765,-593,-336,-1850
63098,-4276,-7188,1033,-208,-607,1673
63099,-189,3438,802,1479,932,-1639
63100,-7817,5963,-1478,-752,-1300,894
63101,-6363,-4973,2335,687,-1314,696
63102,-4894,-2898,-7494,-1690,1346,99
63103,3863,-4899,-3923,79,-1663,797
63104,2707,-2778,5055,-1510,1504,1614
63105,-5666,-282,-276,352,-1431,-1592
63106,5470,-5884,-107,-1710,-915,-1250
63107,-5260,2754,4254,524,-1419,-1961
63108,-4884,2436,-3001,-1897,721,-1594
63109,-2040,-497,3959,1024,532,-1782
63110,-6573,-4787,1671,-1798,-1781,-1722
63111,-6209,5588,-3094,-1368,-630,128
63112,6171,7687,-254,1398,-1819,-1677
63113,-4758,-4403,7262,1236,207,1814
63114,-5094,-5122,-4627,-959,-311,1651
63115,-92,6882,1720,1234,-1418,-165
63116,5454,-3097,-6026,-110,223,1421
63117,6765,-2695,-4933,-43,53,552
63118,-2666,-7225,-1376,-1844,793,389
63119,-17,-5073,1298,263,-820,-269
63120,1416,3436,-7975,-139,-313,-361
63121,-212,-2768,-1808,859,-1310,-1658
63122,-6882,-3354,-2572,-430,428,-1875
63123,-7052,438,-5833,-954,-430,-437
63124,4180,-1670,1670,233,1501,-1425
63125,5014,3759,-312,273,463,-1097
63126,2131,-3700,-440,1415,947,-931
63127,4152,6845,6918,-415,463,1697
63128,-5265,-7217,3741,-1578,1754,1173
63129,488,7245,4574,402,1690,617
63130,-7006,-2096,3704,991,423,-1195
63131,3519,-4724,-2071,470,-1706,-1622
63132,2389,2466,6471,-1894,-1052,-496
63133,-3869,-5074,5719,-1894,1855,-133
63134,246,-6344,-2760,-351,-1363,1698
63135,7171,-4535,-1825,-1667,-931,-1887
63136,319,-3306,5594,-274,-548,1966
63137,-182,-3287,-1406,-118,-710,1272
63138,3235,-2641,-946,-1126,314,-1009
63139,-309,-7057,-6942,-660,-1870,1828
63140,3284,-4194,4708,-140,-1947,794
63141,-5821,-5714,-6051,440,166,473
63142,1763,3904,6120,1582,1292,68
63143,-2647,-2615,3647,-807,-454,1283
63144,7013,6930,6090,-191,-1136,-1941
63145,-427,6007,-2938,411,-126,-1030
63146,-283,-3446,3935,279,1316,-17
63147,-6452,2664,4520,147,-651,198
63148,2263,-7763,4333,-88,-1273,-1778
63149,2126,3816,-7020,1448,1006,-276
63150,4576,-7203,896,-1164,-42,-1088
63151,-4057,7303,-6994,-1301,1690,1877
63152,-7344,-4195,-2363,-445,856,-55
63153,-4572,-4034,-2583,128,1313,-1868
63154,6978,-3674,-2285,-656,-1734,1402
63155,1607,-809,-7130,334,-983,1314
63156,6443,3691,2145,-997,-98,-1978
63157,-6908,-4240,4843,1644,-4,1329
63158,375,-2832,-5567,623,503,-1996
63159,5476,-6656,-3616,-365,-1080,845
63160,71,-2389,-6830,104,1122,-542
63161,-934,2701,-7334,516,1866,980
63162,-5436,5084,-1559,-354,-1388,1901
63163,4922,-240,-5614,264,-677,-85
63164,2784,6034,7753,1676,90,106
63165,4601,4881,-424,-1345,1868,635
63166,-2863,7460,-2853,-949,-1235,-186
63167,1901,7398,-1314,591,1702,-1687
63168,1120,544,5307,-1529,-1783,1263
63169,-6627,-6647,-5540,1614,-438,737
63170,5980,-3945,-3258,-388,1744,-1541
63171,7438,-7987,3202,812,-1429,-818
63172,1434,4899,7585,57,-1211,917
63173,3968,-1486,5418,360,-453,1958
63174,-6771,3479,-3619,525,1544,22
63175,2173,-7406,-358,829,1831,321
63176,-6308,437,-4381,-1686,1748,-54
63177,-2296,-464,-975,-1228,621,-1490
63178,7520,5517,-973,1328,-1460,-1233
63179,-4544,3870,-2158,-1149,-986,-734
63180,5669,-7287,-4178,-1497,-1820,1702
63181,-7790,4662,-1127,1198,-527,1169
63182,-5751,2742,1358,1023,985,1495
63183,807,5010,-7972,-1939,1780,1586
63184,7396,7444,-4700,-448,534,1084
63185,4757,-4223,6025,435,87,95
63186,2579,-398,-7596,270,-325,374
63187,-3117,5202,-4070,907,1609,1599
63188,2041,-3609,1738,816,-130,-431
63189,-192,6441,2369,1523,1605,-1245
63190,-7968,6631,-2679,-1361,1509,-404
63191,6085,3716,-3988,1974,561,1955
63192,-5319,5846,-5656,-106,-344,1031
63193,3388,4008,2267,-1048,-768,-799
63194,-5498,-92,323,533,1840,1898
63195,6980,-4609,-1715,-1408,-2000,1412
63196,-5648,-3306,7963,1100,-1682,-216
63197,-300,-2100,5831,810,1290,-787
63198,3303,5277,7881,-1426,-1675,-222
63199,-2603,-5673,6409,702,7,-1452
63200,-443,2272,2656,600,1991,-42
63201,-5451,7096,-4557,-663,370,-1091
63202,-4963,3226,1793,-148,-726,922
63203,5197,7707,4330,-1981,891,-1689
63204,-4388,-7120,-6833,941,1402,-369
63205,2286,48,151,-1755,1418,1005
63206,-5304,-114,5948,-22,1446,-632
63207,4636,2402,-7193,-1962,1590,-1342
63208,7759,-5400,-4969,57,-423,528
63209,-3756,3113,4554,1441,152,-1841
63210,3034,-1530,1213,-1960,501,-1590
63211,-694,4019,-5485,-558,1031,1789
63212,-6155,5773,-5205,-336,-959,1663
63213,7144,2170,5623,1295,1207,1857
63214,-1073,-2603,7115,314,627,-1118
63215,767,7054,7554,-1927,-628,-1787
63216,-1514,3098,2110,1021,-856,-556
63217,-4434,-7725,3170,839,1595,1560
63218,2374,-1467,-34,-1541,1585,1352
63219,-3723,-2939,-24,-1519,-488,-1420
63220,-3962,-5046,6240,-85,-91,1315
63221,2896,-2380,-1970,877,1783,982
63222,-5742,-7477,-7771,1446,-1408,1262
63223,6455,216,-1706,199,-1594,1924
63224,4698,847,-678,1629,1550,-904
63225,4332,-6406,-3332,-388,-1009,557
63226,7213,1127,-162,429,937,1044
63227,-334,-1212,2474,-1370,-1251,-1660
63228,1892,484,-4388,-924,940,-567
63229,207,848,7635,-1599,-1649,1332
63230,-3675,5358,7579,1657,-1711,881
63231,1372,-3945,4962,-1592,-1447,-1774
63232,808,7647,-1920,-1950,-60,1956
63233,-3772,1436,2776,-1675,40,-697
63234,-2417,-691,-4474,1219,-758,64
63235,-7735,-1217,7648,237,-206,-1617
63236,-6116,1493,-6951,-1282,385,434
63237,-807,4310,-287,1585,498,1105
63238,6489,-633,4291,449,595,1210
63239,5401,4218,1223,-756,1509,-8
63240,1970,708,7072,1329,-348,830
63241,1589,5193,-5190,700,393,-742
63242,-7913,3019,5170,-1738,956,583
63243,-2474,-5368,-5775,-1975,1944,1021
63244,7672,-4709,-7404,366,1534,-646
63245,7586,-137,-740,-1481,-839,-1711
63246,5240,-5354,7882,1024,-1481,320
63247,3804,3712,-3914,-1791,-877,-1630
63248,-410,6649,-7756,-497,1482,162
63249,1737,-4587,1889,-1514,-595,1364
63250,2493,-4291,-3541,-463,792,1546
63251,3422,-186,-6200,-1128,1845,1998
63252,1720,451,6704,-1213,1284,198
63253,-3328,-775,-6941,831,916,-1705
63254,-6818,7064,-908,957,-369,-1084
63255,7456,1650,6428,-542,1054,-449
63256,-6532,-951,181,1911,1086,57
63257,-3757,-6539,-2026,-1244,-349,-1761
63258,3439,6721,764,-970,-1923,1458
63259,6940,6088,7022,46,-1882,797
63260,-902,4970,5958,-764,1039,1314
63261,-7876,-3936,1493,-1283,1827,1047
63262,2880,-6910,-4025,239,-1,-831
63263,5846,-2147,6779,-140,839,413
63264,-7164,-64,3635,931,1090,1832
63265,-3756,2027,-6476,-1190,1904,143
63266,6381,2985,-3656,393,-1582,795
63267,1347,42,-6662,-307,1581,1321
63268,-553,1235,-3195,1295,-1962,-1621
63269,1470,4207,6404,-360,-414,765
63270,4029,4087,4972,622,-1575,-30
63271,2998,1943,4680,-198,45,-1077
63272,-4128,226,5892,632,507,1087
63273,2558,-1704,-7620,680,-1081,-277
63274,4775,-5003,2239,-462,-1595,240
63275,4024,-532,1012,-1256,488,-1934
63276,3611,5562,-3802,-491,-231,326
63277,6289,-5928,-5232,-1762,1288,-1882
63278,4749,3874,-1432,1742,1015,1632
63279,-137,5598,5095,306,513,-236
63280,-855,-5302,-7732,1063,1136,1348
63281,5189,7327,4873,36,-708,-373
63282,-2293,879,4062,551,-1411,-277
63283,2838,-1970,-1530,-811,-1023,-372
63284,-3302,2382,-3238,-1024,1694,1794
63285,1571,436,5720,1720,-996,1003
63286,-1068,1331,-4104,-1722,-599,1220
63287,-57,-4375,-1406,-1819,-1760,667
63288,-7512,-1314,-73,316,-1512,-1634
63289,4076,-3329,900,46,1327,-709
63290,1922,521,7145,-869,105,-700
63291,6177,2217,-6885,-1689,-1615,1471
63292,-6278,628,-4094,-1775,-1416,-1654
63293,-5764,2645,4018,-1629,1157,272
63294,7759,7927,-2361,-718,1297,-1620
63295,648,-1487,-7951,20,1008,702
63296,1186,1952,2602,1901,-1361,410
63297,-5784,7633,-6250,-71,1642,922
63298,5538,927,-7549,-1647,-900,1206
63299,-4335,4731,6044,1464,-464,-1832
63300,1806,-6906,-3032,1439,124,-367
63301,5075,4249,855,-262,-317,-39
63302,4093,6389,7467,256,-1807,404
63303,1333,7372,-1820,-679,-689,1945
63304,6750,-224,7504,-727,340,1188
63305,122,2464,-210,-1815,-1028,953
63306,-6646,-5224,1791,-827,88,1395
63307,4033,2670,-239,-1327,1981,1611
63308,4251,-986,7545,800,-672,1128
63309,-6490,-6770,6391,-1318,980,-179
63310,-1899,3977,7028,1854,1446,1504
63311,-5735,6445,-1096,983,-1319,-914
63312,-1288,7030,-4246,662,-119,1973
63313,10,2820,-4170,-1785,906,-1445
63314,5835,-2418,1133,-506,-1559,446
63315,-2773,-2431,6288,1136,979,-1519
63316,-5822,4227,7569,-1325,1817,770
63317,2020,788,6880,1081,1061,1760
63318,-1755,-1363,1961,-919,815,1076
63319,3409,2721,4113,854,1529,582
63320,24,1658,-443,-1530,-1457,-371
63321,4776,-5946,-1880,-146,1124,479
63322,4696,66,7998,-539,1702,-1107
63323,-5575,2427,1410,942,-401,98
63324,89,-245,1050,814,-1082,1079
63325,5273,-4542,2083,-509,-971,-488
63326,-1266,5589,5468,103,669,1890
63327,-523,6352,-532,-1258,1290,-481
63328,6544,3042,4653,-1413,-337,-1084
63329,7003,7587,-3930,-535,-1134,-564
63330,3595,5644,-5022,-158,1483,1210
63331,-2853,-955,-3715,-195,-964,-1896
63332,2737,3397,-6104,1904,-1910,1225
63333,-5495,-356,6999,-1081,-148,1723
63334,-7142,-6087,-6274,586,-733,790
63335,5591,-6194,-761,1004,-1722,1338
63336,-6448,-624,-2043,-78,882,-1705
63337,2096,4280,2345,-1894,1064,-692
63338,-3564,3072,-550,-1006,-596,-1839
63339,2845,-1783,-1063,921,559,-980
63340,1147,-1216,737,-1754,1093,1287
63341,-3007,728,-425,-369,-1678,-608
63342,7522,7204,6129,-245,-1484,-681
63343,-1938,-3380,2580,-1850,1046,1127
63344,6802,7341,1705,-237,981,-815
63345,3866,6747,4096,1276,175,-1818
63346,-2793,344,1753,-163,-1607,-1397
63347,6490,3379,-5250,118,1669,-779
63348,4805,-5147,3851,1447,-364,-970
63349,112,-960,-6521,159,752,-1461
63350,4993,-5605,-5069,-1808,1693,-430
63351,-1483,-7423,4572,352,-1932,-1148
63352,-37,-2349,7702,1949,1582,1849
63353,-4682,-5404,1488,-941,-137,-1309
63354,-945,-3908,-5004,-433,-1629,-1642
63355,-4976,-7437,-6463,-1925,1334,-1595
63356,554,-1449,-258,-989,1886,-1821
63357,2144,2738,-5250,1680,189,-300
63358,-6841,-1505,-1588,-1558,-761,1380
63359,-4554,-3521,6843,-1483,-632,-1098
63360,-1419,-7288,-4487,-1390,785,-57
63361,-4485,-3015,2875,-427,1908,1787
63362,5863,1425,-4927,-1783,341,-468
63363,-5373,5585,-4821,1118,646,1778
63364,-6105,1495,-6326,-1665,1696,-159
63365,-1840,-3572,-7297,500,1720,-88
63366,-3115,-4567,6588,-537,1788,1353
63367,220,-384,409,436,-280,-1100
63368,-3834,-5200,362,938,-1582,-809
63369,-6230,-2812,2057,1327,-1132,1019
63370,2657,-48,538,-906,1995,-581
63371,2800,6004,6403,-713,-1545,433
63372,6214,3245,2933,-462,1564,-1166
63373,7878,5720,-5434,-741,-177,-258
63374,6289,4110,6540,-24,669,421
63375,-5363,-2430,-831,315,-1809,-350
63376,-2435,-4063,3291,1316,-371,-491
63377,-538,6296,-1796,-785,-1833,-455
63378,3823,-4634,-6508,1748,762,-1824
63379,-7579,-7399,-2551,-881,275,-1006
63380,4424,4912,-7336,332,-197,-1708
63381,7191,6774,1716,-560,-1073,644
63382,-7580,483,-5946,-904,1484,333
63383,-7290,5615,6149,-722,-1883,-1013
63384,540,-6069,6059,-329,-1002,-1486
63385,-5622,-1897,3201,1115,460,1282
63386,-7560,-1162,-6450,742,1248,-339
63387,2411,2886,3256,1250,-1825,-396
63388,-2725,-6747,4361,1891,1813,1752
63389,-2119,3140,-7379,-529,1824,-578
63390,6080,-845,6510,-1857,216,1402
63391,-1160,-2734,7998,-826,656,-797
63392,-6280,-4931,1145,-861,-424,-1587
63393,5199,-1709,3934,1144,-1642,-281
63394,-153,-1084,4671,-809,744,1151
63395,-6128,-5454,6361,-1892,312,-1369
63396,-774,-3144,1079,-912,1526,258
63397,-896,7738,-1531,494,-598,-1382
63398,-2011,2623,3166,1863,-912,-406
63399,2787,3176,-4518,79,-367,1521
63400,2606,3900,-4367,1507,-402,343
63401,-2488,7845,-2458,126,-56,-1522
63402,-974,-7803,7269,1853,-327,231
63403,7805,849,-6659,-656,1427,-1703
63404,-48,6443,5566,-1249,18,-1402
63405,6409,-5070,-2787,-224,-1752,521
63406,-4669,-7986,5206,1382,-702,-924
63407,-2215,1382,-4564,1079,-420,-629
63408,2848,-1430,-1838,1621,355,1361
63409,-4881,5718,-230,778,-1041,41
63410,7538,-1133,6274,328,1470,1939
63411,3722,7938,3120,664,42,-1443
63412,6745,2707,829,-73,-1545,1252
63413,3331,708,6547,-819,788,-868
63414,464,4642,3990,1356,-1985,94
63415,-201,7784,2605,-1471,1142,-1664
63416,4708,-5281,3555,1227,-720,1461
63417,1941,2059,-830,-867,1550,-387
63418,-3133,-5687,-830,1264,-857,857
63419,-6342,6443,4756,-864,1099,1070
63420,5108,3179,-3681,960,1239,859
63421,1062,3275,1916,-1935,1963,1844
63422,-7269,-443,-2101,1348,-630,-982
63423,-5424,-3347,-5186,1483,-1341,-1568
63424,-3129,7197,3043,1693,268,-453
63425,-3326,-1158,3519,1243,-1353,-1539
63426,-6565,-1320,4067,1897,-1431,-331
63427,-1740,467,7857,632,1921,-779
63428,-2948,-4150,-6720,-915,-1777,-565
63429,6951,2416,5159,-1538,-1224,31
63430,7857,1361,6896,256,68,1449
63431,-7919,-1414,6980,-406,-16,165
63432,-4054,2979,3264,598,1482,-1871
63433,-1794,5656,-1315,-971,-349,-126
63434,-7631,7521,-1067,826,-439,969
63435,-7783,-5554,-4185,1717,1857,823
63436,2488,-1078,2774,1931,-427,568
63437,-4874,4423,7465,1223,1196,440
63438,658,-1491,4719,-255,150,781
63439,2906,-1352,-444,1932,244,-58
63440,7870,-4157,5250,-214,-1057,-1579
63441,-154,7708,7134,632,-1921,1811
63442,-3846,4385,-7284,661,-389,740
63443,4897,4656,-7327,-1527,1378,-1801
63444,3446,6074,897,-121,-1226,-1797
63445,6358,-568,-2692,1278,466,-1836
63446,5611,-7802,-952,1231,278,1460
63447,-2852,-2638,-1305,-622,-1876,1358
63448,-6079,-2374,7563,1287,1473,-1780
63449,4463,-543,-985,-1056,797,841
63450,5198,1561,4681,-1934,-366,1515
63451,3958,4957,7761,-1205,323,-367
63452,737,6645,-4135,53,-1684,1621
63453,-303,6813,46,1176,1974,433
63454,-5733,-4342,5492,-1677,1535,801
63455,3694,-4558,-6861,283,-1875,110
63456,-6517,-1445,-5204,1390,-1622,-581
63457,-4299,3530,2496,-502,1376,1867
63458,7824,2832,7363,-593,272,-1115
63459,7751,2010,7545,-1953,440,429
63460,4757,4500,7713,-901,966,1741
63461,2825,-6597,7190,1179,922,1974
63462,1061,2909,-1757,1168,1108,-189
63463,-3639,1009,4167,-1375,555,-12
63464,-262,1673,4523,578,1032,486
63465,-3514,4091,-2359,1571,-425,422
63466,550,-7332,-1186,763,618,457
63467,3257,-5246,-7838,-707,1086,-818
63468,6893,6519,-3201,-296,-1494,1481
63469,-7061,-7203,-3141,-1600,1452,-1528
63470,-7965,-2975,-5065,-1643,-1333,1016
63471,563,5257,7135,-1895,-1081,-1185
63472,-6682,-1385,7035,1956,-1279,463
63473,-7665,-4395,-1990,-1788,-936,1040
63474,-4755,-1678,2481,-320,-1994,632
63475,-5790,-5459,2122,608,-527,1889
63476,1384,7439,6369,-824,594,-1407
63477,3456,-1658,-7466,1421,1119,-652
63478,-1124,7518,1953,1207,102,1941
63479,4514,4299,-4573,-411,1391,-987
63480,5735,-1652,-3503,405,-1291,947
63481,-6408,3712,-6399,789,1084,-146
63482,-3379,-7679,7118,1182,-1535,174
63483,1878,-4624,-2240,153,1112,-1731
63484,-7430,-5071,125,1048,-1139,-303
63485,853,-1935,433,-1298,853,1446
63486,6247,176,1913,1428,-1258,-49
63487,6189,1030,5546,-1280,35,-1279
63488,-4178,4015,7074,-1130,-178,965
63489,-3728,802,2082,970,-663,1803
63490,-7712,140,-5102,-1154,-1985,711
63491,-3021,5515,6234,1603,477,-1692
63492,2343,-2246,-7065,1855,-1203,0
63493,-950,-118,-7695,-1990,1014,435
63494,4886,4309,-4376,713,-1404,978
63495,7250,-6932,-7,1359,1431,1556
63496,-7617,2032,-7104,545,1393,-119
63497,-5828,-5045,-5681,-1378,49,1447
63498,-4814,-2338,-853,-540,-1515,724
63499,-5488,7452,1666,207,1923,-203
63500,3913,-6355,1416,-900,-962,1946
63501,-4627,-1885,-3994,-1731,-1801,-930
63502,6796,3355,-4876,-710,1967,1141
63503,3273,5132,-7932,-234,-1571,1656
63504,-3599,-2045,2527,-1715,1482,-835
63505,-7277,-6006,-2190,-858,-1510,942
63506,-261,4298,6972,-1279,-236,-1979
63507,-4817,-5567,-1056,-1962,-1465,681
63508,-7548,7108,-6259,-174,3,322
63509,6727,-4507,5577,1233,-1804,1277
63510,-6919,-3136,-5092,-775,401,50
63511,-4755,-5066,2239,1151,394,-322
63512,-7886,-5721,-1481,-542,-1752,44
63513,6986,-970,-906,-517,-988,-869
63514,3112,-6192,-7754,1315,1383,1773
63515,1145,1966,-7703,-322,671,1966
63516,6368,-7995,2572,-1052,-1845,1955
63517,1987,2262,-2643,-1937,1653,-1719
63518,4711,88,-2508,-932,-560,-197
63519,-2976,-768,-6728,-1845,-1212,-249
63520,-2150,7473,-6537,1100,-1816,1988
63521,5616,6842,-7686,-1246,662,237
63522,-6113,7773,-7357,802,1869,1335
63523,1473,-278,280,1366,-761,1542
63524,296,-4642,6533,-533,1908,-989
63525,2213,7674,-1077,-1166,-1649,-1848
63526,-688,7745,3604,1795,-1257,572
63527,3459,-1725,-2157,-1554,-986,-422
63528,-4038,1122,-2033,-1762,-578,880
63529,-7833,-3571,-4985,-838,-1643,-1649
63530,1055,7974,1479,-665,-1719,849
63531,7625,5344,6652,-180,817,-1301
63532,4337,-2365,-3952,-1642,1023,-390
63533,-6936,-5550,437,-112,1647,1645
63534,144,-1598,-6522,-1732,1326,1326
63535,4728,1258,2765,1692,-230,67
63536,7783,962,-2201,663,-1612,358
63537,7603,118,6914,-900,1268,1457
63538,2440,-6702,-464,492,-1266,223
63539,7122,-608,7469,-1396,-464,-1090
63540,3029,-2212,2538,-231,995,-248
63541,-3387,-4137,-2966,632,1662,1054
63542,6357,-2480,530,-509,-64,-272
63543,-1161,6813,-782,146,1055,-1156
63544,2267,-7465,-3199,51,-882,1297
63545,7750,6866,-6658,-1839,1595,-298
63546,-5716,-4106,-6453,-1733,-1379,-720
63547,5176,3263,-2205,-932,1138,686
63548,-3445,4037,-2389,1133,-657,1661
63549,7427,-3273,-470,657,1462,-1164
63550,3438,6223,-6017,1955,-1949,-1081
63551,-5529,-6145,-3977,867,1800,863
63552,3740,80,-1165,1307,-988,888
63553,1496,5275,-2510,1370,271,-134
63554,-554,-1130,-5353,-1786,1549,-457
63555,-2567,7388,-5811,-532,1390,126
63556,6142,-2791,4489,-671,-721,1103
63557,5287,3824,-5285,1289,412,-511
63558,1720,3386,-3753,-1833,-1303,1163
63559,-425,-1891,-3509,-254,1585,1585
63560,-3027,-6374,-7899,-1781,1289,-1169
63561,3134,3646,6188,1557,609,989
63562,2697,-3205,-3673,912,-470,167
63563,3067,-4330,856,1037,367,-867
63564,-2380,-5833,7853,-383,-154,1869
63565,-1642,-7197,5601,-1015,-1355,-1783
63566,-594,960,-6253,-1054,-726,-128
63567,-4608,897,-6769,67,-1756,-1788
63568,-2693,7764,7278,-920,536,691
63569,2139,6167,5980,1324,871,1640
63570,996,6190,-2808,153,-184,399
63571,-5268,1762,-5394,1345,36,1538
63572,-983,7018,7463,-1931,-423,-975
63573,-5055,5684,6630,1981,1697,551
63574,5691,-6070,7002,-1096,883,631
63575,3077,-1566,3551,1368,-1773,-880
63576,6725,-6781,7559,1807,565,-134
63577,6762,-2717,4118,899,-1077,662
63578,3126,-3600,3750,-1676,-227,-422
63579,6663,5454,1572,-1759,1386,-818
63580,4310,3899,-170,-26,-1361,-117
63581,-4169,1560,1463,970,-508,-1708
63582,-5930,-4472,2893,-796,822,-1282
63583,636,-5023,4826,1818,732,74
63584,6273,-4637,467,-153,546,-743
63585,1994,2204,-7235,-1475,1361,-1850
63586,2544,4402,590,1642,-1842,-1378
63587,5953,-2961,162,-649,1702,-1880
63588,1517,5065,-7265,-400,590,1721
63589,-167,2302,857,967,129,1596
63590,-1782,-5113,160,-26,-219,1972
63591,-4023,-185,-928,-58,1107,787
63592,-3005,3962,-6023,-1225,-448,-1003
63593,6638,4936,-945,1978,-1669,357
63594,1694,-5131,5479,417,-1606,-312
63595,-841,-5779,3751,-958,-570,1578
63596,-3472,-1246,-4560,-471,876,-197
63597,4438,-2645,-128,-437,-1455,-616
63598,-7356,-4897,830,-1369,146,490
63599,-6903,6868,489,-1705,-622,433
63600,231,2445,6726,-256,40,-1406
63601,-6425,-6764,51,659,-932,-2
63602,1350,579,-4523,215,-1157,-160
63603,-1190,1311,-3670,352,-214,-388
63604,963,-664,-6404,1342,-918,405
63605,2103,2709,-5832,-119,1371,-844
63606,-2829,408,5510,212,1425,-282
63607,6061,-2304,1961,-1768,1268,-316
63608,7133,-1787,-2533,1516,90,-1742
63609,474,-4676,4152,-418,452,-1071
63610,-1248,5704,4731,1535,-42,-852
63611,-1685,-1872,-5633,-1319,476,-1946
63612,-2434,560,1296,-120,-56,-1778
63613,-4331,6159,-7287,-1381,-1177,1485
63614,1792,-2980,-7371,1407,-521,-1163
63615,2305,-4073,5247,-902,1884,-203
63616,266,3618,982,1441,1923,990
63617,835,-2155,-1501,-1807,-1710,857
63618,-4381,384,-3857,1617,373,1564
63619,4857,6469,5184,675,-1237,-1116
63620,3786,3445,6234,-516,-1535,945
63621,6928,-4455,7969,-1413,849,323
63622,5974,-274,-2906,441,-275,72
63623,-7014,-3966,6862,-1171,-1140,-1809
63624,597,4382,529,1241,157,-36
63625,3606,-3819,-1762,-1203,1656,-1269
63626,-4423,-2876,-7314,1598,-1477,539
63627,726,-1907,-1848,-599,62,1653
63628,2967,3484,-6671,1281,-1942,-48
63629,5795,-2354,-1372,1295,-321,837
63630,5235,7062,3454,288,688,-823
63631,3840,6907,-7012,71,-1357,-803
63632,302,-6842,-158,1877,-632,-1500
63633,-3929,6327,-5971,1759,-283,-89
63634,6561,6065,2876,1029,-1097,-969
63635,5817,7757,336,1697,851,-275
63636,-3285,5518,-2407,-1799,155,-1038
63637,2117,-2332,3149,-1104,-1326,-1488
63638,-1872,2229,-1819,-239,-853,-1323
63639,4350,4728,-1818,-1664,-817,-260
63640,-1538,7061,786,-471,-1727,-806
63641,-1068,-5194,-1251,324,-212,648
63642,-7049,-6,3443,351,1946,892
63643,7292,7593,-3453,-487,831,-1306
63644,-322,-2040,-5076,919,-1504,-1676
63645,-752,-2424,2480,499,1848,-1502
63646,-4322,-7277,-6134,760,779,1393
63647,2376,7562,-2650,742,1369,136
63648,-3937,-1819,-1138,-556,598,911
63649,4165,7361,3326,671,415,-1405
63650,5032,-4546,7819,-86,-1718,1639
63651,726,-4710,-986,1470,-712,-135
63652,973,-96,-3320,659,-1555,-985
63653,1820,-1034,3814,-1652,1270,1336
63654,1262,-2814,2915,1212,-1279,-1661
63655,4010,5536,7347,313,-1222,1852
63656,-1400,4150,-1294,1748,-1384,1135
63657,1042,-6109,2302,1644,28,-782
63658,-5838,4020,-993,1558,864,-1842
63659,-7892,5463,4031,-759,-1432,-1867
63660,-5852,-463,-4307,1151,-1711,193
63661,-345,-3733,-2270,348,159,-758
63662,-3390,881,1897,-347,-631,1570
63663,2082,-5769,7991,1126,424,-979
63664,-4269,-5285,-4984,520,251,1312
63665,-1819,4473,-752,535,-618,48
63666,941,4927,-2139,396,1097,-422
63667,-6930,-2992,4763,1337,1831,553
63668,4847,-3432,-3705,-1922,369,-1851
63669,6210,733,5252,-1098,-599,-1872
63670,7128,-6648,-4393,-1102,-1456,1423
63671,-7316,-792,638,-726,499,1648
63672,4837,-3622,4712,698,1383,1139
63673,-1295,1640,-5249,-323,696,1378
63674,-6888,-7934,3474,-1633,-867,470
63675,-5383,-3090,-1863,1608,-665,434
63676,2542,6523,-2603,-1492,-295,-1559
63677,6329,-3230,7521,-44,382,985
63678,-460,-4797,4060,-1366,1705,-1233
63679,1491,6863,3542,-351,-485,-289
63680,5896,-600,-7650,299,425,-1595
63681,3658,7292,-7173,-1530,-1919,122
63682,1749,2066,1179,-1956,1995,173
63683,3958,-5825,-2579,1434,594,1724
63684,-1668,3383,-3976,-812,-286,1612
63685,-1099,-6879,-1385,-1972,-427,1030
63686,5442,-3575,-1382,-1634,-1345,1244
63687,-1548,-7288,-6887,-1675,-456,1583
63688,4112,2607,5871,-1443,-77,-997
63689,6300,-3295,-2258,1980,-1526,979
63690,-5777,-5761,-7156,-827,-1640,1355
63691,6023,6691,5373,621,-1828,1820
63692,5863,5229,-3946,1475,-547,417
63693,3124,3533,4642,-520,-148,-271
63694,-2093,-6031,-2887,941,-354,387
63695,-5022,1651,-5103,1211,-1291,1522
63696,-857,-7303,3751,-128,-1267,1059
63697,-2278,4663,1679,717,1137,-1414
63698,2296,-6756,-252,-1516,193,66
63699,7867,75,-5384,519,-686,1446
63700,1409,5376,-3210,459,367,555
63701,-6146,2337,-1164,-1040,312,-884
63702,-5042,-2648,-1318,1105,1369,-1030
63703,-2092,7900,4008,-666,-1015,1091
63704,-2919,-5497,286,1728,-975,58
63705,4103,-7554,3503,-1838,1052,1701
63706,7716,-5022,6976,-1870,762,1134
63707,-4682,6493,1118,1431,-1524,-1118
63708,4684,-3748,5140,-1145,179,1637
63709,5034,-6000,6591,1175,-1480,-1965
63710,4661,4100,-6983,-228,628,472
63711,6981,3312,-4343,43,968,-502
63712,7501,2644,-3539,-1591,-638,1101
63713,-6981,-4641,-1035,-1476,1729,-688
63714,-2115,4154,-4384,-1201,-1152,1056
63715,4612,539,-479,-1021,510,-1116
63716,-1064,3041,-4623,613,-185,1103
63717,-6403,3376,-5057,-1722,914,-1385
63718,-5949,-3614,-6968,1231,-743,1666
63719,-2870,-4737,2800,-1255,-715,11
63720,-940,7639,6096,328,-1618,-282
63721,1810,6041,-5422,1530,1240,1150
63722,-3515,-6954,-2052,-64,1602,310
63723,7574,5722,-5735,-1958,-196,1194
63724,-6984,-3274,1350,-1547,-1162,-508
63725,-298,-4645,-5178,1678,189,285
63726,-3586,3088,-4076,1651,-1263,1890
63727,5529,7013,-6056,-1369,-615,378
63728,899,-2102,4407,-710,1716,1627
63729,7823,6600,-59,-1185,-108,-858
63730,3950,6899,4819,-597,1747,-162
63731,-6688,-6032,3037,1630,781,1300
63732,-3740,1585,-3878,476,261,-1545
63733,821,-3180,-7853,-1541,1303,1553
63734,222,-5517,4204,-864,-154,779
63735,5589,-140,-2995,-1993,626,781
63736,3731,-967,7368,-1570,-1441,-255
63737,-602,1714,-4335,155,-1422,198
63738,612,4335,-5917,-18,890,-1709
63739,-4116,-1681,2515,705,-322,170
63740,-889,5885,-5602,1231,-707,-1908
63741,-1326,-3849,4253,1709,231,513
63742,6997,496,-4757,1004,-348,-685
63743,7519,7552,3006,467,1149,490
63744,6943,-1145,110,-1654,795,-334
63745,-7780,2371,-4552,-1436,-992,1995
63746,-6361,-5475,-1969,-1161,1250,1171
63747,3660,7817,509,-1134,-1715,-681
63748,6912,3779,1990,-926,-1224,1759
63749,-1867,-1762,3564,-700,-1352,970
63750,6386,-5133,-4887,-390,803,1246
63751,7440,-5618,4694,-214,-479,121
63752,-4766,-4360,266,-480,-1424,-42
63753,-7754,-5541,-478,-666,1201,1962
63754,-1456,-2881,-862,-427,-752,-468
63755,4952,1760,5795,757,1307,-1499
63756,-4983,-7181,3421,96,504,-736
63757,5410,4384,-6242,759,1013,1864
63758,-4851,-2737,467,1241,-381,462
63759,-134,5893,381,-966,-817,-862
63760,4267,4953,-5881,-724,611,958
63761,-7134,7787,7254,-782,391,-943
63762,2827,-5132,4820,-1494,-608,-1895
63763,263,-7384,4180,-1138,81,869
63764,-6050,-6373,-4456,-1170,353,73
63765,1737,2214,-3362,1821,-731,-1222
63766,-3348,-3111,-1964,-1787,-600,1119
63767,-726,-3509,1426,-737,1486,1774
63768,-5364,-6700,4706,1695,1089,-289
63769,744,5388,-4847,-236,-691,286
63770,4906,7367,5736,1695,-1986,-676
63771,6254,-3599,6585,-1831,-165,-1568
63772,-5317,1909,-3387,1500,1140,-1513
63773,-6885,1868,-785,573,962,197
63774,4677,6529,3764,-545,-703,1530
63775,-209,4694,1448,942,893,-1760
63776,-6953,7363,770,1833,830,66
63777,-7748,6583,2294,-1525,310,1389
63778,2083,-5973,-6547,1097,420,1930
63779,3428,-7596,-1041,-1048,-1133,751
63780,-279,5825,-4279,-638,-1399,609
63781,2790,1053,-7158,-1442,-1977,-961
63782,1993,-561,4156,-505,1135,-815
63783,-5405,-2817,999,-445,-439,412
63784,-2397,582,-2430,593,800,928
63785,2506,-419,-4368,-850,-1799,-1005
63786,2155,-2539,6285,-994,-1111,-357
63787,876,-6249,-6525,-758,793,1618
63788,-6409,5175,1509,-261,468,-1396
63789,3379,109,-6571,158,1562,472
63790,-3136,-7298,3018,1744,-598,1710
63791,-6327,3572,-2622,-1631,-137,-1586
63792,1425,5306,-2481,622,1585,-1943
63793,6551,-6050,5776,-1361,204,803
63794,-4138,3398,5623,-669,-1336,-1690
63795,7727,-495,-772,-609,-362,1714
63796,1716,1955,1885,223,1055,1387
63797,1241,-5706,4653,-487,1459,-1512
63798,6776,-627,5222,-753,1877,-1566
63799,7287,-244,1246,-307,29,879
63800,-5082,6960,-2847,-1526,132,721
63801,7983,7643,6978,744,460,-516
63802,-3309,4275,-357,1385,-449,-1499
63803,-511,-3032,-427,-1151,1742,-387
63804,-2994,-6216,3808,616,-1892,-987
63805,-3306,2006,-5115,-854,-1702,-568
63806,4997,-7544,-7417,-555,1515,-1141
63807,7690,2300,6777,1514,-723,-1674
63808,7408,-872,-1739,895,1265,50
63809,7142,-4522,-3777,-721,1347,-88
63810,-4176,-1140,6962,-1438,1397,1288
63811,5605,-3983,950,-607,1556,-985
63812,-3001,3170,534,-52,-676,-1895
63813,-5453,-182,-1175,979,-1598,1296
63814,1867,7321,2085,-1607,-1761,-1335
63815,-4589,3900,-420,-79,-997,-663
63816,-1990,-2136,-3527,-1172,1444,1178
63817,6222,-970,-757,1096,663,-1386
63818,-7959,3665,627,859,-139,-221
63819,3922,7918,5780,442,-380,392
63820,4816,478,2458,-1585,-1216,69
63821,-4471,967,1664,1261,-633,503
63822,-6611,-4442,-376,483,1713,124
63823,7135,5002,5478,1432,-283,91
63824,-875,3681,-3740,-928,1547,583
63825,2943,-74,-5577,-1761,1393,608
63826,-7692,-2017,-7088,-1565,-216,1122
63827,5409,-6669,6074,-903,590,803
63828,-7981,-2534,696,-1467,54,1132
63829,-5699,-6811,-1291,-440,748,-406
63830,-996,6367,5052,1924,-1593,-1201
63831,5302,-730,25,1158,-893,-1949
63832,-4103,-2130,-43,-194,1758,-1062
63833,-3150,2181,-3189,1552,330,1810
63834,5843,-1047,5202,-1929,674,-132
63835,5179,3612,-1311,1460,33,86
63836,-5154,1242,-5491,-1168,1734,-1417
63837,4724,5801,4790,210,-553,137
63838,1314,184,-1553,-1414,163,-1672
63839,7779,6169,209,-400,-1087,-1364
63840,-5733,-4958,1978,1370,-1680,76
63841,-6584,7485,-3667,791,-1969,36
63842,-3423,7058,7752,-1946,727,1613
63843,5356,5345,-7985,1373,1425,1863
63844,-4054,114,5513,257,1499,907
63845,5319,1573,-4671,1013,-1776,-1719
63846,326,3404,-6383,1948,28,-1816
63847,-4318,52,911,-865,1429,849
63848,4424,-3965,6934,-85,-827,-1240
63849,4934,-6351,931,-1989,1390,1370
63850,4272,-6438,5117,1508,1507,459
63851,-7249,-5174,-4090,-866,-698,-1544
63852,177,-5528,5414,-1980,543,790
63853,-4779,3686,5899,766,1845,-853
63854,-86,-697,4873,-1037,-1666,-392
63855,-1787,-655,-4838,1597,-915,657
63856,-2843,-3639,351,558,-212,1977
63857,-5280,2974,-6438,-732,1926,-1415
63858,4581,5796,-3164,1512,897,-1126
63859,6529,-7574,2338,222,138,-501
63860,2516,-1890,-7598,-165,877,1249
63861,-3303,6927,-81,-1734,-763,-1732
63862,5437,7391,61,-659,-463,-1862
63863,-32,-7215,-6295,665,-140,-1549
63864,2243,-6505,6096,1117,1479,-272
63865,2471,358,5080,-1101,1538,-1084
63866,4783,6178,5516,973,1450,-1702
63867,3020,7736,2014,392,-44,1953
63868,-6538,684,-3989,1035,-441,-1601
63869,-162,-7860,7170,937,754,-1682
63870,-3153,2474,-1486,1189,810,1094
63871,1622,3058,-506,-1168,-776,-1566
63872,-4712,-3646,2883,1284,1104,-36
63873,-5656,-3475,-221,467,643,1005
63874,6466,5575,7435,-427,1708,990
63875,5898,-7971,7171,331,-1170,-526
63876,1544,-203,5717,596,909,-1827
63877,1288,-5014,-3703,-1175,1399,-1088
63878,2383,1727,-4109,-867,1362,949
63879,113,2101,-7098,-677,-1432,-1653
63880,6231,-7603,3735,891,1294,633
63881,254,559,3915,-1008,1955,1724
63882,-2670,1946,-7116,-1633,133,93
63883,3053,2662,-2821,1668,-1675,1134
63884,7211,477,-4239,-854,1563,102
63885,-6414,-3407,4637,820,-1858,158
63886,-180,-6179,6213,-1838,561,1900
63887,-6289,3362,-5572,-1411,1380,-1374
63888,905,-1569,3804,86,-919,375
63889,-4736,-2368,3347,543,1092,-189
63890,-798,-6646,-2788,-748,-1201,-1152
63891,-5386,6816,-5660,-966,903,1008
63892,6592,3730,3028,1005,1432,-1879
63893,-3847,-3222,7642,280,-38,1821
63894,-4999,970,-7757,316,487,1203
63895,5367,7612,-7282,576,1263,1509
63896,5041,4091,7282,-1719,-965,1659
63897,5757,4167,5745,-623,1552,1042
63898,5103,6489,-1130,-1107,1203,-788
63899,5581,-2002,-7552,-1230,-1302,-751
63900,-500,-299,-161,-1220,-1379,16
63901,-7483,4504,-7316,485,-1136,-377
63902,6350,-1260,-7428,-231,-1759,-1742
63903,-4418,-684,7052,-994,419,109
63904,-4806,-2760,1431,1463,-1282,-1724
63905,-5103,7979,-6729,-637,214,1939
63906,-1750,-1498,-3979,-1820,486,-1875
63907,-403,-7758,-5724,535,340,-1398
63908,-2619,2506,-5091,-1310,-504,460
63909,-3168,-4189,-6321,-61,-1144,1754
63910,7354,-2635,-1431,611,-1937,1252
63911,5343,-6575,6278,-401,578,-1109
63912,-4396,-5528,-4711,-1692,669,1167
63913,4557,-4922,-1299,1766,-1304,-1968
63914,-7751,-6984,-1295,-1076,-425,402
63915,-2354,1172,-1187,1753,1055,1291
63916,2306,-3448,4156,312,1046,-191
63917,-1196,-3330,-2901,230,-1033,-624
63918,1210,4613,2224,1402,1558,-1110
63919,4329,-48,-4714,-1603,503,990
63920,-3687,325,-2407,1153,-818,955
63921,-945,-5299,-939,1154,-1388,-1541
63922,-1040,-5758,585,1176,-360,234
63923,7527,5298,-3465,-440,1874,-1401
63924,4575,-3906,-6966,-1373,629,672
63925,390,5949,-4446,-647,-890,1543
63926,6690,4333,7754,1374,1742,1448
63927,-7229,-7162,2269,-1943,1944,-637
63928,-7204,2273,-3391,-292,-1809,257
63929,6336,-7401,7198,-730,845,461
63930,2538,-5283,4502,1786,-1507,-594
63931,3173,-6489,3472,-1731,-1780,-1115
63932,5693,-5587,4564,689,-413,1567
63933,122,-4398,4145,-1518,-1586,834
63934,-6740,7340,2409,-591,336,-646
63935,-5207,6164,197,-648,-1150,-1278
63936,1854,-796,-347,719,-709,-309
63937,-7392,5958,5962,-787,877,-28
63938,-1108,3326,5678,519,-959,-1058
63939,-4082,-2268,-6602,1259,-486,457
63940,5059,6849,-6920,-1649,-425,106
63941,3147,-2657,-2172,-645,-759,15
63942,-3926,5208,2330,-1431,-936,1481
63943,6988,4570,1253,-270,-188,1724
63944,-2025,7167,7408,-937,175,-1788
63945,-6161,1104,-1198,184,-1058,997
63946,4696,-486,-4358,-959,-178,1167
63947,-2034,-680,1196,-752,-1157,1815
63948,-3793,-1514,-3974,1594,-692,20
63949,4266,530,7378,986,-412,-1858
63950,-1159,-3879,-1307,-980,-646,1115
63951,7496,-1742,6051,24,1823,411
63952,7212,-7142,-7770,-243,800,34
63953,-347,-7710,3538,640,1960,-1850
63954,-6901,5660,1780,-680,-789,-1228
63955,408,5168,5602,550,351,400
63956,3919,1479,5836,743,629,-880
63957,-1827,2759,1902,1185,-675,1348
63958,-1033,-5083,7067,-302,-87,-860
63959,-125,3455,4156,1143,1004,1344
63960,5898,-1578,-7798,819,-1839,-509
63961,-796,-7755,-779,716,1595,935
63962,6810,-1532,2484,1261,1038,-1250
63963,6119,-3864,1401,790,-646,-1075
63964,5241,2371,770,-1483,-1674,-1765
63965,1974,2788,545,1835,1662,-1065
63966,6327,-184,-2646,1571,-1484,-850
63967,-2896,-4629,4207,1590,270,1973
63968,3631,-6339,-2341,-1847,-1963,219
63969,789,479,4152,296,1091,-508
63970,-5701,3062,822,-1127,376,1310
63971,-1829,52,-4291,-135,-1117,347
63972,6349,-4012,3775,-1267,-1712,80
63973,-7470,-940,-143,1005,-1281,-874
63974,3271,-5745,-4318,1569,-1646,-1181
63975,-5710,7273,-6048,1409,227,-496
63976,-5763,5246,6326,1402,181,581
63977,3523,-5059,-21,1444,500,59
63978,637,-871,1336,10,-1694,-1766
63979,787,6177,-4039,-834,-1806,-1288
63980,-2833,701,1547,-1184,65,-610
63981,-4304,6166,-1202,74,-1319,197
63982,4297,-5862,-4066,1662,1504,-517
63983,-7079,7899,2701,-1262,-1730,1880
63984,1703,1010,-4288,-340,1653,1207
63985,570,1073,3388,312,-1718,964
63986,3950,-5461,4681,1255,1899,1103
63987,5660,7754,-2172,1266,398,-1212
63988,-6203,4113,4388,-340,-84,1085
63989,4849,-1898,7531,1234,103,-1092
63990,-2117,-3177,-4817,-1755,-1010,562
63991,-3239,1546,363,344,-405,-1638
63992,6212,-5822,2804,1775,286,1702
63993,-277,-1245,6741,-1581,-1738,481
63994,-3024,-4038,3117,-967,1330,-192
63995,-466,6030,-5635,-678,-4,1290
63996,-1948,3302,6176,-386,-751,1289
63997,7644,-2991,3,336,-1746,1778
63998,5703,-7063,-5660,648,-1220,-917
63999,96,-4484,4374,-1662,-1913,1015
64000,-5747,-2788,-7524,-1524,-1645,550
64001,-7136,-7073,-2484,1714,-1510,-31
64002,-4011,7322,7230,-867,-79,815
64003,-7332,-4850,-5658,-1162,-777,-292
64004,6210,2793,3228,-1760,-148,79
64005,-2176,-5915,944,-1188,-1494,1040
64006,-572,7325,5592,1389,1556,1369
64007,4046,1077,671,943,627,1045
64008,-5211,-1532,1479,711,1908,-193
64009,5739,-6072,840,115,-703,-1984
64010,-4761,1679,-2626,95,1485,1462
64011,5496,-2418,4806,1571,84,1053
64012,3907,-1352,4631,-1726,-597,819
64013,-1808,-3786,1632,-941,338,1470
64014,5942,-4427,7461,-1550,1808,-449
64015,-4191,-785,-7551,-529,-848,781
64016,909,3829,-1174,-169,351,1149
64017,-3656,1774,1863,-11,136,-774
64018,384,7463,5998,-1749,-749,1868
64019,-3429,-3238,-3983,1252,-845,-1720
64020,5830,-1549,737,30,289,-814
64021,-3169,2945,3930,1179,127,-1473
64022,-4580,6715,3796,-1160,-364,-893
64023,7027,4806,3857,25,1071,1381
64024,-2586,5055,-4139,475,1059,-1969
64025,-2014,1706,-7389,772,-1664,-999
64026,5706,-5268,7704,583,-1564,-1138
64027,1267,4379,5962,1669,-414,1168
64028,-733,6341,-842,-1868,-34,1778
64029,5179,775,-4154,568,-278,1450
64030,-4080,5804,1221,24,636,789
64031,-278,-3827,7744,-608,1769,-1977
64032,-2264,241,7950,-1708,738,654
64033,-3720,5078,2312,195,889,-1492
64034,6620,-2005,-1859,-1501,1673,1644
64035,-7825,-7820,6871,-907,-459,1619
64036,3933,-6824,2392,-1051,-934,443
64037,7435,811,-7388,1115,622,765
64038,7304,-646,6719,-197,1579,-400
64039,-4963,-759,-9,-408,1783,-312
64040,6266,2819,5618,395,-1239,455
64041,2391,1762,3773,1810,-601,-1257
64042,2002,1117,-226,-986,-374,1816
64043,7323,-5860,-6695,152,-1672,1335
64044,-484,6854,-3733,-1520,-1425,1110
64045,615,1458,-2814,-577,-969,345
64046,3740,7788,-540,1698,843,189
64047,-2316,-89,-1488,1352,1366,996
64048,-2114,2695,2349,-1299,1151,969
64049,6969,-4511,4199,988,-469,-1329
64050,4143,3527,-5091,-1574,-1686,-1068
64051,-5070,-3619,-5003,1424,-1134,1774
64052,-7340,-1416,255,1118,1541,-1624
64053,3061,5592,7331,-310,1771,-402
64054,591,4323,6220,72,-243,735
64055,-3219,-1215,-3772,-1340,-1053,-1756
64056,-5151,-1733,2474,-1154,-1534,407
64057,5977,-6301,-6568,-767,1138,-1563
64058,1305,805,-622,-879,-882,-1383
64059,-4992,-7993,-103,-1738,-1287,-1574
64060,-2385,229,2740,85,-1115,1344
64061,-5235,-2689,-1940,764,-1126,1033
64062,570,-7622,-1512,-144,-1613,88
64063,-1538,-2448,4111,1148,6,-353
64064,5261,-820,-4374,1624,-74,1468
64065,7866,5321,3691,-1140,-53,-119
64066,-2410,-137,-3313,-191,-480,1314
64067,4786,4721,-4840,-1884,-1522,690
64068,7166,2434,-7214,-44,-1655,1637
64069,-7096,-582,-2221,1296,141,-1802
64070,-460,5742,999,-460,1553,-990
64071,172,6665,-5540,-1240,-353,687
64072,-4995,-7923,-1266,-886,298,1593
64073,-6502,3159,-7564,-1406,-691,427
64074,-7385,6382,-4095,1738,490,1509
64075,6250,-722,6950,944,-695,1299
64076,-751,497,-7704,-1646,58,-1885
64077,2051,7487,5021,674,-894,1976
64078,-6211,2990,5365,161,1858,1255
64079,-1248,5780,6339,859,1729,-1233
64080,2941,7866,6792,-1662,766,599
64081,-5005,-933,-3642,-984,982,498
64082,5992,1968,4645,140,-614,875
64083,-1119,3048,3256,1275,100,-1023
64084,-1513,-4555,4988,341,649,1413
64085,4659,-663,6037,-287,1615,707
64086,-5031,4460,-7281,-1453,1085,942
64087,7799,475,-6104,206,1241,1273
64088,-5228,5831,-1333,1841,1404,1461
64089,-5108,4959,-5089,1299,-1906,-880
64090,3211,6623,-6316,-1882,805,198
64091,-3974,1921,-4758,-1272,1456,23
64092,-6923,-1129,6878,343,604,-398
64093,1212,2408,-6588,737,1760,-1816
64094,3275,-3369,-4654,-1235,-1605,-1434
64095,-502,5791,-7586,807,32,-1243
64096,-3051,-7051,5004,-1150,366,94
64097,-1949,1047,2363,-245,-389,137
64098,6894,-127,-6964,-1417,-1881,974
64099,-2779,7685,3099,-934,508,415
64100,3917,-5449,1598,1631,910,-1259
64101,4176,-3457,-2557,1247,1694,-1376
64102,-2872,-5581,-5870,1780,1388,1035
64103,-562,5527,-7615,1909,-1860,1792
64104,6571,-3871,4796,492,1503,-1480
64105,-1250,-1354,6508,184,-1699,945
64106,-3654,1032,5855,-1586,1791,-583
64107,-1686,-5117,-3931,353,-1056,-1197
64108,2616,-3885,3733,1525,-930,305
64109,-6193,4759,6565,476,-65,1
64110,1094,819,2740,-1344,1446,1882
64111,641,2089,-2690,-331,-108,-1713
64112,-3027,4411,7657,-612,-1720,1794
64113,-6468,-5944,-6664,-1932,461,-514
64114,-5793,-2492,1036,1296,709,1146
64115,6073,-5051,4892,1433,1366,-1896
64116,7734,7178,4989,-1364,1837,567
64117,-5971,7720,-2310,-828,131,946
64118,-5499,-2956,41,1972,-294,-409
64119,3959,795,-7312,1650,-641,341
64120,-4092,257,-3927,823,-234,548
64121,3096,5441,412,-1108,1723,793
64122,2687,-2912,4118,289,1524,1533
64123,-4204,2448,6283,-1049,-1820,-1175
64124,6502,6485,4648,800,-792,1345
64125,4723,1834,7894,1855,1040,-1432
64126,5614,-2232,-4607,-1161,419,417
64127,4397,3114,-217,-1802,-1484,1197
64128,1902,-3561,5995,-1960,-1821,-1072
64129,4731,255,3044,1929,-72,-779
64130,-2833,-6638,-6651,-334,-1786,620
64131,7284,2967,3329,-293,1413,-85
64132,-2857,5470,4662,-1617,-420,201
64133,-430,3500,-4214,-1045,1814,692
64134,2827,-4900,6190,-1666,1768,-865
64135,6120,717,2293,459,134,1126
64136,-3325,6447,-2998,375,-1067,-1894
64137,-2329,-5329,4937,-743,513,851
64138,-1005,1402,6170,-343,-817,1550
64139,-6479,81,7690,-1283,1436,-1363
64140,6179,5785,-3263,-572,-209,-554
64141,-4983,-4687,4079,881,272,-507
64142,7874,3461,6264,-89,1284,-890
64143,6479,2135,-981,1109,470,571
64144,5002,6244,2584,-916,1534,-1612
64145,-2145,95,-6175,27,1187,-1651
64146,-1957,2552,-1628,-1270,1845,-201
64147,-3017,4231,-4048,-1445,1320,754
64148,-3634,-3983,-3116,657,844,443
64149,-1656,1357,-7751,171,1047,-1250
64150,5730,2669,-5808,32,-1352,1340
64151,-3561,-1886,5240,1567,1371,-689
64152,-4506,-380,-6167,1799,848,-459
64153,-5073,-3704,2591,-187,-1435,485
64154,153,-2732,7980,225,1757,490
64155,5319,-4238,-5996,-915,-1268,-1359
64156,5087,7514,4604,1131,6,-1721
64157,7616,971,4860,1432,-1460,-1750
64158,1550,-3186,-5082,-159,786,-1105
64159,-7696,-6929,-3132,-1699,-1070,922
64160,2648,-188,4747,1627,-1353,-933
64161,-140,-2837,7443,-322,-789,1464
64162,-6216,1578,-1272,-1593,1095,-1931
64163,3253,3981,832,890,-1270,-1613
64164,7458,5390,-1737,-1394,915,-596
64165,-7925,-5303,7959,-44,-492,473
64166,5794,-7899,-54,-46,1839,-246
64167,6275,4280,-5421,-1604,-949,-1093
64168,-1534,2198,3628,349,1679,945
64169,103,-6708,1171,-454,1812,788
64170,3108,118,-1678,1068,-1263,-1777
64171,1688,569,-4021,-1319,1697,-593
64172,1793,5003,6487,-1641,683,-1197
64173,-6116,-399,4312,-738,-855,-69
64174,-1954,3990,-3505,523,-1122,1551
64175,1834,448,4821,1004,-174,1388
64176,-4620,416,-3482,-827,-1583,-272
64177,3499,2286,-7592,-910,-350,-1203
64178,-5901,-2858,4391,922,1248,1647
64179,2260,-2070,-4035,-16,386,1797
64180,3526,-4848,1938,813,-1698,1716
64181,2317,5720,-6232,-173,-1451,-701
64182,-3819,-7818,-7142,291,-1304,410
64183,1856,6204,1441,-1573,370,-863
64184,-1471,2113,-4149,1187,-347,1877
64185,-2021,7583,2148,-1344,-1098,-569
64186,4247,-1741,-4550,1386,1526,693
64187,-3902,-2777,-3828,-644,831,1709
64188,5958,1463,-4210,646,1911,-1776
64189,-2362,2173,2892,106,577,300
64190,-5123,-3712,-7360,897,638,-1624
64191,6986,1891,-5839,-553,634,-274
64192,-7784,5500,-6041,1056,-127,617
64193,7629,-7329,-2304,340,1350,-366
64194,7075,1487,2212,-1948,-1117,296
64195,-7300,-3602,4956,-1474,921,-115
64196,-2694,-4695,-2921,1612,-1597,-1167
64197,-2395,6726,-4776,-897,390,-1894
64198,462,3871,-7094,508,-246,135
64199,-6230,7297,-3258,-1246,141,-814
64200,5245,-2149,-3262,-994,-730,-1666
64201,-3759,6009,5304,-617,-1072,-269
64202,-5683,6017,-5909,842,-1784,-534
64203,4197,1853,1099,-1108,-341,1397
64204,7078,-634,-7375,-1056,758,-45
64205,706,-5452,4476,552,-273,-1817
64206,-7563,4638,6575,-1355,847,1664
64207,-3466,4890,-1836,1690,1397,-216
64208,-214,-6351,-223,-1353,1888,-4
64209,-6076,2608,-3340,472,-61,-131
64210,6070,-4986,-5008,-1340,743,138
64211,7510,4373,3824,-779,-57,1292
64212,-3499,-699,-2983,-1849,-218,-204
64213,-3567,-4480,-4348,-1383,1802,-592
64214,-7413,4100,-4302,1298,-1226,4
64215,6311,1004,6511,60,-363,866
64216,2298,2425,4735,147,-880,-337
64217,-3421,-7253,-3106,1172,-1354,-1408
64218,-1903,4052,-2371,1945,-1672,-1549
64219,-2856,2004,3551,38,1868,1659
64220,3714,-3961,6237,-1284,-423,-846
64221,2672,-5161,5995,-1075,-317,552
64222,2119,72,-7057,-1240,-629,845
64223,6574,-1370,-7025,-700,-574,1877
64224,-2351,1028,4845,1954,-445,573
64225,775,-6315,2779,1915,-565,-1184
64226,-1658,-3313,-6904,-427,-922,-1599
64227,-7281,-3314,-2378,734,-561,1918
64228,-6691,-2334,3238,-566,-1983,-1423
64229,-7791,1813,40,-1590,-91,1625
64230,-2025,-6845,3087,1929,-1826,-1710
64231,858,5823,1994,-486,537,-1319
64232,7591,-6164,-1514,359,1658,160
64233,-2565,-6521,-1669,1019,-324,487
64234,-7372,-5936,5479,420,651,-1223
64235,-5732,-1524,-2317,28,-1982,770
64236,-2869,1956,-2744,129,1943,1825
64237,7445,5415,-6601,704,-1615,-200
64238,9,5652,-3756,-975,-140,-1774
64239,714,-6472,-3523,1631,-829,1867
64240,-4500,7596,-7475,-211,-1492,-236
64241,7082,-1736,-3786,1822,-1487,695
64242,-4805,3552,3669,-1319,1446,1000
64243,-3232,-2729,6491,-84,587,-132
64244,2569,6636,-2369,-1920,1231,-1480
64245,-5235,2400,-6454,150,751,678
64246,-7353,-1286,-7102,-1710,1682,1666
64247,4498,-1312,692,838,-1663,-1832
64248,-5403,-4230,3103,-1826,-15,623
64249,3779,3148,-4151,-642,1946,431
64250,3437,5966,6642,661,508,-719
64251,-1376,6609,-4224,241,-228,413
64252,1765,1059,-2615,-1180,-1066,-752
64253,5486,-5326,828,-1728,745,-833
64254,1930,985,-208,1652,-517,1423
64255,5007,-5599,2222,-150,1013,255
64256,-5157,-1936,7393,419,-547,155
64257,5203,-2248,3508,1850,-830,911
64258,-6050,-6056,-1842,-79,-911,341
64259,-7978,2064,-3776,1854,563,135
64260,-3082,3503,6760,-1552,-781,-1041
64261,-4241,-5641,-2092,-985,1264,1005
64262,6520,-4122,-574,-400,-639,-1713
64263,7730,1780,2813,-1600,1836,-23
64264,532,6039,7382,342,1730,1431
64265,3514,-407,-5406,-403,-193,-1403
64266,1056,3509,-2951,228,-132,-1604
64267,-6660,6325,7680,-667,-1445,-1208
64268,-7952,-759,-2635,1298,-1022,-1276
64269,7283,4770,-2678,726,773,-803
64270,-4613,5249,-3822,1875,1536,-1123
64271,-6532,-3511,-2406,-325,1665,294
64272,-2553,-5784,276,640,349,-1595
64273,7390,-4245,4762,325,-524,140
64274,-1226,-7991,5554,-905,-781,-661
64275,-3367,-2518,4176,-1594,1221,-1928
64276,-6725,-7170,-5306,1150,1241,-194
64277,-5559,-6500,487,-126,1709,776
64278,-5503,-3974,4225,921,155,952
64279,-2390,3392,-4518,-1510,891,232
64280,-3380,255,-6556,1249,-1297,1866
64281,-5442,6102,-6514,362,-89,632
64282,7983,5908,268,1459,-1243,1281
64283,1148,3060,-6644,-1075,-1815,-16
64284,5423,3074,6340,154,-1709,-612
64285,-4214,-7799,178,-1290,711,1922
64286,4341,-2451,-687,-1406,-727,-1526
64287,-4161,-6833,1371,91,373,-1339
64288,-7620,-3609,3956,-1872,1223,1073
64289,3512,4328,-7687,-1013,935,-1391
64290,1365,2462,-6879,-997,-103,634
64291,-5624,1098,-5097,-1603,-42,1718
64292,-3475,-3228,5667,1546,-1812,991
64293,7721,1678,-6140,440,-241,-1567
64294,5405,-3275,807,468,1003,-730
64295,-4244,1887,1848,-574,1426,-412
64296,4640,-2902,-3926,-1887,298,577
64297,-6516,-7926,-3043,716,-1378,697
64298,-4353,2082,-4204,-1912,1396,1293
64299,-4007,1469,5262,-1785,-686,-71
64300,1136,2454,-6495,-884,-1355,1085
64301,-7375,-1723,6289,-245,840,-1751
64302,-5103,5170,2760,1969,-1745,-1276
64303,-4111,6754,5506,29,-349,964
64304,6830,-255,-3957,-1953,-1939,755
64305,177,7559,-3219,1612,-13,-245
64306,2568,-3002,4361,826,-1327,-1317
64307,3959,2743,1101,-229,-1210,-1978
64308,472,-3128,-7883,-1682,-1788,-877
64309,3627,4605,6754,-720,-694,-1679
64310,3995,7919,-6322,-199,-540,-376
64311,-7924,4085,-3326,1095,-407,1183
64312,2246,-4436,429,-190,547,1721
64313,7178,7499,2320,-520,89,1216
64314,3358,-5145,-2635,-320,-1663,-185
64315,-5191,5168,4512,-574,-1092,828
64316,7293,-6271,5644,-977,480,-521
64317,7352,-30,1304,-1166,-211,1441
64318,4180,-3871,2168,-360,-576,-1390
64319,-7410,3529,1250,-1977,-743,969
64320,4014,2408,5513,723,-392,-1831
64321,-5107,-7017,-4791,238,-1937,59
64322,5124,-2968,3157,-1479,-729,1407
64323,7587,7916,3116,-1652,1658,-1147
64324,2909,5456,-6661,926,229,-681
64325,84,-4936,3482,1386,-1694,1587
64326,5964,4752,-7430,1729,-520,491
64327,5492,7749,3629,1899,792,1189
64328,-7969,5657,4160,1974,-1578,277
64329,-6996,4778,1764,360,463,-571
64330,7269,836,790,1303,262,1673
64331,2655,3259,734,1269,-802,-1184
64332,3172,-3536,-2401,1193,-759,720
64333,841,-333,-4025,-1549,288,1762
64334,1849,-315,-3564,734,1279,-879
64335,1383,1406,6139,-375,-1037,-1133
64336,-306,3241,815,1866,-408,851
64337,263,379,6601,-161,-944,521
64338,5758,318,-6685,-288,1377,-1972
64339,-7405,6792,-7271,-1335,-1413,1899
64340,3637,6467,-4107,-472,1094,1478
64341,2825,-895,5490,406,-817,-234
64342,1425,-4969,-4083,-676,-1129,-876
64343,3178,-3000,6684,868,184,-1624
64344,6427,-5295,5796,-856,1099,229
64345,5923,5498,4608,1917,322,1572
64346,2525,2482,3063,1423,-1735,1893
64347,-4938,-6894,-7039,-1261,-1781,502
64348,-3995,-4512,7611,-1146,1884,430
64349,-4827,-3486,-5701,1491,730,-202
64350,6435,2689,3294,-1766,-1546,719
64351,1948,-7228,7449,-765,1507,-1999
64352,-1701,-4251,5838,1029,-1725,-25
64353,3051,-2197,840,-964,233,-667
64354,6258,4508,2023,1689,1732,1160
64355,161,-212,-4641,1781,-1862,527
64356,7278,-3446,4667,-1326,1363,579
64357,-7035,-7134,24,-1161,1081,-1126
64358,-698,3370,5303,1800,-299,-723
64359,7275,6521,-1491,842,-1662,1090
64360,-3506,-5253,-4830,175,801,1136
64361,-3071,6217,-6949,-1052,553,909
64362,4808,-2763,-3666,909,959,1663
64363,-3504,6818,-1375,1882,1567,-1659
64364,6368,2928,-3179,-615,1615,988
64365,2706,5239,-6014,-1527,-1070,-1525
64366,4432,4289,-6620,571,-1089,-1715
64367,-3662,-3031,-1287,-1678,1280,1601
64368,-7742,-5516,7485,-172,98,1451
64369,-3317,-5047,-616,-1990,47,1375
64370,7829,-6793,-6172,-1216,999,-1347
64371,3519,-2370,2447,-1375,1381,52
64372,5375,2927,-6654,942,-1888,89
64373,-1849,-4225,3546,-279,718,1156
64374,-416,-542,348,-558,-1794,1482
64375,1204,7609,-6467,1920,-1434,1253
64376,-5040,-4066,753,1461,-329,1080
64377,1721,4501,6268,1868,-1155,1808
64378,-3597,5108,167,1013,-1748,761
64379,6463,-56,-2777,-761,1049,1345
64380,492,5705,-7767,-700,1304,-1080
64381,-5321,6775,282,-1494,144,855
64382,3517,980,-992,1471,-1863,-148
64383,1445,5713,-1138,-1143,1289,842
64384,1291,-2035,-6467,-218,1939,852
64385,3531,4115,5130,1816,577,1405
64386,-428,7137,2925,1549,-1343,-1985
64387,1739,-1787,-5880,1788,1709,-828
64388,-3361,5266,-3199,-1670,-554,1124
64389,-5517,-1883,5355,-770,-1403,-1796
64390,-4406,-4439,7700,-1542,43,828
64391,2386,-3472,-1525,98,-1445,-71
64392,6540,-405,731,-875,1144,1288
64393,4584,5579,927,-821,-777,324
64394,5677,1856,88,-888,-101,1043
64395,-197,-5788,3818,1382,901,1596
64396,4190,7211,1492,1106,-1590,1960
64397,3955,-1708,1544,-626,-1556,-149
64398,-6024,1385,-1059,-2000,814,1038
64399,5770,2650,675,-1674,-264,1817
64400,4884,1011,-2622,-1185,-1429,-132
64401,-6812,-4811,7803,1071,1371,1400
64402,6984,786,4670,-256,752,-15
64403,2146,-3577,3597,1642,831,1544
64404,-868,2401,-2803,-574,-1925,-798
64405,2679,-5113,-7425,1711,-1952,-666
64406,7675,-1345,7479,-1680,662,-591
64407,3401,-1958,-6846,1765,-1162,-1339
64408,-6151,4982,-6833,-1880,1462,-806
64409,2303,5293,2033,214,69,1713
64410,4592,-886,2236,698,1300,1807
64411,2104,2334,579,-1994,-1720,687
64412,5876,4518,2120,-3,-367,238
64413,-3631,1545,-2971,1700,295,-868
64414,-1,5471,7705,-445,-1942,-1486
64415,-422,-6856,-886,-1426,993,-1539
64416,-7402,891,6390,-762,407,1033
64417,4018,-2046,6347,-554,1833,1422
64418,-2790,3582,5384,769,300,-1876
64419,3032,-4708,382,22,1835,-1489
64420,252,5322,-466,988,-1391,-86
64421,4025,5401,-6574,-1706,-433,-467
64422,-7142,-6946,-6648,749,1192,1934
64423,7717,-6378,-3995,-1049,-1719,-1160
64424,-3432,-5971,4496,-1403,-1617,-2
64425,-7413,617,-6765,-33,1146,600
64426,2981,4225,-2804,1366,853,-140
64427,-7551,679,2866,798,526,-1971
64428,-7586,7310,-7051,-1691,127,-375
64429,1377,-4094,3994,-1363,43,-459
64430,-4030,7234,4005,-727,-134,893
64431,-2877,-6795,4842,888,-1715,-1019
64432,-3321,4210,-6296,-1587,-486,1563
64433,-191,124,1952,-1160,-1039,210
64434,-4637,-3855,-3931,-1490,-1155,1817
64435,2373,5195,-5529,-1364,967,1106
64436,-2386,6503,3950,-607,1849,1602
64437,-7575,5686,1071,-1386,-534,-559
64438,-7597,-7540,-3098,-714,-1089,1360
64439,3630,3824,-7626,-1986,-150,-1173
64440,-5928,3241,5158,-827,-455,334
64441,3701,2872,767,-1634,-1760,1987
64442,1453,3229,6019,1761,-1349,-568
64443,-5930,7571,345,-1214,-943,-1181
64444,-3042,-3448,6902,-1578,1886,1153
64445,6108,-3010,5044,-1029,-1188,114
64446,-758,7085,-4141,-1315,-1751,-300
64447,-2035,352,-6231,1911,-1218,744
64448,4939,-5744,4909,-1771,-1463,-1933
64449,-4084,-3221,-843,-1540,1515,550
64450,5677,-4732,5464,-1509,556,1726
64451,-822,2695,-4293,-242,899,950
64452,5983,2080,-7404,513,958,1902
64453,7808,-472,-4020,-1461,-911,978
64454,2295,-1821,786,-1022,-8,587
64455,4546,-2774,-6513,-141,850,-1403
64456,1583,-494,-4237,1306,1711,-315
64457,4275,-236,966,66,1885,13
64458,1613,6936,7536,1652,-308,-661
64459,-1837,3635,-3202,-211,487,-1073
64460,-4096,5178,-7932,-1068,-901,1159
64461,-352,-7383,4583,1118,1475,-938
64462,5481,-2260,5557,1222,236,-1315
64463,-55,167,1178,-840,-1480,-1805
64464,5864,-4716,4179,-511,812,-233
64465,-4693,3233,6458,909,-725,804
64466,6455,4618,354,-1649,-1512,299
64467,2848,-5383,-7693,750,-1188,-963
64468,7606,-1736,3557,1004,1975,-1211
64469,2681,-7727,6389,-827,-1875,-1217
64470,1877,1470,1200,941,1433,-176
64471,4094,3214,-7190,1635,731,-1219
64472,-7894,-1016,741,-1440,1871,782
64473,6260,-6335,4887,-1170,1492,-322
64474,-6054,-2154,3246,510,-338,-336
64475,-6161,1543,3721,1991,1106,1715
64476,-2572,-2498,5374,-28,1163,-1923
64477,-1154,-1389,7510,-815,-678,667
64478,-7085,5869,7973,1841,1011,-540
64479,-2327,1201,-3578,-1313,1163,-1739
64480,-2996,7893,-7658,1592,-1662,-938
64481,5671,3978,6507,-203,1968,-1094
64482,-3155,6928,-4742,567,-1965,-733
64483,-1527,-6144,5076,171,-381,-578
64484,-4831,-7598,-4428,523,1733,996
64485,-7703,-6473,-6978,1738,1479,-1366
64486,-7216,-1193,1592,-815,-723,-115
64487,5868,-5783,7873,1410,-556,-1383
64488,441,-5194,4647,-1769,-1427,1904
64489,-5067,-817,1675,402,-1079,-763
64490,1478,3157,4236,1196,1361,-865
64491,-7208,-4653,6040,-497,515,514
64492,-6209,4974,-2254,1565,995,-1444
64493,6950,3930,3559,-1889,1911,-1016
64494,5594,-3292,2183,-69,959,-1763
64495,-3605,-4937,7646,-20,-616,805
64496,-856,-5456,-7453,-1747,-1551,714
64497,1075,4762,-7127,1337,-1568,-1808
64498,-3815,-519,1155,-201,517,650
64499,-6091,4382,-238,-799,-928,1536
64500,6501,6956,6505,-1241,412,-503
64501,6736,-761,-1145,1521,-1342,-1
64502,4968,-7008,1488,1344,698,-922
64503,-4206,3543,-6294,1285,1698,-625
64504,-18,3752,-2558,-1593,506,1408
64505,-2316,7896,7511,-1931,-1903,1658
64506,7972,-3575,704,-1976,1743,207
64507,7217,-765,-6963,784,846,-1549
64508,-4251,7672,1554,-744,93,-1877
64509,5311,-5071,-4828,1112,-1331,362
64510,1636,-553,3423,-405,221,-1376
64511,4875,1923,-7942,719,921,-862
64512,-2019,3801,2458,-1492,1294,-1132
64513,6234,-5406,878,274,-491,-178
64514,5835,-3453,7430,-887,1510,862
64515,-793,7559,4558,1287,-570,1343
64516,2128,5503,7875,1425,-1987,-1936
64517,417,-6989,-5727,1157,-68,-703
64518,2364,6813,-4521,-172,1030,1708
64519,-3553,5714,2796,51,-1191,-1100
64520,-6474,-1767,-927,902,-179,10
64521,2425,4074,-5259,1029,-1426,-1760
64522,-2854,6353,7292,1700,-663,661
64523,2368,4619,3445,-309,-10,-558
64524,2271,-7242,998,464,1588,1026
64525,-5702,4252,-1770,-966,1496,-1436
64526,4489,-131,-2275,1822,-1182,374
64527,7293,-4099,3627,1233,1839,-513
64528,-952,-1305,-6531,-177,-1844,-1234
64529,2822,-5360,-2369,-677,101,-413
64530,-7587,6824,2386,829,794,817
64531,-3455,7532,-7431,-772,-124,-1833
64532,-5355,-4259,-2973,-983,-1463,-1524
64533,2414,-3814,-6160,632,-1944,1254
64534,3599,-5537,3049,-69,-1354,-1908
64535,2672,-988,3006,-1305,-1981,246
64536,5993,-7680,1581,254,823,-107
64537,4966,-2483,6993,389,389,-372
64538,-1129,-6546,-3652,-1559,1293,-1211
64539,-5244,2917,5068,89,840,1502
64540,1825,-2923,5795,-1296,-1732,1871
64541,-839,-2600,-1119,1369,-1024,-735
64542,-776,7453,-7745,-1865,710,-764
64543,-1441,-5098,5068,1847,1110,-79
64544,257,-1217,2229,-1719,-1476,-901
64545,-6957,-3160,-6545,1482,1844,-961
64546,2298,5539,4029,157,1348,1475
64547,339,7030,-848,1309,1142,646
64548,-7502,-7259,-3638,-651,-1899,-1463
64549,6553,487,-6445,441,-1755,236
64550,-437,1219,-6732,1419,1497,393
64551,-4591,4869,5992,1782,839,945
64552,-614,5907,-5091,-287,16,-1847
64553,3639,-5032,5177,1159,-1312,-1578
64554,2684,5122,-3798,561,1855,-361
64555,-419,3825,3880,1511,-141,-1985
64556,-6194,794,1987,1251,1925,1717
64557,-6544,4588,3204,971,1982,1129
64558,-4117,6810,1462,-1274,-1973,1864
64559,4078,-330,6582,-1578,1352,820
64560,5370,-4147,-257,-83,1980,1438
64561,6207,-5231,-6306,-1280,660,-1817
64562,1348,5594,-5573,-1935,-51,1381
64563,3936,4949,-6267,1527,523,1096
64564,-7002,-2888,5668,489,1880,-1583
64565,7827,5816,2909,-1368,1858,-1605
64566,2423,7356,-6891,1698,-481,-283
64567,-2230,-270,-422,-1339,1776,-90
64568,4282,5013,-510,-34,951,169
64569,5007,-799,-5697,-1546,-1607,329
64570,-6828,1810,-7005,-1336,-564,-1044
64571,-4159,2992,3663,738,-557,-1742
64572,3215,-77,7391,1091,1052,1445
64573,712,-7842,-6337,1921,1619,1744
64574,-776,4801,5159,-14,555,1837
64575,-231,-7354,1728,-947,-1315,583
64576,-3146,632,-3698,1016,-963,-1322
64577,-2954,-3524,2676,-1223,1633,801
64578,-7683,7295,5950,75,-292,1307
64579,-204,-6509,-3595,831,608,-1056
64580,-2300,7950,-7296,1110,255,1094
64581,5200,-5258,-3216,-1268,-2000,1282
64582,3974,5820,-966,342,-345,-475
64583,1870,-1567,4906,202,1748,-1980
64584,6912,-1867,-1142,922,120,1740
64585,2970,4276,-7999,-683,-1985,-1229
64586,-4773,7574,-7514,-914,381,-1715
64587,-5357,-7371,1048,-748,136,1952
64588,540,3583,-201,-1984,188,-1853
64589,-6310,6408,-3461,1621,-461,-2
64590,1647,-5794,2439,-604,743,-188
64591,-7075,7337,3556,-54,190,-555
64592,6721,-2690,-2940,606,-1722,-396
64593,-2145,-2831,-2951,-1681,60,637
64594,-4257,6524,4909,1650,137,1662
64595,3841,-7339,3617,-169,15,-184
64596,1873,-6389,2758,-1287,127,-504
64597,820,-2321,-4323,-1752,-875,-1716
64598,-3408,474,-7468,-308,1609,-833
64599,-6816,-4526,5731,1053,495,-383
64600,1583,-7798,-3226,-1342,398,-1565
64601,4348,-5597,7991,509,1353,-1457
64602,6890,-6126,5923,-1427,-1695,-236
64603,-3851,-4594,6581,205,1861,188
64604,1418,6039,-6544,285,-1697,-1115
64605,4021,966,236,1233,-132,-1517
64606,-332,-7230,674,1010,1951,268
64607,-1043,3226,-3882,-1447,1955,-1771
64608,-6206,2737,-2748,-887,494,-1407
64609,4342,6671,-4152,-748,-143,616
64610,-1313,-5741,2020,1285,1380,-1704
64611,-1421,6691,681,1165,1347,-503
64612,3128,-6322,6068,874,-906,686
64613,6095,-2655,6337,-1519,-1967,1710
64614,-7111,3063,213,-1516,171,570
64615,5607,2918,7273,-1701,1160,213
64616,5436,-2521,1543,-999,169,-824
64617,-1715,-6494,1644,268,1566,-1281
64618,-5662,4890,-6881,140,945,6
64619,-1955,6165,1847,602,-1156,73
64620,1845,843,4216,1794,579,1985
64621,176,-4435,-3689,1695,-1279,433
64622,7911,1227,-5927,-1675,-1543,1242
64623,1645,1703,4632,878,-420,702
64624,-5815,3844,-3616,-1219,-491,-1948
64625,2423,693,-7470,-418,-606,-244
64626,-7226,7883,-1568,194,-1393,1511
64627,-7112,6349,2761,1697,-1355,457
64628,-6182,-6168,-2197,-1595,1213,1712
64629,3036,1975,1998,-1777,-1767,-286
64630,-4190,817,-3266,1257,800,341
64631,1896,7015,3617,1418,-1067,-353
64632,1204,1293,1620,1114,-1097,-908
64633,-3170,3329,3131,-1440,-1480,-1733
64634,-2977,-3400,2537,778,-572,1873
64635,6708,3148,276,1929,-1531,1073
64636,1909,-815,-3374,-770,668,526
64637,-2681,7102,-2342,-1585,-1250,-1220
64638,-1444,6809,-3222,-1820,1618,525
64639,-7765,-4450,-5572,1487,1712,1267
64640,7371,-7546,-3081,-1356,-371,-245
64641,2531,5947,-3212,1055,-999,-250
64642,1046,7433,7130,1229,-616,-1493
64643,2790,3792,-780,446,-496,727
64644,1966,-2450,7951,-409,953,1793
64645,-4712,-6392,-6814,816,-242,1136
64646,2411,5895,-43,-1876,1350,-1741
64647,7314,-1664,7070,-1511,-1298,-991
64648,943,821,2099,1245,471,-287
64649,575,-4144,-2432,1831,-184,221
64650,5366,-891,7238,1335,-914,1105
64651,3266,-1829,1450,-1793,-816,66
64652,4419,835,4019,-1106,477,-1695
64653,4668,-3910,1156,279,-1432,-878
64654,1987,-7313,-5266,-720,361,1311
64655,6696,7861,-1356,1166,333,1003
64656,-3922,-1614,3280,1666,338,-1529
64657,-5069,6440,183,-1256,1587,409
64658,6468,7639,-935,830,-1943,853
64659,6195,1034,-1444,-128,-1988,416
64660,-1173,-590,3429,1479,1374,403
64661,7594,-3319,807,162,-566,130
64662,-2905,2576,2242,1689,820,-1694
64663,-6611,-1450,-4775,-97,-1945,1944
64664,6962,6127,-2323,208,-1741,1378
64665,-2652,-5853,-1574,-1741,-107,-1430
64666,4799,5054,7280,1471,1456,1802
64667,4098,-3667,5419,1753,-1679,990
64668,-728,-3944,-1840,-163,374,-1496
64669,6672,-171,3660,1791,-1992,-1101
64670,-1579,4330,-7236,-1440,1761,-934
64671,-1788,-1712,-410,1686,-911,-569
64672,7873,-3380,5799,-1330,-13,-348
64673,-682,7208,-4799,-1511,383,-320
64674,2647,4868,-1104,99,348,-900
64675,7342,5608,6382,-122,201,1052
64676,-5559,1349,6671,1739,-1641,-1578
64677,-2120,-568,-2865,-1071,-1381,487
64678,-6107,7636,-6095,1300,-926,-1881
64679,-4307,-1032,-3978,-1395,-499,-58
64680,-5386,5952,-7117,1761,1888,787
64681,713,4264,5983,625,481,1784
64682,-7461,5452,6743,1664,485,1563
64683,-6904,-6409,4945,-693,1303,-1586
64684,-2303,2884,-5408,1415,1091,1838
64685,-563,5466,2860,-1422,1462,-1485
64686,-3937,3558,5632,-1639,-1104,1509
64687,-252,486,-1867,-749,-1025,-1109
64688,-7138,-2002,-7225,-552,780,416
64689,-4791,-408,-1422,-877,-1329,-1383
64690,4204,-6657,-3174,148,1506,-1128
64691,7136,-2586,-2014,-1536,743,1296
64692,2973,-398,-7358,929,492,-410
64693,-4854,7393,3943,-643,-1514,511
64694,-5239,7781,4569,-1219,-815,-1943
64695,5112,7292,-4080,537,-1546,1304
64696,-6335,102,-6851,1799,1621,-293
64697,3839,-4866,4806,893,466,1089
64698,7803,4270,4030,1367,-262,-643
64699,3333,581,-932,-300,1544,-114
64700,-7573,-6071,5628,-1218,1116,1093
64701,-2546,-4677,247,1934,143,1601
64702,3537,-1480,2547,1798,690,-1710
64703,-2853,2254,4079,-256,775,-1997
64704,-6918,-7091,-5245,-717,-1891,715
64705,-1976,-1752,-4323,1447,-627,-549
64706,-1532,4656,1792,233,1322,-1012
64707,7862,4146,205,682,1953,139
64708,275,-1925,-6712,-1746,-1479,-392
64709,7856,6056,-4417,901,-1019,-1949
64710,-7653,3421,6270,-1399,1127,221
64711,-5984,5812,3363,565,-1256,1219
64712,-2694,-5179,-3195,-500,325,-523
64713,-1556,-42,6806,1166,1525,-856
64714,-5225,-3639,1503,-101,1404,979
64715,7335,7357,7549,1736,44,1259
64716,5623,-7417,7761,1597,-247,170
64717,4071,-3764,1689,615,-1412,-1726
64718,-812,4846,6249,465,1031,1789
64719,5861,2933,5855,1943,-25,1480
64720,2044,-3236,7002,-1741,1274,-926
64721,5504,818,-5384,1859,-173,1943
64722,182,-69,5899,1663,-1572,1262
64723,4583,2036,1995,-1635,-1617,-440
64724,6624,3761,6436,-1095,218,-911
64725,3201,-2991,-5736,924,-1987,-807
64726,3429,-1117,-1543,-23,80,201
64727,237,2042,-2766,-1127,-603,1574
64728,3941,-6833,2360,1149,1542,1254
64729,-7311,-4642,2259,-1615,-569,73
64730,4105,-4310,-381,-482,-1974,1112
64731,3183,7752,-2453,-1674,1304,-1508
64732,1741,-3835,3268,-1053,-1746,-602
64733,6407,3017,3779,1105,-1307,-512
64734,3599,2948,-1462,922,-958,-284
64735,4763,-5119,33,618,1110,-1995
64736,4066,-5446,4929,-670,-1951,20
64737,3368,4272,2493,-1941,1855,-1312
64738,-1956,-7676,6360,-1614,919,-272
64739,6021,-6720,5560,345,492,-1006
64740,2939,-1779,-3607,-1847,12,416
64741,7792,6854,4952,853,1222,1711
64742,3484,-1792,1793,-1400,597,105
64743,6770,-2355,-400,-1004,1234,-577
64744,4200,-7439,1549,1314,691,342
64745,-675,-1555,5488,-1525,303,1114
64746,6980,5019,-2795,1599,-559,946
64747,3775,-1186,582,-88,-455,-384
64748,-125,449,-6563,1674,1386,-734
64749,3025,-4534,2211,-1078,-427,-1578
64750,4060,-2323,-6230,1821,-1516,1339
64751,-1325,-1251,-3974,-1789,1392,-1667
64752,-3432,-2317,-4374,1826,1465,-1285
64753,6323,3806,-7532,1078,-1756,-684
64754,1035,-4846,-7446,-1703,1687,66
64755,5416,1330,437,-952,1333,1862
64756,7874,-4205,-1517,1271,16,-451
64757,-2790,720,-1533,1775,546,-572
64758,1475,-316,-2874,-294,1591,883
64759,-1637,5232,-5313,60,-1838,-1968
64760,-4238,378,1452,817,1449,-555
64761,5745,2404,2693,1242,-452,-551
64762,-2518,2790,7158,87,-1261,1462
64763,3144,-1493,-6951,174,-1348,825
64764,6334,-715,-3046,-1274,1559,631
64765,-3794,3087,-2605,1135,418,-1041
64766,-5226,-2974,4170,95,-1102,465
64767,-2003,5088,-784,-1454,1462,-1623
64768,6946,2624,-6149,558,-1934,271
64769,-3875,-2857,-5387,-1645,-1631,1904
64770,726,1296,6306,-358,878,-208
64771,-2457,6552,4121,1096,1397,-793
64772,-4542,5693,1791,135,460,1175
64773,-5202,6613,3969,-473,1381,275
64774,7917,4415,5466,-1604,1040,893
64775,3605,6223,-4442,-1095,1328,-541
64776,-3773,-1709,2236,1719,-1662,-1916
64777,4781,2172,-4429,1389,1204,641
64778,2631,-730,6426,1259,-1610,7
64779,-1656,-7259,6956,-1996,-503,-462
64780,-3921,-4592,7230,-103,-21,-1820
64781,-6502,-7898,-6443,1288,1074,1979
64782,-1378,618,3082,-181,-1274,1477
64783,161,-6342,3544,1641,627,-292
64784,5073,-6767,929,-1256,429,-903
64785,-3573,-4563,360,-250,-1864,-648
64786,4792,-3373,5885,780,-1714,1368
64787,-353,6078,7900,-1823,857,-242
64788,-4996,-7818,-7130,-664,-877,1855
64789,6290,-2472,40,45,-1747,938
64790,-3577,5207,7536,-185,1638,-491
64791,27,1912,936,1726,1372,1367
64792,-3957,1188,-1501,-604,-937,77
64793,-3430,6595,4767,1559,-866,-834
64794,-1936,-1291,-7661,1659,-1063,1297
64795,6947,1627,2339,-1821,-344,430
64796,-3816,5226,4885,1220,1295,-212
64797,640,-1546,6178,1344,-568,1798
64798,-6164,4917,2285,1493,1878,276
64799,7227,2181,-4207,-770,494,1475
64800,4678,-3450,-7301,832,-1971,-313
64801,-2404,1928,-7870,568,487,-243
64802,-4222,-237,-4580,-1998,1040,-884
64803,2782,-4381,-4598,-576,1211,-1538
64804,-1032,-5395,-5991,-1879,554,572
64805,7444,-6428,3668,1958,1,974
64806,-1231,1622,4677,124,769,-804
64807,6276,-4254,-640,-1836,-575,447
64808,7227,2278,3595,-1305,-667,-1686
64809,-6650,-6722,-1804,1814,-1477,-762
64810,-7486,-4118,7709,-139,-557,1756
64811,-2770,-862,-2530,-1220,-1749,1609
64812,-1080,2493,741,1725,1247,1235
64813,969,2194,2594,1949,-741,-87
64814,2451,962,-222,-1071,668,772
64815,4131,-1163,-55,-1878,1325,-855
64816,-5604,-2500,5140,-858,1420,-485
64817,3423,-2429,6204,-1056,-1434,1196
64818,4002,-6169,7158,99,1465,-496
64819,2484,-5528,-2935,-1385,1379,-1350
64820,422,-7698,-3332,-680,1698,-1197
64821,298,-7138,3418,-399,1485,-542
64822,-7212,5732,-6308,1382,-776,-1350
64823,-7856,-4445,786,-1722,949,-592
64824,2742,-113,-1980,1850,-224,628
64825,5122,-6965,4298,1391,450,-326
64826,-3943,-4541,7719,-372,780,-12
64827,-5548,-1489,-69,236,-309,-1319
64828,-5991,-3096,6143,1994,142,-1827
64829,519,-5173,5260,-1741,1134,-1151
64830,-419,-5552,-4868,-444,-302,77
64831,-4847,-7096,7670,-612,824,-1160
64832,6785,2226,2225,1546,-1646,-1955
64833,-6170,2030,4388,-92,-1997,-315
64834,-5679,1976,5061,1309,-420,1674
64835,2581,-1268,3615,-1282,-1647,-290
64836,-2569,845,512,1823,1970,1561
64837,-3102,-7874,903,-1442,792,-700
64838,-4072,6057,-3978,1434,1539,660
64839,-2340,-7493,2635,-255,293,-1514
64840,-1968,-5698,-4709,-1168,-1237,449
64841,-5031,4326,3046,-1368,-1222,387
64842,-7304,-7414,-7718,-1123,-1036,-138
64843,1502,2435,1858,-1821,1759,-386
64844,-7508,-19,4572,-1568,-392,950
64845,-4698,-7089,1647,-1602,-255,606
64846,-1330,-6143,2875,-159,-1344,1497
64847,6538,3817,-4191,-1733,-1775,1663
64848,304,3000,-7670,-801,-270,-79
64849,-2000,7738,-5846,618,-1510,330
64850,-2462,3304,-3101,-1028,931,1557
64851,4852,-5451,-6749,716,-1168,-1524
64852,-7609,5324,-767,1213,161,-1758
64853,-2031,3974,-1812,-416,611,-579
64854,-2320,-7210,7319,-1442,-1376,1846
64855,4118,3917,-6561,141,1049,-227
64856,6860,5159,3649,-297,832,1069
64857,-232,-3495,1430,-1789,1584,-773
64858,-297,1949,-2875,114,-1171,-468
64859,-634,-6444,-1405,1475,-1198,-714
64860,-3687,4402,2935,1399,-499,1004
64861,2429,-3276,5251,-1441,-499,-1660
64862,-7756,-7341,-760,-1156,909,-931
64863,2207,-6526,7404,-550,385,-121
64864,2746,-362,983,-67,-483,-152
64865,43,-6888,-3018,1308,-1843,1164
64866,-7964,101,-2978,-409,293,-1033
64867,-5525,-2470,1049,-1924,-615,1519
64868,-2716,2909,7409,195,-1241,1820
64869,795,-4861,-5329,714,-362,-287
64870,-4761,-6364,517,-643,-1734,-1147
64871,5462,7527,2422,1159,1967,-899
64872,7398,1652,3753,-1822,259,880
64873,-875,-7505,4920,-338,-1982,66
64874,4226,1582,-5052,-449,621,843
64875,-2744,5455,-4139,624,258,1653
64876,6728,-5776,-364,1382,-181,1472
64877,1580,4631,-5405,368,1386,1842
64878,-7248,6611,-3606,-1649,1368,522
64879,411,6381,-4222,-944,-449,-1169
64880,-6962,5590,-4501,1941,-244,-1741
64881,5217,-1157,2449,-86,-1858,531
64882,5817,-3804,-4871,-288,635,-1871
64883,4390,-5780,2952,-950,-895,-828
64884,-6822,7071,894,-146,-1173,-1588
64885,2385,1407,-979,-515,-841,175
64886,-6171,-4231,-6358,-1353,-54,1764
64887,562,-2384,-6867,809,-1017,646
64888,4660,4992,3029,565,1443,-1336
64889,4015,-5354,-7553,-208,-638,820
64890,6493,-4506,-6801,1328,-1658,-68
64891,-5551,-4568,-3772,-662,1259,-1300
64892,1595,1954,4745,666,352,-1597
64893,-3568,6968,6040,-1041,686,-1724
64894,6539,-6591,7237,-408,-1279,963
64895,-3941,-4137,6809,-229,239,-776
64896,3277,7535,4475,581,1441,1181
64897,-2601,-4830,7305,-1347,126,-214
64898,3422,3530,-563,1013,970,272
64899,-6457,1702,-3525,-1593,1061,1940
64900,919,-3264,5168,-1738,-884,948
64901,1334,2020,203,-1285,1265,-394
64902,1108,7637,-4479,240,1785,-788
64903,7267,6097,-7779,-181,-267,1982
64904,-6012,2643,446,222,1358,1181
64905,7022,5657,7286,-996,780,609
64906,2459,4968,1983,1930,624,254
64907,-1293,-1761,-1465,141,661,382
64908,-3150,-5534,3107,-1262,-1925,-388
64909,6758,3512,864,-1981,-1849,559
64910,857,6726,7105,1517,1121,1593
64911,1506,3115,-4782,1951,-314,919
64912,-4679,-1821,-7042,-31,-1596,203
64913,-5494,-3459,-7138,594,-1270,1361
64914,-4734,-5788,-7535,-1140,1320,609
64915,-7284,-5548,941,-330,1136,-228
64916,-1495,-825,-3276,-1032,1100,-245
64917,-4706,6437,5749,-1958,1123,1377
64918,3076,-2604,-2944,1476,-1792,-1463
64919,-5512,986,-4928,-1109,1364,-91
64920,-3386,-375,7171,174,1593,651
64921,-7546,3077,-6875,-697,254,-1846
64922,-1696,3107,5405,-55,1501,1038
64923,7644,-5154,6470,525,-605,-645
64924,370,-814,-7215,1642,-729,-1563
64925,5744,-4003,6587,-1152,572,-1246
64926,3617,-4494,4362,1318,691,-1929
64927,-6943,7258,-176,881,1766,1457
64928,-203,-5737,2738,-1045,1156,1646
64929,4982,39,1039,-91,1122,1057
64930,-2361,3055,-3769,543,-997,563
64931,-5733,-5846,-4444,-322,941,-793
64932,1557,3521,-3186,-1487,-65,-1977
64933,4856,-7804,-6288,295,-681,1487
64934,7993,2882,4357,-382,1993,1584
64935,-294,-2497,-4699,999,-350,-1464
64936,5344,6586,-6630,-1732,-1450,454
64937,2821,1098,4729,-1280,297,-1570
64938,2010,4660,3564,1014,1742,1207
64939,5523,-2222,-1547,1616,1526,1192
64940,5315,-2681,-1840,1060,1101,-1664
64941,-2040,-7923,-5558,505,-1703,1965
64942,6601,-2066,-3975,-330,-1919,655
64943,1611,-2648,2444,-1165,570,-226
64944,-1837,3122,6437,-1659,506,-1592
64945,-3305,-3998,1059,-1896,-683,-549
64946,-650,-2161,32,-47,-266,393
64947,-7364,220,-869,-371,-1000,-1410
64948,-3283,6497,-7266,-1956,-47,1569
64949,-7046,6839,7350,36,1626,438
64950,-5511,-3549,-273,640,470,488
64951,1669,-5263,5555,754,1768,-1040
64952,-7829,6487,580,-1647,1444,-1385
64953,3968,-5548,7296,-1817,-705,1716
64954,-5655,-5430,-96,-774,-1561,1539
64955,-1429,6973,1395,-552,776,-474
64956,-123,-4827,-326,1824,-243,774
64957,7099,-4901,2086,1618,-457,-819
64958,-4943,-7596,7962,734,842,324
64959,-1839,-658,-53,-642,-565,-1604
64960,-3774,1347,-2529,-245,-46,1970
64961,2860,-5817,-7133,1389,-563,490
64962,-406,-4544,-2496,1811,-826,-1580
64963,6438,-2733,3610,595,1624,-1473
64964,-2104,-1669,-3324,-1381,1134,1362
64965,10,6237,3098,395,245,21
64966,-6329,-5314,5738,70,95,264
64967,-4196,-717,5845,-1514,-1653,1609
64968,7215,44,-3444,-1045,719,432
64969,4200,-4486,3381,-1005,-37,1754
64970,4080,2859,1732,707,-1216,855
64971,4422,5408,2933,-468,1416,-1706
64972,4425,-4632,-1704,1555,1137,978
64973,6030,-5113,-3390,664,-1642,447
64974,-3170,1867,-6688,1664,1246,-879
64975,1931,-1435,-4587,1432,1040,1864
64976,-3328,-6629,-3274,91,265,-1894
64977,-5139,-13,652,1227,-143,-1118
64978,-79,6231,-5791,-485,253,-893
64979,-2059,-2148,-1196,-1222,-815,449
64980,-7080,-218,3191,-835,689,530
64981,7825,-4691,-5485,-482,1550,-1940
64982,6324,4407,-3426,-1308,1644,-1098
64983,-5811,3605,2600,89,-1274,1338
64984,3982,7974,-1200,-1061,-513,1820
64985,-1569,601,6499,938,1114,583
64986,-7221,3109,4930,790,-683,-459
64987,6303,-5176,5436,646,1342,1807
64988,54,7413,-3777,963,-1884,-1921
64989,3696,-3565,-6001,701,1871,-1315
64990,-2930,-3795,4522,997,1756,1109
64991,-5237,7816,6436,1671,-731,723
64992,-7798,-2601,4739,1707,-1361,-1012
64993,-7403,-6855,-6312,-711,-1123,1199
64994,-1287,-5263,2545,-1374,-102,1182
64995,-227,-2252,-2983,-1871,1624,-265
64996,3337,3500,-6248,1124,-1806,1136
64997,868,7847,7395,-1916,-1760,-1637
64998,6619,2608,1675,1917,-810,-1037
64999,-3354,-3364,1935,1010,-1803,-1444
65000,-5866,-1125,-2713,-1259,-759,1145
65001,-3181,-1198,-199,1990,-1662,1002
65002,-2616,-6010,3115,1455,-224,-1718
65003,2862,-3956,4344,1910,1401,-1106
65004,-4878,3598,-6139,-358,-1456,-278
65005,-2212,-1954,853,1805,-1,-1050
65006,5286,-339,-3706,-829,-907,-1056
65007,-7809,-2211,5576,1791,-422,-1400
65008,-3383,-1313,5639,-159,-1150,1806
65009,-7368,-4550,7147,-143,582,-485
65010,7073,3878,-4145,465,1,483
65011,6824,-1774,-3337,-856,191,-943
65012,677,-6950,4793,1232,-1486,1795
65013,-1410,4926,-2524,-1062,652,1465
65014,5108,4680,6939,1402,1645,-1728
65015,-689,-7509,-182,1033,-40,427
65016,-2072,-4465,-5134,-1165,-110,-442
65017,-2309,-68,-3386,-1198,1056,478
65018,-1223,-4530,-3258,-1347,1903,-1810
65019,482,-6333,-1927,-1724,-1751,-58
65020,5873,-2672,-5595,-507,-1154,-1758
65021,824,-378,7556,-1046,1092,1567
65022,-4097,5811,2574,-962,464,1337
65023,-3041,-2231,-6959,1177,-124,397
65024,2200,-6117,2100,-1268,992,951
65025,7249,4134,-3063,-1080,-1087,-1879
65026,-5237,480,-6822,-690,-1554,-1760
65027,-5193,-2354,792,-1765,-593,1122
65028,7182,-4552,2369,1216,1545,1369
65029,-5703,-682,7229,106,238,554
65030,-3683,2682,-465,-1083,-341,1964
65031,775,-219,-1525,-1683,1111,-1652
65032,-2214,-2470,-3281,-386,-1790,1763
65033,1243,5963,-6909,1230,1836,64
65034,-4750,-1753,-7495,1431,-480,298
65035,-2807,6052,6097,-974,-1263,353
65036,-5894,-4428,6889,-1254,1299,-1765
65037,-3766,2275,-4423,53,1882,1695
65038,1341,4901,-5602,1924,1072,-757
65039,1046,-318,6275,-75,-614,-63
65040,5785,-4262,-6324,-1556,1165,-1895
65041,3638,3990,7145,-1078,774,299
65042,1012,-6006,-484,1507,-817,1241
65043,-2698,-2998,-4861,-183,35,-1813
65044,-2731,1358,-601,994,1433,-871
65045,-4925,-278,-7298,339,4,-1341
65046,2197,3835,-7537,-167,-397,-1459
65047,-4572,5056,-6378,-1589,452,478
65048,6084,3653,4465,-142,-869,-1190
65049,-4957,-770,-815,-1726,1282,1819
65050,-6707,7948,-5706,-433,781,87
65051,2630,5920,4095,-929,1410,-1371
65052,3483,712,-3841,896,-1979,326
65053,-440,-3692,320,942,-90,-915
65054,-3480,-509,7972,59,697,-1082
65055,-637,1226,6202,1220,-327,951
65056,2156,-5806,7249,508,-900,-884
65057,-6359,451,7666,1482,1382,-1797
65058,1359,7908,-114,-734,961,1639
65059,-4993,-1974,468,-1943,662,329
65060,-7465,7127,2843,1132,-1775,-546
65061,1319,1809,250,-305,-1474,-1271
65062,-738,-461,2415,1482,-918,-286
65063,-5854,-1222,-2200,1640,-1537,169
65064,-6211,5445,7835,1325,-706,1236
65065,-1824,-999,6225,1626,1909,792
65066,6808,1029,1599,685,443,1258
65067,7757,-2220,7950,299,1567,-1559
65068,2997,-5963,-4611,706,931,1169
65069,5092,-5000,-7397,-376,1966,806
65070,5223,2985,4260,347,-294,180
65071,5604,6980,-3557,300,545,1977
65072,-506,-1614,-7396,-1039,1648,1753
65073,7182,-29,1236,1081,-795,-1111
65074,5467,-2021,3113,137,1213,-409
65075,-7831,-3147,5566,1844,1607,1099
65076,1749,1536,3556,1682,313,-159
65077,-5100,-6581,-2439,-1076,-1921,492
65078,-2173,7925,914,645,263,896
65079,6572,-7997,-1031,252,1279,-1586
65080,-6817,4212,-1075,-639,-1414,-1746
65081,-4467,1067,883,-1295,938,1165
65082,646,3876,-7422,-1982,-1739,1158
65083,5191,4086,7820,398,932,1299
65084,7169,4965,-6521,-163,-511,-1969
65085,5777,-1804,4170,1548,-130,-236
65086,6307,2944,-4645,-389,-2000,1938
65087,296,-5811,7655,1333,-1874,781
65088,-6135,-2118,-2817,1994,1424,367
65089,255,3745,5834,28,-310,-1830
65090,-5848,-7116,-7424,-1046,-1866,-1418
65091,-1088,-4361,297,610,-1444,-796
65092,-7688,6993,-2042,1269,-224,447
65093,7253,-4341,2810,1699,1236,-194
65094,-2608,-6013,-1073,489,1268,-242
65095,2725,629,4850,966,1294,1523
65096,-5613,-690,7316,922,441,-1544
65097,5641,-3104,6355,-1365,-1593,-1524
65098,6007,7608,4122,-323,-1863,1917
65099,-2154,-5266,-4701,940,-426,-1286
65100,-3396,3548,7059,-547,1609,214
65101,6386,-5839,3330,-748,-1880,-415
65102,-4690,-6039,5151,1974,-1673,-576
65103,5737,3224,-7525,-834,-1788,301
65104,1008,2609,-5488,-1175,-763,-602
65105,3802,1773,6941,695,-1712,1048
65106,-5131,2207,-4072,356,1741,245
65107,-3475,2728,-4536,-745,1010,-976
65108,1484,-2629,3703,-573,578,-728
65109,-3569,-4341,-1134,1136,-1978,-424
65110,2563,3652,1047,-1998,1800,-1278
65111,1421,6335,-4413,619,137,-869
65112,-365,1400,-6967,256,-131,-1458
65113,-759,-1040,5732,-980,644,-969
65114,-7656,6179,5898,1899,215,-1698
65115,3491,-6430,-2922,642,-850,1839
65116,1019,3050,237,-1880,1901,-980
65117,7490,6345,5840,-1194,1176,-687
65118,2090,-3015,1434,-1861,1161,-1232
65119,-5501,2326,-3271,797,426,-1223
65120,-4311,5050,1353,1431,184,1920
65121,-6443,1428,7098,580,-1129,1884
65122,-7011,-1743,2657,-721,331,1624
65123,7468,7094,-3040,-1280,-1311,-830
65124,-6204,-3070,-1994,-1019,1416,-1345
65125,-3733,-282,-2794,1077,-560,362
65126,-1017,-1580,4055,-795,1749,1447
65127,3816,1445,5663,-1838,746,-228
65128,-7465,-4073,-7655,1873,1412,1978
65129,7046,7547,-42,512,984,1838
65130,-3971,-4020,6930,-1211,-642,1299
65131,3013,998,-3004,1516,1330,1211
65132,623,-7029,-7199,180,452,-986
65133,1342,-455,6788,1178,-225,-1159
65134,7148,3739,3196,-792,-1484,-881
65135,4786,6792,-5312,-1154,-1832,-1
65136,-6335,-6855,7615,78,323,-1816
65137,-5840,-5813,4730,1881,1453,1590
65138,-4712,676,-4294,-1262,905,1031
65139,-5360,1174,-4720,551,1241,-919
65140,1324,-5732,3932,-393,607,117
65141,-2286,3051,1670,1379,178,-483
65142,1305,1814,6160,383,-809,-1046
65143,-3406,-6471,1944,1696,-260,-1716
65144,-4878,-916,2124,376,-959,220
65145,6909,-7873,7543,-1480,1664,-1435
65146,-3439,-4843,-6071,-1877,1797,591
65147,-5440,-780,-6689,729,219,-906
65148,1156,-1971,6157,639,-572,627
65149,1093,4658,4353,-761,186,152
65150,3969,-2314,1243,1361,-2,540
65151,7646,-3640,-3022,982,1553,-770
65152,-986,6990,2934,-626,1967,-1466
65153,-7953,6418,-6855,-593,19,1324
65154,-6804,-623,-3698,-1403,-712,902
65155,-1792,-7757,1809,613,-761,-432
65156,-1946,7014,956,-781,261,741
65157,196,2207,-5734,-379,35,1671
65158,-246,7309,3645,672,-1870,-1542
65159,-5790,-767,-2171,-811,221,161
65160,4933,4851,-7323,1038,-901,1451
65161,-5741,-5035,4299,760,585,-263
65162,-1847,-7453,-1873,283,1930,-1324
65163,-7789,-5856,-7564,-1404,1654,41
65164,-1184,216,-3770,-1566,925,677
65165,7330,4447,1880,-1613,1777,1906
65166,-3792,5203,2215,1850,-1991,-555
65167,5419,7174,6315,-249,-917,608
65168,-7170,-5097,7663,-834,-699,850
65169,-5620,-1609,-2865,1046,-704,-1737
65170,5467,-1180,3149,-1228,-158,1939
65171,-2536,-2655,-537,1455,-303,-690
65172,5002,2762,1492,-62,1107,-1000
65173,3302,6216,2699,-374,-294,-252
65174,-4177,4318,-4477,-1685,1837,-654
65175,-3223,-6418,-250,-1210,-1681,160
65176,6272,-6585,7863,989,-1156,1881
65177,-704,-7572,2199,1574,-651,848
65178,-7856,675,6047,-195,649,-234
65179,-2505,-4575,-6935,-395,-82,1609
65180,-1286,622,-3465,-1613,-1260,-1644
65181,-3166,-6637,-1690,335,712,1520
65182,-1142,5574,-1309,-1247,-1539,1613
65183,1921,1906,-3575,304,-1945,1455
65184,-4862,3239,2622,-755,870,963
65185,-2522,-1796,-7627,1575,1329,-561
65186,2800,1692,4740,534,1563,1784
65187,-2215,-4890,4668,-543,-791,1327
65188,-5382,2957,2480,1635,110,-1869
65189,3556,-7166,6549,-699,792,1756
65190,-55,1962,-6699,1483,-512,1996
65191,-7608,4945,1096,-958,1838,924
65192,6410,2393,2735,-320,-94,-820
65193,327,7283,4477,-924,-1010,-1814
65194,7232,6626,3344,-1923,614,-1517
65195,3946,833,3796,-1517,1317,323
65196,2960,1323,-2251,1544,1961,-375
65197,-7860,2074,-7716,-1545,1033,270
65198,-3091,3365,6512,-1926,-1219,-1630
65199,4258,-5401,-4617,-1869,2,583
65200,6648,695,-7373,-467,1466,1515
65201,5530,-3660,6181,-687,-717,-89
65202,-3710,1579,262,-672,449,1489
65203,-5758,-260,6889,-1406,-1386,411
65204,5577,6755,3202,1917,967,1297
65205,105,2568,-4380,-327,-1282,-1623
65206,-1824,3931,3334,-1081,-326,-1837
65207,5204,-3588,567,-1967,1668,830
65208,2362,4809,5459,-683,82,-141
65209,7555,-1590,-6962,-315,-848,1616
65210,-310,7067,1699,606,594,33
65211,-1584,-4507,1178,-1492,1964,1265
65212,-3688,-4977,-2830,-497,-1494,49
65213,7960,-1766,3203,-1442,-168,1772
65214,-158,6099,3084,-973,1392,931
65215,-31,-2573,-1632,1135,-1077,-1997
65216,-7075,7239,-2323,-649,-664,-714
65217,6278,5612,-2307,1480,943,1018
65218,123,-7304,-5083,1337,-774,-274
65219,3504,3076,1920,1091,-1222,-1897
65220,-6638,6710,6144,859,1115,533
65221,2906,-676,5741,-832,-857,-1721
65222,-6876,7157,-3986,-761,-1980,806
65223,4061,5541,-6212,-1993,1955,-1723
65224,-2765,-4496,2917,989,1583,-1122
65225,-1262,4933,4070,1141,-1491,1583
65226,2142,3385,-5764,1706,-1294,-202
65227,5426,-3007,-6980,470,-1893,-485
65228,4730,5286,-3406,1348,939,-444
65229,4399,-2562,7382,-550,-1452,387
65230,-4937,-6150,1572,926,192,1605
65231,1084,-5892,-3976,-472,-1057,-175
65232,5647,1928,5635,595,-1290,1531
65233,-7854,-6279,876,-1402,-1976,-1063
65234,1324,-1392,-3930,-408,-1174,1956
65235,-4723,-7306,-7041,817,-1071,-491
65236,-6141,-6541,-1223,-171,269,536
65237,1294,3142,-3637,654,-1726,458
65238,-520,2175,-6155,-298,1237,-1629
65239,2149,5578,-1328,1090,1292,-356
65240,216,-4710,-7992,-531,-1540,-1363
65241,-2387,4933,-6339,967,609,1334
65242,3436,6614,-1723,-1279,969,-1413
65243,7272,-485,1883,-498,-1006,-1889
65244,-2392,3070,2283,-640,-1212,-146
65245,-1588,7227,5976,1339,-118,465
65246,106,1572,-2115,-1375,-191,749
65247,-3168,4392,3104,1379,-107,1255
65248,-4636,-7226,-1034,-1057,1912,-383
65249,-4194,2173,111,976,-748,-191
65250,2581,-3892,7509,766,56,-1993
65251,7670,6480,7253,-635,1820,-1173
65252,-579,2487,7889,1282,-540,747
65253,-3620,-5400,6322,-104,-1570,1292
65254,-6443,-1989,-1112,-1958,-26,35
65255,2989,3135,1988,-1940,-350,508
65256,4073,4617,-3246,-143,429,-1584
65257,7239,-1990,-5214,-1376,-47,-948
65258,7533,289,-1823,180,-590,75
65259,2628,-4414,6205,-515,-132,1897
65260,3852,1269,3380,1812,1630,1024
65261,4062,-1608,4464,702,1028,982
65262,-7610,-3408,5851,1387,941,1898
65263,5616,-6935,3094,-1638,1561,-60
65264,-3959,-2374,-4582,-745,1399,-1508
65265,6780,-1818,-1039,1102,632,122
65266,-5328,1460,2080,775,1935,-791
65267,-1086,-2191,-3950,-331,413,-1861
65268,-6416,5131,3068,-1666,-1083,-699
65269,-6262,-4587,-2003,6,1223,-1047
65270,942,5778,-2962,721,1557,-1974
65271,540,-7801,5840,1365,-1685,-1027
65272,6740,4352,2635,1087,-549,709
65273,2813,3336,-1814,-1598,-1954,860
65274,3574,4081,784,261,-1062,-1556
65275,4021,7442,-7265,959,1653,814
65276,-2825,-4333,-4937,1717,1504,-561
65277,3862,6755,6723,179,307,-1814
65278,-372,1825,7942,-939,1570,-971
65279,4173,7775,2088,1706,-1406,-1958
65280,-6588,2083,-6556,-338,-1721,723
65281,-6524,268,-2304,-301,-1313,1978
65282,1677,5122,3753,-1646,1711,-588
65283,1181,-6506,3650,-1868,393,78
65284,4401,1033,3437,-1276,1960,-41
65285,-4121,7462,-5091,183,688,-915
65286,-7421,-4071,83,-908,957,1174
65287,-5516,-4694,2868,-62,1077,1437
65288,-7734,-6174,5882,-910,765,1170
65289,-107,-135,-2872,1047,-1550,-1607
65290,231,-3170,-2748,-1239,1667,-1237
65291,-5851,4756,6354,-524,-1208,350
65292,4602,2085,-1507,1171,-221,188
65293,-3781,3188,6965,1081,1810,-541
65294,-2433,-3173,6450,569,-1631,257
65295,-4054,-4198,997,934,1599,1747
65296,7511,-7432,-2111,-1307,-1316,259
65297,-1955,-912,5041,-1236,-1540,-711
65298,7093,3137,-7939,481,1509,-552
65299,-2543,-7440,756,1226,-1568,-1722
65300,5056,148,6649,985,1628,1276
65301,6953,-4410,-4762,-1384,544,-882
65302,-3982,-1096,7616,233,-396,-939
65303,-3723,89,-1182,-274,1275,-1860
65304,666,-3914,-7403,1441,110,-702
65305,-5564,-3564,7688,-1644,1402,-901
65306,-4023,3898,34,-625,-1039,37
65307,3162,6921,2068,1882,-1049,-1278
65308,-2250,7773,1182,-32,-1990,-1580
65309,3898,-814,3210,1896,1590,840
65310,1579,1319,7912,621,-1367,-1954
65311,-6246,-3229,-6686,163,-1842,9
65312,2376,1767,-713,1103,-32,-1747
65313,-7440,5089,4767,1299,596,1232
65314,-4004,-1766,3795,1747,849,1953
65315,-7372,4403,-4667,927,273,1965
65316,-2291,-942,5226,-1690,-1937,-359
65317,-5522,-3009,-3882,-835,1468,-920
65318,-613,-5255,-6378,177,-622,592
65319,33,-360,-2473,1941,-1849,-601
65320,-2279,-7884,-4660,-1913,-364,214
65321,24,-5173,770,-102,-277,1258
65322,1181,-6813,6868,1949,622,1282
65323,-5362,6237,-3593,1561,-1461,370
65324,-1181,4493,2641,-305,-254,-692
65325,1632,135,4060,-912,763,808
65326,1361,3043,-2628,-730,-1020,-1849
65327,-2901,6572,3068,-934,1624,-1349
65328,1329,6398,7357,-1769,1588,-1581
65329,-4871,239,-2706,-85,-1216,827
65330,3839,1167,6118,-1397,523,-1722
65331,-6919,-747,5535,-1447,885,-139
65332,3028,-3968,2425,-824,459,466
65333,1414,6128,3265,-922,-832,-597
65334,1743,3059,-6816,-1325,1639,886
65335,900,-35,-5793,728,1048,1649
65336,-1657,5648,4184,245,-862,1969
65337,6151,-1558,-5632,-194,-1394,-658
65338,-1114,1917,-2008,-1745,-679,-242
65339,-2331,1636,-5223,246,1051,-1390
65340,758,6120,2924,-1125,845,708
65341,4690,-7773,-775,1078,-1700,-24
65342,-6757,7869,-2481,1774,-1856,-1322
65343,-1958,2502,-7903,965,368,256
65344,3199,6966,-7946,-1339,-698,-869
65345,-963,5067,7979,1046,1184,1683
65346,6039,648,-7009,437,-853,-1357
65347,-5809,-7759,1381,393,1736,1280
65348,7685,4404,-1563,-1032,-448,1995
65349,7063,1719,4315,206,1706,579
65350,2743,-782,3623,-1185,-618,-1251
65351,7551,3802,-7606,932,-1743,1355
65352,2069,-6908,5641,-432,-1622,-1220
65353,6736,-744,7986,1215,1705,1696
65354,4987,7529,7976,830,-296,1425
65355,1939,-2950,1353,-1362,393,721
65356,1215,-6444,6163,-177,-358,1705
65357,-5460,-1057,7472,372,-176,-1301
65358,-3697,-142,4739,-521,329,-602
65359,2978,5597,-7687,1127,623,1687
65360,-2683,5566,880,1300,686,-1400
65361,739,1789,-5744,942,-1377,959
65362,2349,-6919,-6958,1714,416,1388
65363,6403,6747,7639,-1998,-336,-566
65364,-364,-450,-1986,418,420,-450
65365,-4820,6995,-235,-1494,1744,-653
65366,2473,-1270,2385,-1225,-1346,-1938
65367,-6236,6142,-5894,179,-897,522
65368,-3610,4843,868,720,957,1757
65369,-3984,-7479,-3993,1411,1533,-714
65370,4694,-7872,4396,-192,-1399,-386
65371,3973,5438,204,1327,1285,-567
65372,-4170,7188,-5421,-1444,1647,217
65373,-858,314,-4541,-719,-657,965
65374,-2763,-1013,6450,-733,932,1727
65375,-2800,3206,-5111,-1279,-259,-1993
65376,1003,-2280,-6694,300,-1,735
65377,-7487,-1756,4380,1797,-1929,-1466
65378,-4665,-3223,7756,338,-1077,467
65379,-4990,2918,2107,1013,1300,173
65380,2842,-2539,5702,44,-935,751
65381,-6202,-302,-1365,1350,-1610,798
65382,-2640,2636,5234,-1460,1013,-454
65383,1569,376,1035,1359,-189,-1243
65384,2079,-3687,-4759,904,-965,-943
65385,-6617,-3699,3558,164,-1540,-1230
65386,6958,-7863,-6383,281,612,799
65387,-3991,3166,-2847,-1364,-208,-316
65388,4929,-2694,878,-664,1811,-863
65389,347,-1569,1242,655,-436,-1824
65390,3108,-5014,6637,-566,-192,-1211
65391,4840,186,2848,303,727,1118
65392,-638,94,-7148,-145,1826,-1174
65393,-1183,5061,-1303,1422,1432,-1610
65394,4021,1462,-1012,-597,842,-1897
65395,-3643,-6825,264,884,1841,-706
65396,4687,3340,-6868,1643,-18,-1763
65397,5105,-3440,-1428,1620,1505,954
65398,5548,-5814,6860,217,1081,975
65399,5685,-776,-4050,791,-989,225
65400,5258,1269,-4212,-1272,1970,1350
65401,2360,6888,5756,1763,51,486
65402,-3511,-3203,-2526,-1348,-1094,1112
65403,-6129,5576,2550,-1840,172,-1701
65404,-753,-3085,-1512,974,1359,-1668
65405,850,-353,-7068,-132,-375,-1741
65406,6408,-2313,-4223,643,899,757
65407,4309,5009,-3397,1786,-200,-290
65408,503,-4310,-5388,1470,-770,-714
65409,5875,-6540,-7232,-1891,1385,-343
65410,2624,5540,-928,-1981,-1946,1855
65411,-907,4700,-2689,1982,-1555,-417
65412,-7929,-5583,-444,-1106,-1344,57
65413,-341,-7429,-6546,944,240,-917
65414,5544,-889,7331,1593,-572,1511
65415,5318,7621,6931,316,1520,-1690
65416,4465,-7177,928,1745,608,-1103
65417,6744,-7800,115,-1199,-424,1102
65418,4282,-1235,5293,721,-1245,-738
65419,5286,-4399,1908,-1727,1977,487
65420,-5711,3162,6878,839,-1443,-1036
65421,-3563,-1685,-3323,-411,-320,-811
65422,2584,7598,-2865,225,940,1105
65423,-5870,-7648,-1544,-773,239,-914
65424,3885,-6322,1179,-1729,1476,566
65425,-5983,-1218,-5688,-1221,333,1032
65426,-4515,2165,-3807,-101,1120,-1575
65427,-917,-3246,-505,-1721,-510,-1133
65428,-3181,2577,-2359,1041,173,1516
65429,4687,5244,-1590,-1937,-1538,535
65430,-614,391,-537,835,-844,466
65431,1764,5567,-765,-131,582,252
65432,-3668,-5933,1673,-1572,88,-370
65433,2111,-3445,4354,554,-1009,443
65434,1134,860,5977,-1913,1028,548
65435,-3859,2983,-7558,-1414,714,1733
65436,-4953,-107,-4255,-642,-1793,-1031
65437,3642,4387,-5490,-1359,-1326,1463
65438,1242,5645,4879,542,160,610
65439,-6646,-489,-6757,-1862,1498,-1345
65440,-1028,-6715,-3059,-98,-100,775
65441,-7485,2267,-5219,1779,428,-1651
65442,-3559,131,-4763,-338,-995,1500
65443,4015,2310,-7743,915,1328,1751
65444,-666,-5709,4599,1480,-1629,648
65445,-3784,-3541,4487,1282,-615,1137
65446,193,-5293,-4542,856,872,536
65447,-398,-912,-7731,-1442,1786,1912
65448,-2135,-6641,-4446,-1103,49,355
65449,-4014,-7306,4456,370,934,-1188
65450,1306,3142,6900,-129,884,-614
65451,4844,3766,-6737,-295,1476,-1432
65452,-2129,-2175,-5765,-1646,-1699,-1196
65453,3976,-7102,-777,1949,380,1399
65454,-1377,5499,-3648,1335,616,1119
65455,7465,4290,-5634,120,490,-112
65456,509,6709,-4538,559,364,-1588
65457,1966,3567,-5877,1065,83,-1926
65458,3142,129,3678,-1998,424,-134
65459,821,-5489,-5073,1557,914,-139
65460,308,-1922,6056,-1232,-374,-754
65461,-7410,6012,3795,-1288,-365,-1877
65462,-6821,1691,-1537,1154,1470,852
65463,1669,-738,-7030,-1706,-1315,-1581
65464,7909,-1079,-1499,75,-718,-1619
65465,1199,-1453,-2493,-1486,-553,167
65466,-966,-3743,-1220,388,658,766
65467,-2938,7472,-454,306,317,-918
65468,3243,-5222,6791,1182,1456,492
65469,-5665,-6583,-2882,-1585,-1156,-357
65470,4645,-662,3945,-1993,-1596,-1458
65471,-2789,859,-3949,557,848,-254
65472,7671,-2140,114,482,536,1907
65473,-2849,7524,-4735,-744,-1811,-1499
65474,-5997,3608,-7530,-1776,-1563,1465
65475,-4044,-2849,6037,-1954,-193,891
65476,-4867,6544,-6483,-925,1302,-319
65477,-2043,5937,7244,-1523,-1118,932
65478,-6820,-1763,2532,-127,-1174,1337
65479,2532,1068,3284,-1467,1863,1032
65480,-7144,-3413,5818,-828,1097,666
65481,6219,4580,-5302,876,-789,1676
65482,-3693,358,5083,-605,-1151,-99
65483,-7430,4731,-7544,-69,-99,489
65484,7395,-4988,-4559,257,-579,629
65485,6702,4811,6369,-1549,624,1312
65486,-1759,7643,-6852,-528,1442,-1054
65487,3520,566,-3528,1002,1676,-114
65488,1752,1405,-5972,-1681,-505,398
65489,-2094,6640,-5439,228,1453,-1196
65490,1794,-691,4986,-501,181,1785
65491,-5873,-7108,-1911,-1363,409,-803
65492,7550,-7855,-1139,1960,-1902,-1033
65493,-7080,3831,7050,370,-1812,80
65494,5708,5489,-6355,-1879,-1088,-1499
65495,-808,3604,-701,1811,97,1181
65496,6108,1079,360,-696,1111,1794
65497,4722,100,-3758,1654,-1724,-1115
65498,5649,3227,1624,688,-288,-1431
65499,733,-1742,-6714,853,-1941,-576
65500,-6911,2007,3763,-1943,-824,904
65501,-2981,7309,-1439,-579,701,-688
65502,4599,1555,6313,371,1229,-1099
65503,266,1219,1881,1775,-65,1238
65504,5673,645,7118,-592,-308,-433
65505,-2427,-5881,6317,1407,1592,-261
65506,7386,17,1693,-775,1005,1235
65507,-1500,7467,256,-502,-1097,1762
65508,-6041,-501,-4944,-1359,-1308,-559
65509,5911,7150,-6711,-459,-9,1503
65510,6459,3873,-6006,366,1186,-1881
65511,-5715,6863,-7378,-271,-1313,728
65512,4698,-7532,952,-1635,-821,-1798
65513,323,3226,2608,1621,-669,1443
65514,3405,-5491,-7053,1176,1933,1960
65515,295,699,7897,-598,1717,-643
65516,-7066,5343,-973,-1845,474,1192
65517,-3482,-7310,-979,155,-1241,1391
65518,-2899,7500,-4240,1353,1901,-1660
65519,-48,-3598,-6016,-1972,-1703,1961
65520,7903,-1721,-7185,1047,-1140,-710
65521,-2252,2643,1041,-741,455,-885
65522,6612,-1947,15,-25,-1951,-1051
65523,-5157,-5192,4553,114,1313,12
65524,-3682,-3543,7732,1386,807,-1870
65525,7667,-5986,5593,-1266,-869,-1629
65526,-2709,-3537,-6768,979,1262,557
65527,5540,7543,-2786,-439,-1385,1408
65528,-6588,-1576,-6402,585,1721,-165
65529,-1764,3206,-5739,-656,482,1121
65530,1179,630,4367,884,-1614,-461
65531,3940,5308,-6223,473,1729,788
65532,-7654,-7225,6158,-1814,1657,1950
65533,-3930,-4526,-3984,-1597,-675,-1581
65534,7393,2284,-3039,-1900,1279,-54
65535,2652,4637,1634,706,-31,-1452
65536,6853,-1387,1940,-680,-276,-630
65537,632,-1512,7917,1830,-1130,-1390
65538,3222,1578,-6640,635,43,1639
65539,-6850,-3050,3951,-905,-1551,-356
65540,-7408,1572,-4580,1430,1965,1629
65541,-3191,-4162,5554,638,-1707,949
65542,-7678,-2827,-3566,681,1538,1792
65543,-1239,-6330,2802,678,-1237,-781
65544,654,-6337,983,737,1551,1004
65545,1268,-4202,-4969,1991,704,233
65546,-613,5620,-6825,-189,-1664,-704
65547,5944,-2895,-7835,-1216,834,16
65548,-4031,-894,-140,-1910,-361,-1789
65549,6496,-1694,-7541,86,-199,-1301
65550,-1767,-5115,-2222,1431,994,1800
65551,3360,-5545,-2557,-1574,254,610
65552,10,-4388,504,-623,1971,1502
65553,-2133,-5420,2209,-653,-227,1287
65554,-1682,2949,-7799,410,1997,1897
65555,2235,4437,-4104,504,-140,-186
65556,-4401,2356,-7329,-81,842,-1031
65557,2180,-6387,-1158,692,-1082,-825
65558,2416,-442,1726,-347,-1115,-368
65559,-3284,5613,-2138,-785,-41,251
65560,4613,4532,-4166,314,-551,1856
65561,5686,-5231,7267,-903,1843,-1820
65562,5827,2847,3784,1213,646,-880
65563,6587,-1827,4617,-1534,1588,-728
65564,-295,6752,7220,-1048,-490,-596
65565,-3504,1494,2151,1453,154,609
65566,3261,468,-6465,582,-1646,-923
65567,6705,3727,213,1703,-834,-937
65568,144,6375,-5179,706,-578,-1858
65569,-6351,-4001,-7583,-411,-1855,1762
65570,-5209,6165,1074,1010,425,262
65571,-1145,-7860,-5236,-775,-451,1531
65572,6401,-5076,-4329,1674,-947,823
65573,-4549,1485,-6972,96,693,1052
65574,89,508,-7361,-1932,-1368,-1744
65575,-7904,-6903,-2858,-1357,-324,-442
65576,-4385,1289,7291,-701,-1200,879
65577,2387,-4005,1923,1865,-738,-1261
65578,7168,3239,-4774,1043,-1972,935
65579,3129,-7429,-1496,-798,1298,-1733
65580,2407,-728,-1902,1656,-1506,1659
65581,2367,6059,-3725,417,869,-1090
65582,7150,25,6517,-716,-436,144
65583,5480,1024,-4586,-818,-1724,62
65584,7524,-354,4136,-771,-1497,607
65585,-2679,5384,5999,-97,-1774,298
65586,-4627,-7984,-5182,-834,-1826,204
65587,3791,-3039,3621,82,-919,908
65588,7961,229,5588,-1939,590,1262
65589,174,-1248,1186,-203,-1049,-122
65590,3886,-2431,6080,-1406,1881,516
65591,-1925,-6853,1603,-568,1795,-574
65592,2,-606,6582,-511,-675,1610
65593,4546,-4601,-5330,-262,-1841,1528
65594,-6543,332,6599,-894,-450,-1608
65595,-3860,-5962,4928,-1445,-960,-404
65596,6020,-6210,-371,-1322,1421,554
65597,4712,-2501,2143,1414,-889,-1083
65598,-7260,-6276,5300,-208,494,-1223
65599,392,-6389,-1213,-1770,-1791,1441
65600,-2458,-3353,796,665,134,1396
65601,-280,7813,-6060,1984,1757,1985
65602,-5527,-1206,5810,-768,-1955,1446
65603,-3000,3695,5848,-1439,1315,318
65604,6213,-1172,-1485,-531,-1814,855
65605,7662,-7975,885,276,-1683,-1742
65606,-2022,-3538,4131,597,285,-1407
65607,3076,-250,-1160,-1207,265,1747
65608,-488,-1243,-2451,-1760,-799,-566
65609,-2633,2169,-5351,1074,-54,-1921
65610,3834,-524,3058,-1044,684,-495
65611,1140,1743,-4081,1108,1083,1164
65612,-4401,4059,-4096,-1285,1014,351
65613,-3133,7579,7170,576,1923,457
65614,1207,1034,-6191,-1491,-811,-920
65615,2341,3874,-5769,-686,1438,-1411
65616,1047,6551,4169,1801,683,1577
65617,-4479,-1242,4116,1567,319,911
65618,7940,5964,-6907,-1178,-860,-1406
65619,-5649,6862,1920,-56,980,806
65620,6383,-5207,640,983,-418,-1410
65621,-3212,839,-7857,838,-547,-1638
65622,2230,6747,-3187,611,-1650,-343
65623,4194,-6481,5546,524,-1333,1720
65624,-1745,-5451,4775,898,611,-1131
65625,-2898,-4020,-3058,-1926,417,1968
65626,-112,-7262,2060,13,-1641,236
65627,-6040,-62,-4805,-1001,147,-1516
65628,-2153,6008,-1117,1282,1441,-1055
65629,7895,-104,6549,-290,1403,-1850
65630,4565,-631,-6672,1238,560,-673
65631,-5152,2389,-963,-1255,-294,880
65632,4070,-3638,-2540,-1982,398,1316
65633,6183,-6896,6083,-26,985,432
65634,-5542,-2296,-4749,274,1365,-1542
65635,3774,3894,-1188,-1920,-292,1837
65636,7661,-186,7063,1074,949,485
65637,-7253,5812,2610,145,-1423,1180
65638,-5881,-4719,-1649,1774,-1170,-790
65639,6527,770,4073,178,-409,-868
65640,-5507,-2800,3130,1644,-641,920
65641,-5170,4326,3494,1796,-1418,1843
65642,-2998,-4380,-1750,1395,-1655,317
65643,-2384,-3677,-1584,-1153,1484,392
65644,-271,-1488,3649,-30,1191,-1989
65645,-4615,-5552,4597,1140,186,1959
65646,7225,7011,4280,640,1983,1435
65647,7973,598,7524,-1426,-1090,641
65648,-7602,-5302,-5467,-1115,979,1847
65649,6175,-4483,5918,307,-144,-1580
65650,7523,-783,-4694,-221,638,287
65651,-219,7266,2750,644,1629,97
65652,3461,3233,-2096,251,178,459
65653,-5974,-1585,-2146,-1526,-1297,1734
65654,-3550,1254,798,-1855,80,1492
65655,4627,2144,-7312,-181,-196,-78
65656,1077,1582,-6286,1001,404,-591
65657,-3769,4733,-3656,-926,-817,315
65658,-2740,-3249,2212,689,1711,1268
65659,3141,299,5727,-9,-91,-1943
65660,-2695,194,6770,1607,273,866
65661,7535,1985,-588,-950,1822,-1442
65662,-6997,1956,-5391,-1909,-1430,-1064
65663,-1937,2652,6110,1972,1462,-1717
65664,6360,-4918,4472,281,-1282,-1600
65665,-7753,714,-5920,183,434,923
65666,5940,2191,1587,161,-770,1628
65667,-7500,-6018,-6402,-1004,-554,-1575
65668,-2132,476,6774,-488,-1833,-1479
65669,7140,-5680,712,673,-1296,-638
65670,4007,6210,-6251,209,-1649,-16
65671,971,-7739,389,-1734,458,-53
65672,1363,1400,-1204,1909,-410,634
65673,-3191,5846,-1760,852,1159,627
65674,7930,3439,1239,-1248,-455,1676
65675,-3702,-3282,-4089,-552,-1800,-1982
65676,380,4542,-319,-161,1757,-1399
65677,-4209,7390,6384,-129,-1292,-915
65678,-118,588,-6594,-424,-1109,-1552
65679,4771,6469,752,1573,-50,1116
65680,5500,7969,-3252,760,1421,-875
65681,3308,2944,-4551,975,-1380,-835
65682,-4502,6649,-6148,580,522,-759
65683,-4427,355,2301,1554,-853,-1706
65684,648,-5798,3624,-993,893,339
65685,182,-7984,-1546,845,481,-1009
65686,4121,-4639,1169,308,-1014,73
65687,5837,-1559,-4320,-361,-456,1491
65688,4567,-3610,7285,-1702,-1591,-864
65689,-451,-2356,-7717,-1822,-1657,203
65690,1928,1554,4850,-308,752,1977
65691,5854,5831,-1829,1382,285,-1036
65692,-4906,-3109,-5557,84,-1170,1387
65693,5199,4385,-2939,1517,769,837
65694,-6822,5036,1612,-1064,1289,333
65695,5098,-1173,-3782,374,-1032,42
65696,5629,-7872,-454,-1573,-416,1596
65697,-1418,-5483,-7250,1733,1304,-1289
65698,-2786,-4288,4961,-290,1052,1675
65699,457,6625,1679,-1937,-1589,840
65700,-2189,-218,4019,680,1016,1444
65701,7111,-2095,7470,-1529,1931,380
65702,-6159,1259,-7684,1489,1106,-849
65703,-1844,4707,1190,1662,-193,1409
65704,-2502,3916,-2023,1573,-1233,1985
65705,4881,-107,3657,1949,-1670,-459
65706,656,-1748,1280,-407,1166,-390
65707,4828,-3376,-5545,334,-600,114
65708,2624,-365,1569,-1587,-1343,1598
65709,-4681,5819,-536,-275,811,-681
65710,-5648,2268,6387,-1367,1931,1641
65711,95,-3846,-2726,-1435,-1318,1100
65712,6596,7223,4314,133,-304,1284
65713,-1377,-3047,7907,1134,1218,-1993
65714,4748,-6442,735,636,1544,428
65715,-3310,-2011,3251,1350,507,448
65716,-4169,-4264,-7275,1504,1382,-1355
65717,7809,3401,-6033,547,248,-1088
65718,7512,4843,6091,-1058,-323,505
65719,-1155,3320,4411,933,400,-1336
65720,528,1262,-1234,-132,847,-888
65721,-1892,-4893,-1034,1081,-199,-1149
65722,-1411,-4002,-2472,867,1438,-1337
65723,-2903,-1163,7273,-1222,-1252,-1021
65724,6101,-7052,5439,986,949,1506
65725,7815,5180,-4240,-423,737,1458
65726,338,5476,-1862,451,206,-1166
65727,5862,-1636,7144,1519,-1768,1619
65728,-3848,2388,2903,1243,-1531,1661
65729,502,-5791,-4818,-1383,628,891
65730,2059,7788,-5220,-1193,-1931,760
65731,-4729,-5111,537,803,1925,1800
65732,-5553,-1352,-5480,-117,794,622
65733,4983,-904,-1996,385,-1682,-346
65734,-5344,-5288,2792,-1189,-1152,-1520
65735,-5792,7228,-4793,-185,981,418
65736,6876,350,-3113,1514,-46,1613
65737,7928,-7529,2763,295,-680,-23
65738,1622,7426,1137,1985,1394,-1733
65739,-6125,-2862,-7309,1343,-538,1700
65740,102,-2284,-6549,-902,722,242
65741,-1614,3009,-1666,-335,252,1377
65742,6393,7305,5481,627,-1236,-876
65743,5118,-334,735,-1527,79,1270
65744,-4908,-3885,2800,1791,847,461
65745,-388,-1812,-5221,1348,1331,-1778
65746,-2126,6617,-2146,-430,1079,1737
65747,-4485,-7338,4845,1870,-1445,160
65748,-496,752,-4867,962,1087,858
65749,5546,4546,446,-1132,-247,1149
65750,-4569,-6070,-1612,16,12,-1009
65751,-3386,4698,-2629,-253,1476,284
65752,-550,4821,6713,-1825,-1974,-964
65753,-5438,3232,-441,945,-1668,-1653
65754,-692,-6131,-3951,-127,1341,-1
65755,-1744,-1265,6233,1675,-584,-1632
65756,-2643,3446,4759,1867,-931,-192
65757,-1746,2741,-6407,-788,-1760,1398
65758,3966,-1639,-7140,1697,476,-1166
65759,4536,-1201,792,393,497,-1942
65760,7187,5008,-2272,1675,-1667,-163
65761,6986,-7475,1017,-958,-1306,-1135
65762,-7358,-4457,7681,-1136,1902,-1169
65763,-5300,2711,-2012,-55,-1820,-513
65764,140,3451,-2289,451,-181,478
65765,7224,-6006,-3921,-1849,-826,-1712
65766,5020,7643,3179,1366,-1660,-697
65767,-1253,4387,1411,423,397,403
65768,1607,-1406,1451,-592,-1807,10
65769,-5707,7058,7416,1901,1786,947
65770,-6483,4989,-5767,872,904,-934
65771,4746,5987,5340,-104,498,-1366
65772,5185,-4228,6545,1215,-483,-629
65773,2092,2608,2289,1978,1825,1580
65774,-7268,-1176,6318,-1352,-109,1629
65775,103,-3518,5866,-1761,55,1543
65776,-7090,6430,433,-1562,1813,-992
65777,4430,-3438,-1792,1104,16,1015
65778,-6344,1345,1869,-1361,-1669,148
65779,7882,713,-5406,1512,502,-1421
65780,-4262,2803,-5164,365,-1092,-1268
65781,-2584,1779,1670,343,137,1688
65782,-3818,6685,4741,1897,27,906
65783,7505,5592,-1688,1769,-726,-2000
65784,7017,2333,4473,392,1073,-1386
65785,7402,7634,-6179,1448,893,-1102
65786,-4980,-567,4063,345,-259,997
65787,6722,3408,4334,-938,197,-1091
65788,2399,-5103,-1501,-1395,-1984,-765
65789,157,-6022,5773,1490,-1688,782
65790,-3188,5557,1830,1641,-1691,1980
65791,358,-487,6953,1887,-1143,-76
65792,3163,-7522,-3298,-1848,-464,-1693
65793,-2882,3821,3585,-83,1041,-660
65794,-6348,1528,4090,1561,1176,757
65795,3627,-3779,7102,-299,-1207,-1028
65796,3222,3490,-7204,1850,1409,1681
65797,-1173,-5074,2034,194,-75,-555
65798,-1581,3879,-2266,-246,-1644,915
65799,6021,6673,7232,1774,1029,1778
65800,-6005,-5331,7119,-667,1133,168
65801,-6784,-5531,-5338,-159,-1925,-596
65802,1256,-5731,4674,1278,284,-1897
65803,-3600,3031,3470,1335,1931,-1473
65804,632,7027,-6670,-1677,1461,546
65805,-4799,-6054,-35,-1095,14,-852
65806,2926,-5766,6426,-1560,-212,-581
65807,4936,210,3769,576,-1542,-1017
65808,6842,-3668,-7572,1190,1019,-521
65809,-3485,6973,1920,1566,1168,-886
65810,-1099,-4992,6613,1864,-671,1697
65811,3721,-5054,-482,1543,1020,-1503
65812,945,-7981,1164,670,1413,-1587
65813,-7466,-3401,5939,2,167,1281
65814,-2946,-2066,-6828,958,837,1142
65815,-27,-4866,-1303,-259,724,1590
65816,-7402,-7363,1490,78,-1326,-1856
65817,3382,2248,599,-1025,-1702,618
65818,7556,1338,-1960,-167,998,-375
65819,2495,4740,-5527,-1355,596,-1584
65820,-1244,-3197,-5929,746,228,-616
65821,-1273,1745,7449,1069,1011,-894
65822,-993,7355,-1440,-192,-1412,-1955
65823,6536,-7584,7064,-447,-1050,587
65824,-7990,-3627,-1679,526,577,-187
65825,7216,-5910,7954,1437,-1643,1155
65826,-7632,6560,3744,-1589,1634,-759
65827,7074,6357,3489,-385,-1152,-1633
65828,2655,3173,-3348,1454,-1992,1810
65829,-5980,2472,258,-43,241,431
65830,270,-7019,-4744,92,-1667,-1838
65831,-2943,-6835,-7289,1335,-999,1385
65832,-3977,-2409,1012,1128,673,-1772
65833,4071,6266,-806,234,1949,1341
65834,5854,-6105,6478,-779,312,568
65835,5907,-1095,-7297,-971,-1722,869
65836,2671,7839,-1392,-70,-606,-1238
65837,5296,7692,2560,117,-1347,-1671
65838,-3209,3458,5921,396,3,-1832
65839,6012,7690,-5197,-684,-363,-1017
65840,3574,2975,335,277,1331,-1492
65841,-4911,664,-7118,0,-1178,51
65842,4551,-6674,6041,-1434,859,1333
65843,1576,3778,-7989,1737,62,-1291
65844,-7170,-3641,4387,-1978,-1671,-176
65845,-6107,-1910,-6551,221,801,-1029
65846,2562,-3339,5616,-808,979,325
65847,-4345,-5675,2587,-1019,341,1162
65848,-3149,-5785,-3329,1169,1489,-935
65849,-1585,1591,-5810,1267,-1048,1180
65850,6400,5602,314,860,547,-1439
65851,-2661,3296,-4353,225,-917,1773
65852,2220,740,7157,278,-1968,1414
65853,5561,1007,2151,1185,-1903,-600
65854,-896,7577,4582,383,10,-185
65855,6178,4903,2617,1995,1679,-1251
65856,-5833,-5428,-1097,-892,565,-1093
65857,7928,-2449,5527,-620,-1606,1926
65858,6777,1635,1522,1009,56,-26
65859,-1280,5968,6730,1359,1674,-1968
65860,4825,7803,-4074,789,-677,699
65861,5348,443,-7674,-147,967,-1399
65862,4700,-7755,4915,1711,599,-1175
65863,-6812,7443,602,-1200,-670,-399
65864,4433,6969,-1899,123,-715,-722
65865,6881,-2268,-6436,-927,-1127,-1709
65866,5028,-6826,2940,-665,797,-133
65867,-3127,-5080,-2973,-90,-1152,198
65868,-4706,-3894,6363,-612,1578,-586
65869,7112,-1259,6691,-1111,105,425
65870,-5578,-2488,-2210,-1005,-1664,-1881
65871,3208,-4847,-7391,1283,-551,-1557
65872,5607,-2933,7842,-890,-1179,1779
65873,-5318,-5724,-4807,-1625,-911,-760
65874,7886,1266,-1502,-1978,710,1569
65875,1076,-7940,7034,-896,-1170,1016
65876,5984,5307,-6283,984,-1700,1673
65877,4881,-1329,2963,-1878,-528,-1309
65878,-7221,-918,-6342,72,-1891,-381
65879,2511,-983,-771,1914,1041,-137
65880,-4721,7593,6928,-651,-507,-1253
65881,-7722,3118,-7320,-933,-213,-1654
65882,-4475,2164,-7308,-1958,33,1511
65883,3131,-6883,7798,-1215,-1293,-497
65884,-7250,-4252,-4165,-576,-530,1602
65885,5809,4086,7405,-5,-127,-1915
65886,-5563,-4722,2523,-669,-1971,1264
65887,4364,-2914,3771,1105,-1333,1405
65888,6680,-1309,2851,-1219,-1611,1387
65889,68,-7648,237,719,-1682,527
65890,-6626,1727,-5587,-1503,-1149,554
65891,-6386,-4018,1033,924,-1368,535
65892,-6333,-5701,1214,1902,1763,524
65893,802,5689,3544,-944,-1141,-1079
65894,766,5971,-7196,-1112,-319,-218
65895,-3173,-4591,7194,675,-1720,1067
65896,15,-1100,2381,-205,-1763,-1691
65897,-3599,-1227,7763,-1960,-372,606
65898,-1350,-320,-2235,-160,-1623,1272
65899,5755,4584,-196,-61,-1382,-470
65900,-3394,-7322,203,363,1570,1953
65901,-5511,-7769,-2641,-128,567,816
65902,3006,-1131,1222,-1207,-1458,-1104
65903,873,6375,5303,1068,-1505,-1618
65904,3654,-4811,-1364,964,-1928,792
65905,238,1237,6755,-1073,1349,1106
65906,-3675,5007,-5483,-829,-403,1310
65907,3396,-3588,-7347,1409,1898,171
65908,30,-2981,-1722,-1362,-1890,308
65909,-7737,4366,-5750,803,1243,599
65910,575,5376,-7474,-1597,1604,-1349
65911,5828,2543,-5404,-13,-435,1036
65912,2381,7328,-1068,189,520,-87
65913,-4465,-5912,-15,161,1256,1440
65914,-7826,5034,117,-1293,-928,-1368
65915,-570,-2894,-3208,-934,-1910,34
65916,578,-241,-1217,-258,-1224,120
65917,-4600,5283,-2989,249,-145,-1878
65918,3104,-5615,-4579,1026,1963,1081
65919,-600,6993,-3819,-262,-471,-1313
65920,-4577,361,985,-218,1063,-794
65921,7678,-3047,3832,-274,1080,-827
65922,6674,7010,7657,951,-843,24
65923,-3110,3590,6945,-771,-729,-1744
65924,-2198,6357,-1907,833,1730,1207
65925,6740,-2285,2328,-171,-1082,-912
65926,2026,-3751,4041,1443,-395,1473
65927,1896,-4754,5208,1379,703,-1542
65928,-7529,-21,3492,-142,473,-1607
65929,1140,821,-1439,1765,415,145
65930,3253,4498,3004,-316,-1388,-188
65931,-877,-3648,736,384,69,-182
65932,866,881,-7626,1754,896,605
65933,-3849,-5864,364,1570,-1473,1160
65934,-6798,5155,-5682,-935,-1981,-1847
65935,-2663,1270,2544,-456,1618,-1231
65936,4985,1282,1641,-1022,-1611,-450
65937,-5383,5130,3571,-693,809,230
65938,5564,-6191,-4729,-1680,-1761,142
65939,728,1916,-5215,8,1432,898
65940,-4153,3880,1375,-570,909,-472
65941,-7706,6001,4133,-1592,-1551,-1946
65942,4126,-3711,4790,-156,92,-1608
65943,4812,1475,6025,884,1493,762
65944,2900,-1951,4356,238,1314,1988
65945,-5705,7207,972,-1453,907,-450
65946,7470,3608,437,1586,-156,1325
65947,-2626,5698,1133,-1854,508,1449
65948,6379,-2323,-100,-902,1688,-1377
65949,1671,3196,316,-1249,608,157
65950,-625,5296,2671,-1969,1780,-267
65951,-6819,3588,-1891,-1467,77,-1546
65952,-924,-1228,-2734,1484,-588,428
65953,5120,-2239,-5888,-981,50,463
65954,2854,-3255,7944,-1573,-1134,851
65955,-2718,-3758,-4707,-14,1768,-895
65956,-3072,7579,-856,-1223,11,293
65957,2197,3008,-6470,387,1855,-947
65958,-4535,-2309,-2458,335,-695,1386
65959,-6625,856,-3421,-1292,213,284
65960,4346,5035,-5317,1817,-1342,1772
65961,4786,7644,-977,-919,-1508,1087
65962,6209,-43,6824,-1387,146,1114
65963,-3218,-1710,-5290,945,-234,-1701
65964,-1325,-2078,2546,-948,-192,467
65965,2698,610,-3268,1978,-1607,1799
65966,6812,-1824,5330,-519,-465,1950
65967,-4666,5967,-5803,1715,-499,-774
65968,2285,7094,-6022,332,-1684,452
65969,7321,-5126,7220,652,-1111,1970
65970,-2440,-3964,2303,-1858,890,137
65971,-7693,-5031,-3462,-1569,977,-841
65972,-4209,-3468,4051,-435,-235,-1017
65973,-5847,-4891,2545,-1602,-281,-1958
65974,-6861,5161,3343,900,-1397,1871
65975,-5197,-2450,4835,-94,-45,-127
65976,-4130,1746,-5921,706,-362,-1174
65977,-4677,602,7181,1424,43,1254
65978,-4460,-42,-5805,695,717,-672
65979,-6631,1079,-4875,244,1022,980
65980,2871,2255,-2486,-436,1041,-825
65981,2495,-270,-4320,-1824,-361,209
65982,5728,6212,-3496,-771,1133,881
65983,7981,4035,-1557,-1134,-1388,11
65984,-7567,3115,-4671,540,-743,-198
65985,-3006,-17,4612,-1719,-484,1810
65986,-4671,2909,4137,1249,-8,617
65987,-6058,-4246,-6968,-1814,119,322
65988,-5891,-5434,-6833,1270,-240,1073
65989,817,-739,6569,-1925,-483,-1867
65990,-3660,-3369,-6306,-1667,22,-1919
65991,-1850,-7387,-5377,-516,409,-1550
65992,6754,243,5681,621,1893,1175
65993,-2691,-6553,2820,-1301,-468,1782
65994,-2765,4853,6754,462,-1718,126
65995,3624,645,7814,-992,-1794,-196
65996,2698,-5840,566,632,334,439
65997,560,2184,-29,-1408,-1198,-257
65998,2123,6171,6145,1007,1701,367
65999,-4182,-916,640,232,564,1854
66000,4377,-902,-5327,1301,1971,428
66001,344,2526,2689,-842,-742,1932
66002,933,-2004,-4943,-1605,1269,409
66003,-2632,3519,1541,-634,-1701,1119
66004,-7675,-6127,-6786,-1523,-1050,1892
66005,5486,-4026,2392,-541,-352,-232
66006,7471,3770,373,346,1535,1097
66007,1932,1533,-1877,1881,-1586,154
66008,1691,-5339,-4054,121,-1293,374
66009,-4071,3819,-3170,-1116,1782,-1725
66010,3054,-1167,-7288,-125,-1951,1216
66011,-2846,417,4192,-1473,-1763,1
66012,-821,-1115,-1512,-138,-724,-694
66013,-1605,-669,4968,1660,-1625,-1009
66014,4172,725,3497,-742,-1240,1493
66015,-7069,-3547,2693,-1088,-1341,1500
66016,-2996,-452,-3946,-857,-1980,625
66017,1378,-1814,-1153,1504,-1610,581
66018,4054,-1989,-7728,529,741,1180
66019,7264,-2066,7768,-199,-978,-608
66020,2705,-3279,585,-1597,895,-643
66021,-1354,6051,-4567,-1592,-1859,-1349
66022,-7777,7127,2711,-838,84,1957
66023,-5624,-2422,-7680,431,-1611,-1110
66024,528,-4427,-7803,-1253,-1108,978
66025,6292,5849,-639,-420,1837,-1003
66026,6451,3527,-6551,1367,1616,-239
66027,-339,-5516,3286,733,994,-1344
66028,-5814,2307,-3574,518,47,-1150
66029,5453,-1144,1590,97,-855,680
66030,2119,4252,-3798,205,-1617,-670
66031,-3200,7994,4381,-1539,-1613,-482
66032,-4036,5405,-7314,-1208,188,841
66033,-2096,5038,5005,-266,-1512,-1560
66034,6311,560,4055,-1346,847,516
66035,5921,-6458,2098,1221,1388,1281
66036,-2252,-4378,5518,1270,-736,1079
66037,951,-6904,3669,-1514,-1501,-1240
66038,2977,-2430,7393,1370,1555,-187
66039,-3147,1449,5731,1940,-1776,721
66040,-6905,3003,5744,84,1493,660
66041,-2713,-6321,1193,-1552,543,1561
66042,-5519,7157,6780,-625,1190,959
66043,-5867,61,-6451,-1471,-1242,417
66044,-6805,-2114,3373,-96,-1829,1856
66045,-6352,-1900,-7005,-1856,1255,-922
66046,-2706,-777,-3728,-908,-1777,-792
66047,7283,5091,6894,1673,-742,1168
66048,6557,-6974,3577,1599,1346,-449
66049,5640,5589,420,-773,1957,-164
66050,-1276,-2187,555,1500,219,866
66051,1037,-3353,-636,-1402,1017,597
66052,-4376,226,4384,1457,-781,405
66053,3851,2102,-7887,-1622,1400,468
66054,1002,-714,-7491,893,1684,1212
66055,2163,841,2625,1625,10,-837
66056,-7656,-6609,-4346,-1462,651,198
66057,7767,5383,-7781,619,99,-751
66058,2583,4254,-6896,-1389,-122,467
66059,7159,6637,-1385,-1798,1064,-1791
66060,930,6498,7647,-1357,1270,221
66061,6850,5634,-7715,-1116,-59,454
66062,6573,1992,6422,383,1604,-1341
66063,7824,-1076,7406,-835,-1745,-407
66064,1036,-3013,1382,-1296,-1642,420
66065,4090,5598,425,1605,643,1546
66066,3190,2361,6187,1547,297,-419
66067,-1127,-7819,-5740,-1457,632,-647
66068,323,-2680,-5176,1025,-1472,1897
66069,5119,4345,5991,-515,1118,381
66070,-1459,-343,-4688,147,264,-283
66071,-5937,-4274,3958,955,-253,1291
66072,-2839,2327,-2592,-346,-1077,-209
66073,-7048,-5038,-6303,1648,-510,-1299
66074,3773,-6084,648,1917,-36,776
66075,1342,6312,7957,-82,-1154,1314
66076,7776,-4471,7343,1515,-921,-666
66077,-3737,4185,-6355,248,1089,441
66078,4016,3306,212,809,-885,-216
66079,7021,-3768,-4382,-321,552,1820
66080,-6350,-7532,5626,733,367,-1523
66081,-730,7998,-2582,1305,1231,-1376
66082,6125,38,-7811,-518,790,-1025
66083,4781,-7883,4094,1644,996,1363
66084,-5609,-1262,-2276,1646,1813,721
66085,2914,7954,4683,1614,-685,1057
66086,2257,-7636,-5845,-238,-1321,-944
66087,7886,-7412,-3964,-21,677,-734
66088,334,-3487,1756,108,-593,1091
66089,4631,6935,4794,-646,-1408,1624
66090,-7875,1357,-1528,40,-12,-303
66091,2465,3332,-4145,-1260,352,-1923
66092,3528,-3475,6169,-189,583,-993
66093,70,-6063,2948,-688,-1555,-1513
66094,-7153,-7465,-383,495,221,1262
66095,3063,-6773,1998,703,73,-811
66096,-7401,-3047,4998,260,-1235,-1225
66097,1541,2828,-5436,1920,350,-888
66098,2499,-1775,-262,-922,-428,-801
66099,7510,4695,741,-233,1264,-269
66100,-459,5622,-7712,1173,82,598
66101,5098,3669,-5454,-1660,-1880,-1796
66102,-1271,4562,-5145,-327,-1984,1119
66103,-5101,1745,5700,-53,480,182
66104,3385,-5028,-6862,1272,-1491,-1089
66105,6700,5348,3906,-285,1385,1643
66106,-251,2998,1033,-845,1444,205
66107,-4232,-684,6556,528,1846,-986
66108,1588,2115,-5739,1973,-1596,1913
66109,2961,775,1149,579,-1575,-1027
66110,-336,5455,-4916,-1310,1730,1041
66111,6851,-3187,-6443,-578,488,1866
66112,-6276,-789,3301,1869,1149,1506
66113,-6214,2641,-1698,1854,-670,-305
66114,-3576,-1163,2456,812,-246,1993
66115,6061,5474,3960,70,-1087,-1058
66116,-6749,-2193,3179,-1608,-714,728
66117,3016,-5598,2233,1981,-851,-1060
66118,-4611,6777,-3344,516,-577,-873
66119,7111,5036,-2989,-172,771,-934
66120,-6742,1080,-2588,674,-1784,-1174
66121,-6396,1113,4646,1686,1168,-1329
66122,4670,-6222,-215,-1224,394,425
66123,1877,5213,720,1937,802,410
66124,4916,-6830,-7323,1071,490,-1213
66125,-3558,-6719,-5647,1556,555,328
66126,-7888,728,-5798,-974,1455,-1163
66127,-2432,3340,-651,892,-404,1003
66128,1778,499,7224,-1028,357,890
66129,1019,1326,4193,348,-1756,-234
66130,-5062,5164,4456,-818,-182,1535
66131,3164,335,-5482,1306,-1331,1199
66132,-7757,-7961,5594,-1332,795,-1679
66133,-5812,-1747,624,1690,-140,-196
66134,5042,-3030,5953,-1572,1014,-1801
66135,-6191,2450,-1193,456,324,1240
66136,195,1261,-7611,-131,-496,-829
66137,-1854,2322,7166,-1586,1451,-1102
66138,-1587,-4118,-1753,1199,-1641,1885
66139,-400,-927,-1317,1812,-21,355
66140,1503,4066,-6988,-1507,-672,-1356
66141,762,7723,3474,1039,-935,1457
66142,2256,2502,1857,-1256,-557,1511
66143,-5614,7741,7613,1040,-141,740
66144,-4780,6439,6902,-1263,-1062,-849
66145,-4200,1579,-2181,1454,524,-1230
66146,7914,-7491,-5451,707,-588,-1350
66147,-6048,-5212,4262,285,-595,981
66148,4115,2587,-5562,1291,1312,-543
66149,-6198,6590,-732,778,-1814,-142
66150,-1260,7656,6490,778,-1872,16
66151,6458,-7077,1239,-73,445,-1546
66152,6257,7334,-7678,-1249,419,298
66153,-3930,2155,6595,1851,894,-929
66154,3723,-3932,-1631,1538,1741,-1148
66155,3572,5789,1376,-78,300,1930
66156,-682,7425,-4892,1758,-547,-179
66157,-6290,-2692,847,1889,1016,34
66158,4264,7481,-2436,319,761,888
66159,-3109,7093,-2773,1541,1401,882
66160,5306,7286,3495,-1457,-1990,39
66161,-7846,868,3967,-641,141,-384
66162,7012,-6704,-6206,1748,-1879,229
66163,-5143,-1929,3792,-1975,544,798
66164,-6850,6450,-3977,-1718,-1652,-1260
66165,-4271,2910,551,-1017,-1158,949
66166,-627,1062,-7465,-902,667,-349
66167,1742,7185,-1567,948,-1387,-137
66168,-3742,-2207,-6613,-1334,1235,1094
66169,6051,1156,-2949,-942,-1426,1682
66170,6571,4437,1319,354,461,-540
66171,-3449,5693,-7894,78,817,73
66172,-7484,-6807,4415,-678,-102,-1176
66173,7617,-211,-5704,799,-314,-1422
66174,2441,-7513,-3070,61,442,265
66175,7478,-7838,-5786,-128,-1518,1362
66176,3666,7356,-3542,634,1494,-1070
66177,505,5610,-3428,-87,466,1465
66178,6818,7046,2984,-895,-567,1351
66179,-3661,-5084,7232,-1087,360,617
66180,-2080,-2840,-6616,1469,194,-710
66181,-1701,53,-1363,555,1148,1421
66182,-68,-3722,4310,-1810,-1773,1587
66183,2638,3188,7699,35,294,-857
66184,-3627,-3381,-4635,-376,-1304,1119
66185,-2677,1805,-7728,1868,-1151,1901
66186,-6032,-171,-6496,794,-969,-650
66187,5451,1104,-3831,1915,39,1579
66188,2911,-2378,4671,-1962,1827,-1635
66189,-3584,4037,-3527,-1296,775,-76
66190,788,1294,6586,-1990,-668,1430
66191,-2802,672,-7103,-981,923,-845
66192,6673,-3649,-3527,1807,260,551
66193,-5402,7222,4006,1220,-1827,-733
66194,-7763,446,2523,-1262,-625,146
66195,7956,7357,1584,652,628,-39
66196,22,4631,1182,-1203,937,1714
66197,-858,1570,1405,17,-1521,1402
66198,1808,-6690,-7563,-1960,-1171,-1336
66199,-2074,2678,-7487,1727,943,-1166
66200,5259,-4855,653,1568,923,1061
66201,3853,-5902,7499,-987,-595,31
66202,-6726,2670,4027,592,-1261,-1583
66203,-5188,7113,-3277,-1929,-528,1420
66204,3146,3505,-4597,462,169,-1544
66205,-5739,403,7963,-1448,767,91
66206,-2317,-7691,2195,-800,-1533,1917
66207,-2113,1542,6822,-1996,409,1142
66208,-5423,4875,5466,1105,-1817,-192
66209,269,-1110,-2883,-1696,1802,1198
66210,-3033,4513,-4328,163,1442,983
66211,-2871,-5521,-3448,-1803,152,436
66212,5392,-5618,6808,-388,1223,-4
66213,1991,7393,2075,-1040,-1512,-1122
66214,7172,-249,652,968,-1433,1698
66215,88,-265,-6821,365,1878,-377
66216,230,1757,4019,298,-1462,-160
66217,-7341,4639,-6527,-744,-1311,-1432
66218,-6280,-5854,6884,1379,-1937,419
66219,-5201,-4583,2107,-420,-295,1442
66220,-2474,-1893,-2779,1524,1850,487
66221,-2320,11,4588,-143,-85,-1706
66222,3539,5444,7538,1793,847,29
66223,-5477,6935,-5691,983,-1606,-99
66224,1769,2718,-5586,1548,1868,-1271
66225,5620,5129,-7153,33,-1648,882
66226,2913,191,-7044,-212,1683,32
66227,1423,2618,-818,-415,-187,1160
66228,7578,3393,474,1196,-1500,1990
66229,6425,-1467,3171,379,296,733
66230,-379,3574,579,1301,-716,384
66231,3213,-5634,-470,917,-1012,-1500
66232,-6065,-1310,4679,-1196,-1379,1362
66233,-344,-7230,1151,-1083,-1273,-1264
66234,2438,-7714,714,-1338,1206,130
66235,-4201,-1831,-6296,-686,902,-545
66236,856,5325,4001,1705,-223,166
66237,5835,1058,-4717,-1512,-1967,1554
66238,7503,-463,-5039,-765,-1116,-1142
66239,71,4646,-169,-1969,52,1093
66240,7760,1327,-7198,1729,-779,-359
66241,-5507,-7795,-1508,-489,-329,1902
66242,-5326,-4245,2012,-1545,-1457,-437
66243,-6995,4257,394,-976,-206,422
66244,-7650,7666,-6065,946,429,125
66245,-7174,-4567,-7692,-1604,1673,1372
66246,-4894,-7607,322,106,907,579
66247,-2704,7622,-3212,-1183,-1745,760
66248,-5071,-5961,5794,-1963,717,-439
66249,-6856,1388,994,304,106,-1421
66250,-509,5482,-7997,-251,1451,-835
66251,2646,-4204,1370,1183,-1819,1064
66252,-4316,5250,1040,-158,-490,-143
66253,2577,-853,-7372,1387,125,1350
66254,-1310,6668,-3667,-1280,1909,848
66255,-7194,3668,7893,-434,-572,1405
66256,-114,6589,6576,-591,-398,297
66257,4234,2133,5021,1923,817,-1578
66258,3288,-2778,3520,-1743,-1657,-682
66259,-2780,2743,7089,269,-1810,1956
66260,-487,4184,-1806,750,1136,-874
66261,766,-7003,-3526,533,1417,-379
66262,467,2331,-5798,-578,-718,-1375
66263,3348,-5913,-3695,726,695,-806
66264,-7367,-1226,3454,941,972,1515
66265,-6648,547,-1077,274,1452,-314
66266,4438,952,-2998,466,1271,1983
66267,-7482,6981,-5181,-373,680,1640
66268,849,-2108,1072,-1300,1378,1398
66269,-6538,-6405,5550,998,516,1361
66270,1108,-5109,-1124,-214,1048,-1600
66271,7392,6748,2460,769,348,1096
66272,84,2339,7778,-1940,1071,-1536
66273,2925,5597,-7628,1777,1725,-1069
66274,-6333,-1388,4564,-259,-517,1434
66275,-2984,1669,-6672,515,1473,-646
66276,7050,-6815,2089,601,71,345
66277,2686,368,3527,-329,667,700
66278,-6666,-6235,1739,741,-660,658
66279,3072,144,2767,1375,-755,117
66280,-3042,1411,7033,1783,1665,1616
66281,-165,3353,4388,-630,-1948,-526
66282,-458,2512,6070,1081,-1106,-645
66283,6813,6262,-2221,518,1687,-872
66284,-5063,7570,7927,623,-288,1142
66285,-2354,6899,1712,38,1902,1190
66286,-2089,-2507,7127,-1815,-851,-52
66287,-1843,2356,-231,-1076,1855,1347
66288,-458,-7810,-2087,1218,76,1269
66289,-4965,1593,4836,231,-768,1545
66290,-5837,-2969,2108,1975,-1448,820
66291,4019,-4998,3234,-1270,1579,892
66292,7146,1240,7503,-1385,769,-537
66293,-5294,4737,42,-1443,778,-1458
66294,-4663,3768,4974,1379,758,1153
66295,6840,-2896,-4265,865,621,-68
66296,-2421,7432,7605,-68,-1090,-223
66297,-6637,-7007,-577,-1752,-723,68
66298,58,7620,2418,-1124,-378,-1645
66299,6508,-4204,7467,-1218,-346,221
66300,-899,-3436,7817,-365,1945,-1381
66301,-5856,-771,4724,-1859,-1929,-1080
66302,3516,6407,-2881,-200,1525,-1327
66303,3856,-1540,-222,35,-1159,1377
66304,3305,4401,-5953,1297,-1934,627
66305,2451,4565,158,-1386,-1385,-1575
66306,-2386,7910,1262,-968,-1422,1814
66307,4369,5950,-6750,-125,-1425,-632
66308,-610,3138,-1342,760,-1491,787
66309,7690,6633,5851,-1125,541,187
66310,2318,-7842,923,-1746,-1694,403
66311,3860,3950,-1086,-690,990,1953
66312,1358,-1100,6299,596,1096,-1808
66313,-1338,-4893,-7049,-235,553,-685
66314,3188,-488,-837,-1479,-822,1650
66315,-5209,-5626,-2203,1662,-808,151
66316,1652,6767,6284,-689,1973,54
66317,-2564,-5707,4440,-188,-1835,1920
66318,-2597,2762,6007,410,-1073,-1270
66319,4091,2601,-4512,828,1226,-1504
66320,3603,-3769,-5490,880,-674,724
66321,4625,6442,-6120,730,-1269,-1231
66322,5129,5950,-7559,1085,-398,1962
66323,6921,-2857,-2825,-979,-597,1762
66324,1861,7454,-4135,123,1834,-1433
66325,6666,5417,-6011,-1163,224,-1323
66326,-4527,-2578,-3336,1608,-1124,349
66327,7559,-6166,4337,597,1683,-628
66328,284,4859,3475,-1269,1556,-1963
66329,7795,722,3303,47,-311,-1952
66330,1128,-6926,-5404,1596,-995,-1940
66331,459,-2572,-6666,-1913,-1320,1589
66332,3013,-1113,6095,1383,459,1934
66333,7002,-6456,4174,1470,924,-1489
66334,-124,-7428,-1042,950,-728,1646
66335,2016,6686,-2305,-1930,-1675,34
66336,-7298,-4032,900,747,-1167,-439
66337,3647,1272,1175,1868,1972,-1972
66338,2724,2050,4067,-1806,1844,1496
66339,-3844,737,-4020,-1497,-1520,1173
66340,3810,6991,1506,592,-1619,1689
66341,3864,-7705,-5785,-1413,1785,-1724
66342,-5932,2100,3615,97,-1776,-985
66343,-2978,5206,2624,1623,1959,-1537
66344,-3120,-1682,2223,985,-1788,1002
66345,4868,-4169,661,-410,-752,136
66346,-7422,-3310,2763,1080,-1618,578
66347,2456,4937,5131,323,401,1060
66348,5046,1679,-816,-1905,-422,-1234
66349,-3184,-5644,-2468,-854,-48,-1698
66350,5854,-2369,-2623,637,-1755,-1967
66351,188,1595,3264,589,428,912
66352,-6740,-6068,-3236,999,-1887,466
66353,-935,-5914,-3109,1213,38,-1927
66354,-1512,4319,662,1779,1719,-707
66355,-2385,5908,182,-948,-367,225
66356,-6761,-2123,-7342,-1611,-509,-1564
66357,7373,-6223,3456,271,1885,-1480
66358,-5794,5444,-388,-1946,-1275,1822
66359,-2135,4940,5456,-1913,433,1713
66360,-7399,-4019,-5002,-1631,-1053,555
66361,-217,-3325,6713,-1606,261,-813
66362,2986,2330,7968,-360,-1621,95
66363,-1735,5198,4923,-1574,-784,-1728
66364,-1527,4489,96,684,-1981,979
66365,7394,-7210,-5226,389,-134,-149
66366,6209,7507,7624,-1100,-1990,-379
66367,4810,1990,4709,-1224,-441,-1772
66368,3503,-2482,2782,675,-1476,-689
66369,-6699,-7922,-3255,-1506,-424,258
66370,-2221,3642,-6237,506,1290,1900
66371,-7561,3431,-1512,-419,-1179,-344
66372,1666,-2486,-382,-789,458,1490
66373,-3489,7373,-50,1092,-1459,-573
66374,-435,-1549,3304,1485,771,484
66375,-6747,-850,-3908,1964,-962,1952
66376,-6251,-6365,3998,131,-1490,896
66377,-3078,1546,-3012,-230,246,967
66378,-4872,54,7506,-775,901,1598
66379,3005,3190,-7786,1299,-1144,1074
66380,2936,4662,7643,254,1281,1862
66381,-118,-830,-1851,-958,-260,-1218
66382,-6189,-2733,1740,-36,-1279,-1812
66383,1510,5432,1125,1305,-852,-633
66384,-3071,4480,1325,1315,935,-1490
66385,-6768,-5398,-3842,147,1897,-115
66386,-4378,-5885,-6731,441,-584,-385
66387,-874,-4950,4452,-427,-103,1866
66388,-5096,-6972,3223,-25,625,-1487
66389,-4482,2442,7197,-115,1196,867
66390,-7271,-7964,-1259,-613,1376,-386
66391,5002,1855,1109,994,268,-1804
66392,886,2483,7176,83,-1134,-90
66393,-2347,-4173,-7173,764,1544,865
66394,-7784,2842,3191,583,-1765,-1540
66395,-913,-3586,-5437,-1807,-502,119
66396,7349,-7100,3418,137,1126,-1059
66397,5535,-438,-1074,1009,978,971
66398,-523,-1543,4663,-336,788,-445
66399,3013,2355,-6290,692,-696,-1077
66400,-6264,-1584,1562,144,1621,-1643
66401,-6191,-621,3054,-448,1916,888
66402,3824,-6265,-1734,-618,1499,349
66403,5728,6944,4285,-1778,-1111,1541
66404,3915,-1682,-5738,-975,-1332,1473
66405,-1901,-5548,-7751,1441,-73,1972
66406,3016,-2219,257,1371,-479,-1518
66407,-4278,4617,422,767,1711,436
66408,-1170,-618,-4971,-36,-114,1431
66409,5719,-2892,-1261,-1518,-1570,-1920
66410,5774,4706,7636,-1266,-430,138
66411,3972,-7720,5351,-1394,-366,-834
66412,6568,-4854,-7756,-374,-873,-272
66413,4405,-338,-4013,1015,-1883,-210
66414,-3207,-339,1052,913,-310,-972
66415,7148,-1862,-4463,-961,-860,1337
66416,-6138,-596,1945,-797,1075,1267
66417,-89,-3352,1912,22,-1712,-715
66418,960,7076,-966,205,1474,-1651
66419,-3916,675,-2947,-1512,-938,-1031
66420,6064,7505,6327,-1202,1879,-906
66421,2791,-6550,2642,-966,1988,635
66422,-985,-4791,-1890,-749,30,-131
66423,-4972,4829,7898,-1369,-156,-773
66424,6169,-3034,3623,-934,-1663,557
66425,2704,-1758,6541,593,-624,597
66426,4185,7945,-1985,1751,1435,-1646
66427,3999,-7254,-955,-875,-1321,1594
66428,-7163,5114,-2684,740,-1011,-1785
66429,-7987,3605,1407,-1703,1318,-1780
66430,-6012,5570,3585,1770,-1626,736
66431,1274,-5259,2943,-787,1975,1731
66432,-3571,-4259,-7554,-108,-1284,-1180
66433,-475,5227,-7237,-469,-740,714
66434,7331,6255,1334,-1547,989,-1568
66435,-481,-1611,4714,-993,182,-311
66436,6421,6023,-3802,-1724,-632,1553
66437,-6079,345,374,268,1476,-1830
66438,4857,4444,5891,1531,-30,318
66439,-2503,-6006,-3539,-1172,1581,-1814
66440,1817,-1966,-519,-390,-228,-639
66441,4250,-3525,-2581,1045,1223,1452
66442,-5413,-4920,31,1262,-1003,385
66443,2864,6010,-6964,1134,110,534
66444,-3327,5816,388,1999,-1610,1135
66445,755,1644,-4905,-1941,-944,481
66446,-6837,5803,-5565,-1697,-975,-1223
66447,-3734,-2988,7245,348,868,-845
66448,1841,2413,5564,341,1121,215
66449,-7766,-5951,-7587,-652,428,1049
66450,-3885,3287,-6202,825,681,831
66451,-185,-3605,5636,1937,-317,1048
66452,-505,-4791,-3499,1091,-514,13
66453,5054,-769,-5025,-1889,1269,-925
66454,3480,-871,-947,1560,-1760,-1106
66455,4309,2263,-4680,23,730,1182
66456,3564,3038,-6234,-642,1318,-1748
66457,5524,-6355,-3125,-224,182,389
66458,3995,-3393,-2451,1084,516,740
66459,1803,5453,-7708,249,-1414,1910
66460,6480,3173,-5111,-1913,-671,-823
66461,3368,1907,4484,-1363,-1655,498
66462,-1279,-1809,-5952,1601,-45,803
66463,-6249,6855,-4341,1925,195,483
66464,-4101,1152,491,1837,-1261,1381
66465,-1841,-2007,-1325,554,1856,670
66466,-1953,-6746,1613,414,-1481,-523
66467,-902,3925,-6819,-136,-714,306
66468,-7451,-2449,-7502,-1886,1492,1560
66469,-5717,6013,-3876,912,-1180,-15
66470,3213,-5478,7189,744,-1179,-1658
66471,-7339,2239,7866,-151,-126,-763
66472,-1874,5143,627,-1368,1177,1187
66473,320,-3002,-7665,-1868,-1755,478
66474,2325,3181,709,-711,-863,-86
66475,-3963,-1522,-3995,-702,312,-1956
66476,-5031,-926,-175,-1006,565,-539
66477,-264,1692,-7765,-49,1053,1570
66478,628,899,-2142,523,39,-1769
66479,-6046,6719,3384,-1994,-371,-907
66480,1310,136,-4766,1876,1973,648
66481,-4623,3238,-6568,769,753,-1870
66482,1675,3514,6465,1275,-1247,1879
66483,-1044,-7796,-5883,-355,262,69
66484,-6744,-975,-4401,-99,1403,-380
66485,-2153,-169,-6432,-866,-1345,-893
66486,4459,-4251,-7025,825,253,-897
66487,510,7026,-4645,-957,460,-352
66488,2322,-2009,5519,1635,-1988,418
66489,-7545,-3003,6680,-749,-1723,-1803
66490,3095,7209,-6440,-763,-494,-390
66491,-1111,7481,3453,1957,-1438,-311
66492,-5100,-5692,5278,-1228,-497,90
66493,6032,-5991,3236,1305,1014,1117
66494,-3198,-5179,-3987,-1732,-128,1823
66495,904,2342,5615,201,-701,203
66496,-3467,-1876,3381,-1281,1753,1593
66497,-7739,-5117,7392,1389,1934,984
66498,-2298,5053,3598,828,-1618,-522
66499,-1044,-7931,273,-1796,-366,-1599
66500,-2758,-3167,5150,1220,951,1110
66501,6462,3508,6335,147,7,-1353
66502,6895,-6102,-5711,-192,669,808
66503,5658,-1920,-4578,669,-1951,1726
66504,2224,-1380,2584,-1057,-893,1816
66505,7296,-3402,1003,54,-1570,1392
66506,6081,1900,-5963,-770,607,1729
66507,-1891,4834,6723,-605,-1862,-1712
66508,1740,5163,3272,1174,1483,-1863
66509,2986,-7152,3543,-1066,521,275
66510,-7716,-2617,-6250,-1396,1065,1556
66511,-3230,4990,2604,1151,31,-1083
66512,4320,-5680,-4561,-1718,254,1989
66513,6735,7373,-2696,294,-1439,-825
66514,3836,2697,-2590,-538,-1473,-1552
66515,-1047,782,4374,-720,917,-1055
66516,6372,5957,7491,-25,-520,-635
66517,-6684,-6838,791,-706,-364,-369
66518,-51,718,-1187,1340,-436,-1743
66519,-434,5545,-6083,7,1472,-1563
66520,1086,-1628,-5854,-1652,-1382,-1817
66521,-1859,-5966,-347,1734,-1496,-977
66522,4593,-7954,-838,640,-1125,1294
66523,-135,-6971,1968,-1943,665,239
66524,2465,-3549,-793,-623,-718,225
66525,-6763,6840,-2306,-375,-1308,1507
66526,-6635,7729,-1108,-929,-1019,-823
66527,5585,-3678,1297,-308,881,87
66528,1433,2137,4930,-852,-236,1528
66529,-4784,4204,-2918,1414,-1790,-1793
66530,7355,6235,-5736,357,-1483,891
66531,1494,1895,-6857,-1275,729,-1754
66532,6084,-6463,-1905,-497,1527,1864
66533,7483,-4689,-3936,-150,-1164,-1652
66534,-735,-1429,866,-1119,1206,-1275
66535,4872,-805,-5531,-1974,-1243,-919
66536,-3556,5769,7397,-620,-1216,93
66537,-7709,-2593,-1433,1857,1774,1943
66538,2799,-436,6414,-342,697,1895
66539,-2717,-2523,-4216,1028,-1705,1826
66540,-7516,7881,-7226,-228,821,-424
66541,-1419,-1370,-7577,-720,799,1359
66542,4857,2190,-3524,150,-249,-1090
66543,-3571,-6425,2782,377,-656,1013
66544,-1455,5000,-3688,1556,92,-378
66545,2709,-534,1411,959,1025,579
66546,-4588,4174,-929,890,-1423,695
66547,227,757,-5353,-344,-1000,1524
66548,7967,-3491,-4699,-170,88,-175
66549,-5384,-7917,-6128,1566,1548,-339
66550,1506,6499,-2321,-564,926,-1835
66551,-4941,-6998,384,-495,18,-589
66552,2753,-1290,3517,1015,-1493,1384
66553,5644,2133,-840,-452,-450,350
66554,-2389,6806,3416,-1381,1729,-1227
66555,-1637,-6381,-980,-1098,551,-2
66556,-4308,4836,2926,-88,-856,-1962
66557,-3990,-2652,65,-982,-1059,685
66558,-3306,-6504,3762,-1717,1968,-1637
66559,4131,-6673,3550,1837,-1149,-560
66560,2937,-5167,1347,1684,-830,-1205
66561,1034,3799,7343,-728,315,-339
66562,7845,6852,-53,-1471,-241,-1546
66563,-6317,-1221,-605,-1076,1425,-569
66564,-4776,1599,-97,-531,79,-1815
66565,-4549,-2935,6972,19,-644,-1127
66566,4081,-460,-6860,1672,-1521,1703
66567,-6123,5968,5015,-449,375,1469
66568,-7750,-4332,-6460,1184,-744,913
66569,-6737,3309,5612,-378,-756,1073
66570,-2374,5344,7482,-1937,-686,-1221
66571,7452,-1027,-3922,-216,-512,1398
66572,1428,7983,624,864,-1317,1843
66573,2038,3272,1256,-1857,789,-1540
66574,-2541,6933,6988,1518,1121,502
66575,-5495,915,-2880,-1176,-828,-315
66576,-5627,-7485,-3693,202,-1225,-1728
66577,-2777,2055,-4869,-493,-1366,1727
66578,5093,-6413,5764,-846,-23,-1603
66579,469,-2194,4239,1710,212,-1833
66580,6222,5212,-7213,-1787,1978,100
66581,4324,-7225,6358,-658,666,662
66582,139,5679,-2924,-966,-263,1561
66583,-3463,7049,6301,-578,-158,818
66584,3466,-2928,5416,485,-289,-1001
66585,-5736,-3787,-2377,1274,-294,102
66586,6626,4480,-6132,-1232,1208,1273
66587,3400,3955,-1922,272,959,1416
66588,3956,-1998,5125,-1466,-628,304
66589,3756,717,2977,1657,-1612,-641
66590,-287,-943,833,-882,1371,-1500
66591,-4846,-5705,-7642,1271,1924,1165
66592,-5478,2262,-4380,-1816,-1831,-800
66593,3249,3622,-3806,398,-436,1548
66594,4010,-597,-5415,1533,242,-1115
66595,248,-3132,-5493,1762,-546,1770
66596,6047,-4398,2143,-1575,-285,1968
66597,5231,-5787,-6538,-1958,-589,-1668
66598,5949,2573,6760,-388,-1174,311
66599,-4670,5058,5302,-1901,-413,-410
66600,7175,-4744,-5350,1514,-944,-1081
66601,-1451,3650,-2271,335,-1496,-1459
66602,-1693,754,4205,1964,-1837,855
66603,-7874,4513,-7752,305,538,-1814
66604,1269,2616,764,-1137,345,917
66605,-3356,2732,6046,-872,746,655
66606,5104,-3952,7983,-301,864,1290
66607,-3650,6741,4082,1481,1852,-1517
66608,-4508,-698,2586,77,-1122,-122
66609,3699,5882,7869,1813,1943,-811
66610,626,3432,7041,-954,-651,1513
66611,2943,-2236,-2571,1,-1493,339
66612,-7028,-3684,-3224,-1606,107,-855
66613,81,6733,7779,-1150,-764,-884
66614,-6646,-1595,7403,589,-1437,182
66615,751,6659,-6293,-1955,-88,-981
66616,6537,-3343,4515,1795,1414,51
66617,-1728,1056,-4825,1110,1637,616
66618,7149,-6844,-7959,820,-850,929
66619,-1519,-1679,-1531,-399,-1658,33
66620,-2677,6749,2103,1480,267,1595
66621,1961,-1345,6324,430,1807,1334
66622,-4897,6316,2939,-978,489,-1244
66623,-7624,-2157,-2427,638,1093,971
66624,-1319,2545,2749,-666,187,-1983
66625,6728,5101,7651,-837,-1535,1419
66626,6650,7173,2321,1095,-302,-641
66627,6873,-4348,3976,-864,1276,-618
66628,4699,4548,6756,-870,1796,1776
66629,-2365,-4672,-2203,-1764,1592,599
66630,-349,-4387,2261,677,1773,1203
66631,-4210,-5199,3620,-468,404,1438
66632,3100,-2896,-3624,-184,-1149,542
66633,-2709,-894,-7861,1904,-1635,-705
66634,-2160,-810,7544,-1741,-554,539
66635,1694,1330,-2759,1150,1325,-362
66636,-4303,-2280,5833,-1905,1943,-1804
66637,2404,5868,7177,-120,-1596,-549
66638,-5759,6259,7222,1598,-1507,-1305
66639,5839,1637,-950,1864,-237,508
66640,1571,-5155,2809,1021,-667,905
66641,1871,7247,-14,-346,-287,-65
66642,-502,6440,4073,-632,1604,1198
66643,-1819,4293,5351,-47,-1034,1193
66644,-3362,-7152,5916,737,1847,1295
66645,2964,6986,6345,-1598,637,1944
66646,-295,-50,-7057,1068,-288,1422
66647,2064,4108,-1993,653,626,1970
66648,2583,7575,3342,-893,-972,-1895
66649,3155,-7380,-2648,-755,886,-309
66650,5679,6382,3652,628,1009,-829
66651,-742,2819,2622,85,1178,934
66652,-7276,-5972,6994,-1129,1460,-1161
66653,486,-3019,-5633,-710,7,-1157
66654,2084,-219,6918,-528,-1665,-501
66655,636,-7001,-4955,-1994,-585,1323
66656,-1568,5356,2285,88,1795,1081
66657,5374,-3379,-3006,1948,1075,216
66658,531,-12,-2934,77,155,-314
66659,7190,-6076,-1407,-611,-927,-1208
66660,2392,1268,-5502,-23,1277,247
66661,-3868,-716,-7299,-920,1365,725
66662,-5714,-4160,7474,-1612,-596,-1040
66663,2980,6033,-4960,1429,1013,1703
66664,2430,923,5102,469,-1047,1953
66665,7965,-1358,5849,-1545,1819,-542
66666,-6716,-798,-6297,413,-1770,1790
66667,2899,-7925,6041,1437,-1619,-390
66668,1094,7753,-852,1373,649,-1681
66669,5170,2721,3713,850,1805,474
66670,5225,-2926,-2043,-1913,-34,1632
66671,-420,-7372,-7605,-260,-441,1671
66672,7860,-1185,-213,-122,-145,1376
66673,4145,4535,1030,705,-981,-688
66674,7405,4469,-6753,1236,1797,-779
66675,-1907,-5737,-1332,-1777,-1626,1027
66676,-2367,2116,-2983,-1368,-1807,1180
66677,7220,-567,5215,1224,767,-315
66678,-5110,3681,-5589,589,-1554,-1072
66679,1344,-3388,4929,679,1626,-1762
66680,6313,-7127,6820,-701,1627,-130
66681,3750,4768,7548,335,-790,-1194
66682,4390,-2611,4663,-192,-1409,252
66683,-879,6107,-7761,-1876,-1558,1239
66684,1548,7305,-5587,-1216,390,-1907
66685,-1683,1155,6895,-615,-1576,-1944
66686,-6616,5606,-1264,1819,-1288,1278
66687,-4838,-5123,-3659,-70,433,-372
66688,-3649,6387,-6602,1583,-1834,-1414
66689,-6050,-6577,-3930,1388,-234,-376
66690,2445,13,-5000,1156,-1796,-869
66691,2939,3251,-2780,-38,978,534
66692,-6058,414,-907,-1592,1465,-46
66693,-1611,-4039,-199,-1943,-1502,629
66694,4628,5191,7275,935,-500,-485
66695,-3704,-1598,-906,-272,73,-454
66696,-3200,-3194,7853,-1582,327,-128
66697,-966,7924,4439,819,-917,1267
66698,2149,-2891,2757,819,-1394,-1807
66699,1651,-1109,6325,-1308,-1942,-572
66700,-4501,6910,4653,1778,1616,-619
66701,5918,4817,3951,365,1707,-1223
66702,7196,7480,3014,210,1903,-1750
66703,-688,5885,7276,82,478,-1258
66704,-2015,6851,3578,1019,-387,-553
66705,3233,-2175,-2889,-558,-404,-560
66706,-5940,428,1995,686,-177,-1714
66707,5526,-7256,-538,-1682,-1129,391
66708,7997,2825,1738,-1249,1567,-1261
66709,-2778,1315,7742,-327,874,-1502
66710,6372,-4276,-912,-1470,-1653,454
66711,-7665,122,-5020,-686,-694,1653
66712,-5529,3847,3946,1706,1088,-850
66713,-5013,4742,5137,-1041,32,815
66714,-1764,-6273,-764,-1373,266,-482
66715,4577,7037,3996,-1555,-1557,1941
66716,1658,123,-2432,630,-1874,-1487
66717,4360,4457,5025,350,612,-1511
66718,-1980,471,5071,512,-1501,-697
66719,1970,-2431,-1630,1639,-1459,-26
66720,-2845,-3292,-7496,1409,1239,-261
66721,21,7700,-4151,315,4,1601
66722,166,-2142,4055,313,1295,-1489
66723,6111,-227,3488,-32,-1619,625
66724,-956,-5374,-1626,731,-734,975
66725,-60,6021,-4640,17,730,-601
66726,-6115,4735,6553,-1266,-687,-839
66727,-1067,-7653,7656,-699,-216,1408
66728,-3023,-2277,2388,889,-1492,1962
66729,7410,3912,-166,1919,-1836,1896
66730,2053,-2867,2068,-1914,1902,1510
66731,3010,-4726,-7491,-1802,-1590,-1050
66732,6419,5550,2706,1438,1264,317
66733,-2076,-456,7279,1880,-1707,347
66734,3499,6699,3486,-529,973,-783
66735,1909,-3301,4509,421,283,994
66736,3677,-2075,7166,-1188,419,1106
66737,-7199,115,5296,1631,1123,1569
66738,3971,-1963,3716,-1267,1018,-643
66739,1164,2302,7228,-238,1846,-1489
66740,6007,-1110,-1752,-1396,-1540,-300
66741,-4074,-2621,-6432,-1319,-960,1910
66742,-5783,1636,-1729,-1683,68,-56
66743,-2603,-7183,-944,1157,1246,583
66744,3669,201,-1160,-455,-526,-738
66745,6474,5680,3059,-441,1343,-1147
66746,1896,325,-7782,1620,-1909,1003
66747,-6833,-4268,7737,-1300,257,-1685
66748,-3960,4487,7447,-110,-1771,-1368
66749,3185,-3857,-5514,-649,14,567
66750,-2691,5946,1802,-322,1794,-1572
66751,1786,-437,-5153,-846,1831,1874
66752,3257,2646,-1567,-907,-1970,-1932
66753,-425,-2640,6341,-856,-964,972
66754,-4405,7919,-3193,-245,-814,719
66755,7831,-6261,3420,238,294,1290
66756,7016,-5351,-6559,-1940,1048,1566
66757,260,-4764,-2428,1190,689,1338
66758,-7439,-3844,650,-356,1912,-1286
66759,919,-3985,6213,-391,839,-181
66760,-6068,3391,6382,741,-177,1266
66761,4786,1938,1828,1579,-1221,-741
66762,-3629,-7025,-3616,1172,-405,1879
66763,-3254,-7702,112,-149,-184,-957
66764,705,970,1368,1011,-1144,1485
66765,4159,-4403,4853,-1023,-924,-1143
66766,-5479,4877,-4145,-1463,-1684,282
66767,-3525,2726,6201,1936,-73,1256
66768,3011,1804,-4212,-1745,1526,-1152
66769,4723,-4087,5970,1327,-1769,-934
66770,4241,2369,6747,1244,1499,-349
66771,-3957,1358,6591,-678,-83,407
66772,-1393,7308,4325,459,-910,-74
66773,-6731,2636,2874,774,-1247,1577
66774,-7143,6724,-3521,97,1834,-272
66775,-6306,-5067,-5159,959,1505,-1953
66776,-1926,5859,-7736,-546,-1439,-816
66777,6153,5730,5861,396,-1412,1189
66778,-4427,-1705,-1763,-285,-325,-813
66779,6368,-4939,1470,1062,1251,-585
66780,2398,-4468,7390,784,1600,-331
66781,-738,-5468,2395,1255,1247,-378
66782,-2206,-3895,-2323,1631,-1498,-1092
66783,-5559,-3757,7144,861,-1343,614
66784,2460,1288,-3657,1911,-615,811
66785,7545,-7783,2078,507,-1490,-1534
66786,-4801,7636,3469,-803,-1054,264
66787,4770,-6474,-1593,-516,1213,1114
66788,-7057,4699,5252,821,-1250,-1448
66789,-7259,-3003,-6330,-540,-184,1355
66790,-2049,5450,7755,1242,-296,-338
66791,3215,-7411,-5940,-1673,374,979
66792,-1382,1791,-5658,1646,1917,1066
66793,1438,6154,-5324,1415,355,-668
66794,-6461,-7877,7990,-1904,-1772,391
66795,473,-5819,2696,527,-21,-69
66796,2329,-6516,-5440,-1255,1223,-1508
66797,3407,-7310,-5362,417,157,1393
66798,-1166,3409,-3180,-1314,-1413,-1058
66799,3324,3831,5670,1283,1898,-628
66800,-4387,-1144,5456,404,1182,1865
66801,6098,5385,-2071,989,-204,355
66802,-6675,-7441,3774,1347,-329,-1872
66803,7106,3162,-1399,-106,-1598,1154
66804,-3176,-778,7931,-1382,1165,-1070
66805,3553,-2804,543,418,-1320,-33
66806,4322,-4224,5934,1592,1075,-327
66807,7256,4991,-4957,210,516,-667
66808,-445,-274,-4985,741,626,-683
66809,1570,1031,5718,1308,-391,-1817
66810,1345,3708,-4904,-431,95,-904
66811,-7063,3164,-905,-1993,333,1817
66812,-2979,-6477,-4409,1317,1923,-1477
66813,5113,-7896,2208,1287,-1876,1337
66814,7287,-6291,-1174,-290,-631,557
66815,4616,-7875,-583,1244,606,857
66816,3098,-7965,857,842,-356,660
66817,3815,-5717,24,867,-501,-1920
66818,-6976,5877,4453,-1786,906,1785
66819,-2367,-7016,353,1891,-1677,-939
66820,4239,-4692,2836,-142,-716,1395
66821,1613,-1263,2091,-961,1113,-1538
66822,-6272,-2088,-5504,1425,-1705,-962
66823,-5787,7762,6882,-1333,829,-253
66824,-5721,2400,2116,-1755,-513,1855
66825,3245,5086,-6753,475,115,-1218
66826,1715,-4206,-6217,1307,654,281
66827,-5994,2112,-6363,1593,-379,620
66828,-7844,-738,-5603,-2,-1966,-1311
66829,-5050,-6163,6452,145,-580,-1308
66830,1479,-6872,-4082,-1020,1080,304
66831,4918,-5090,1987,-877,391,-692
66832,-4483,-6560,-363,-1168,-1705,-1850
66833,-5287,-3796,6390,1119,-92,-52
66834,-4656,-4241,-7815,1637,-1661,-1874
66835,-1731,2662,7577,1487,961,-1145
66836,885,-1135,5237,1955,373,-1714
66837,-1976,-6898,-4021,748,1602,-919
66838,-7882,4991,616,-994,-264,1019
66839,-1581,1415,-419,-612,915,128
66840,-4007,-7561,3308,-1409,1674,1969
66841,6487,1664,6347,45,-708,1660
66842,3557,-7716,1235,-626,-225,892
66843,7498,4568,7290,-446,-766,1153
66844,-2157,-3885,4549,1800,-361,-900
66845,-4207,-6868,-6276,-1625,-25,206
66846,-6288,7248,1199,-1824,-968,636
66847,-1211,-6926,-5188,-1457,1065,-812
66848,-4050,-44,557,1055,1509,1901
66849,1158,158,4948,1007,-1140,-687
66850,1654,2446,7322,154,588,-856
66851,-1997,-1378,-2914,1667,-1446,-1042
66852,342,6597,-1235,-596,-517,1808
66853,-5946,3483,-1393,1698,304,1023
66854,7846,2090,-4383,602,-1655,-1370
66855,3417,7759,-3526,180,1129,-16
66856,-2725,6156,-7402,100,-546,-221
66857,1389,1129,-4522,-1789,1365,665
66858,-2384,7677,-7593,-1439,-1439,443
66859,2190,2795,2117,45,464,-1166
66860,955,1680,-3494,520,1584,-1056
66861,-4957,-6623,-2586,-1245,479,-1584
66862,-3220,1231,3320,-1302,-1458,1154
66863,-1119,1573,6735,346,-842,1714
66864,-2877,6954,7093,84,1131,760
66865,-6649,-7829,7477,943,1589,1164
66866,-7362,5812,-6487,18,122,845
66867,6112,-6209,-4489,1735,-790,746
66868,-7725,1608,5887,-143,-1587,-1440
66869,-7091,6790,-567,-254,839,-376
66870,4236,-3450,-5274,-486,-820,-931
66871,-5398,4481,6765,-85,-1057,-1843
66872,-3389,-1699,-6471,-544,1058,232
66873,576,5391,5060,-244,-252,-560
66874,-7309,5042,3972,537,-1727,1736
66875,1674,6860,-1555,1647,-1653,1268
66876,1330,2492,-1257,-1437,-1566,342
66877,-1804,-6811,-3504,-826,-174,-240
66878,3508,1653,5665,-1240,247,764
66879,-5670,3196,2111,1223,497,807
66880,365,1508,6204,994,1971,-344
66881,-5253,-3143,7926,-977,154,-850
66882,-1282,-4219,-7706,53,-976,945
66883,-1492,-3389,-7121,1168,793,-1357
66884,4359,-4335,-6332,793,-1405,610
66885,-5009,-640,-565,-1361,1308,-1931
66886,5337,-6919,1340,-1792,-325,-587
66887,2622,2841,4428,-1640,-355,1611
66888,3499,2502,-3347,-1155,816,-1303
66889,-4839,5157,-1720,-290,-939,-674
66890,4155,3435,-2777,-1538,1181,1059
66891,-6142,5233,-6715,373,-390,929
66892,3648,-3683,7730,139,1340,-1099
66893,6452,7899,3217,974,-699,782
66894,-695,-7246,2830,295,1596,139
66895,-7856,4376,-3947,-631,-1750,-1119
66896,434,5901,-3083,-821,259,1886
66897,2871,-4280,4925,-714,-937,-1239
66898,2917,3846,-4026,-1549,-542,318
66899,2454,-3132,-106,1253,-624,1275
66900,-3402,-5390,286,1264,-606,-739
66901,5518,7704,991,-492,-1646,-1608
66902,-480,4562,-5380,1002,611,1391
66903,4236,-3904,-7387,-1869,-444,1740
66904,-3387,-6163,1415,-793,764,471
66905,7186,-6649,3481,-1229,-1279,-1716
66906,-540,1848,1664,1149,141,1816
66907,-5981,-6971,-4209,-333,101,-588
66908,2639,-152,-6553,295,-1695,-527
66909,-6038,-2837,7208,1945,-1288,-1665
66910,-7932,-5894,2889,-238,-829,-1478
66911,-1676,6797,1721,375,244,1786
66912,3568,-7115,-7499,694,-1766,-115
66913,4451,5152,-4856,469,636,-1105
66914,-4845,-4344,1726,1056,-1656,-747
66915,6274,-1003,3957,379,1694,907
66916,-5191,4938,5133,1659,273,1959
66917,3232,-3825,-6124,-1046,1636,1252
66918,-1194,6287,928,784,-574,-378
66919,7805,5932,206,288,-1531,-938
66920,-725,-3516,-2323,310,-225,276
66921,2823,-3084,4629,1772,620,326
66922,3345,72,7050,-503,-1221,1998
66923,-7132,-7135,-411,-1835,748,-1548
66924,1198,-5630,-1536,-1453,931,-277
66925,-5730,3175,3657,1479,-382,1727
66926,150,3617,3766,-1863,-612,-579
66927,-2472,-852,-1807,-1898,1715,730
66928,-1054,-2823,-1385,1361,-525,1422
66929,-5328,-2942,4443,-161,-478,-870
66930,6230,-3290,-4994,-1876,-1524,55
66931,2578,1212,389,324,815,-293
66932,-7994,-5807,-3636,-1545,401,976
66933,952,-2710,-964,1068,697,524
66934,-7859,1809,4555,355,644,1251
66935,-115,4027,7103,1185,-878,-337
66936,7674,6853,-1049,-137,-1350,751
66937,720,-2896,-7197,465,1597,169
66938,5296,6349,-309,-1418,-1000,1828
66939,6863,5646,6984,-1028,-629,-388
66940,6372,-387,-676,-1754,75,-742
66941,2966,-1270,6216,-1431,-895,-432
66942,4038,-1676,362,-84,1129,1577
66943,-4290,-7783,-4775,1345,-1532,-537
66944,5000,-195,1150,-839,1750,-1757
66945,-1080,1782,5126,1572,452,735
66946,-4423,-1507,-4439,-706,-1971,584
66947,-6480,-4731,7343,-196,1117,1049
66948,1052,-1451,-5596,1942,719,641
66949,1680,-574,5134,-750,-10,-56
66950,-7643,-3739,3296,1845,-548,1234
66951,4401,7269,-1860,-1865,-604,136
66952,2359,-3830,-3759,79,-801,-866
66953,3775,-2676,942,-1506,964,-564
66954,-2588,-1407,201,-518,-522,1872
66955,142,1721,2138,1535,-177,1968
66956,-2050,3611,2013,-617,-1116,-1027
66957,2168,-2693,6869,-667,-485,1646
66958,-6007,-2631,4793,269,-1219,1245
66959,-6159,1169,-4425,345,-1980,-1610
66960,2976,-1331,-2141,-1679,887,668
66961,5816,1621,-6527,-790,1720,-901
66962,-6864,4541,3047,112,-1185,1829
66963,4201,647,3656,84,-1232,-1591
66964,-6404,5337,-3053,798,320,714
66965,213,1553,6918,-1306,-1146,-1278
66966,-6575,-6433,3405,-969,-1292,417
66967,-1906,5886,-6537,1121,-1608,1277
66968,-5617,-7093,-6389,1881,-1354,339
66969,7690,-4837,-6747,-1419,-1084,-313
66970,-7701,-5400,-4379,1685,632,-130
66971,256,-1582,575,1016,707,-598
66972,7611,522,1169,220,-1190,1134
66973,4585,5650,-353,1335,-1369,-1066
66974,2066,515,-6345,1216,-349,-1101
66975,6710,6047,-1154,1526,636,-359
66976,-5848,-5795,2041,-1596,-273,1848
66977,-7627,3528,2060,-379,-437,1800
66978,-5389,6483,6614,-1907,-780,249
66979,-1763,4680,971,119,645,-1518
66980,132,446,-206,-1132,1871,-1334
66981,-7606,-347,-1042,253,-1460,-684
66982,5144,7655,238,218,-824,-1978
66983,1644,-4407,4137,-1481,1321,1313
66984,-3438,-1811,-7149,1203,-1421,-1924
66985,-5580,-3982,-3076,88,-1267,1946
66986,-3199,991,3642,-1350,-1717,-1085
66987,2692,-1851,-288,506,-1511,1406
66988,4476,7242,-6251,198,1089,-59
66989,-6895,1211,-506,1778,1075,1522
66990,824,-5901,-788,-787,639,-506
66991,-1310,-5138,3310,-1175,1024,-801
66992,-4457,2802,6186,1732,-619,330
66993,-2038,5544,559,-1506,-573,-1216
66994,3654,4943,5482,-158,1362,-585
66995,-4094,1365,4303,296,-1179,-262
66996,-6027,-5876,4302,1004,-1527,-92
66997,-5079,-1443,-1306,1632,-755,-280
66998,7471,-2485,5511,-648,-485,-1662
66999,-6479,-5688,-818,987,-249,-1200
67000,-2123,-6136,935,685,187,-1807
67001,-6846,309,2498,636,-1889,-1755
67002,-7734,2022,6426,1555,-1006,-1909
67003,2890,-5186,-5045,-1162,-1129,-1792
67004,-7858,5033,113,-13,-1192,-180
67005,-7837,6203,1240,729,934,-1202
67006,6658,-2318,6226,-1790,865,-1339
67007,4825,398,-6580,-164,337,-1668
67008,-7278,-1303,-6383,-38,640,-85
67009,-3102,5391,3768,-1142,1259,1708
67010,-460,-7822,3387,-494,0,1492
67011,-5493,-3903,-2371,-1488,104,-1340
67012,2638,-3193,-1357,-610,-623,443
67013,1880,3536,-4442,1968,-60,1746
67014,-4842,-7380,-7775,1791,439,1686
67015,5866,-4950,-990,644,-1920,303
67016,-259,-6285,4722,-1030,1070,528
67017,-7357,7762,6360,1839,-793,1488
67018,6662,1676,-3480,1830,-131,-637
67019,7902,7575,7333,1430,-506,-810
67020,1959,6884,3565,-571,1775,1691
67021,-531,4019,3979,-246,-1497,-72
67022,7105,-7783,-5513,-1441,1045,-226
67023,6023,-6971,2264,984,1425,-1345
67024,466,3534,4000,-618,348,-218
67025,-3527,7337,2889,1987,-1730,1514
67026,503,-1365,899,-89,1652,349
67027,3427,-3013,5975,-40,1911,993
67028,1891,-2569,-2468,1367,-734,61
67029,-4013,7216,7840,-1110,-1031,-776
67030,-2398,4742,-531,380,621,1642
67031,-1009,-2895,-3803,-170,1521,-1306
67032,6577,6071,-6816,-1669,1203,-1135
67033,-698,-5703,-4169,-590,1589,887
67034,1240,700,-1730,-1253,884,896
67035,1409,-6182,4008,-1518,544,1316
67036,3373,1175,7451,-1504,869,-521
67037,-764,-3246,2425,1591,-1355,428
67038,-7441,-2106,4252,-1402,1709,-1973
67039,-7712,-7380,1674,-1345,-397,1638
67040,4731,-1029,-7796,1683,466,446
67041,3827,-6001,-2332,-1098,-1518,-519
67042,3734,-4675,749,-1957,-398,-838
67043,3133,2284,314,-255,786,-1754
67044,-1828,-2046,4726,83,152,723
67045,-3385,-6882,-3385,-1411,1596,121
67046,-4086,-2515,-6722,1578,-1979,-1553
67047,-3546,-4038,548,1882,-157,-43
67048,-153,1054,-3319,-1548,542,-1721
67049,4826,7065,6499,805,1703,-1498
67050,4130,-3154,-3947,1868,-283,-1077
67051,6965,3699,-7261,1003,1602,14
67052,-2154,3386,-1665,1314,1941,742
67053,-2228,3521,-7052,1431,163,-712
67054,-5504,-349,-2404,-267,695,393
67055,3185,-5203,-6819,-1630,1002,-501
67056,4601,-3611,403,1684,1178,649
67057,-3558,-7839,2880,-1786,-1272,-1695
67058,841,-4607,-2246,-1804,45,-162
67059,3781,-2872,2905,1292,1788,1741
67060,-1544,-3336,-4573,-313,-1714,971
67061,4263,-7472,-1078,-1706,1775,-148
67062,4639,-2181,5234,1548,-1452,-824
67063,-4570,7390,-436,-491,1280,-389
67064,-634,4845,4941,1215,1121,433
67065,3872,-4970,-5721,1821,1708,-1541
67066,1132,5998,5990,-1826,-417,-1099
67067,400,-2021,-6328,-1568,-1495,-699
67068,2398,4259,-6359,-1056,-1946,-748
67069,-3514,-2538,-2419,-1712,-527,-149
67070,6071,-5064,1032,-1542,450,118
67071,1027,1187,6503,154,-638,1795
67072,1306,2958,4756,-873,-482,-1099
67073,2391,4243,-2210,-1021,666,-22
67074,-347,3273,1661,1825,-110,-1533
67075,1771,466,-74,-1303,1585,127
67076,-6352,-3145,-659,1860,-1983,1470
67077,5864,-1164,319,591,-440,-1061
67078,3061,-5942,5041,1314,824,713
67079,2060,2128,6938,1720,-398,545
67080,-6502,-7723,5476,-284,-325,-149
67081,3256,4023,-1035,-434,820,941
67082,3351,1597,4410,-330,1203,-564
67083,-3665,273,1175,-328,-1562,1853
67084,-3860,-4575,-3736,60,230,682
67085,-4774,-7470,2630,1440,47,-1532
67086,-297,1146,2805,216,-1288,-300
67087,-5851,1031,-509,437,34,1886
67088,-597,2632,2056,704,-1270,1757
67089,-104,3267,-6297,1953,-1798,-1685
67090,1868,-6576,4109,1420,369,-987
67091,4331,1899,5240,58,1283,-962
67092,303,-2369,-4008,1703,1351,378
67093,-4177,-4899,-6173,-1012,-1200,135
67094,-2285,3519,-1049,1909,-1449,-220
67095,-3663,-3900,4641,529,-716,1308
67096,4426,7547,-7589,462,-1361,-987
67097,-5738,-939,-2173,-540,-1484,-1356
67098,-5654,1423,7396,-418,1848,1000
67099,3980,-2202,-6970,490,-1666,1195
67100,-3675,-7662,2264,1963,265,960
67101,-2703,2820,-5303,-1072,528,1968
67102,-893,-509,-5438,-1518,-235,-1911
67103,2759,-2476,-1384,208,974,1237
67104,-2601,-2846,-6456,-405,216,1840
67105,3342,-5849,577,-1742,-847,920
67106,-327,7488,7900,1329,-1836,1784
67107,900,342,-6556,-395,335,-411
67108,1456,4410,-4997,-383,1860,872
67109,1170,-2073,-4481,1414,-905,1479
67110,2456,-4337,3989,-190,-1219,-1000
67111,-4023,-3913,-1151,1852,-1362,1735
67112,-7081,4755,-3751,-30,595,-836
67113,-2494,-1942,1711,1695,426,-90
67114,-7562,2761,-3864,841,-1823,-954
67115,-2676,1869,6347,41,-1340,261
67116,291,-4990,-7423,-348,-1559,-1161
67117,208,3156,-7772,1338,-1702,-1831
67118,-876,7258,2657,-1412,-267,535
67119,-6007,-732,1911,-1236,151,-1297
67120,7358,1150,5521,934,-1708,-1329
67121,979,-573,-2473,-1273,-1597,178
67122,2220,6994,3393,187,-685,-473
67123,-152,-7502,-2611,1218,-386,-822
67124,-5403,-2023,-6365,-1965,1678,752
67125,-1406,-3303,1865,-1763,896,1664
67126,855,7190,-4442,-389,-1158,437
67127,-4118,5018,-6011,-1831,-285,-922
67128,-1299,3515,-1811,-382,1185,-1720
67129,-5693,5977,6451,-516,-1623,-943
67130,-6503,933,-4000,881,460,408
67131,12,-270,-2094,92,1438,-1311
67132,729,-785,7928,-1867,1671,-14
67133,-3714,-7924,-1826,21,-1011,-1917
67134,-7641,385,3282,-70,301,-1410
67135,-2994,3943,-3121,-1726,-1881,1924
67136,5368,-7111,-1083,-1533,-1170,-188
67137,-2413,4524,4664,-772,1719,-887
67138,5811,3703,2067,1892,-599,915
67139,-461,220,5695,-1432,618,-307
67140,5101,-737,-2734,1012,430,1873
67141,1039,-569,-217,903,-1872,-818
67142,1054,1952,2980,-1889,-1015,376
67143,3795,-7493,-6482,1600,-744,-941
67144,1599,1981,-5882,-579,1087,1464
67145,-6219,4492,-4095,640,376,1659
67146,6542,498,3432,-318,-1205,1484
67147,5446,175,5909,-957,1362,-1832
67148,-4771,7451,-7349,416,174,-599
67149,-827,474,-4667,-1709,-971,125
67150,1155,2150,-5450,-1971,822,-86
67151,4878,2644,-6846,1778,682,1359
67152,-5078,-1614,2401,1929,-1738,-1346
67153,5803,5452,5441,-490,-732,1236
67154,765,-6823,-7951,479,1149,-778
67155,-7366,-228,5724,-1428,-1432,-558
67156,-7040,-5515,-4393,1493,-1307,433
67157,4400,-5384,475,-1130,1159,-918
67158,-6736,2858,213,1681,521,-89
67159,-563,-4216,4470,1525,-438,1489
67160,-6378,6979,-6,772,1561,-881
67161,5331,5406,6490,769,-1731,-1826
67162,-1939,-7980,6975,554,-1370,1928
67163,-5812,5882,5804,1542,-1732,-830
67164,2257,-6223,4508,-1318,874,403
67165,-4031,-4605,7025,-1861,258,1701
67166,-5725,4090,5101,-763,55,1807
67167,1204,-1119,6042,-1039,1702,-115
67168,6379,-5357,-6549,213,-133,-1582
67169,1344,4077,3831,772,157,-163
67170,-3829,-3363,-4074,1559,1474,-1242
67171,-398,-3506,4217,1058,294,1505
67172,2754,3054,2499,15,673,1420
67173,2351,215,4039,-580,1893,432
67174,-6729,-5125,5853,298,-1593,1182
67175,4791,-4273,5431,13,803,-1577
67176,-2080,-5078,-2959,-387,-1855,1311
67177,-4490,-2422,-961,1099,1672,1309
67178,-3785,3741,7462,1922,-660,1491
67179,7302,3272,-2469,-417,-1299,-1669
67180,-432,1391,-6561,1607,-291,910
67181,-991,5968,2494,880,-1230,134
67182,-6049,-4740,-4646,1633,-1223,1127
67183,302,5920,-5264,1753,-1139,324
67184,-7771,4812,-1505,-1401,-1372,1489
67185,-6528,-1488,2547,493,-1826,1400
67186,3727,-4546,-4836,168,-1715,-334
67187,203,3007,-473,-1388,-753,-290
67188,-5881,2913,636,709,641,1996
67189,-2291,-6001,7000,758,523,-331
67190,4459,6276,-4433,1702,-808,1096
67191,-1779,-2916,7023,889,-1284,1477
67192,1638,-3489,4237,-20,-1573,1231
67193,159,-2035,-6799,-1034,-1627,966
67194,6533,-7741,-3096,1406,-739,-1463
67195,2055,5131,3989,-1011,-1000,1761
67196,5036,-5072,1975,1532,-1446,973
67197,-846,-3178,668,-775,-591,766
67198,-5895,-4645,-4153,580,-965,488
67199,6151,-1710,-6173,465,-1631,1167
67200,4661,7933,1042,-1788,-1744,-1268
67201,617,-2177,-5570,1457,-1508,-236
67202,7315,-1009,-2324,-1450,-1768,470
67203,1761,4465,4071,-1352,710,-1145
67204,1021,-7142,-3070,-1178,653,476
67205,-7491,748,-6428,124,1854,57
67206,4690,-6410,-4555,-225,-1096,536
67207,5241,-7011,-6484,637,660,1313
67208,5779,4138,3717,1487,-1374,-860
67209,-5124,7062,2483,964,-864,-1254
67210,7462,1838,2699,1069,181,741
67211,-3161,-6696,3795,1374,-1086,-628
67212,4272,255,-5851,-613,1272,-981
67213,6360,7686,6330,-1115,-440,-913
67214,-6277,-7741,3094,1846,641,1299
67215,-4305,6687,7098,-1558,235,1588
67216,-7804,2504,-857,1705,-92,-1344
67217,-4995,6769,1871,-518,1529,349
67218,3372,2808,-1056,849,-976,-609
67219,6034,-7383,-4348,-1385,-979,-481
67220,-7476,517,2077,1822,-890,1021
67221,5181,-7016,2779,-1001,-183,-1177
67222,2755,7635,943,-604,790,1716
67223,5038,-5064,7613,-1187,1291,-26
67224,-2233,1456,-4253,70,201,1621
67225,-7027,-7306,5465,-1888,-1618,-899
67226,2740,4292,3074,-1166,-941,-1943
67227,6496,675,-3824,1624,1401,1291
67228,-330,7145,-5860,1171,-221,-83
67229,-2656,5461,526,294,-1299,-682
67230,6687,7031,4281,-1053,-1683,1643
67231,-4443,-7471,4527,655,-416,-725
67232,1739,-6079,-7750,-1223,168,-1232
67233,7101,2723,-7651,1190,-1171,-1913
67234,5618,6596,3417,-1408,-458,350
67235,7252,-3918,-7194,-1936,-222,1134
67236,7526,-2328,7370,-210,911,-55
67237,4469,-3941,867,1581,-817,-1796
67238,6143,5852,1855,96,-792,-1676
67239,-7408,-6088,5289,-1390,-1568,1254
67240,1481,80,-6877,-398,-641,-315
67241,5279,1233,1823,-1401,1948,-1552
67242,6088,-491,7157,-862,89,1172
67243,4462,-3337,3310,1797,66,-194
67244,4414,5513,-6593,-443,-249,762
67245,3597,943,-414,1684,-385,641
67246,4059,6424,961,-1250,-1379,1038
67247,-7832,-3399,-1816,1581,1861,-879
67248,3558,-2346,-3600,669,708,97
67249,-2759,3212,-247,-285,1227,1678
67250,-3964,-288,-3658,-1178,1065,-439
67251,-579,7178,3676,891,-1492,781
67252,7756,4663,-5486,121,1304,-1546
67253,1955,74,-2358,-1970,-557,-704
67254,-4223,-4921,-5268,-1393,-1562,951
67255,-6888,3418,3194,-699,-828,760
67256,-4869,-5509,-3390,1469,911,14
67257,-1602,2426,-879,1764,850,670
67258,-2298,4694,-6757,1142,1569,-154
67259,1524,-5303,-7414,975,1267,1569
67260,6208,-6634,5754,-544,-737,-1032
67261,-1473,-368,-7500,-1179,-846,1981
67262,1794,7634,-888,-1154,1549,-1785
67263,-6528,2944,5207,-197,-1158,1077
67264,2021,-4853,1891,224,-775,-1217
67265,-230,-6166,3011,1737,-1634,-325
67266,-5966,426,3556,-1379,-1053,1171
67267,6253,31,3110,618,293,-1721
67268,-6731,-7841,4464,-1209,-453,58
67269,617,-682,-2912,-686,863,1460
67270,4317,5551,-3723,-415,-69,-1299
67271,-7753,-2788,459,220,7,1995
67272,-5937,4215,6334,-916,969,1822
67273,4025,-3725,5323,1525,-123,736
67274,-7329,7074,3421,-399,153,-427
67275,2504,6855,-7092,1807,1787,-621
67276,3826,-6437,-4572,1234,-334,1115
67277,-4436,3160,7585,-1742,1860,881
67278,6778,4244,-6937,355,-1665,329
67279,-1375,-7557,2603,1354,-912,-274
67280,-4967,-222,1395,-17,-1295,-1077
67281,-4724,741,1708,-139,1252,-1920
67282,6848,-1808,-322,-1286,1756,984
67283,5929,-2883,5242,-1431,-874,63
67284,-4844,-4907,802,-1302,-134,-857
67285,695,1576,-3089,-1666,-1410,1747
67286,-1382,514,1497,1502,-289,-532
67287,2264,1106,-5720,1530,-1237,-59
67288,-1247,126,-6369,1008,272,213
67289,-450,-7085,-3104,340,-736,84
67290,-5509,-6964,-5338,267,-1192,128
67291,1416,7594,-5619,1424,1506,1958
67292,-5187,-2021,2577,938,-135,173
67293,-3730,5545,6390,834,210,-773
67294,-981,213,-3808,-985,-819,-183
67295,-2354,6095,-5074,1832,369,-508
67296,5069,-5580,-2940,1934,-1485,129
67297,-5000,5245,-1745,-673,136,330
67298,943,-3730,-6898,-1268,1104,-995
67299,7919,6895,-3520,-840,1444,1348
67300,6694,7347,6266,752,-1791,-678
67301,-7274,-5092,-565,385,-584,923
67302,-7234,-2963,854,-680,614,1814
67303,6759,1325,-1732,-1600,1843,1954
67304,6884,6477,3414,-1444,-1957,-395
67305,3110,5184,7855,-1562,524,687
67306,-6139,4956,-7109,-518,170,-884
67307,-3514,-4956,-1061,-116,1906,1883
67308,6242,-3205,3454,575,178,-531
67309,-1806,4062,-2610,900,384,-1031
67310,4677,-7825,310,1300,313,248
67311,-7694,1482,-6575,-583,-1740,-274
67312,-1397,6422,-7411,-1182,874,-22
67313,928,-5195,-6033,-1157,-774,-1344
67314,-7193,-7609,-5416,-1249,1767,982
67315,-4897,5369,-2085,-365,-618,137
67316,-3278,4994,3908,1035,211,330
67317,2897,6250,-5395,-1653,-390,645
67318,6821,-6630,-7749,-592,-1080,-1474
67319,-4202,-2288,7318,-589,-139,632
67320,7442,4427,-1297,-1758,-1430,1627
67321,-7392,4588,5977,-1989,953,1206
67322,-2956,-4023,3120,-1771,-177,-971
67323,5540,4229,3134,-1279,-1515,168
67324,-5433,7347,2304,620,-1141,394
67325,4051,-3565,661,1536,626,62
67326,-1992,-5244,-2575,-214,771,298
67327,-883,-6215,2943,-57,750,453
67328,4060,3677,4209,1406,1774,-489
67329,391,-2364,3028,-652,-1817,-169
67330,4567,-6916,-6039,1962,703,-23
67331,7206,-2467,2992,-1775,1170,1167
67332,4040,-346,3626,-765,-1269,-1213
67333,-5733,4360,-13,891,-428,625
67334,907,-5795,619,-1575,1008,-152
67335,-2134,-8000,5246,-216,-934,-1017
67336,-7735,6341,3972,1524,606,1873
67337,-2615,6854,-7401,-1400,89,-540
67338,2208,-7864,6902,-658,-1187,1647
67339,-3799,-7057,-2565,92,-1454,871
67340,-5457,4302,-4581,1010,-1254,-1512
67341,7217,-271,-2441,-1944,1089,-1544
67342,2050,-2744,-6562,168,-968,-548
67343,2538,5390,-6312,1774,-1670,1315
67344,-6473,6890,-326,-211,1410,1214
67345,-4563,5285,642,1885,-172,-1461
67346,-1827,3853,1445,1750,1476,934
67347,5452,5584,-4625,-1024,-898,209
67348,1281,2965,4951,-726,-1556,1236
67349,-530,-6488,-2676,1879,900,377
67350,2487,-5675,-5996,241,-482,-1705
67351,2952,-1681,2264,-1739,1576,1863
67352,-2295,-2694,7045,-1285,-555,-1069
67353,2748,3033,5624,1687,1950,1138
67354,-5499,2779,4920,-520,1591,1212
67355,-6908,2683,-174,-1347,-703,-48
67356,3689,-3620,-2265,1490,-806,291
67357,5070,-842,-2139,1675,369,-595
67358,4792,-5670,5661,242,412,-1506
67359,3085,1711,7891,198,-876,-1264
67360,-2260,-2666,-5868,-502,1057,1235
67361,2504,-4282,5134,-1527,-1853,1067
67362,1323,-1076,-4862,1115,905,-1672
67363,-6059,-7312,-3964,-771,-220,1279
67364,-1274,193,-3074,-1828,407,996
67365,3856,7861,-7729,-1112,1679,-1840
67366,-3570,4197,3502,-717,714,1754
67367,7359,-6525,-977,-826,-1221,890
67368,-178,-158,3874,-1875,1682,1764
67369,1259,1304,2616,-1878,477,1357
67370,1029,3577,-7259,1886,-668,-1416
67371,1768,683,-4562,488,1071,540
67372,-1946,-1646,-6010,1553,-1134,838
67373,6525,-6589,5118,-1008,353,-432
67374,-2253,-6338,-1503,1868,1677,-1522
67375,-4132,-1001,4077,-1246,-640,-1627
67376,2631,-6291,5165,-1328,244,-447
67377,2941,7358,-7186,1721,316,1643
67378,1903,3946,2823,1811,-1563,856
67379,1772,4048,-2461,-583,1668,1576
67380,3513,5894,-2116,-281,-463,35
67381,-7997,-7432,2708,1022,-1176,302
67382,2081,2022,-7169,1723,962,1704
67383,1695,-4884,-5957,-1384,-368,211
67384,-5670,-4337,-2792,-1968,-477,1891
67385,-2325,-2405,2969,1603,-752,-1321
67386,1385,-7270,-6120,1056,116,963
67387,6028,4914,-4647,-800,1005,1106
67388,-6696,-3814,-4769,-220,-334,-860
67389,6590,-3589,6985,1060,251,731
67390,3202,-1238,-7112,1508,-907,1564
67391,5538,-639,-1507,777,583,-1095
67392,-4046,-3142,5376,1924,159,1260
67393,-303,1983,-3683,1454,-303,-170
67394,26,-2724,-7946,-113,675,-172
67395,-7502,5196,1941,1019,-1053,1121
67396,-7271,-5657,-3380,-508,1292,1350
67397,-3581,-7358,-798,-270,-297,-1456
67398,5674,6798,4467,-1330,-1471,1343
67399,6163,4009,-2959,371,-1511,-1284
67400,5229,7353,-6835,405,1702,-553
67401,5141,5739,-3178,782,1107,-1946
67402,-7460,-4764,-62,-260,1483,1074
67403,-3476,-4021,-770,582,-216,-190
67404,2315,6517,2144,-1370,963,337
67405,1492,-6978,-6803,1649,-464,1434
67406,621,5577,3749,-1570,-728,1175
67407,2546,3356,-7124,1148,1255,1458
67408,3742,-2253,-65,-1603,-1718,1833
67409,1283,-2005,5900,781,-1008,-1519
67410,-6846,675,-5649,431,-914,441
67411,662,3826,6217,-1837,1749,1920
67412,2974,5607,1647,-824,790,1402
67413,2997,4216,-3525,1923,-1434,1468
67414,-4612,-5543,1536,-292,175,51
67415,-5021,2924,-2129,386,-234,1940
67416,7513,1283,3147,-1681,-1581,162
67417,5097,743,-626,219,741,-884
67418,7518,6963,2618,742,743,-1619
67419,71,-7364,-4150,-1061,-412,-941
67420,-7481,-6945,1163,-1448,312,888
67421,4455,6281,-357,1502,-293,365
67422,-6776,-3338,-7079,1225,540,-1810
67423,-3568,2733,-146,-809,886,153
67424,4962,-899,5643,905,-436,-294
67425,-3356,3517,1651,1622,919,1372
67426,2068,-929,4836,-978,1457,-603
67427,-6598,-160,-3963,-648,-1256,-1351
67428,-5020,1342,-4269,152,-975,1985
67429,478,-343,5942,-413,-56,-799
67430,7204,-3523,-5531,-1608,-564,-416
67431,-2811,-4285,2671,1093,934,1893
67432,1807,-5776,-2564,99,-426,887
67433,2322,3677,-2302,126,591,1227
67434,2790,-6090,5714,162,1531,1004
67435,-5054,1472,2525,1574,-1385,-1000
67436,7111,-6249,-7765,-572,173,1818
67437,-3317,-3519,6127,1406,-1152,-1978
67438,-6661,451,-4868,-1859,-1715,9
67439,1797,-4312,-6376,447,-979,20
67440,-3670,-2397,-937,-1712,1522,-561
67441,-6538,7637,2478,-1476,1464,1831
67442,-1477,7431,-995,1752,1341,1013
67443,-5003,3917,-3602,891,1789,-41
67444,4860,-1352,6614,-709,-1670,125
67445,-7720,230,-7910,-1266,1684,-1610
67446,-6301,-4965,5010,-858,-1388,-1855
67447,-2363,2425,-7273,1934,1267,254
67448,2777,-6212,-4522,-1489,-1498,1833
67449,7534,-167,5502,352,1282,576
67450,-4744,-1758,-1751,-330,1233,1819
67451,-2762,-198,4939,1325,-1408,-1043
67452,-2020,3760,5447,1129,191,-872
67453,-6845,5334,-6704,1099,1964,149
67454,2818,-6800,6476,-1208,132,1317
67455,-3259,-358,5733,465,-162,-823
67456,-1405,3612,-881,1405,-1304,1998
67457,-4940,2889,-2707,1076,-1846,1242
67458,5558,-5467,-2197,1156,-1319,61
67459,-33,-6924,6592,-358,-1208,-733
67460,6981,6152,-473,-608,455,-584
67461,-181,3329,1441,-397,1523,419
67462,3283,-3722,-2422,250,1174,-1407
67463,4552,-1980,-6960,1482,-1731,-1546
67464,-7760,-5832,3176,1522,-1168,1318
67465,-1672,5965,5135,-1960,1654,-61
67466,2421,544,3226,396,-304,-1659
67467,-3699,-2203,-2224,665,597,-991
67468,-4326,-6758,-7616,1402,203,-41
67469,-6835,1514,6905,153,1464,1999
67470,-1572,1235,4874,-1736,814,1223
67471,-3671,-7908,-6428,407,1465,565
67472,3326,4582,-1815,1398,856,1806
67473,-6252,3846,3182,-370,978,800
67474,5464,-4689,4972,-1699,-1860,5
67475,7683,-6901,3700,-1305,-852,57
67476,637,-3578,5762,1312,-1729,438
67477,4660,-5764,-1535,1552,819,681
67478,-7422,2035,5296,-969,-752,1078
67479,-1219,7359,-364,-157,-882,-263
67480,-5720,5093,-5140,1485,-585,-933
67481,6365,-7579,-6797,-1338,-1872,1079
67482,-530,-3045,-5943,583,-289,-1008
67483,-4074,4809,-5824,-1925,-1490,757
67484,661,-7455,-5095,-1483,1252,1568
67485,-7148,-5037,7326,-738,-1720,35
67486,-4016,-378,-6840,-933,-1550,1753
67487,-4630,-5003,2266,-302,-357,-1410
67488,1927,6216,-4819,717,-1675,1029
67489,-382,-1219,-4352,-1270,1484,-1954
67490,2458,7874,-2634,-1250,-1909,-1480
67491,-2207,-1420,7848,638,-1643,-422
67492,1045,-5992,-7805,-1895,-505,-825
67493,-544,825,-228,-14,-492,-717
67494,-5465,800,-2194,-431,-1603,948
67495,2983,1417,1346,-1404,370,-1586
67496,222,6621,-4233,-149,1859,177
67497,-7110,7868,-5841,434,-1604,945
67498,3973,1523,-6962,705,1825,-1431
67499,-5663,4235,7097,-233,-479,-674
67500,-2583,5107,-4785,1541,-1058,-111
67501,915,-2277,2088,508,-574,1241
67502,-6173,-5680,516,1556,1981,526
67503,-1609,-2747,-99,-481,640,89
67504,6222,3176,-796,577,-510,20
67505,-7947,2424,-2310,-1717,975,-371
67506,-315,3819,4486,1768,-1929,229
67507,-4025,1947,1196,1515,-1850,-1860
67508,1348,-335,-3231,1588,459,-163
67509,-7397,-5403,-4102,491,1884,1043
67510,-6155,-1695,-328,-603,1448,1097
67511,-1543,4265,-6694,1686,-543,433
67512,-7314,-234,7785,-611,-1116,1703
67513,3632,-2883,7482,-888,1791,442
67514,-1921,1453,-4093,1332,-982,44
67515,463,-1261,-16,1116,-1417,1165
67516,1059,333,-1557,-322,-1658,1063
67517,1173,7106,1659,-96,129,1940
67518,-2343,3843,6797,-821,-1704,303
67519,-6922,2143,-1337,1059,-1897,-650
67520,4105,-6811,-5171,1335,-962,559
67521,-296,2334,5127,1862,-420,487
67522,-6130,-6095,4461,-1635,-1245,-910
67523,-6794,3735,-64,356,1541,-1153
67524,-1805,-5661,5710,-1885,-222,-97
67525,567,6268,-5392,-405,590,-981
67526,6665,-6090,-1068,858,-1984,508
67527,2316,5831,-3416,-407,1759,-667
67528,3447,1441,4062,255,-944,590
67529,-1925,-7786,-1825,1013,-1532,-1414
67530,5123,3560,-1902,-204,-739,-138
67531,-2143,-4006,-662,736,371,-1568
67532,6257,-4563,-2413,266,-507,-815
67533,-1614,-4904,-2305,-1442,1212,1447
67534,1589,-4294,-3888,-1396,-1178,-477
67535,-6498,-2132,2301,-694,-695,-182
67536,326,419,3886,903,-770,1754
67537,-5809,-5091,5691,843,-1378,772
67538,6629,7402,7004,-50,1610,1414
67539,433,226,-3163,1595,1064,1333
67540,-5734,1254,-3561,-1515,-293,-1587
67541,1705,-7118,-6039,145,1094,-1890
67542,7907,-5234,-7548,-815,-488,1688
67543,-6999,5533,-4089,-659,-1153,-1630
67544,3314,-1396,-3616,1204,-1165,1592
67545,-3473,-5380,934,-19,908,1748
67546,-5279,1950,4994,672,160,-284
67547,-592,2071,2414,1821,-1040,-1265
67548,-4334,-2642,-1398,588,1280,9
67549,2379,5169,1238,-1404,278,52
67550,1173,4473,2828,-1756,1740,-582
67551,-4433,-7805,5600,1061,-1811,-1043
67552,-6422,-7333,4545,-283,1747,470
67553,-1178,6186,2878,-1379,1295,-931
67554,-6103,-1130,-5544,-1403,-853,-1464
67555,-2828,-7086,3138,1514,-1787,-1418
67556,4105,3934,-5057,532,-262,-1862
67557,-2172,-4658,4353,1821,277,-208
67558,7254,3828,-38,-1734,-1291,1288
67559,7273,2238,4664,1880,1685,-900
67560,5430,-4272,5981,-104,-1097,1853
67561,-4565,-4288,6313,-637,61,158
67562,5207,7665,7547,507,145,1454
67563,-5869,1604,-7847,732,-145,-334
67564,903,-1443,7268,-1334,-1646,1325
67565,-7651,-847,-345,1959,-595,1566
67566,4388,-7227,4921,-572,-479,848
67567,725,-2696,-6585,1803,-478,60
67568,2847,2884,-2154,-557,-300,1705
67569,-4928,-3582,338,683,-1322,815
67570,2166,-3768,-7093,-1785,-357,401
67571,6872,6568,467,-1783,-1171,-948
67572,4987,-358,7482,-352,278,533
67573,6031,5564,3773,-1825,1388,-1842
67574,4484,3110,-6368,-119,-1082,-1323
67575,-685,2112,7174,1080,-1543,1798
67576,3428,4556,-3348,530,-1144,-1710
67577,5503,-418,-2967,-1538,-358,-309
67578,2247,-6205,-2147,-612,1025,1890
67579,7883,-4280,5931,1561,788,-786
67580,5466,7732,-2069,-113,1984,-293
67581,-138,-4320,5846,-271,-529,-353
67582,-7078,3849,2759,-1112,844,-1490
67583,-4006,-5583,5457,-288,-1870,496
67584,38,-4199,-1282,1698,-796,-155
67585,7,-5124,2898,-1967,1701,1930
67586,-4771,2060,-1416,-1665,-162,1176
67587,-2347,-6014,7545,1405,1196,1086
67588,349,6707,-3167,821,-1265,-351
67589,-4390,-6627,-6650,-384,-1631,-282
67590,-5312,5264,-5595,113,-997,1811
67591,3057,6488,-1383,-328,1682,625
67592,946,1871,-5925,-1497,-1951,1381
67593,-2768,7041,845,-63,1674,1496
67594,-183,-4524,4668,-1964,710,1453
67595,1392,4773,-1036,-11,-722,-228
67596,-1015,-5562,5891,-525,-447,-1756
67597,3220,5659,4685,274,-252,787
67598,-7167,-4656,7019,683,-309,969
67599,5929,-3095,7130,1601,-1825,-1278
67600,-403,306,2891,1926,-526,-1705
67601,-2148,-1922,-2382,-1629,695,657
67602,-2252,3257,3059,580,506,-1820
67603,372,7799,-7263,-1268,1982,218
67604,222,-438,7764,1398,1828,1282
67605,-5871,-1707,1240,-1671,685,-701
67606,-4197,-7694,4831,-1774,1169,-1799
67607,-5261,525,7834,-427,1473,-693
67608,4252,4560,3711,-1229,-954,1026
67609,-6249,4734,3734,1447,-1961,1096
67610,-5703,1730,5592,-1953,-426,1539
67611,-54,7918,-6586,-1141,1137,-689
67612,5370,6544,4347,893,-1011,-129
67613,934,-7171,2940,1898,-1546,1304
67614,5514,7529,286,-1902,-736,-92
67615,7454,-5149,5122,1109,257,473
67616,6172,6091,-6513,-625,1572,643
67617,-1962,-1638,5632,-921,-1252,-591
67618,-2227,-3874,-5680,-1705,-1240,1972
67619,5736,920,-5861,-1557,1983,-320
67620,1572,7867,1437,1465,-1001,-591
67621,6021,-90,-6625,406,-1502,348
67622,-7797,-3896,-1615,-823,1798,538
67623,-3051,4198,7407,-1597,732,-693
67624,-3620,5970,1437,-954,1159,-981
67625,7074,-1781,-48,1104,-1784,-114
67626,5300,1147,-7019,-929,-1612,-1314
67627,-2149,3925,-2782,-1618,-1423,172
67628,-5552,4978,4494,1920,-1994,1552
67629,-3452,7020,131,1754,1191,1545
67630,24,699,6212,-1489,-1113,1012
67631,-3148,6316,5433,-889,299,-1754
67632,4659,5047,1500,-1039,810,-1612
67633,-7019,-487,-7850,-557,-1918,-1088
67634,6911,4792,-4816,507,-931,528
67635,2458,-960,5318,-709,-1842,-1185
67636,6860,-6779,3573,131,-367,1547
67637,-3704,5314,-2390,-637,478,1548
67638,2797,-4955,-6464,-447,1173,-630
67639,-3124,7521,-3882,259,-1845,95
67640,-454,4923,-3759,796,-1205,-202
67641,-4344,-4742,-5620,1818,805,1950
67642,-3534,6201,-4667,-1574,1,630
67643,6707,-7363,3903,1435,1657,1062
67644,6496,-3559,-3376,-744,886,35
67645,-3135,5972,-7322,-1000,1916,-286
67646,-1340,-4100,-3250,1748,254,1221
67647,-3462,-4445,-7094,-1181,-995,-233
67648,-4051,-2183,-4088,-1253,-1189,1976
67649,-671,3630,3433,1666,146,552
67650,6642,-6955,-7201,1141,-1418,944
67651,-6105,-3317,2163,62,1441,-1403
67652,1528,-2727,-4372,430,-1525,1693
67653,-5296,658,6509,-1512,-435,1135
67654,5266,5571,-1856,1634,1469,-265
67655,-2404,-568,-6580,1714,619,234
67656,-4210,7326,61,1526,552,-1244
67657,-6783,4357,-5788,-785,472,1180
67658,989,6413,-4083,1394,-761,-1185
67659,3643,7148,-3648,1115,-1468,942
67660,-577,1902,3348,-1943,-1828,-372
67661,-1407,2967,-7615,1011,1840,1649
67662,3226,-179,7574,413,1537,-1142
67663,-6696,1450,297,1763,676,1699
67664,3886,6505,-651,-618,1777,-777
67665,-2835,-7805,3726,-365,-1640,-871
67666,-7756,5380,-7159,1210,-119,-1021
67667,900,-7007,-2315,-1351,-591,-1437
67668,3430,-7824,-7065,-157,687,773
67669,-6604,7292,5668,-605,-584,-1959
67670,-3908,-2539,1909,726,166,-515
67671,1415,6500,1216,1832,-943,669
67672,5000,375,-6991,-1230,0,1925
67673,2774,3966,-867,982,1921,1941
67674,-5127,-5129,-6771,-235,1578,1478
67675,-691,2160,-1684,-715,1274,844
67676,-6372,1454,6212,-1241,1089,-184
67677,-4432,133,-3453,-1317,-42,-1715
67678,-5670,-6834,7858,-1795,-1801,1310
67679,503,-1336,-7037,294,1656,816
67680,-3845,1807,-7031,1043,1554,1695
67681,-4833,7295,-6334,-1799,1370,1902
67682,-6113,108,-4137,380,-554,671
67683,5892,188,-1925,57,-1407,-1696
67684,6794,-4911,-7333,1499,1779,1734
67685,4156,-7504,-2112,272,1102,-60
67686,2823,191,572,6,53,-1864
67687,2701,-1633,-2327,-490,479,-1186
67688,7352,-688,6695,-1648,-352,189
67689,5415,-33,-5261,734,-1778,25
67690,-569,-7727,751,-986,-1625,1135
67691,-884,-5431,7120,-121,-384,-1073
67692,1932,681,7739,-745,198,460
67693,5646,-6692,-5689,1801,-716,1074
67694,-1981,-7520,7029,877,1034,1358
67695,4601,-2310,1032,1903,1192,-1124
67696,5082,-1306,-3886,-1640,374,6
67697,3045,-2557,-1981,-1224,257,-257
67698,1867,-3928,-3975,674,-112,-33
67699,4590,4232,5180,-1044,-1089,430
67700,-6824,2773,4809,-1750,390,187
67701,6282,-4476,5097,182,-1489,1743
67702,-877,4441,-7632,1976,535,-1342
67703,-6578,-2547,253,1102,-706,325
67704,-1847,1700,1502,-1480,-1864,712
67705,4880,4883,-2409,-1190,67,-609
67706,-7235,-754,1635,1229,1475,-1986
67707,-871,6839,-4577,1066,712,-1685
67708,2153,5408,-4671,-986,405,-1669
67709,-385,-2981,-5417,1447,238,1824
67710,122,-1557,-1572,-1087,-1428,1617
67711,6900,-2258,-5369,-1993,-472,-1076
67712,-1453,-77,1569,1208,1123,1112
67713,-6703,7730,-3784,262,-299,-1097
67714,5083,-3350,7694,543,-1931,1383
67715,1242,2432,-7047,-1194,216,-220
67716,2915,-1136,-6562,-1522,416,1758
67717,-4597,761,865,444,56,-430
67718,2726,-4752,6106,1077,1929,-1554
67719,-7097,4935,1529,-745,1190,-930
67720,4850,2936,2689,-92,736,482
67721,8,4003,-4298,-1872,541,1327
67722,-7924,-7800,1810,-575,-732,-1230
67723,7885,3380,424,364,751,-1871
67724,-7579,-5912,7526,1673,-787,-1896
67725,3872,-6299,-7915,-1141,-1105,561
67726,1663,4531,-2935,1010,440,771
67727,-3000,-1740,4497,921,-614,867
67728,1401,-7146,-5096,-1724,535,-215
67729,4471,6481,-6662,589,-1424,1979
67730,-6968,2302,2787,1394,-1948,1213
67731,-2593,-7617,-2717,-1527,1748,1779
67732,-5784,3048,7790,-200,-1481,-553
67733,-4925,-5181,4387,719,1177,-992
67734,-4616,2339,4563,297,-308,-1203
67735,3838,-3662,-4430,272,805,1945
67736,-444,3912,-4133,705,-819,-1498
67737,90,-7667,-4136,65,-444,-620
67738,6845,-4914,-2834,709,-960,504
67739,6541,-6928,6157,1923,218,-1252
67740,-911,2098,7756,1282,-956,1886
67741,-2307,-5832,7922,-696,1686,-1393
67742,1029,1520,1344,-543,-720,-1783
67743,1759,6160,3569,-678,16,-551
67744,814,6695,3569,-890,-1916,225
67745,5810,-7311,1945,-503,-426,-867
67746,-6612,-2342,2850,-1874,211,59
67747,5361,6958,442,-1764,-1209,-292
67748,3720,1480,-2393,-81,1932,1194
67749,4641,4165,7615,-1876,-1213,1185
67750,-5915,-5332,96,867,266,1423
67751,436,-4050,-4711,1908,-1979,-199
67752,6095,-6924,-6096,347,-240,284
67753,-4839,-2477,-6063,-1672,-1401,-433
67754,1611,5864,5044,-843,1432,1781
67755,5632,-5258,3006,1513,-256,-881
67756,7116,5497,-7159,-1268,1802,-1470
67757,-1054,-2095,-90,-101,-305,-1280
67758,25,490,-2030,930,-540,517
67759,7431,1629,153,733,-1232,190
67760,1387,1533,4194,1208,-490,-143
67761,-1343,-3426,-7246,-472,106,547
67762,7923,-5850,-6660,607,1249,-1310
67763,-7744,3512,-3388,234,-500,-1528
67764,2258,-6441,-7476,1227,682,-298
67765,-7078,-2128,7256,-367,1916,-364
67766,-4521,7345,3570,-1717,860,-427
67767,-3017,7748,6864,1140,-1678,-1077
67768,-3249,-1870,5907,-303,1864,1808
67769,-4970,-6515,-6104,1234,1674,-567
67770,7452,-437,6915,-1336,-1371,-1640
67771,-5285,4348,-1526,1833,-1522,-261
67772,4008,7626,5040,-74,1969,-607
67773,-6576,123,594,-1347,305,-12
67774,-1820,1784,-7241,1406,982,-357
67775,61,-3513,7681,538,1136,164
67776,2390,-5781,2085,-1781,1921,-1517
67777,5664,-3319,-3679,937,26,1375
67778,-5534,3313,7799,1291,-1461,1763
67779,163,1509,-5881,-1541,1599,1039
67780,4690,-74,-7441,-347,1660,-461
67781,-629,7494,-7879,-1486,769,-446
67782,-3073,6900,7907,-857,825,589
67783,-5232,-3070,3375,234,-1488,1628
67784,7548,5747,-1934,1835,1332,1675
67785,6561,4751,-4403,-906,-338,514
67786,7662,5506,2560,1082,-1155,-1008
67787,1863,706,4353,-547,598,1422
67788,-7259,-1242,-4372,-1642,-1487,1269
67789,3943,1664,-6377,-199,909,1618
67790,1530,3075,3100,1565,1847,988
67791,-1257,-4734,-4673,555,353,-937
67792,1295,4777,105,1500,231,875
67793,7756,5851,3498,-1373,1970,-1883
67794,4841,4766,-7535,1083,-1451,-1281
67795,1799,903,7885,834,35,-849
67796,-4991,-5614,2274,1530,-1298,-413
67797,2533,-6799,-5297,692,1265,1241
67798,4267,-7137,-7481,189,-1310,-1048
67799,-7406,-1512,7750,-1516,1093,1172
67800,1003,-456,-3118,-1713,1862,227
67801,7532,2155,1534,836,-1165,-1405
67802,4479,565,5153,1681,1103,-1288
67803,2220,-2329,5721,-1500,1869,1671
67804,-6953,7881,-3345,-1432,1538,-1284
67805,699,-7645,-4500,-361,-183,-418
67806,7671,5769,1481,312,-1847,586
67807,4324,-5352,5862,1437,578,-428
67808,6626,73,-4693,-1884,1872,-1476
67809,-4295,-7655,4624,-629,574,1532
67810,-2188,6218,-6392,-447,-568,1311
67811,-6267,2065,2055,-818,-1261,1242
67812,-7576,-1340,-2577,-47,350,-175
67813,3833,-4819,-1809,1676,-975,-1275
67814,-2590,3982,-471,688,-1623,1495
67815,59,-4198,6950,441,-678,-1236
67816,251,-6521,4265,-644,-1583,-72
67817,6995,-2610,-5332,718,-844,-991
67818,3456,-1926,-7167,844,-326,885
67819,-6362,-1717,-6493,-244,-1951,-520
67820,6899,-7756,-3164,571,160,-1379
67821,-2315,7317,-3524,-314,-384,1833
67822,-1804,7550,5553,882,1892,-1359
67823,-4524,2729,-7467,-1293,-942,1745
67824,6601,-7172,561,-577,-1931,911
67825,-743,-4,1946,930,306,1010
67826,7857,-3753,-4309,-617,-1857,-1298
67827,-379,-7165,4190,130,-989,-1257
67828,2184,1502,-935,1155,-1241,-1275
67829,4476,-3732,5232,-248,-1639,1585
67830,1719,6697,-5581,-134,-1931,1250
67831,-7093,-116,1622,-1331,-1391,-153
67832,-662,-7370,-5386,506,941,475
67833,4689,982,-3276,-1426,-1873,262
67834,-836,2698,4360,1318,-631,-1910
67835,-535,-6348,-3236,-1782,-7,-836
67836,-825,1203,1419,648,-956,1102
67837,5125,1811,-4033,-1902,905,-1333
67838,6944,-2770,3497,574,-1205,-1018
67839,1973,561,3040,-1434,1386,991
67840,-6969,123,2678,1372,1471,1299
67841,-4507,-5925,1401,23,734,-354
67842,3734,-1452,-3365,931,585,706
67843,2090,4057,2572,312,-1007,320
67844,-831,-888,1456,753,964,-1064
67845,-3889,2937,-6110,1068,-1105,49
67846,877,-3005,-6703,796,-967,1785
67847,-2168,954,6873,1852,-319,588
67848,3445,3647,2207,-1454,-1555,1719
67849,-6858,-1337,-3983,-1968,-1170,-549
67850,-2654,6740,-4249,1308,-911,-1454
67851,-7394,-665,-3082,74,935,1041
67852,-6401,4563,4195,-1236,-876,-1401
67853,1305,4632,7072,-221,1323,-1141
67854,-2995,-165,6394,1129,-743,277
67855,2434,-5362,6027,-515,-1175,-1301
67856,-3397,-1125,-3690,1567,1167,-1079
67857,-3694,-729,-1719,1055,38,1636
67858,6773,-6416,-4823,-484,-472,1909
67859,-6397,-6391,-4090,-826,-1936,-641
67860,6856,-3858,7520,-1886,-594,859
67861,-2721,1345,6577,-1837,-981,1210
67862,-4859,4971,6544,-1789,-430,-463
67863,-6329,6098,-6432,-84,942,-1774
67864,494,-7311,-1837,1539,-1238,836
67865,7128,2172,-3876,1271,-1214,1446
67866,-5982,2815,-1336,-1472,935,-1004
67867,175,2493,-845,888,497,249
67868,5927,-4269,6142,-792,-670,601
67869,-6338,3593,5775,1801,-625,778
67870,-3307,-832,1561,1315,-1460,332
67871,5907,-157,3151,302,-711,-767
67872,6456,-3296,1509,-924,-1783,-1139
67873,2171,-238,3716,-857,1850,1404
67874,2319,-6862,-3628,1458,-649,1423
67875,-6317,4954,-1905,817,1940,1524
67876,5758,-6687,3287,1581,-513,-1766
67877,-3311,2353,5550,-1414,3,1364
67878,1137,-351,-1843,843,390,-380
67879,4471,-7381,5232,-1575,1194,-1016
67880,-1261,3253,-2434,-1867,-709,-859
67881,2531,-4250,7216,-1744,-850,229
67882,-5191,-3269,-1089,-1561,-526,-855
67883,2352,-1949,1959,1280,1635,-607
67884,3524,-4505,2815,-1858,1038,-357
67885,-1827,5713,4571,-149,327,1252
67886,-578,-2026,-6939,-1048,636,-1539
67887,7235,-6637,-478,477,-1436,-1968
67888,-1971,-1836,-2144,920,-1294,862
67889,-5593,7917,-1065,1268,-633,261
67890,-1972,-4743,-3857,325,-1098,-1577
67891,-3914,-3555,3518,-1782,1606,-887
67892,-2961,4512,6563,849,-1633,1024
67893,5939,4296,-7332,-768,1517,1793
67894,4860,5137,1965,-1409,-45,-27
67895,-3126,1623,-6690,146,1143,691
67896,-175,2040,-2188,-593,22,1174
67897,-5110,-7233,-3989,-535,-962,1576
67898,-869,2767,-6289,-1308,-1407,149
67899,1633,5441,-1051,-1840,-353,882
67900,-1958,2724,3765,-1465,814,-56
67901,7750,1709,7708,-1363,-746,1339
67902,2547,1342,83,1174,272,1746
67903,4831,7663,4252,1642,-83,-1087
67904,1957,603,-7296,-390,1855,-941
67905,4038,-5568,-3699,-1538,1460,-1528
67906,-5775,2513,513,-1610,530,-31
67907,-4099,2179,-3720,1186,-1593,-1482
67908,-5436,2935,-7443,-1305,1869,-458
67909,6406,786,5694,419,196,1903
67910,3288,-2963,4852,1591,104,226
67911,3237,-7728,3875,-1427,-830,1113
67912,1180,-113,2609,878,-1051,-812
67913,-7466,1744,-4411,1432,-1529,-1777
67914,7227,1876,-3452,1340,-1388,379
67915,6615,-427,1566,1420,1850,1895
67916,-188,1141,6805,-1944,414,1893
67917,-5328,-6697,1809,1138,-1621,1026
67918,4116,2113,5215,-1292,1360,-1741
67919,7106,5323,-5828,-1466,466,-1306
67920,4054,3385,1098,-1635,-1452,-1330
67921,-3834,-7550,-6165,1800,39,449
67922,-6647,-6981,1234,1327,837,1520
67923,-670,-7470,-7543,1072,405,1284
67924,3799,-1377,-4913,1889,-408,1221
67925,695,-1059,-6919,1165,576,689
67926,-7303,2075,-7979,-898,-1679,-134
67927,-6898,-387,-4610,-752,-713,637
67928,4941,-781,-6768,875,-344,-1278
67929,6759,-6008,-2080,623,-1844,703
67930,1184,-5980,-3463,851,-1573,-701
67931,452,2539,1893,-224,-1367,-203
67932,6988,271,-2133,1140,-1583,-127
67933,-4108,23,-360,1827,932,-1894
67934,-2788,-4059,2536,-1013,1061,-1455
67935,-3341,-7422,3675,-1559,332,-1903
67936,2162,-2778,6017,972,-642,-24
67937,-2928,52,2690,1455,1730,-1520
67938,-2780,-6335,-3557,880,262,-78
67939,4288,3677,-4796,-1880,559,1177
67940,-369,-103,-852,531,889,-1563
67941,-5748,4484,1726,-324,-1351,-1345
67942,-5340,-7420,7975,-1262,548,-1974
67943,4965,-5424,-553,1995,500,-21
67944,-3464,3818,3653,752,61,-221
67945,-475,2989,6133,-1461,488,215
67946,-7771,-126,756,1287,964,-255
67947,6834,5972,-3773,1123,535,1267
67948,1208,556,74,54,-1344,797
67949,-4913,2738,3057,1720,1617,-1544
67950,3137,6697,6400,1497,-1626,-1214
67951,-3150,106,-6844,1925,-1398,1331
67952,-3904,4933,6273,-262,-578,-770
67953,-5072,-6990,11,357,577,877
67954,-7597,-7428,-1324,-1912,-776,-250
67955,-5491,1260,-5376,-1861,-1079,1727
67956,-5373,3285,-4056,195,1806,1883
67957,5468,5805,-1519,-1943,519,-466
67958,4398,4038,-2778,-268,-619,-1118
67959,6156,-1807,-4530,1654,-837,515
67960,-1450,6081,404,1448,-1758,-1720
67961,4361,-6475,6550,494,-594,1188
67962,-5881,-2408,6132,-910,1350,-1166
67963,557,2518,-3667,-819,-1622,1065
67964,5387,-2448,-1149,-769,1875,1020
67965,-5416,3975,3515,1474,-50,-1606
67966,1770,1485,7777,1604,1049,1764
67967,3997,-5089,-5772,-1685,1249,-178
67968,-1724,-4961,-276,-1051,-1947,-683
67969,7974,6773,-566,-1202,962,93
67970,3839,4204,-7416,-1430,982,-1927
67971,496,5606,-2634,1808,747,251
67972,6687,7792,-5115,822,831,-1384
67973,-7542,2548,-2826,-942,-361,-1070
67974,99,804,-3973,-330,-140,-1807
67975,7918,-2049,-752,-1873,1569,949
67976,6134,-3130,4626,-1668,-1844,370
67977,3024,-6914,-1479,-1819,1344,-1458
67978,2460,3235,-7387,-1990,-1796,1766
67979,-1145,-7735,2672,-1372,1928,-1482
67980,-6645,4969,2900,-938,875,-545
67981,-7773,1326,-6926,1677,-1764,837
67982,-5212,4510,-7988,-24,-310,-777
67983,7237,-3690,-2689,48,-1219,-154
67984,-3320,7447,6687,-972,937,1898
67985,-3654,4888,6365,-22,-533,-601
67986,-1303,3489,-4913,-1296,186,267
67987,-765,-3112,2802,-1375,-320,1766
67988,-1746,-1278,-104,1810,-889,1542
67989,5719,1631,-6706,1406,-886,-1743
67990,6554,-4354,1994,1768,-1705,-1626
67991,7163,789,1940,1363,1145,1155
67992,-4014,1148,-3508,180,433,560
67993,3209,-4807,7133,1788,1195,-1219
67994,-5542,951,429,-897,-1681,1655
67995,7236,-5692,4695,598,-1783,1295
67996,7373,7237,-3549,-972,831,837
67997,-3636,2116,-4238,-1773,-1714,397
67998,-578,-5470,6599,515,-203,-494
67999,560,1997,1186,-1960,1401,1190
68000,5685,-4734,7462,177,-924,-959
68001,-4811,1138,4135,35,-1387,1034
68002,-1112,-4604,2370,1318,-195,-536
68003,6692,-7444,4865,1857,913,221
68004,215,-1615,1415,-1456,1983,1160
68005,2127,6774,-7096,305,-828,753
68006,-7234,6776,-233,1084,788,1108
68007,-4513,-1916,3160,1002,-928,430
68008,-40,-555,5851,-1549,200,1361
68009,5381,5882,7,-1390,-35,280
68010,-2686,-7681,387,-176,-1930,-1919
68011,-5245,7173,-992,1564,-7,-896
68012,4329,-627,1053,-8,-76,964
68013,-1276,-7294,6267,1133,-1541,127
68014,1143,-7179,2164,1415,-46,-639
68015,651,-6384,-230,2,1860,1152
68016,3608,3388,-7193,492,-1116,-1456
68017,-6584,4450,-7337,-1352,757,1540
68018,4125,3040,-2736,1074,399,-1519
68019,1584,-5443,-343,773,-1411,118
68020,3192,-3690,5246,-1611,-1592,1046
68021,-2490,-5704,-7004,1443,851,-1011
68022,-5766,-1840,-2775,-756,-455,-311
68023,181,-6714,5171,169,-1227,35
68024,-253,7219,-1938,1780,-1776,-376
68025,6259,-344,-5499,1993,1375,-397
68026,5805,-5988,5606,-282,-934,971
68027,953,4434,245,-872,-694,1705
68028,-3706,-1160,-2593,430,1187,-479
68029,4485,-7464,-5856,-1752,706,-1016
68030,7709,-4857,5866,-1567,-139,-1196
68031,-2020,7075,2288,1062,1252,1422
68032,7822,-7027,-5095,-1210,1908,-1346
68033,-1415,1630,3669,78,-260,734
68034,5429,-2848,1503,-1592,-20,135
68035,5893,6668,-4996,1152,-197,1661
68036,6553,1634,509,227,-603,-1957
68037,-5160,25,-2446,62,-1255,-995
68038,-1385,6281,-6350,935,384,1373
68039,-3389,3062,-6225,305,1979,256
68040,-125,-5286,6760,-932,-300,786
68041,1366,-5781,-1803,-680,1110,-1791
68042,-1859,6868,-672,736,939,1045
68043,-4824,5346,2467,-1453,-125,-1482
68044,7175,-2761,-2789,-1538,-1411,-1861
68045,7361,2770,5804,182,1246,-330
68046,1029,6448,4441,-1115,-1350,140
68047,-2515,6530,-3228,-327,-1254,-448
68048,-5486,-1162,4845,-548,527,1191
68049,520,2214,1770,-531,-960,-740
68050,4082,-4387,5652,-561,994,975
68051,-6289,-275,6325,1886,-235,1463
68052,6053,4975,-5864,-1837,-1640,103
68053,-4102,-1570,3193,-897,1612,-1575
68054,5997,5869,232,-1566,-725,1332
68055,4372,-2759,-6003,-1006,-222,549
68056,4883,682,-658,-85,459,400
68057,-5110,-2535,-3661,188,773,-1016
68058,-3251,5310,4573,-1817,-313,-603
68059,-7661,-6367,-5489,-1041,1104,-1189
68060,-2892,954,-5269,-472,1424,304
68061,793,-3768,297,190,-1955,-877
68062,7380,546,-2135,1252,1148,-1857
68063,6673,-2947,-3161,-525,-487,-381
68064,-6925,-55,-3455,1381,1982,1894
68065,-6071,-1448,3644,246,1981,-1977
68066,-1186,-7699,7129,1025,-1701,404
68067,3127,-6217,7641,862,1554,-231
68068,-1119,3391,6096,417,965,1427
68069,-6386,-6144,6907,809,-1430,-1196
68070,-6232,5562,3498,-436,1467,-605
68071,3770,74,223,665,665,-1614
68072,-2801,3382,6742,-1771,-740,-1448
68073,-1034,-3257,503,-1413,-1110,-1020
68074,-4857,-4426,-6639,-1366,-1551,-714
68075,-2878,-1010,4214,-601,280,1664
68076,2911,1565,3847,1757,-1555,-1053
68077,-7584,1377,5484,1637,1455,-1547
68078,-4873,3695,-6722,521,-303,1815
68079,-4729,-7713,3170,436,-117,-677
68080,5833,-407,-2524,958,1780,-177
68081,7948,6758,-7615,-1433,891,840
68082,-2092,3811,3594,441,-1787,1328
68083,6144,3633,-3433,-313,-1832,-486
68084,-3751,3488,-2437,1115,1167,1397
68085,7593,4767,4572,-1138,-475,1330
68086,-2790,1407,4516,357,-1608,861
68087,-830,1776,911,-1122,-1032,-1605
68088,-5864,3931,6615,1946,1903,1833
68089,-310,4447,1024,667,-1964,1415
68090,5654,3988,-6300,-252,1865,795
68091,-7782,-3381,-4367,-1056,669,-432
68092,-4919,4490,203,1900,-432,209
68093,7036,-5646,-3008,1861,1708,-581
68094,6753,3465,-5364,934,905,-1260
68095,-7008,7490,4877,200,1582,284
68096,-4330,-642,-66,-1725,-1940,1663
68097,4421,4438,-1006,1586,-836,561
68098,955,2298,49,-132,918,-553
68099,4688,-3102,-4975,-1517,568,-1154
68100,835,4994,-6830,-1617,863,583
68101,4919,6740,6115,503,-1961,-1522
68102,4086,5411,6152,1511,-884,-1674
68103,4699,3706,-3561,1879,1837,-761
68104,1285,-1578,1916,773,1639,1854
68105,-3175,866,38,-364,1112,-1346
68106,-4727,2474,-2818,1943,1650,1443
68107,-701,6239,-3712,1475,-1300,1227
68108,-2636,2826,2408,237,818,667
68109,4398,-3045,5549,1544,411,285
68110,-6317,1794,-2172,-539,-183,444
68111,2647,-1198,2727,59,-416,-939
68112,7334,3203,-326,1807,-371,-398
68113,6049,-5871,5236,972,-751,-793
68114,1227,6389,4099,1308,703,-1680
68115,2868,615,1739,-1594,1018,1816
68116,1445,1628,2858,135,-256,507
68117,-526,-4533,-6735,1955,-764,451
68118,-3400,-898,5238,-128,289,-1878
68119,4150,-684,-406,48,-1577,387
68120,4939,-1531,7604,-1099,-1797,110
68121,5189,2231,5708,215,1791,1861
68122,-4689,5220,4002,-1842,770,96
68123,4376,-6420,5683,695,-791,-1587
68124,3454,-7472,3770,-410,-183,-1810
68125,-3473,-2199,3604,-1773,-1223,-232
68126,-5663,-6537,-6687,1197,378,143
68127,3861,-7314,483,1888,179,1136
68128,-3829,-5562,-5404,-412,-1483,-47
68129,4159,-6800,1970,-187,-1729,-1678
68130,-514,6453,-993,913,1563,-1926
68131,-6516,-2584,-1976,554,1577,-1215
68132,1590,1102,2926,787,1078,-1600
68133,6902,7280,-4732,1836,1858,-1186
68134,-3681,-1416,5322,811,-1732,-115
68135,3113,-1862,-4139,-143,-1194,-1745
68136,7365,-7295,4100,425,771,400
68137,-1897,-5173,892,-1213,1154,-439
68138,7886,607,-2093,-1333,-1910,1276
68139,-1714,3497,-6763,1549,1509,-371
68140,837,817,-3426,-1451,-821,-688
68141,-6980,865,7553,-1289,1294,-1827
68142,5180,3575,-2048,118,404,-231
68143,-4686,-2613,911,-1208,1937,-813
68144,4267,3939,-5086,1011,63,-364
68145,5046,3216,-2711,-605,-233,-1020
68146,3444,3248,6498,576,91,261
68147,-2565,656,1534,-153,1393,659
68148,3005,-5293,-6573,-1273,-990,746
68149,-5153,1579,5048,598,563,-1757
68150,-5559,3363,2771,1533,1020,-917
68151,-7265,-7994,1744,1386,-492,959
68152,2413,-1524,1975,1680,-1643,-1733
68153,1569,196,-2750,-476,1945,-1061
68154,-5842,-6023,-6714,-607,-1078,-1693
68155,-7492,634,-6696,1468,376,-1463
68156,-47,6843,-5181,1669,-1238,457
68157,-2736,-3200,5415,-162,956,1589
68158,-4698,4272,-5656,-85,-994,393
68159,5958,-3104,-7561,-1747,1579,352
68160,3130,-7639,-2761,256,609,628
68161,4867,3108,-4655,407,547,97
68162,4134,687,5174,1442,-697,142
68163,-153,-2026,6589,127,1822,-296
68164,4281,2249,-7430,-1574,-1072,-699
68165,3273,6374,-5188,-432,-592,-257
68166,-6721,2869,1530,-313,-248,1965
68167,-2253,5121,-198,685,838,-1968
68168,-2643,5050,-5276,1815,1005,-1239
68169,2690,6069,-6398,-1558,235,-320
68170,-5409,2636,-1227,988,1983,-1991
68171,7928,-7223,-5956,1835,1686,1479
68172,-1120,-964,-3298,-1639,343,1468
68173,-1156,-7993,-5071,-156,161,1056
68174,-5980,-5467,5702,1325,1093,-1983
68175,-6278,3878,-4415,-1330,-94,-1735
68176,6765,-2627,5357,881,1973,1002
68177,-1157,-3039,-5594,-1653,1066,1060
68178,-580,3653,1665,-507,1516,-1277
68179,5380,5093,-3177,1868,-1281,-864
68180,-6134,1136,7017,1825,-1500,-1883
68181,-3970,-5018,-3365,-905,-941,-1543
68182,6124,-365,6667,-1464,-1112,-43
68183,-3100,-3798,-1112,-1252,1504,-311
68184,4520,-2462,5978,230,-1441,1684
68185,2045,-5801,3270,-599,1205,-862
68186,-4739,3342,3605,-1887,-971,1538
68187,-3145,-1465,-4578,16,1567,1738
68188,3538,-3673,2599,-1535,1512,795
68189,-3663,5727,-4492,1501,422,1952
68190,-4461,-3887,-2196,1775,1326,817
68191,1914,-1031,7564,-974,241,741
68192,2731,5189,-657,-1561,-1826,-687
68193,-4773,-1850,3534,581,757,-1443
68194,7091,-4669,-7464,585,976,1212
68195,1892,-530,6035,362,225,109
68196,1402,4323,-4770,-195,1265,1558
68197,1018,2894,-3507,-983,-1508,-435
68198,-4008,157,1318,-1600,448,511
68199,1832,4146,-7553,-155,-168,-482
68200,4208,-7990,-246,-1578,-772,1303
68201,-181,2555,-4065,-1537,-1047,-1245
68202,7972,1348,-3527,750,33,445
68203,-5681,2649,7463,992,-897,373
68204,3210,-5852,3689,1976,1550,-1037
68205,-3320,-5742,-3297,-335,-165,1597
68206,232,-50,4443,1274,70,357
68207,3752,4788,-1866,1405,229,-1685
68208,-5477,-565,2557,1159,1642,596
68209,7210,-2290,4573,881,-446,-1193
68210,5049,4812,4176,1084,-1880,-1566
68211,-7807,-1598,6818,1199,430,1782
68212,-3492,-3684,849,-1522,1148,-826
68213,6419,-4731,-4444,1331,-1689,-972
68214,2339,-3847,1686,1945,9,1773
68215,6613,-5205,-3980,1483,-1802,-12
68216,-4800,7014,-4542,-1267,-93,566
68217,-2100,-828,5936,-1337,940,416
68218,437,-1149,7059,1640,1966,-132
68219,-3376,-1043,5847,-1936,-1045,-289
68220,-7971,-2804,2768,1398,1553,-152
68221,-4908,-1167,-926,440,225,775
68222,-1220,2605,-2266,-1209,848,-1175
68223,-1626,1995,2395,-445,-333,-739
68224,1704,-6882,4100,-1317,-1179,1826
68225,4189,1611,958,117,59,1822
68226,4748,5656,-2324,-1096,991,-1886
68227,1970,126,-1623,1732,-1040,999
68228,660,2030,-2039,-1956,-798,751
68229,6547,-2722,-796,931,7,-1170
68230,-7968,-6683,6235,-121,675,51
68231,6279,-1460,5708,1731,1438,-104
68232,-8,-4497,6826,-1262,-108,87
68233,4788,-1250,-268,384,-331,1292
68234,-6489,3841,-4458,685,-953,-879
68235,973,-7766,6758,-408,1700,-142
68236,1157,4923,6347,-1150,-1140,-1298
68237,3095,3933,-3063,548,1769,-12
68238,-1524,6381,-6216,1536,-1996,1161
68239,-7304,-7106,4601,-669,-187,-1760
68240,-2639,-5274,5830,540,-1116,-1871
68241,-6322,-4926,-7098,-640,-232,-747
68242,-6148,-3000,-1266,-1981,-1613,-1550
68243,273,-3047,2752,-1927,1279,1187
68244,7473,2791,-1460,-527,31,1767
68245,-5936,3683,6106,1204,1614,1237
68246,-2309,-1850,2713,683,621,-1768
68247,1169,-6983,390,616,-1429,1024
68248,-4670,-4923,-2146,326,730,1572
68249,6219,-50,-6030,114,1446,-657
68250,5114,-7557,3173,-694,259,1870
68251,57,3001,-7879,-125,1678,-947
68252,-6683,-820,6136,-1309,-831,-436
68253,2908,893,-5772,474,628,-1577
68254,-3859,-5301,-5135,1006,1106,-1086
68255,-6992,-3338,6639,189,88,-1649
68256,6732,7396,962,1068,-1280,900
68257,1085,-370,607,807,-1883,1723
68258,4956,-5235,5736,1531,-337,-1012
68259,310,2229,4299,605,-1800,559
68260,-4718,7672,3210,-771,1864,1635
68261,7530,534,-4242,-378,-1713,588
68262,-156,-7451,438,-67,812,613
68263,-3845,6461,-5405,-132,801,-694
68264,-5018,-7586,-520,-1604,-897,569
68265,5472,-688,-7254,295,326,-1766
68266,5536,-2832,7318,-452,-1671,-1289
68267,-2553,5467,3757,-1063,-668,-411
68268,-3247,7304,-327,-1218,-1760,-1892
68269,-6821,-7112,4301,1277,-1184,423
68270,-5213,1882,-6410,-1502,1142,664
68271,2273,1852,-736,656,1201,-1579
68272,3394,4001,-3675,-379,1851,-1315
68273,7889,-6788,961,-1715,1297,-648
68274,-914,449,-3233,-1487,-659,-654
68275,-4963,-6330,-5214,498,1085,1118
68276,-4151,-1432,41,1593,-1445,575
68277,-701,1543,7095,1887,-719,1578
68278,-4525,-759,4108,-49,-195,-1377
68279,4388,-2179,5137,-10,610,-1465
68280,6225,-645,3059,-1471,358,-1527
68281,6335,2966,3125,1849,1335,-466
68282,6411,-3473,341,-539,-161,-1041
68283,6653,-1196,5933,451,-539,-1916
68284,3543,2287,-7883,1739,-1304,943
68285,3076,-2777,-5786,-88,1087,-1245
68286,5425,7656,-2203,-761,828,-1005
68287,-1696,2529,3752,-1375,-366,-1863
68288,-932,4716,-1529,1700,615,-558
68289,-7204,361,-6870,-1992,229,-1345
68290,3926,-3885,6729,-1933,1041,1891
68291,-574,7480,-2860,225,1749,1491
68292,1880,1576,-6839,1341,1167,-1405
68293,-4798,4741,5573,1169,-616,-1446
68294,-5570,2796,2509,-477,158,466
68295,2684,7312,-1738,1005,-1033,234
68296,-4871,-2682,6578,-221,-792,1569
68297,1230,-7890,1947,1666,1819,1122
68298,2029,-613,6164,185,-1313,1858
68299,-3903,4468,-2249,525,342,377
68300,4960,3356,-5181,-1140,-965,1096
68301,155,-6599,7257,-1591,266,38
68302,3581,-265,-7079,-1199,-946,1128
68303,5590,-1895,194,-579,-266,-635
68304,-6214,2251,5732,-1761,1582,-413
68305,1688,-5867,-7578,-1355,1909,1236
68306,6302,5454,-3796,-1457,-1328,167
68307,-1330,5474,-5602,-697,560,11
68308,1229,3361,-5564,1747,-1418,-1619
68309,4160,-1550,7901,-1957,-507,-1967
68310,-3337,2812,5534,-467,-885,-603
68311,2780,2511,-4002,-1648,-1849,903
68312,2714,7317,3264,-831,-1118,163
68313,-5270,1767,5242,1210,1855,-893
68314,-5915,-7105,5715,-1874,-1242,-50
68315,1109,4555,-1063,-419,-1653,302
68316,7064,-6601,-707,-1862,155,695
68317,-3664,-5892,-355,-70,-1409,1121
68318,-4092,-929,1117,1696,449,-661
68319,-1415,-808,3411,-1062,1220,-1881
68320,-303,-4969,5930,-917,-1944,-612
68321,-1,-3207,-1228,-1148,838,-1183
68322,-5161,4348,-4335,83,285,1284
68323,-4802,4524,4332,1611,-1071,-1948
68324,-7164,7863,1294,1122,736,1897
68325,1843,-2166,-546,1489,-70,1898
68326,6187,-3981,683,-1254,-436,-1189
68327,2908,-7048,1425,422,1879,640
68328,-4223,5812,-3784,1096,1328,1095
68329,6817,-724,-5709,1975,683,1622
68330,-3352,6713,6264,-99,374,697
68331,7599,-6110,6862,975,-376,1039
68332,5934,-3122,1905,1902,-1039,-1057
68333,4014,2180,-381,-1067,50,-1185
68334,-5330,5518,4524,-1688,211,-835
68335,2968,-1593,-2951,978,-884,1999
68336,-2655,-5370,6593,-627,1176,66
68337,-1767,7829,-7264,-902,-483,496
68338,1492,-4663,7881,307,80,-1369
68339,5548,-3174,-3488,1995,1673,942
68340,7521,5268,4556,1960,743,-1496
68341,681,-1513,-5103,633,187,1741
68342,6775,-4737,3278,25,1064,780
68343,5609,7659,6662,597,1641,-709
68344,-7306,-3591,-234,1838,200,-868
68345,1416,-7997,6390,-1049,377,1077
68346,-5347,6485,551,1018,-212,-229
68347,6816,-1543,-5797,-390,1932,1262
68348,-472,-5901,814,603,-1234,-1431
68349,7493,-7467,-3146,-693,-667,1932
68350,4503,-2032,2664,-964,614,136
68351,-5100,-3738,7357,1700,-379,-115
68352,622,-2613,-5062,725,1509,472
68353,489,-1148,1061,1428,734,1401
68354,5701,3519,-172,1443,-1865,843
68355,-6227,1110,6442,833,870,603
68356,5358,5295,-3312,70,1680,1583
68357,-5393,-7391,6126,1069,-1628,1349
68358,-3510,-4503,1108,1522,-2,-186
68359,-2171,-477,-6731,-24,704,1145
68360,-1265,-7427,1677,14,-1476,-735
68361,7757,-704,3929,1299,-473,-1706
68362,-6039,2445,-4739,-1660,1540,1593
68363,-6486,-4992,-3284,485,-1317,-600
68364,942,3651,1299,334,-813,-662
68365,7293,-1268,3977,269,-300,-501
68366,-221,-6530,-1741,-1504,1216,90
68367,-5989,7744,2157,162,1009,468
68368,-6898,-13,7544,723,1981,-395
68369,-2110,-7461,481,-505,1133,35
68370,3300,2909,-5237,1595,684,1878
68371,1911,6459,-2688,-1471,-385,69
68372,-2734,2657,4185,-111,172,1539
68373,6134,1959,5060,-1469,698,1958
68374,2982,-1214,762,1436,1970,-385
68375,6941,-7838,-1462,-247,-394,1435
68376,6856,495,3217,-1912,-1114,283
68377,2426,-7258,585,319,1455,-242
68378,-1901,-5038,-1674,1118,119,1162
68379,384,568,-4304,1404,784,1629
68380,-5066,4449,-5889,-478,-1961,-1293
68381,2500,-2448,-7516,997,528,666
68382,2569,-2655,266,1002,-658,1593
68383,-3452,-1949,-3332,1714,-1198,548
68384,2756,3418,-3808,-1479,25,-94
68385,1673,183,4856,-450,799,-255
68386,3251,-7270,6210,1066,602,-465
68387,3196,-235,113,-366,-1002,-1814
68388,2249,7814,-4962,-595,-1533,982
68389,5511,-6764,637,656,-91,1538
68390,5795,-6671,7751,-1755,-1491,146
68391,517,7914,-7392,-413,1090,-1051
68392,5259,5907,5731,-745,-509,1505
68393,-574,1339,-6611,1666,-1871,-1724
68394,-5739,-3194,-2991,-254,651,953
68395,7269,-2908,1210,-1632,613,151
68396,-5241,-5469,-7029,1433,6,-826
68397,6851,-7566,953,245,-662,-1660
68398,923,4745,2409,1921,-508,1273
68399,4563,-7820,-2666,-1964,-239,-818
68400,3545,-4472,-4856,-551,-1475,1935
68401,-1853,7786,-2287,1666,-1844,-1410
68402,5781,-246,-7121,83,1853,1226
68403,1008,3250,-7123,-132,1505,-1347
68404,1301,6993,-341,831,-1441,455
68405,4686,-798,-4249,-1265,-1012,-1810
68406,776,7008,-1794,1844,147,-1291
68407,6320,5691,2659,-1578,-598,740
68408,6401,7923,-3796,-71,-702,266
68409,1798,-435,7141,-1051,-1221,595
68410,725,7882,161,-1805,-319,1724
68411,5538,3731,-4267,-794,-490,1191
68412,-7911,4613,-5833,-233,983,1029
68413,2831,915,-5825,1048,763,1474
68414,7663,1860,1795,605,374,-1749
68415,830,-5503,2419,298,-660,151
68416,7064,4169,-1320,1313,245,397
68417,1528,7636,7682,-1599,270,-1936
68418,-1717,-662,-5439,827,998,1643
68419,1290,7340,2275,640,-811,95
68420,637,309,-3808,-523,-570,34
68421,-986,-3675,7738,1741,755,-230
68422,3606,-4923,2058,-1828,-1414,-319
68423,7312,-5452,-2882,-761,55,896
68424,-6443,816,1532,-920,-1809,-1129
68425,-1053,-3673,3977,-1958,-93,656
68426,3932,-217,3314,845,562,266
68427,-4073,-536,7261,1936,1778,1938
68428,4941,3847,1888,1020,471,-196
68429,3494,5315,-1472,337,195,1584
68430,3348,-999,2646,1033,-869,-1963
68431,-7756,7996,-5415,1605,-1558,-1167
68432,-2492,-212,5827,-106,522,-1651
68433,-7433,2368,-6142,-431,1684,-1855
68434,-3603,6258,7742,649,1749,-1597
68435,-2410,-6490,-4172,960,816,-1716
68436,-1286,4062,1017,-624,-299,-365
68437,-6336,3694,7434,1249,1245,629
68438,1323,2133,1522,-404,-664,598
68439,2780,-396,-5902,-710,-1534,1911
68440,844,1035,5051,-1471,172,-1318
68441,4368,6788,-5015,1278,878,-1706
68442,7602,2131,3007,945,-1669,906
68443,2797,-5472,-1608,1625,1479,1338
68444,-3078,-7183,-3733,-1775,575,718
68445,5793,6492,-4530,-338,-274,-165
68446,4234,-143,6091,486,1923,-964
68447,2900,5295,1146,1343,836,-718
68448,6053,-7664,-3410,-1011,1032,-611
68449,1233,1332,-2878,1373,1796,-911
68450,109,-5092,-5305,1132,-1688,-617
68451,5917,581,6330,550,-64,990
68452,2759,7657,-2781,-1468,-433,-1111
68453,-1906,-3430,3701,-1279,1466,1370
68454,-1610,3147,1603,-1311,-999,-207
68455,6879,5412,1964,-481,1775,-1922
68456,-5935,7134,-1482,-1920,-1512,1211
68457,-1972,4011,3323,-1721,188,1619
68458,-6241,-1462,-5785,-1618,71,495
68459,6945,4445,4332,355,-678,203
68460,-800,1653,-4233,-402,1161,1156
68461,-3138,7604,-6969,1559,-1981,-829
68462,-1988,4360,2733,-1243,-1858,1267
68463,-7243,-7714,6858,-1826,-1149,-1685
68464,2009,-4947,-4984,-1212,-977,-928
68465,-5795,-13,-3330,947,-1574,-1171
68466,429,2902,4683,513,1326,1129
68467,-6655,1958,-4134,1503,924,888
68468,4407,1136,1349,238,806,-1707
68469,915,3525,-1446,-1254,-860,1125
68470,-7980,7094,5924,-590,-1849,869
68471,4707,6500,5164,32,1853,-165
68472,-7389,-3541,4989,-886,992,-1456
68473,3345,-275,-1088,1030,-365,-1164
68474,7566,4820,680,429,1700,-1220
68475,-3100,-6719,1444,1799,1883,67
68476,3491,1817,-6835,-395,1710,-1856
68477,2054,3393,954,513,-217,1936
68478,-7947,-4479,2438,25,1421,-1233
68479,532,-6254,1153,-1762,-1997,570
68480,-5157,4919,486,1551,-69,-774
68481,-4956,5533,1638,253,-1969,1283
68482,3170,-6320,-4040,-327,1590,992
68483,3828,-6374,-1146,705,355,1981
68484,-5283,6224,-1967,-693,839,-557
68485,-7628,1834,6157,-1005,691,-1163
68486,4395,-7919,-3297,1559,1115,275
68487,566,-7419,-7448,-1594,-26,-1698
68488,-5030,-1249,6216,1083,-56,-841
68489,-5533,-3134,4462,727,-349,1919
68490,6113,3965,-890,-1686,-921,-495
68491,4421,-5906,4475,1015,-607,1845
68492,-6611,-1590,5033,-716,287,-220
68493,7738,-5620,-831,-1282,95,1846
68494,7949,-2310,-32,121,-544,157
68495,6432,-555,-1499,-846,-1935,1328
68496,7845,3239,637,-39,1460,-631
68497,5074,3026,2124,-1103,1666,-48
68498,-4686,6145,2409,241,988,-1279
68499,-608,1953,-4008,1974,226,255
68500,4927,-190,-5846,-86,-1010,1283
68501,-1312,-5903,-971,-1906,349,-1057
68502,-945,-501,-112,-1205,1779,182
68503,-3425,-7556,5997,608,1866,-489
68504,856,-4651,-7754,-558,1235,-1186
68505,-7613,1470,3948,841,-1448,1622
68506,-2446,-7866,5930,1008,1876,-777
68507,-5185,-1574,4190,-1256,148,-501
68508,1434,-7098,1925,-792,50,-446
68509,-34,-1873,-33,-434,-1584,984
68510,7460,-1205,-1317,1531,1693,-133
68511,-1761,4139,-2291,1744,-1244,114
68512,-5625,3307,5106,693,827,-1146
68513,-3697,-6652,-1892,35,-676,-1862
68514,-2381,-5049,-6806,-1091,367,-1074
68515,-2033,393,-6587,-53,-1752,521
68516,-2113,-102,2733,8,1608,1664
68517,-2626,6539,4581,-993,-398,-22
68518,374,2308,-6466,-1428,45,508
68519,392,-1579,6155,483,-1705,1663
68520,-1706,6676,-4127,-1190,362,738
68521,-1035,-3652,7959,-1434,-1513,-1596
68522,-7507,-4256,-5359,-576,1247,432
68523,7297,6354,-3184,-983,1445,1389
68524,-1464,-2052,2135,-1570,1470,-195
68525,-503,74,-17,-507,207,-1577
68526,-1774,-2506,882,-1001,1406,-1665
68527,3951,-1851,-7711,1491,-1639,-982
68528,4517,-1856,3252,-757,1293,97
68529,-1212,-7328,2166,-1634,1413,-386
68530,-360,-7279,7323,879,786,1738
68531,-5220,7852,-2227,775,-1345,-980
68532,4552,-834,6314,469,1352,1214
68533,3227,5102,-2632,-1342,-968,641
68534,2988,-6475,1606,1165,732,107
68535,1539,-1917,6398,-989,1327,0
68536,-4848,6263,2977,1141,1738,697
68537,5645,250,-7447,1421,-853,965
68538,2396,1865,5504,-1127,-1207,-23
68539,-5545,6148,1743,770,40,-824
68540,2150,2460,2641,1957,-972,-245
68541,4578,-5944,5927,-1402,168,683
68542,-1823,-1979,3012,-1256,-790,9
68543,1768,-3507,-7649,-264,1524,1677
68544,-362,-1062,-3503,-522,-11,1759
68545,-507,367,-2500,1594,1331,-1273
68546,3378,-5279,6111,-223,1885,1614
68547,-4953,1087,2984,-1833,829,-1779
68548,5390,-7322,-6275,-160,-294,-525
68549,-1343,7251,-3669,-1079,1041,1228
68550,3082,2170,-1939,943,565,-13
68551,1536,2359,-4595,795,-1762,420
68552,2747,-3686,7083,-1136,1980,527
68553,-5856,-4063,6455,1424,-441,-1122
68554,-3512,3949,1022,814,875,-979
68555,-5096,4309,-394,458,-1991,905
68556,6895,3473,3888,-871,1067,1962
68557,69,5312,5782,1611,-1565,-1560
68558,2551,-6191,2689,1037,1596,1880
68559,-6937,474,-143,1299,1643,732
68560,2700,-3690,374,1261,-50,-862
68561,-4839,86,3128,1430,-1382,-787
68562,-7883,-2009,1834,1523,291,851
68563,6642,-2901,1172,-652,-1554,1082
68564,-1939,194,-3844,454,-1556,-686
68565,-3799,-3150,7088,-1420,-1316,802
68566,6549,-2470,-5417,1115,430,-1925
68567,-3997,6392,4275,-1880,676,-1806
68568,-7492,-7442,-4160,559,-322,-1776
68569,3559,-479,-155,180,-1186,-62
68570,7799,-6486,4142,-1020,1926,-1934
68571,957,6548,-6230,1510,1604,-743
68572,-1068,-7466,-713,-1725,1484,-1895
68573,-6117,6327,3483,1178,-1105,-163
68574,5677,4543,2087,-670,-807,340
68575,-2865,3329,-7347,-708,-716,1631
68576,2015,-2225,6028,-1071,964,1313
68577,-7646,1329,7286,893,181,-41
68578,6341,-7211,-1203,897,-447,749
68579,-2251,-4743,4696,229,-1646,-1712
68580,198,-6218,-4329,1782,1353,1407
68581,-5708,-6625,7072,-525,1756,664
68582,813,-4418,-155,415,1175,-1148
68583,-955,4947,-6222,-258,-944,960
68584,-1303,-2263,-7401,-103,731,438
68585,-1050,-214,5716,1138,-1694,1913
68586,-4638,-3710,-7814,177,-1526,406
68587,3217,-5775,7103,-834,881,-1488
68588,2140,-672,1918,-331,899,710
68589,122,14,6256,1373,-328,1775
68590,-2163,7321,-3584,-426,1523,1997
68591,3627,333,-343,355,-848,1817
68592,6477,2453,-6263,-1242,-1664,1150
68593,7907,-2102,77,764,1262,1563
68594,417,-107,-4832,-1321,1182,40
68595,639,6776,4406,-1844,-449,580
68596,159,-1581,3678,-3,1495,1754
68597,-4325,-2990,-2825,1182,1045,975
68598,-4470,-6465,1961,592,-1277,-174
68599,-255,5413,-5403,-305,278,-1428
68600,3469,-6654,-2620,-1038,1829,375
68601,-4028,-5570,-1929,760,204,992
68602,4721,1596,-1031,579,-359,547
68603,2987,5511,453,217,-1880,-394
68604,-2004,-4480,7567,1146,-286,1100
68605,-7040,-796,6418,-1531,-1082,1111
68606,-6080,-7886,-4728,-30,-1207,-647
68607,5865,7053,1530,1038,-1833,1029
68608,4203,-5115,4974,-828,405,-1482
68609,-2718,-4929,4606,-1592,284,989
68610,-5921,7228,-6855,959,574,1019
68611,-7389,4715,721,-1180,-669,261
68612,-3343,4172,3483,1533,-1635,1346
68613,4292,6896,-1478,1319,-138,-507
68614,-5081,4002,6005,319,272,401
68615,1856,4403,-4996,-912,-1377,1887
68616,-2011,2515,1242,1218,1645,-1311
68617,1327,4913,-7861,-551,1362,1099
68618,-3143,6360,2536,1404,-1224,1038
68619,265,2545,3055,-1991,-681,1645
68620,1820,1909,4366,-825,262,1905
68621,-5933,-1384,5817,376,977,-1056
68622,-4269,-2677,-1046,-34,1110,456
68623,-4323,742,7644,1966,1249,162
68624,6610,-1802,-855,-472,-342,1329
68625,-1840,1667,-58,-482,703,1077
68626,-3162,7013,2602,-519,665,-1720
68627,6908,3699,5583,1830,-982,1615
68628,-5406,266,1730,1322,-80,1959
68629,-6409,7142,3607,-692,1119,-835
68630,754,-6431,-15,1880,151,53
68631,1617,3022,4056,-1268,-489,1754
68632,-4503,7270,-2762,589,581,1126
68633,-3534,746,1225,-1143,-613,-906
68634,1081,-376,5531,46,-526,1127
68635,-3311,-4860,-2503,1164,-1854,-1487
68636,1874,-6419,4961,-545,-1606,1632
68637,-1290,-4662,-1,898,-748,413
68638,5914,-6835,5225,1757,-508,-215
68639,-1823,-6737,7192,-1831,-1136,1278
68640,5644,7668,1088,-1486,-239,1622
68641,-4320,2918,1632,-797,-1457,1786
68642,2805,-771,-446,-500,-39,-789
68643,-6149,-5635,-1437,-1915,1142,-1795
68644,-2066,-6750,-7496,777,-1142,764
68645,-4175,1430,-6122,-196,1582,1216
68646,5752,-1118,2548,-1922,-132,1451
68647,-7254,-3080,773,382,1842,310
68648,3466,4621,3267,-424,-1665,494
68649,-7532,6800,7429,-728,-544,-650
68650,4262,-1821,4409,-179,-1358,-504
68651,4390,-7909,-4140,1420,-1272,-1590
68652,497,1815,2195,-112,819,-1880
68653,5904,3282,1999,-91,-1044,1184
68654,655,-132,-1732,1015,-49,-196
68655,6850,4914,-3567,897,-776,361
68656,-2299,7500,747,41,-1582,1515
68657,-6101,-4942,-1537,311,-1118,-1467
68658,7657,-3143,-6706,1250,1235,1022
68659,-5600,-1628,210,1448,-1570,-1665
68660,4883,-6513,754,1052,-677,-296
68661,5867,2233,2060,-119,1615,-1708
68662,-7857,4805,28,597,-1413,-780
68663,-7325,-1144,-7978,921,-1344,1775
68664,7995,4610,-4812,532,-953,-172
68665,-6998,-6138,-5815,-1914,1833,1488
68666,-2782,-2138,4607,1471,1783,1683
68667,1079,-1658,-2596,-632,312,-262
68668,-3059,-2430,419,1374,1564,-370
68669,-7049,7900,6142,620,-1693,1525
68670,3446,-657,7708,-563,1353,1318
68671,6257,547,-101,-1741,-730,-1893
68672,6084,6623,-341,1022,985,-728
68673,268,-5969,6475,-469,-422,1149
68674,5244,949,-380,1652,1368,-1385
68675,-5649,2593,-6946,639,-763,-85
68676,5802,6002,-4215,-458,1564,-323
68677,3318,-5176,7329,-1453,319,1598
68678,7359,1624,2573,-753,1682,1028
68679,3230,-5700,-2777,758,-979,989
68680,7521,6446,2128,-575,-172,-1348
68681,-1918,-4230,6562,-1121,1236,562
68682,7189,3807,-7445,-928,-551,-1992
68683,-3101,-7985,7346,-940,-1164,-1135
68684,4431,-6462,5119,-1505,-387,-412
68685,-751,6116,-6197,-1286,1778,-1627
68686,-5234,-4649,-4375,-1635,-79,-1035
68687,4916,5126,-3656,-1725,1599,-1591
68688,-158,-6622,-6430,1760,171,-1765
68689,1270,-6714,-1189,-1826,-797,1022
68690,7794,4947,7987,763,-974,1815
68691,5467,-2156,2871,1670,1063,1106
68692,-3793,-6023,-3343,1363,-1081,1020
68693,3140,5461,19,-1578,-808,1045
68694,-7443,3290,-2532,-1284,1999,-952
68695,-912,938,7236,-29,-41,-376
68696,5465,944,-7778,-753,-489,-348
68697,-4985,-2016,-784,1782,560,-1200
68698,3063,-5886,-3086,1792,308,263
68699,-3073,7410,797,160,1565,489
68700,5715,7456,-4857,1369,377,1273
68701,3915,5686,1018,-1373,-1977,-1420
68702,1775,783,7847,286,-38,1328
68703,-3200,-6121,-4305,212,-1749,-607
68704,1106,-3019,3267,1748,-8,-672
68705,237,758,2857,1330,-1675,1952
68706,5349,-5416,452,-40,-1592,164
68707,-2448,2577,-7891,-1513,1914,888
68708,-1550,-5426,-30,459,-1808,952
68709,-7975,6655,6947,74,-1583,-575
68710,-3744,-3073,2102,1705,-113,293
68711,-2893,200,-6746,534,-1981,1633
68712,5770,-1883,5861,1128,345,203
68713,-7679,3177,1722,884,-1411,-397
68714,564,-5373,5054,644,622,1004
68715,-6074,-4706,-687,484,-76,1069
68716,-1585,6099,-7588,-1876,-836,1721
68717,3832,-7152,-6715,257,-568,-198
68718,136,-3204,1606,-970,1883,107
68719,-5515,4880,1566,1884,-1034,1449
68720,-6180,-2003,6300,1495,1504,-576
68721,984,5241,1383,881,-461,1163
68722,-4271,-7066,-7299,-768,1050,-1758
68723,-821,-6506,5541,-279,1068,1615
68724,-6691,3463,7590,1149,606,1670
68725,5359,-4743,5666,-310,-1748,-122
68726,-528,-6834,3449,757,-207,-329
68727,-3250,1215,-4071,-750,-1920,1195
68728,5744,-7369,176,1541,-208,1133
68729,7109,-7339,1125,-511,-1365,1221
68730,902,3292,2845,1803,-1098,1572
68731,-6146,-290,-7786,1983,-1162,29
68732,-89,5906,-5260,1014,643,642
68733,623,-5131,1716,-1203,-1395,-1030
68734,3517,-4962,4580,372,281,-421
68735,-4809,-7450,-7567,1176,-1132,-523
68736,-6178,-7273,-3955,102,-95,1282
68737,-4435,3394,-4268,1017,-1645,-1755
68738,-7605,6297,-5732,1747,-1596,-397
68739,1803,-7023,30,-396,366,-702
68740,960,5715,1666,-1032,576,-223
68741,568,-1312,5984,66,-1161,-630
68742,7,527,5176,554,-649,-1787
68743,3237,-2945,-1942,899,1912,1819
68744,4723,-5293,-7326,-334,1704,1322
68745,7718,755,-5011,-166,-283,915
68746,4195,546,-777,-294,1794,254
68747,-2124,6759,-5219,-1690,-859,104
68748,4089,-5380,-1672,-1576,114,-407
68749,7283,-6971,1535,-374,-1277,691
68750,6796,4872,-6595,600,-859,1954
68751,-6138,-3569,5700,334,396,-1225
68752,6475,7269,-6565,557,7,1077
68753,308,-2506,-7134,-1958,1573,-906
68754,5331,846,-4973,1679,132,-132
68755,6568,213,-5589,1033,1174,1123
68756,-106,-2898,-2514,385,-917,-98
68757,818,-1835,7249,431,1012,148
68758,-5291,3312,4657,1798,-1718,-1648
68759,1832,-7029,5788,1856,-1314,-1588
68760,5749,1472,6485,-1706,1983,-1678
68761,7558,2190,-4142,1777,-1047,75
68762,1456,4797,2548,1759,50,581
68763,-6608,5218,-7107,-1308,-751,1165
68764,5396,-2117,966,-1084,-906,453
68765,6632,204,-1211,-1305,451,-83
68766,6170,3664,3061,673,899,1644
68767,-7006,-3555,5302,-1807,-78,1498
68768,-2840,-7974,-4657,-877,1588,-1323
68769,2319,-4067,-2409,894,-1106,-267
68770,4174,4776,-7434,-1140,-1680,592
68771,-1142,2762,-3157,593,1302,1081
68772,5192,1245,7798,1979,-989,-816
68773,-1656,7466,3093,549,-671,377
68774,-6606,-6252,-684,524,361,-656
68775,-6691,816,4888,1341,1607,244
68776,-3663,1626,-5686,874,1359,1169
68777,-5849,-348,-1135,-1994,-1426,469
68778,3343,5988,5305,-1067,1646,763
68779,660,-840,-3853,-28,-974,-248
68780,-4613,5413,-5945,-859,379,1803
68781,6075,-7793,5363,-1027,-1723,1656
68782,1429,-5364,-346,306,485,-338
68783,3093,6146,3061,1413,-119,-734
68784,-5928,-882,4309,-987,-1286,-1793
68785,-3547,5696,-2941,318,30,-626
68786,989,1916,-56,1141,908,-1091
68787,5341,583,4103,-1021,944,-1023
68788,6338,-7639,-5128,996,1221,-614
68789,7620,3494,6012,-110,1666,1684
68790,-4999,-6574,-6024,1690,-1404,1273
68791,3828,793,6712,909,1518,1529
68792,-7981,-87,5062,1139,618,419
68793,-1048,7366,372,562,-1938,-974
68794,-3182,5472,-5402,784,204,1731
68795,-1637,-2079,3058,-1495,-153,931
68796,-5697,-4332,-2555,-464,-434,246
68797,6230,-78,6606,896,-1028,1587
68798,-554,2341,-5637,880,-1950,-1277
68799,-7613,1814,-3928,-276,235,757
68800,-523,6868,4903,-1383,-529,-802
68801,-6296,-130,6844,801,114,450
68802,-1776,2037,2870,-1083,-1105,-1539
68803,773,4107,-766,-1169,514,1314
68804,-7925,4679,6882,-1264,-522,-876
68805,-3530,-1284,5939,1445,-488,1803
68806,760,1974,58,192,462,1049
68807,-6096,-6505,3441,-557,-1800,1471
68808,1568,-2150,-745,246,-125,1358
68809,-2305,642,-5223,-1151,-343,-534
68810,-2448,5912,-3894,-1069,716,687
68811,6408,2655,3203,1421,3,-1414
68812,5942,5556,-6880,1140,-605,-567
68813,4895,2979,5773,-568,1036,188
68814,-7575,-3529,-3491,674,-1171,-1754
68815,3439,6579,473,510,1471,713
68816,3602,5875,-2331,-1577,-275,-980
68817,2922,79,-5938,149,326,1777
68818,6164,743,-6354,1822,1624,568
68819,-3191,879,-1546,1643,-150,1375
68820,7556,6159,-2692,303,1352,-1961
68821,-7276,1082,88,1550,1495,-1242
68822,5167,-1231,4953,1178,264,-1036
68823,7979,-6648,-5199,-1505,200,1575
68824,-1713,-312,-6482,460,1763,1923
68825,2801,3610,5026,-7,-1517,-941
68826,-3683,202,6770,448,1089,1691
68827,-2378,1677,-7929,1679,-911,703
68828,-3303,-3541,2188,-234,1114,150
68829,3200,6299,-4110,-1025,1928,551
68830,551,2109,-6000,682,295,-1141
68831,-3930,7679,-5237,1545,-78,-1008
68832,3926,1744,-1444,-589,-390,1878
68833,-5019,-1238,2332,-1316,-1775,629
68834,7244,5180,-1687,-46,124,616
68835,-798,646,6910,1785,377,1923
68836,-3628,1879,-1681,-746,471,-1083
68837,-2039,2678,-1161,-1901,357,1231
68838,-5155,-6864,6588,-1784,-81,855
68839,-3703,-3651,-7248,-1130,947,-1010
68840,-3655,5925,5976,1818,237,389
68841,-3651,6487,7099,-745,-676,924
68842,-7098,3322,374,-1714,-903,-699
68843,-2451,-1502,6822,287,1865,-738
68844,6814,-7610,6776,1111,961,-1471
68845,2334,6891,-2792,1015,-1337,-1569
68846,-6035,-5348,227,671,827,306
68847,-4456,-2767,7529,-581,304,619
68848,1173,3391,-722,890,-1984,590
68849,-2879,-6269,7910,-1284,-1291,-1383
68850,-4295,-4077,3217,-1731,-764,-1934
68851,-3568,568,-6543,130,241,1375
68852,2220,2610,-5092,1658,-739,-1722
68853,1667,-6560,1703,-429,1079,1599
68854,-2535,-6265,-5592,-1802,-778,1744
68855,-6331,-4615,5147,-746,761,1420
68856,5405,-4571,-2510,839,1134,1541
68857,-840,1671,-1253,-1290,-999,124
68858,-6416,3757,3304,582,-1064,1242
68859,1360,165,7679,-1150,-403,663
68860,2663,1629,2462,-791,-1193,883
68861,-7402,4988,991,-815,915,1218
68862,5707,-752,4078,595,173,1773
68863,-2554,-4239,1888,1776,1211,1884
68864,5133,4482,-7313,423,181,-1750
68865,3758,-4026,-4303,1131,-377,1324
68866,-4160,3935,1275,-33,1774,844
68867,-3295,-6189,5115,1771,-116,1558
68868,5835,-2301,42,-910,307,376
68869,1379,-3648,3830,864,-1298,-1215
68870,-4253,1403,7093,1796,-2000,-106
68871,1254,-2047,2487,-1450,-1627,1293
68872,-3911,1064,4237,-1651,-494,1765
68873,5711,1184,2091,249,273,-1869
68874,-4084,1345,-6459,1753,1613,-1310
68875,5947,69,-5760,-389,-1441,832
68876,-1635,-2573,4803,1089,348,1808
68877,-2605,3627,-5894,732,-1637,279
68878,-6856,-2075,-6848,-1287,340,132
68879,6682,1073,5207,1515,-633,1142
68880,1910,2096,-6544,755,509,-1157
68881,-3823,307,6498,-1161,1038,623
68882,-4874,7216,497,-1677,-754,-1331
68883,-4020,4215,-5203,149,1906,1600
68884,-4638,7284,5409,-804,-978,1510
68885,-6947,4784,-407,-1403,-283,-378
68886,-6926,-6253,2664,597,-55,-560
68887,-2394,-6670,-2291,1955,-1165,-47
68888,3021,486,-6418,1639,-1339,1048
68889,4693,-1178,826,826,-1631,1933
68890,-7939,-7585,-6836,659,-1157,1815
68891,-4741,-6819,-1458,-64,-1000,-1120
68892,1855,6596,6895,73,1778,-588
68893,4866,263,1821,-49,542,951
68894,-750,1379,-5305,422,-564,-560
68895,-4222,-4182,-362,-723,1483,1262
68896,5107,-2631,1486,331,-1000,-877
68897,789,4416,1290,1831,1598,-433
68898,602,3245,-7225,541,-689,-745
68899,-7159,-110,962,-1732,1640,-1121
68900,4722,1384,2388,1282,32,544
68901,-1532,-7750,6816,-1607,-637,-462
68902,-7165,1591,-3077,-977,455,915
68903,-22,-7093,7736,360,1781,-1705
68904,-609,1982,1503,789,987,911
68905,5984,1269,-1394,-810,-1257,-1170
68906,7282,-4233,3560,644,1695,1791
68907,-5282,7942,5281,1242,-689,442
68908,-204,3319,-2160,862,587,-120
68909,7853,7155,5820,-1110,969,142
68910,-4380,-1650,5742,-556,-5,1781
68911,4421,7063,-6247,837,331,-1239
68912,-5175,-740,-4300,-1493,73,-150
68913,-4623,3510,-3984,-1738,1467,-995
68914,3503,-4984,-4665,734,1423,1692
68915,4923,-64,-1822,1773,898,-1275
68916,-3229,-7488,-1016,358,-443,-1549
68917,4349,-2804,-1094,-1908,-520,-665
68918,1265,-5792,3672,676,1420,992
68919,-6104,-175,770,1431,1880,867
68920,1429,-2573,4749,-1771,454,1195
68921,-2190,7829,5280,912,1841,521
68922,5861,-1239,3031,301,-799,-1994
68923,2965,-4052,1712,-1788,522,278
68924,-2251,6203,-5008,-789,-316,311
68925,1654,-7925,3285,582,1655,448
68926,-5261,-5695,-1068,-1107,1836,641
68927,-3285,3069,-2412,-1949,1593,-516
68928,-6849,-515,6531,1315,-37,514
68929,-7568,-89,5646,-1447,724,1161
68930,-1514,-186,5705,-1965,-632,1838
68931,4345,2084,5073,562,954,1050
68932,-6313,1931,5946,-1089,428,-932
68933,7262,-1981,-6855,-962,-1169,1074
68934,2217,-253,4230,-493,781,483
68935,1198,4595,574,-1825,1249,208
68936,-4910,6511,2589,-1326,1108,-380
68937,6305,1808,2815,372,445,67
68938,3531,-4613,-2473,512,1043,700
68939,-3857,-3527,-7356,51,115,154
68940,-7005,2191,-5889,1354,1095,1945
68941,-1554,2215,-7921,666,-1174,360
68942,4929,1841,-7657,-391,1873,1340
68943,-1305,2954,-4843,1007,-1691,-1637
68944,3032,6939,5292,-1438,-1554,1515
68945,-7974,-713,-5506,646,-388,34
68946,3038,6697,-5135,1130,1940,1497
68947,638,-832,-1212,-1283,471,-97
68948,6805,-2463,1590,-1958,1970,-206
68949,1348,-5017,-3625,-981,1956,-954
68950,4582,-6549,5057,-967,1755,-367
68951,-7375,355,-5608,814,-902,1187
68952,5125,2913,599,-777,118,1111
68953,5053,5735,-3961,-170,-1610,-572
68954,-798,-5505,-2894,-436,512,128
68955,3786,5286,5025,1043,1800,620
68956,-7373,-5281,4481,1077,618,456
68957,3149,6977,-3145,662,1012,1963
68958,-4016,-270,-3900,-1707,1788,498
68959,-7337,6621,2783,-1135,528,-578
68960,7818,-3776,6307,-602,1778,-418
68961,-1982,4823,216,-1665,-1303,1649
68962,-1516,2212,196,-1004,149,-1404
68963,-2931,-318,1198,-1323,-1849,923
68964,1043,4099,-4015,-1255,-1746,-647
68965,1073,2713,1024,-1395,-1402,-1408
68966,-6871,4793,594,-121,1391,1295
68967,5235,1494,1490,-175,-1572,668
68968,-6250,-1818,-7496,-330,-1827,1013
68969,-1502,-2688,-7667,1022,1725,1994
68970,-3010,6485,-4015,-838,-1650,1979
68971,2884,-493,319,-1840,-1613,1034
68972,-4631,580,-7598,629,-485,-773
68973,1873,-6365,957,-1430,553,-1238
68974,2328,770,-7704,1585,772,-1554
68975,-1659,3999,3205,550,1557,-1191
68976,738,-3765,5578,1450,1349,-1472
68977,-2698,-5318,-942,161,356,-1925
68978,5701,-1964,7965,-847,969,784
68979,-1461,552,-4275,6,-542,-1218
68980,1513,-765,2678,-1793,-1455,-76
68981,-3060,-6340,6083,-1632,1231,-1466
68982,2184,-3260,1655,-1837,-1670,-1833
68983,-7014,-541,-3775,1882,-1293,1032
68984,-6160,7519,-68,968,-840,-1536
68985,-6317,-1019,1471,452,-479,-353
68986,-3730,1435,7753,-1620,1171,-1553
68987,1710,-5818,-5800,839,1487,-559
68988,2491,7032,-2446,-1530,313,-28
68989,5651,-4159,-4504,398,-1825,-950
68990,-1457,2068,-5985,-879,-331,-1377
68991,-5762,-7572,-581,1019,1410,-1308
68992,2807,-692,2257,-496,1496,-1184
68993,-81,-7062,-186,1861,-1296,1800
68994,-6295,-4838,3026,-278,1104,608
68995,-6067,213,1123,1365,-491,762
68996,-6458,7903,-6798,-1887,-250,-189
68997,-7543,5957,-4313,1103,15,-824
68998,575,492,-514,397,-1767,-860
68999,-4150,-5420,-6545,1110,1827,-1849
69000,1191,-277,6323,56,-531,509
69001,2870,5827,-7073,-44,-872,-1504
69002,6178,732,6824,-54,-1448,-392
69003,-2346,-7543,-973,-725,43,384
69004,2256,5627,586,1715,1859,-1583
69005,3101,-7570,3756,-1640,-747,-1057
69006,-3043,-7817,-3835,1028,-237,-889
69007,2112,-1070,3836,347,-188,1324
69008,6715,7449,-452,-769,1016,-1035
69009,-2510,4223,-516,860,-1205,-1652
69010,-5835,-2756,4484,291,1533,131
69011,-5901,5067,-2141,-1132,1712,-688
69012,-540,3736,-6127,-1825,-617,200
69013,645,7174,-6469,-333,186,-634
69014,438,5360,7388,1640,-1269,433
69015,-5062,2092,1695,-1909,678,-1358
69016,952,-2156,5507,-274,-688,120
69017,6248,4002,2798,-1301,-1814,1208
69018,-4685,4487,5496,269,-1061,-108
69019,-3870,-2097,-5569,324,-1243,1104
69020,-247,-1467,1806,-1458,-1807,345
69021,6533,3108,-4976,766,-1172,-1778
69022,7892,-1650,-640,1521,272,563
69023,6922,1162,-1380,-1932,637,-718
69024,4184,-4328,-7354,-1925,-873,1027
69025,-4201,-7424,-6675,1706,1144,1198
69026,-341,-5645,1868,-934,-427,1803
69027,5815,-3238,-204,131,492,1130
69028,-6269,300,-6811,-1213,71,-1159
69029,5811,4601,1230,1677,45,-776
69030,-6601,2914,-1581,1228,-650,-1965
69031,-2306,676,5498,1338,-1231,-782
69032,-6750,5064,5395,-1094,754,-405
69033,5722,183,3632,-835,-282,-198
69034,4866,3635,7285,1182,-345,-1948
69035,3730,-3338,820,337,1830,35
69036,7593,2077,-2714,542,267,1773
69037,-4029,-161,7318,255,1733,1366
69038,6945,3468,-4104,-1379,156,-472
69039,-3513,-3978,2657,-638,-1068,1664
69040,-4866,-6334,-4165,1858,92,-1024
69041,2227,7627,-2680,-1853,-1991,-96
69042,5645,-3427,-718,-364,-1814,350
69043,6648,7510,5339,603,65,-996
69044,4184,201,-1909,1643,-387,-495
69045,558,-986,-4932,489,-1202,-683
69046,-4360,2331,-4898,658,764,231
69047,-5511,-1164,-5072,-553,1460,-69
69048,-7327,1846,-3333,1846,1193,939
69049,1016,408,3059,-716,-1153,660
69050,362,-3390,-2347,-1223,949,-343
69051,-5340,5433,4667,-1092,-652,-1760
69052,4628,-5557,7426,880,1396,1774
69053,-7081,1688,-5958,1587,821,-895
69054,-3472,-4382,-7009,1727,892,1928
69055,2322,6898,-6867,66,-1607,-166
69056,7968,4860,6287,1419,-1052,-928
69057,1546,4222,7488,1581,347,-277
69058,7651,-6391,-4999,-1147,-543,-1824
69059,1072,4793,1553,-930,-1662,-1665
69060,-3697,1500,5828,-1142,-1740,995
69061,3782,5311,7872,-1238,1031,-756
69062,1013,-4568,-4454,168,-1923,1399
69063,-4278,5685,2780,1216,487,188
69064,-4961,-5647,-5945,-12,-1365,-1663
69065,-2933,-2147,-4701,-1444,436,87
69066,-158,-3921,-6015,476,1536,-211
69067,4038,-1400,-7949,1805,-1899,938
69068,-3631,2421,-875,-1840,-1452,-570
69069,-2454,-2042,6324,714,-1390,-1870
69070,-4991,5083,7273,-1555,-1599,112
69071,7843,5436,-7727,-1573,1914,1713
69072,2012,1674,4905,1878,-512,-1378
69073,-6716,-6461,-618,569,1663,-988
69074,6328,7049,-1607,-1044,906,-1058
69075,-1426,3233,-1565,-1250,1459,654
69076,-3373,5668,597,-1473,-1797,-80
69077,-4813,-6172,-1866,-1697,140,-332
69078,6577,-675,-4785,-344,-1509,1742
69079,-33,-2211,-6590,697,453,-472
69080,-1938,6024,-7278,307,448,1663
69081,-6760,2556,3871,-367,314,-1730
69082,43,-5591,-2403,296,-1305,1087
69083,-2023,-7160,-2273,931,1221,1714
69084,-6095,231,-136,-68,-661,-1585
69085,1264,-5480,2245,405,-230,1312
69086,-1453,-7921,2684,-1792,1169,-863
69087,3891,-6243,2275,-1830,-1160,447
69088,-3299,6530,4104,-208,-1892,-1977
69089,-7134,-7600,-4834,-848,1351,-289
69090,-306,2813,-5304,1719,1706,-429
69091,-4390,-604,6912,-225,1444,-1958
69092,-3828,-6653,-1162,863,-1288,254
69093,1445,-7633,-734,1390,-644,1990
69094,-2852,-270,-5220,-1597,1846,1131
69095,4120,6317,-5614,893,-316,-903
69096,-3689,-5990,-7932,982,1996,1499
69097,-7052,1508,-4435,-1694,-868,-1
69098,-6147,4332,4038,808,-855,297
69099,-6362,-7820,-4115,-1617,103,807
69100,-7539,3070,6553,553,-343,1278
69101,504,7431,-4314,501,-1338,-730
69102,2695,3650,-3841,1767,1281,1380
69103,4166,88,2643,-1307,822,1570
69104,6092,4941,362,-1672,-1470,-1799
69105,1378,3300,6623,915,-1365,-994
69106,-1872,3119,1210,-682,-7,1147
69107,7707,-933,-5328,268,-1182,437
69108,2332,-7631,6777,1863,-1570,-1902
69109,3387,-5360,-287,-1778,705,1104
69110,2582,-4590,3044,-370,-117,1546
69111,-1121,5177,-6913,-231,-527,106
69112,-1644,2519,-2486,-1516,-636,-655
69113,1267,3644,-1521,1526,1156,-613
69114,2691,-1041,-4477,-1644,-1288,-513
69115,296,-6740,6591,143,-1260,-1083
69116,-5619,7755,-4984,-140,57,-1076
69117,4790,1738,-3407,1126,432,-332
69118,3834,5046,-7984,-975,-1826,1262
69119,3863,1928,-7087,38,1823,1848
69120,-4408,912,7874,-104,847,77
69121,7666,-4241,-1942,1511,1167,1393
69122,4169,6755,-771,-1102,742,367
69123,-1339,6050,4797,-96,974,361
69124,-3151,-7448,1535,449,473,905
69125,-7110,-6882,60,1580,388,1056
69126,7279,2656,2454,-792,81,1608
69127,3022,400,-501,1444,1046,715
69128,1251,-828,-7689,-439,338,-788
69129,-7840,6177,-6534,337,1103,132
69130,-313,1129,3019,-1637,-709,-1748
69131,3321,5710,-4853,1654,-323,259
69132,-6432,6347,7658,-85,1117,1599
69133,-7043,7903,-4167,-1280,1403,-1979
69134,-229,4315,-4659,-681,-763,-70
69135,-4102,144,-6198,1211,665,1581
69136,215,7442,7239,304,1025,-223
69137,5524,3167,2090,386,-1411,1125
69138,4823,-4187,-978,1083,350,-598
69139,-6572,3156,-2729,-873,-601,1220
69140,-162,-7302,-4205,402,1284,-1135
69141,-1100,4398,520,-1495,-1498,366
69142,6674,6063,1620,-1738,-267,-130
69143,4660,7804,-4892,-819,1454,-680
69144,-5316,1257,7297,676,-136,1574
69145,3341,4736,3586,-767,-1325,-1839
69146,-1797,-7145,-973,-1996,-1593,1488
69147,1624,5110,7623,-1622,-1079,-1138
69148,-407,6088,-6140,1837,656,656
69149,1701,4303,-4950,941,-276,1108
69150,-1317,-817,6331,1440,-453,-1441
69151,-7169,-7719,2453,-1819,873,-1004
69152,-7993,1932,-5900,1760,90,-341
69153,-7896,847,3992,-1452,345,924
69154,5490,-3261,-417,-27,276,804
69155,5600,5202,-4609,1254,-214,493
69156,2628,-1833,3719,1465,883,1528
69157,-1486,-5339,3868,-1971,730,-885
69158,3651,4058,-5669,1424,257,-1889
69159,-6958,-4124,-1097,460,935,931
69160,6785,1634,-4162,648,-1808,-1390
69161,-1752,1600,2757,1844,323,-1804
69162,6221,-6126,-282,-1873,-1727,537
69163,4196,-2183,3323,1776,783,-852
69164,-4697,-3047,-398,1416,1557,-101
69165,4816,4359,4234,-384,1380,49
69166,-6152,4259,-6286,-421,21,1724
69167,3874,-3035,-2084,1747,-1893,571
69168,6954,5833,-731,792,1527,-227
69169,5163,3868,-1526,-1025,-1005,1228
69170,-707,5114,7684,874,449,1548
69171,-7176,5527,1616,-1533,-1104,-737
69172,7403,-6687,6697,982,-516,-378
69173,2797,-54,7786,-356,-1155,-247
69174,5931,3687,5993,1493,1899,1158
69175,-3376,1406,-7637,-1097,-1944,762
69176,7188,5799,-7370,1070,-618,1594
69177,3650,4650,5136,-1798,828,-994
69178,3985,-6251,588,1362,-739,472
69179,-2039,-1516,5034,-56,-290,-910
69180,-1612,-5483,122,-797,130,1639
69181,5035,1397,-3028,833,-1433,-1051
69182,-2726,72,6001,-310,-994,557
69183,-94,4672,3097,-614,-209,116
69184,-236,4210,-7894,-438,-914,-79
69185,-7772,2368,-905,-1559,407,1324
69186,4875,462,-4668,1511,-1592,738
69187,-4389,-4252,-1945,-429,-1128,104
69188,6673,-3944,3252,609,-1701,-1394
69189,4304,-2275,7683,835,-1607,-550
69190,7309,6643,-5643,954,1223,-892
69191,1450,-5350,-6713,-509,-866,1725
69192,-5176,1503,-503,-1112,582,1989
69193,-1833,6963,6791,-1523,-1318,-1667
69194,-3491,5349,7941,-1396,236,-342
69195,-2598,-4127,-7403,198,-1968,1419
69196,-5070,7271,3119,1864,-162,-369
69197,-6152,-6043,6717,-69,-1076,-1449
69198,-5677,798,-4438,1562,1705,-1259
69199,-3720,-2503,6838,1262,416,1497
69200,2668,-2021,3283,789,-1086,747
69201,1983,3054,-2958,-1742,-514,-1140
69202,6522,5778,3841,1158,-108,-199
69203,-2743,1006,-3569,1801,-923,-209
69204,3852,400,-7073,-641,-1997,881
69205,-128,1619,3116,1647,-1048,1748
69206,7708,2461,-762,-186,-582,-1973
69207,545,-4272,6506,-898,-110,-1823
69208,-4038,-3746,-5595,-897,-1149,-330
69209,2376,5878,2945,298,-763,-1003
69210,-4878,6868,-118,298,-198,-486
69211,7111,3867,-2143,422,1950,1397
69212,-7326,-5603,-582,-1728,1875,298
69213,392,6121,-6964,-534,101,1275
69214,-6954,807,-3681,1225,873,-68
69215,-2707,6061,-1870,-1069,534,189
69216,-2673,-7920,-6979,-1463,-172,173
69217,1772,3884,-6770,1201,-680,715
69218,2694,4112,7381,1188,1024,-115
69219,7448,-3075,3751,1805,-49,202
69220,-4210,1691,822,1223,-940,680
69221,4794,-4499,2185,-741,-225,-254
69222,1630,-4892,5037,-156,349,1861
69223,-1105,-12,-1025,-665,-1595,-367
69224,-6274,6072,4498,-1637,-688,-625
69225,2485,2082,-7690,1741,1423,619
69226,-371,-1375,-5711,-1385,1546,1561
69227,-2698,4851,-377,1256,-1877,-1735
69228,-2419,343,3651,1556,849,-844
69229,-2406,-5170,-2457,-831,1657,-1376
69230,-5277,2865,5364,-637,1064,256
69231,-4345,540,-5888,1829,-700,1684
69232,-1713,-7148,-6856,-1520,-1785,1990
69233,7387,32,-6627,-1582,-430,700
69234,1491,-4091,-2153,828,67,1463
69235,630,-5871,-7198,-218,1076,-1470
69236,7353,3078,-7789,1295,92,1145
69237,3939,3687,2600,-592,1961,346
69238,-4246,-5705,3928,-819,549,1104
69239,-6158,4970,7960,1655,-54,877
69240,2030,-4091,-2237,171,577,-911
69241,-2360,-4242,2707,1549,1348,1501
69242,1615,-4891,-7146,-984,-1256,-947
69243,-90,3828,6876,1411,1090,734
69244,-7508,7933,-5318,-1703,-223,-908
69245,3603,4146,-6725,1094,247,1137
69246,1561,2432,7766,1043,-28,-270
69247,7334,-6786,-5912,1320,-768,-1680
69248,-5844,5508,7470,-1286,-757,-1766
69249,7649,-2921,-896,-1999,1860,650
69250,5523,-2199,6763,1839,1108,-1730
69251,4946,-7189,1985,356,-1639,-1288
69252,5128,5303,39,-998,-1287,-1938
69253,-3656,-3363,-6797,1332,1041,-174
69254,2343,3492,-4256,-33,-1719,129
69255,6648,5613,-7172,-68,-1083,-1744
69256,7098,5408,4858,1968,-1111,-1719
69257,610,-4410,-4011,-716,329,-1683
69258,-955,4934,-6648,462,1080,1722
69259,5008,5494,872,-840,-1782,1192
69260,-6446,-5718,774,1519,-531,-474
69261,2872,-577,-6377,-1920,35,1667
69262,7294,-3409,7066,483,1799,-159
69263,7374,4746,-3319,1346,-1219,-555
69264,7634,-5762,-403,344,-1229,-450
69265,7933,-6316,-473,-93,-1037,331
69266,2765,-3046,5263,327,-397,-1266
69267,-5143,-4879,-5301,-540,-1910,608
69268,5172,-4244,916,911,-1410,-117
69269,86,4105,2348,1972,1689,-589
69270,-1,-7390,-399,-784,1136,-485
69271,-2206,-7998,-2588,725,1652,1946
69272,5819,6811,684,327,406,-842
69273,-215,7934,456,240,-497,-1644
69274,-5586,7593,3357,1280,49,1047
69275,5451,-2266,-4049,1898,-570,-886
69276,-3803,-4198,3241,1462,405,1325
69277,6925,-6093,3776,679,1755,-358
69278,-1211,-2430,1125,-1678,-1884,-1701
69279,-5582,-7743,116,-62,-1222,-223
69280,-5008,-7215,4396,1819,-245,388
69281,-5586,3800,-7743,-654,702,-453
69282,-3478,4261,3984,-264,635,-34
69283,-733,1090,-7012,999,587,1031
69284,-378,2574,-1060,594,1508,724
69285,-4038,5907,853,-936,-1203,-1607
69286,-2486,1027,-5956,1211,-1932,1739
69287,-5683,-4573,-7299,1669,-2000,438
69288,1608,7044,-3801,-124,-534,222
69289,939,-513,-1969,45,-1085,-1939
69290,-3149,1652,2465,-474,-309,1660
69291,-5936,833,2586,908,1186,71
69292,-4454,-5910,-3510,559,711,1339
69293,-939,3772,-1518,-730,-465,1938
69294,-1638,1334,2415,-1969,1285,-1467
69295,-3836,-1268,-7722,-1806,-406,-1545
69296,-6933,6722,3121,-730,-1560,988
69297,-7704,994,2428,-691,938,-1957
69298,-5976,5021,7390,-503,584,861
69299,4461,-360,-282,136,896,1104
69300,3602,-7829,-7577,-977,1265,488
69301,-2591,5675,4580,55,-1236,847
69302,-4747,2745,4103,741,14,-1561
69303,-1762,-5462,4745,817,-932,297
69304,-901,6869,-7928,-1798,291,1680
69305,-2341,6021,-2037,-619,-1181,-907
69306,981,-496,-7924,1716,56,804
69307,5696,-460,7297,-1047,-1488,162
69308,-6438,-3277,-2119,360,1011,1260
69309,-3530,5710,4970,540,1174,-530
69310,-4315,-6558,-5961,-1586,1525,1559
69311,-2332,7820,1920,-826,211,-1704
69312,-7964,-2120,7459,611,948,-879
69313,-287,-7297,3675,1357,889,-1239
69314,5908,-1024,-4190,322,1844,-1401
69315,-2772,7217,6139,1029,-1485,-737
69316,-897,-621,5243,1059,-657,-1268
69317,-4656,-4378,6174,1244,441,896
69318,-4501,-3568,-7750,-390,-38,746
69319,3642,4967,2185,-413,965,-1612
69320,4127,4681,236,493,-1541,1846
69321,7882,5594,-5210,-474,185,-1964
69322,-7909,2718,6861,-1571,256,842
69323,1458,2067,-3074,1624,1888,-194
69324,1058,-329,242,-1675,1729,1219
69325,-6930,-3340,3133,647,-1986,-717
69326,1797,2537,3846,1613,-1338,1546
69327,3394,7452,2095,-1344,1971,108
69328,-1414,1337,245,-494,-432,637
69329,3556,-277,315,1113,-1517,-264
69330,3221,6420,-4892,-1961,-864,1407
69331,-4661,815,2268,1396,302,389
69332,-7290,-7599,3224,-400,-1578,78
69333,-2808,-5243,7227,-45,-1293,1332
69334,-5928,-3153,2958,612,-1602,1543
69335,-4307,1274,-3818,1224,730,-50
69336,-7229,-5562,234,-1204,1188,1796
69337,-6633,-4126,387,1784,972,1014
69338,4258,-3834,-1277,-1594,-1964,509
69339,7383,-24,827,1807,-1408,1369
69340,-3920,57,3772,1975,-1239,938
69341,-529,6784,3460,1400,-555,-1611
69342,1567,-5605,6580,-1626,802,374
69343,4832,454,-5903,17,1480,1118
69344,-7536,-3723,-2232,-91,-927,367
69345,-3200,2131,-7386,657,-1918,79
69346,461,1880,-6206,-227,1612,-467
69347,65,7824,2974,-896,1007,212
69348,-854,3325,2494,1576,-126,1632
69349,-5247,4017,2033,835,43,-1498
69350,-492,5023,2940,-1964,-634,-1475
69351,-6325,5594,-4189,-1440,-1224,-809
69352,-1104,711,-7529,1277,-1914,-1317
69353,-52,374,-2222,415,-242,1768
69354,2809,-5420,1835,-1244,1021,-474
69355,-5457,565,4231,1224,671,-535
69356,-6534,-5972,5116,1699,-1860,-1304
69357,1145,-3628,6163,-1890,1974,-230
69358,1091,-2477,7359,1836,-414,-295
69359,5783,-2416,2882,-1399,29,-268
69360,-3369,6745,-6886,1777,372,-1918
69361,1178,6035,-410,64,-95,-1876
69362,-7909,7701,6654,117,641,1681
69363,5167,-5189,7329,-1490,1538,1373
69364,6552,3058,2860,374,869,-1866
69365,-343,-4327,5420,-1286,1244,-1536
69366,-3511,-4307,4158,1438,-1806,1964
69367,-2479,1900,-4990,-1486,1765,1980
69368,7246,1959,-5705,-1704,825,-385
69369,1365,-5438,-1959,-846,-1777,-1885
69370,1862,-3450,-4665,1784,1974,-1582
69371,6111,-1547,-7697,-1415,-1281,1384
69372,-754,3130,5188,-474,1004,1986
69373,-4643,-2378,-252,41,-84,-893
69374,6927,-6217,-6947,-1479,-1061,35
69375,3821,-6090,-7448,-85,1973,1351
69376,2472,-5782,7326,818,-455,-178
69377,5935,2957,7520,-1889,1001,936
69378,5069,1116,423,-1973,808,-1046
69379,-2593,4455,2446,-605,-1451,13
69380,3366,-5215,-650,-1113,869,1573
69381,7666,566,-4785,1091,1121,1767
69382,3831,-4120,-7861,179,1020,1108
69383,-4583,6647,7875,1626,315,-1017
69384,-4739,3440,2864,1151,-1691,-1596
69385,-1050,2019,-3127,1240,-1378,-1251
69386,67,-711,-3206,-1829,400,-348
69387,-1552,959,-5175,1217,1534,-1596
69388,2263,-4394,1578,327,1255,-216
69389,-5397,5081,-4312,1519,-1086,-1180
69390,3566,1564,352,1475,691,1203
69391,-7037,775,-6372,-1480,-1035,-754
69392,-3750,-4191,-1615,-217,237,-1153
69393,-5787,2838,-182,-973,-1502,1795
69394,-6878,-3790,4620,-368,-1136,-528
69395,181,883,-1830,-1562,-567,-1469
69396,6691,5676,6047,-1100,-1382,-149
69397,-2731,-6886,-4874,788,1668,1229
69398,-5186,445,-4546,-1095,128,1080
69399,240,-5509,2147,-1363,-87,1934
69400,3819,1238,-1361,-1897,-1870,1799
69401,7810,6117,-4232,1127,670,1290
69402,2026,-1343,567,1501,-929,-101
69403,3955,3236,-6534,1665,-940,-554
69404,-3586,121,1431,1331,129,1754
69405,-1294,-5860,-5015,-1803,-1307,-1946
69406,2113,-945,5470,-1050,-696,970
69407,3967,-921,5090,-1366,-919,-433
69408,5960,-3444,1935,-935,424,908
69409,3504,980,3006,1896,-1520,-802
69410,-394,-1868,-4893,1595,1076,320
69411,1807,6205,4864,1450,652,-827
69412,503,-5144,-2760,-261,540,80
69413,-1414,7365,5167,1401,1424,208
69414,4428,-402,7082,-1946,-114,-1473
69415,7966,-6130,-6089,-1801,-886,255
69416,7960,-7855,7392,1841,308,326
69417,-34,772,4753,937,1494,-788
69418,-1595,5200,-5602,-866,742,849
69419,-328,-6961,2697,639,235,468
69420,-1957,-935,6254,-815,1244,947
69421,-7558,7304,7787,149,-364,1949
69422,7977,-2724,-567,-1092,-1882,1674
69423,4363,-2975,5554,52,-385,-1358
69424,-2205,-7487,7623,855,62,-664
69425,-212,-4975,7854,-1996,-1024,99
69426,-5755,3224,2007,-1573,805,996
69427,7805,-4965,6923,-1288,-413,-104
69428,6182,-3360,-6065,-1092,247,-138
69429,-3130,-3576,7838,1872,-230,-506
69430,5910,-3053,-4069,65,1229,-1141
69431,-6707,3889,999,1390,1913,-1364
69432,-7274,-3694,-3285,-1936,-690,-979
69433,822,3968,-3294,-1793,-1358,595
69434,3977,-7139,7424,-1968,827,-1653
69435,7275,7571,1364,1408,1727,-516
69436,3287,3575,5051,-1564,-1870,1930
69437,-1606,5381,1495,531,1335,1645
69438,3335,4448,4752,-1909,717,320
69439,-3927,-1095,384,-340,1750,1715
69440,2316,-6749,-1307,-667,1877,-906
69441,2455,6090,3846,-1250,-147,-791
69442,6464,-2551,-5713,1863,1406,1333
69443,4758,940,2141,544,1713,107
69444,1541,-567,6689,-646,1430,-1289
69445,2018,7388,-4722,-445,-1590,1348
69446,-3787,85,-2672,-1189,657,1744
69447,7521,3906,-6261,-1773,-675,-685
69448,1527,-1470,-3602,-159,1062,963
69449,4240,-6912,1284,777,1457,-1367
69450,-6639,-2355,-3326,385,-756,1079
69451,7423,2131,-4584,-534,-1205,-1205
69452,-3232,-7836,-1368,629,1484,35
69453,-4507,6983,6479,1149,-77,1272
69454,6156,-7764,-6540,-390,-1526,336
69455,5193,848,2403,332,-1379,1740
69456,2179,-6201,-7175,1375,1300,-444
69457,-2521,-6578,178,-1696,-1438,-1351
69458,4442,-6226,2585,1844,1378,-64
69459,4904,6246,2672,609,1354,-1754
69460,-246,-1803,5630,-1337,717,-1962
69461,-7011,-5721,4039,-1960,-723,-1323
69462,7582,2038,-3882,-1299,465,789
69463,-2603,1007,4134,180,1111,875
69464,5781,-4818,1549,-643,-1659,-1060
69465,7207,-3659,-5804,1682,-601,-722
69466,-2042,1500,4026,-1477,1339,953
69467,-6045,-369,-1500,-777,1907,-1744
69468,5131,7481,1227,507,198,-784
69469,-5360,-1209,1672,555,1038,449
69470,2924,-2299,-5008,-1597,1427,429
69471,5089,6437,-1695,-881,298,1098
69472,5488,-166,-6427,1348,-1880,1597
69473,-6349,-1605,-5242,-323,1169,1399
69474,-588,-1612,-4243,-421,-355,-32
69475,-3668,5491,7528,-578,1339,1546
69476,3346,1312,-3775,1747,1012,-1597
69477,6637,4606,-2584,1737,-1438,-1880
69478,410,7139,-6238,-1236,-598,-125
69479,-2167,3564,-5454,-1313,104,-1247
69480,4601,-3308,7418,-543,1132,808
69481,4978,-4535,4494,-204,-1917,457
69482,7395,-7255,5191,-1163,34,291
69483,842,7006,1490,1850,1321,707
69484,4144,-5076,-1231,604,1088,170
69485,1504,2787,-3494,1919,1405,-638
69486,168,-2455,1,-857,-156,1412
69487,-5143,-5418,6359,864,541,-650
69488,2478,3240,5177,177,-1884,10
69489,5940,2484,5981,-1349,855,-64
69490,-2094,-4789,-2097,307,-513,-1849
69491,-3410,-571,-3894,-955,1528,-820
69492,-4708,4,7431,730,25,-315
69493,4384,-3718,2701,1749,1027,711
69494,-3032,-4975,-1029,344,1480,1014
69495,-5145,7569,-155,-1410,979,424
69496,5777,-4211,3675,-25,175,1069
69497,3717,4169,3167,1965,-31,-1751
69498,-7758,-6271,-2800,-541,1329,700
69499,-7603,910,401,625,-1988,-1446
69500,6728,-7002,5070,-390,-1275,725
69501,265,4481,-322,-41,1904,-1484
69502,2735,6447,5624,-73,-811,1734
69503,-847,-528,-252,-1046,-1334,1152
69504,-4006,-7710,-1581,189,1582,1704
69505,2880,-1539,6098,1136,368,1124
69506,909,-7416,-2364,-582,972,-823
69507,-843,5623,-5639,150,1417,481
69508,-4648,-2190,1909,-204,1148,1582
69509,2408,-3211,-1900,116,459,1371
69510,-4351,-5666,4850,1513,-992,197
69511,1688,7574,-3651,-242,-1394,1896
69512,-2391,-7548,3790,-1231,212,-222
69513,-5388,-3235,6737,-1751,-335,-602
69514,979,2973,-4788,-1114,-937,1328
69515,2316,-7732,-2070,1723,1366,-1727
69516,4170,5353,4438,1223,-171,-1281
69517,-512,2200,7462,-914,-390,1067
69518,-7487,2710,3166,-1917,1658,1862
69519,2733,-3091,5534,-233,-154,1569
69520,2407,271,-32,1059,-742,-1610
69521,6444,-2079,7056,-1686,1391,-1682
69522,-177,1895,-1624,1243,1122,778
69523,4872,-1280,836,31,1742,160
69524,-4746,2066,-2491,489,256,-1542
69525,-7810,7712,5931,919,191,1336
69526,3148,-6629,1160,1150,1877,1675
69527,-4813,-7571,-7988,-267,631,-121
69528,-2249,1656,2002,-1246,-747,909
69529,-4132,-3534,-7436,-612,-740,1280
69530,813,1675,-919,757,1378,1362
69531,4905,-2746,-3540,74,938,1832
69532,3091,-4845,5154,-1032,-1530,730
69533,1619,-1801,-1635,385,1999,1487
69534,-3720,-5346,-681,1589,-453,-798
69535,-3362,-6255,72,1055,1357,-1542
69536,-3662,3114,139,63,1927,-523
69537,-2930,-5177,-1789,-710,719,-1299
69538,3467,-1823,-562,714,1409,1813
69539,5072,-659,-421,946,377,-963
69540,-7356,5234,-5437,1978,262,1851
69541,-6262,-1916,3331,-1510,830,40
69542,-1210,327,-337,-134,1931,68
69543,3391,-1126,-3574,1275,-1547,230
69544,4055,-4019,6613,1926,79,-1985
69545,7236,-2771,7244,-1499,119,287
69546,4662,-6896,299,827,-433,-783
69547,2722,2622,-5120,-1693,991,1658
69548,7126,-1765,1982,1028,279,778
69549,1160,-7996,3869,55,-336,484
69550,2039,7236,-6273,1007,749,-1387
69551,2277,168,2998,-743,724,-765
69552,2675,-7947,2157,-1626,1328,-306
69553,2645,3722,617,-853,-1141,-146
69554,-1332,-153,2380,1428,-1677,166
69555,-771,-919,-492,351,-414,-1560
69556,-6943,1865,1764,-1100,-1687,-966
69557,-6449,-4554,-100,-265,951,-1920
69558,5199,6612,-2379,775,1865,-1982
69559,-3741,-3901,6440,576,1658,312
69560,-5234,-1392,7437,620,-330,174
69561,-1594,-886,-2142,1615,-1255,-1335
69562,-3951,-7957,3727,1508,1389,-1944
69563,5674,4846,-2039,-186,-550,1924
69564,-5516,7495,1134,1931,-1777,946
69565,4396,-5428,1605,-234,-1099,-961
69566,-6954,-3226,5781,672,5,-377
69567,-7428,-2479,-1511,-670,433,1059
69568,1391,-2456,1046,1085,411,-183
69569,6185,-7461,551,1423,-943,-1967
69570,-3618,-6392,-3563,1736,994,-866
69571,5436,-2952,-1056,899,193,-466
69572,6038,4969,-7786,-622,1050,-1426
69573,3156,6998,6691,613,1064,-1995
69574,-1433,5561,3522,1975,-1623,-313
69575,3796,-7394,-7153,-1799,90,-1953
69576,1776,6270,7112,-1880,753,1746
69577,-6118,1068,4397,1595,-346,-1943
69578,3333,6319,-3486,1792,1963,-1448
69579,6014,-3075,7962,1864,-793,-687
69580,6347,6781,7757,1416,421,1910
69581,3970,6179,-2843,231,-762,-1521
69582,5330,3869,-6783,-1851,1208,-512
69583,6731,1492,6651,310,255,-882
69584,-5027,-6821,-2761,615,-1494,152
69585,-4306,5721,708,-257,1830,975
69586,694,-667,-5314,78,-1347,70
69587,796,-7386,6300,1729,-447,-611
69588,-2713,7201,1748,654,-39,-763
69589,5620,-389,2712,-828,1032,-1009
69590,5880,7224,-5290,1884,1639,1491
69591,-111,-5856,5460,1111,561,-55
69592,-3541,-643,6053,-1483,-805,1342
69593,-3262,1871,1974,-1058,1540,488
69594,-5401,-329,5966,-960,-1597,531
69595,7446,-6432,2792,-1263,749,-256
69596,-5580,-4632,4393,-906,128,-57
69597,1915,-904,-1842,-279,-1555,11
69598,-6305,188,-2657,-860,1162,-777
69599,5811,-7230,3933,131,-872,1894
69600,2830,-1893,-6249,-737,-15,-1777
69601,3650,4258,7273,-833,970,-579
69602,-5762,-3321,310,-1213,1310,-244
69603,989,5101,4681,1438,1530,971
69604,3832,-4389,4039,-1741,-592,-1740
69605,4397,-3775,-2038,-147,1134,283
69606,-4352,3550,1480,1143,1388,-1551
69607,-4598,3065,6468,-482,-1720,-1166
69608,719,-2289,2429,-1479,-1538,-384
69609,-7089,-1991,-272,-1349,1470,-1721
69610,4581,-7858,5968,1009,-1390,-5
69611,2375,-2199,-6910,1106,912,-657
69612,-1959,-4169,-4167,1922,1291,-1454
69613,-5963,2635,-2970,974,-777,-1767
69614,1592,-3652,198,1476,551,-922
69615,1439,-2172,-468,-218,1101,-730
69616,-4572,2865,6827,45,1570,-98
69617,-5228,7182,4409,489,765,1734
69618,-7272,-5198,6322,-1418,316,625
69619,2463,-3791,-2942,537,-73,994
69620,337,-7768,6898,778,-1029,-1752
69621,-5883,3094,1425,-207,758,-833
69622,-617,4489,-6685,1805,-506,-75
69623,6540,7451,6946,-631,595,1675
69624,-2801,-829,1955,-1180,-706,1186
69625,-4631,-2352,-7201,-1184,494,-6
69626,-3882,533,5717,864,-39,1829
69627,-6812,2090,6467,80,-966,963
69628,-865,-5808,2068,1042,1068,1312
69629,-2891,-6804,4372,78,-1461,1161
69630,-2771,4796,-5482,1792,119,463
69631,2004,-2983,-2020,29,1235,-628
69632,-4313,4700,-1608,-878,540,-639
69633,-5413,2270,-1668,1943,1965,1303
69634,6667,-745,4119,-1574,-42,-18
69635,-4750,-432,7382,-1809,-554,-728
69636,586,-5674,7377,-1141,1298,-1726
69637,2769,4568,-3185,1120,847,38
69638,-1897,4144,6076,-298,-728,23
69639,1746,-738,-3457,395,-845,-1274
69640,788,-3218,4743,637,221,-632
69641,-629,-7880,-2854,1132,1449,825
69642,1525,-3857,2296,1651,-873,-1994
69643,-5376,-4362,2774,1070,777,1109
69644,-6720,-2304,7613,1682,1964,-199
69645,-240,507,-426,-1899,-716,-959
69646,-772,-490,-1319,1959,-618,1907
69647,4210,-716,1327,311,-1236,-575
69648,-6400,-5788,2984,-1505,292,1711
69649,4234,-6948,4388,117,42,-1258
69650,-486,-103,-4139,285,578,499
69651,-3492,7792,2631,407,-601,1280
69652,6027,-2690,6675,-1684,-1705,-1822
69653,6992,6545,2343,-473,1225,1696
69654,-2066,-2582,-6910,754,-1475,601
69655,501,-7948,7663,-121,325,511
69656,-616,-2785,-2944,-301,1824,1606
69657,4268,-7499,-5147,-1441,-1632,1177
69658,493,2190,-7635,-1829,1470,-903
69659,-737,46,-1713,-1401,1307,-1940
69660,-7538,-1834,-5462,-725,1040,332
69661,3139,-4480,-3164,-450,-1831,-781
69662,3540,-4322,-7902,-1478,1586,-790
69663,-4242,-949,7700,-1092,1528,-648
69664,1736,-6557,-7833,-1173,1543,987
69665,-867,5404,943,495,429,-754
69666,-6370,6692,-3726,833,895,444
69667,-916,6845,3267,-1181,914,-1149
69668,-6694,3864,-7399,1727,147,-1716
69669,1846,-3389,661,30,1257,-593
69670,7926,-3480,696,648,483,928
69671,3518,-7152,2239,81,297,-1805
69672,-7703,-160,-3917,514,1910,235
69673,-3013,-6810,1301,405,1801,710
69674,-7736,-7580,3285,34,-348,711
69675,-796,1827,2528,-1197,1579,1711
69676,-5079,7069,-1835,-625,680,1928
69677,-6617,-7774,-869,108,520,-885
69678,7352,4907,3781,-524,1733,-1926
69679,-7363,-4753,-3917,-511,-667,1551
69680,-372,-1300,-1325,-1907,-677,1706
69681,5622,3748,7388,-1018,-1977,-1651
69682,-3187,-20,-90,1226,-852,-1186
69683,2711,1532,-1316,417,-963,-1762
69684,4152,-7242,4192,1553,-1170,-545
69685,3069,7106,-6364,-145,1119,-1611
69686,-2406,-953,-5851,1436,1945,-1888
69687,6531,-6898,-875,-1498,-1639,-1135
69688,2811,2829,6429,-1457,-119,1129
69689,-6054,6353,3949,295,-206,183
69690,3098,3831,-7154,-566,967,-828
69691,-1192,-6478,-1506,886,1247,-876
69692,-431,-3213,4300,444,-1419,-253
69693,-4763,6984,5820,1309,-691,1062
69694,-6663,-5711,-7453,-942,-714,1947
69695,-6913,-6945,-6133,-1621,-741,-742
69696,-6288,-5066,-5163,-1416,-261,366
69697,-5561,-6754,5896,1068,550,866
69698,3041,7467,-6259,-516,-293,-704
69699,2138,1715,7343,68,-559,-963
69700,-2805,-5727,4019,-452,-515,14
69701,-7948,-3256,7131,1269,500,-1619
69702,2538,-4171,-7329,-183,972,-459
69703,5369,-524,-942,-1167,-1449,-1723
69704,1896,3126,173,-1465,-642,1975
69705,6950,-2375,3399,1406,-1045,-1676
69706,4545,4720,-6768,1795,483,-771
69707,277,2772,-8000,1547,1439,-371
69708,-3510,-2850,-2661,-334,1517,-1855
69709,-4225,-3629,-7479,-925,1206,1547
69710,-4361,4032,5770,-372,-1401,232
69711,95,3772,2170,-1079,-596,-1434
69712,807,-1955,4554,-296,-319,73
69713,-4393,-327,1330,1374,-1519,202
69714,4036,986,-6612,-300,-1314,1074
69715,1471,-3539,1224,1520,-1831,-1856
69716,-6614,1948,-6823,1729,-324,-910
69717,2330,-5948,4169,531,911,-22
69718,6349,-7113,-2637,1840,-760,-571
69719,4384,-7020,6371,-1695,1455,1339
69720,-5202,-1893,7774,890,-1315,-629
69721,-3780,58,-7743,164,-676,1577
69722,-2725,4499,4097,-43,-1539,103
69723,6509,7184,4489,1589,-1750,366
69724,2744,771,6906,248,-533,1488
69725,3454,6546,-2752,-870,1841,-1501
69726,-6940,-423,6911,-1536,1008,-391
69727,-5455,342,-3827,-315,1245,-1011
69728,666,3042,20,-1596,4,-6
69729,7262,-3455,-1056,-782,-1730,-677
69730,3339,-6773,-2449,1967,-219,-1070
69731,-3398,-2090,-7035,-1548,1440,1671
69732,-4469,-6656,-2876,-1301,-292,778
69733,4058,7238,-7813,605,-1890,1956
69734,-5792,741,-606,890,-737,-836
69735,-7236,-6433,6003,-1127,1664,1858
69736,5,1996,3764,1785,1338,-316
69737,-5781,4416,-328,496,-255,326
69738,-157,-7469,6699,168,-1042,-419
69739,-1446,-6078,7169,1947,781,-14
69740,3531,-2038,-6670,-426,1277,1157
69741,-4553,6141,814,-522,-458,1690
69742,157,7491,2551,1338,983,755
69743,-2981,3169,-324,-807,121,835
69744,-943,2222,3242,-1702,-65,543
69745,5761,2283,-1576,-1392,-1940,-513
69746,3453,2358,5828,-813,-59,-663
69747,1202,627,7133,1570,1576,1460
69748,-2188,3613,6862,-720,943,-803
69749,-7688,-130,5363,310,-718,-1913
69750,-1704,-2271,5969,82,-1412,1539
69751,4397,-58,3856,-1182,628,-633
69752,7316,-6305,7428,-1677,-1108,-1721
69753,351,2614,-870,771,759,-75
69754,3158,-2655,4157,1058,-14,-1444
69755,8,-2713,-5371,1427,1779,-977
69756,2224,-2286,3483,-477,-1355,714
69757,586,-3983,4257,893,-783,705
69758,-415,-40,400,1247,488,-1422
69759,5021,5406,7139,1242,895,-406
69760,143,-754,7752,335,-1146,1727
69761,-1462,6922,2014,953,-236,-768
69762,-7828,-748,6040,-1305,761,-294
69763,-536,-7069,-2737,326,-482,-370
69764,4785,-4354,-5815,-4,734,730
69765,7737,-1866,-1747,-1943,-37,-1460
69766,-1647,3686,-5148,985,1613,-393
69767,1088,-6411,-5341,1831,144,1511
69768,-1119,5899,-569,447,1774,1399
69769,513,4101,450,911,1822,1712
69770,-4553,-1307,5811,183,-547,-92
69771,5884,4638,2359,1812,-1039,-1502
69772,-7620,-6009,1170,-1302,-752,1037
69773,521,1238,-2096,1627,87,-1080
69774,6255,-7669,2327,-1799,-918,1776
69775,1052,4261,-5528,-1572,-1285,-1739
69776,-5026,6120,-7337,-295,-1950,1725
69777,-6630,7268,-7937,1178,1767,1892
69778,-2595,-2654,-2258,478,-477,1077
69779,6572,-3690,6708,-949,-1541,792
69780,-85,359,-2438,1089,960,-1526
69781,2412,6569,6472,-1095,842,-1726
69782,1396,-6267,-2444,-480,1345,-1880
69783,4923,-5194,-7930,1405,-799,-1020
69784,7708,-6943,21,1822,1845,1788
69785,553,6752,203,-131,684,1012
69786,-2157,-6307,7350,-475,905,1322
69787,4394,-36,1809,-474,-636,-1759
69788,3941,-416,-5957,1513,990,631
69789,547,-5515,-3847,717,-423,-1266
69790,-6410,5454,-2681,-1104,-79,-381
69791,-5411,25,4927,1653,-1162,847
69792,2973,-166,-783,-1871,750,-661
69793,4163,377,1842,-825,-1731,-932
69794,-6911,-128,7939,-1787,-687,-1580
69795,-485,-6214,821,1936,1744,1119
69796,-3403,-132,112,1683,-574,110
69797,5999,-7190,-2097,244,-1260,1755
69798,2385,5401,-2431,611,1023,-1532
69799,4591,-2078,-4704,-1265,-1299,553
69800,-6617,-604,4568,-675,998,1373
69801,6767,6857,792,-417,828,943
69802,3951,-1827,-3840,-1536,1793,761
69803,-3667,-2189,-3888,-1824,-1083,5
69804,118,-3539,-176,-55,1518,-866
69805,3673,5550,-5256,-930,448,973
69806,2603,2550,-5472,-1074,-640,1874
69807,5272,281,-7414,1996,-247,-670
69808,6219,287,-1131,-733,-1295,-804
69809,-5390,6688,-6663,-6,1782,1335
69810,6755,4141,6363,-945,1144,-781
69811,-2142,5584,6102,17,656,-483
69812,-6526,-2074,1913,-1397,-1438,-1628
69813,-5046,-7966,-7088,1733,1202,923
69814,5066,7418,7789,1065,-1996,1011
69815,-2633,1313,-945,-1496,1736,-1365
69816,-2145,-7779,461,720,1727,1954
69817,-7333,7238,-2499,-1036,949,-960
69818,-431,-865,-450,1933,-1449,-162
69819,-6424,-4065,-7860,1093,147,-1620
69820,-6574,-5617,5279,789,239,-1599
69821,-6956,-743,-5641,-1594,-478,859
69822,4248,3075,6993,233,-353,-1923
69823,3696,-1381,-6032,352,-73,1638
69824,-7745,415,-5850,-456,-1785,-292
69825,-6138,7345,-2154,1465,-686,271
69826,-135,-2364,-3006,-516,377,1920
69827,-4934,6784,-7173,-1860,-263,-687
69828,6642,-3627,-1986,813,-832,-1069
69829,-6347,-7168,6910,-114,-592,-1646
69830,2449,6949,-5576,872,615,-1196
69831,6431,-6531,-5930,-1184,-1272,1147
69832,-5215,3527,4773,1054,722,-1540
69833,19,-2229,6442,-1298,-194,1163
69834,-853,-7644,4955,656,645,1333
69835,1090,5841,-5116,530,-593,1872
69836,-5477,-6294,5481,-1505,-847,-1216
69837,6073,6362,4661,-237,594,-1837
69838,-3298,-862,-2077,1677,969,-1047
69839,-7017,5216,3736,622,652,-1717
69840,-3341,-7735,-507,790,-1104,1838
69841,-1889,-1126,1934,1875,315,1611
69842,-2552,-6599,5333,-1446,551,1529
69843,166,-7829,-5667,1503,-465,-1223
69844,-1209,825,1937,1004,1862,-1946
69845,6896,-6047,6711,-1833,-1126,-1364
69846,-6539,6911,3828,1661,-147,130
69847,7592,1331,6747,-1880,-1808,-1888
69848,-3403,-7450,3389,-1346,1599,-1048
69849,4656,851,3923,1868,-1852,-1332
69850,-1995,-7078,-7394,-298,-446,1099
69851,1900,2490,7312,1301,1687,209
69852,-3927,3077,6807,-1689,-1878,-1112
69853,2766,-5278,-278,-979,-1618,32
69854,1561,4879,-1453,1270,1689,1846
69855,-1863,7844,7652,1924,1388,1214
69856,6305,-7242,-7288,-1530,-912,-1946
69857,6232,7839,2601,1008,-408,654
69858,-4146,1728,3738,-1533,-462,-971
69859,5675,4960,-1266,1308,-77,-825
69860,3857,3245,-2375,58,-209,-1962
69861,-370,7617,-6964,1894,918,-83
69862,-3961,5775,7489,-1834,457,-184
69863,-2431,-5213,2144,1569,202,397
69864,7271,1909,5581,348,-1341,-660
69865,-3103,7438,2835,1308,53,-74
69866,-4819,-1272,1393,30,169,464
69867,3917,3946,959,1694,334,153
69868,-73,-1125,-7335,448,-1783,-237
69869,1467,7330,6874,1577,-45,-1941
69870,3786,3829,6574,-1861,-1676,1645
69871,4012,-3014,3986,1836,-1507,-1816
69872,-6578,-4587,-2550,1924,946,1705
69873,5037,-7814,7159,-1762,1807,1761
69874,2390,-7793,864,-1333,1635,600
69875,-5151,4295,-4591,1750,-1723,-566
69876,7434,6904,4930,385,-1207,-177
69877,-3801,6243,-4210,872,1953,-1533
69878,3691,126,-6295,-483,-404,-174
69879,-7366,-7665,-12,793,302,1821
69880,7327,6126,7378,1812,1435,-1279
69881,-845,-2875,-63,-433,-1025,-1667
69882,6694,-5450,-2142,1722,1045,383
69883,7271,1802,454,-1496,-947,-1924
69884,-3750,6324,-58,190,-859,1118
69885,-6824,4622,-6032,-600,348,661
69886,7051,-162,-5584,1148,-1826,1013
69887,-1038,-4008,-6721,-349,-1223,120
69888,1431,2162,3509,1176,1695,838
69889,-3247,-828,4181,-17,-1905,1177
69890,-6013,117,-1765,372,-324,-299
69891,-417,-6859,-5155,980,-969,-170
69892,5612,5735,-6717,639,593,-1189
69893,-4231,-5238,6141,950,980,1204
69894,-3229,-3531,6773,-1919,3,35
69895,197,-7664,5473,1412,-968,-51
69896,868,7637,6479,370,804,1849
69897,1931,7574,3941,-450,577,-416
69898,3510,-7345,-5962,-1356,1577,827
69899,-5581,1414,5894,1927,1034,1820
69900,3945,3273,-5663,-1841,1606,1745
69901,-579,-126,-4069,-1233,1570,-1466
69902,-3995,-6199,1523,1515,-999,-1224
69903,7308,4480,7744,228,-399,1076
69904,5594,-1720,-4615,-61,137,-1281
69905,2444,-5931,-4688,997,-1322,1760
69906,7357,1116,6561,944,-1997,-777
69907,1588,220,3458,-1206,-54,-450
69908,-3671,-2514,-7307,1512,-1907,543
69909,4993,4348,-278,1189,1388,155
69910,-342,6923,5873,784,-270,381
69911,3775,741,-6116,1352,87,-1945
69912,1265,-2901,-6166,196,1124,-1145
69913,3202,-979,-7433,1674,819,-584
69914,398,7964,-789,1324,1788,1163
69915,4922,1000,-2397,836,1525,-1113
69916,-6693,6219,-5311,1452,541,715
69917,-7639,6001,3530,-577,1410,1985
69918,6743,7989,6669,-1269,-889,1117
69919,2107,-153,-2142,1196,1353,593
69920,-16,-7821,-4039,-1627,306,703
69921,5352,111,-6719,1595,537,1089
69922,4684,-2718,-3538,987,1161,-1941
69923,-5153,-7468,-5320,1699,174,-1079
69924,-2597,7873,-2102,-191,-1310,-1876
69925,7055,-7735,4900,596,-50,1432
69926,-4951,356,1172,1694,899,961
69927,-4727,1180,6386,134,1788,301
69928,-7933,3430,3808,116,-1232,1260
69929,-3432,-286,-3850,1587,525,62
69930,1464,5310,-7978,805,-94,-1837
69931,3917,3595,-6092,437,-612,1501
69932,-5756,-6544,5248,248,-699,1108
69933,1843,-5646,-5738,252,-832,1240
69934,5790,-450,4253,1685,-1982,-434
69935,-4429,-2313,-7394,1600,1491,-1488
69936,-3054,-6400,7933,-1738,671,1807
69937,7415,7339,-4865,1792,88,706
69938,3631,-1284,-7514,-328,-977,-1303
69939,7954,-4102,-7536,-545,-1400,-1301
69940,3065,-1906,-4183,-1262,913,-1200
69941,-1293,-6594,-3828,1060,51,680
69942,-2270,-6633,7009,1300,1014,-202
69943,4195,-4179,-4910,761,-558,-878
69944,1409,1800,-5585,1397,1024,-1085
69945,3060,-6414,-5666,-1337,-1580,1039
69946,-745,848,7205,295,1450,1010
69947,5979,7262,-3711,1589,-775,-1368
69948,2262,-4114,-7516,-2,-166,-860
69949,4388,602,-2931,-1842,1032,-1454
69950,3581,1620,-203,595,1914,1203
69951,-1519,2934,-3488,-644,-879,-1421
69952,-3565,-7367,-7420,-288,4,-233
69953,-686,-379,1255,-513,1903,-401
69954,3298,2898,-2029,-1510,158,1182
69955,-4165,2864,7258,-267,1056,187
69956,6992,-285,-4874,-1653,-461,-299
69957,5218,7316,6330,1509,33,-892
69958,4057,1829,176,1394,413,-832
69959,6111,-5157,5115,1473,-1977,1401
69960,7063,5726,4123,-947,1259,453
69961,6418,3280,6841,-966,134,-1344
69962,2017,5264,-468,-1291,851,-654
69963,5146,1909,-6887,245,-1429,-1207
69964,4863,1986,5397,503,-124,1211
69965,-5949,6694,-3963,514,-1822,-194
69966,-3744,140,-5057,-1325,1929,15
69967,-974,3689,-829,1383,-493,-842
69968,5135,-2476,-2922,286,-1125,725
69969,2662,-541,-6051,761,328,-278
69970,4905,-7192,-3764,-1171,957,-16
69971,-1827,-5063,3951,-667,-21,1681
69972,1879,-3481,-5366,-1498,-808,12
69973,-3495,2001,147,1869,-270,1940
69974,-3723,-2537,-659,-1579,1984,-1348
69975,-7453,2021,6023,1356,188,546
69976,666,-7635,-6911,743,-1379,-652
69977,-6226,7275,804,1208,340,172
69978,-1391,6323,-3,-270,789,-634
69979,-3043,7801,-3565,1294,-660,-1053
69980,-1634,-1014,-106,-960,119,-535
69981,-2927,-2910,-742,1324,771,-25
69982,-4809,6603,4113,933,-575,1982
69983,-5525,-6501,-2974,1187,1320,549
69984,-340,1876,3922,1921,355,-1117
69985,1604,3924,6213,-539,1470,111
69986,-6763,-4329,-7617,1662,-741,1394
69987,-567,-3959,3289,-1962,-1862,-1011
69988,-881,3324,-1221,515,-789,-1134
69989,-183,2496,-4072,-1400,-1516,654
69990,-6824,2739,-5471,-1238,-1588,1792
69991,-2102,4598,-5456,475,714,1057
69992,6302,-1040,-3980,1789,361,513
69993,-3435,-3314,-6158,1105,1598,262
69994,641,239,2232,-226,-1454,-279
69995,3609,-4807,-1620,-825,1949,-1764
69996,5643,2919,7818,1387,-1804,124
69997,455,7278,-1963,708,257,1522
69998,-4563,-3540,-6138,10,1765,1549
69999,-6166,-1170,-7509,-546,453,973
70000,-858,2317,7575,-1408,1394,-1521
70001,4731,1183,3029,-1572,-126,-479
70002,-2626,7342,4244,364,1108,822
70003,5175,-4419,-2123,-1137,1954,-685
70004,-1657,6865,2668,-1619,745,390
70005,-987,442,7701,-637,839,-503
70006,-6868,-3168,-6446,1362,631,-212
70007,7977,-5334,-3287,-1515,1696,918
70008,-52,-4477,513,726,1765,-920
70009,2792,-6029,-6957,1337,-1856,1019
70010,-6850,-4185,-6338,1074,-959,35
70011,6783,-6678,2556,1298,1494,-921
70012,7590,5688,5776,-819,1329,654
70013,-2120,-1814,-5930,1558,1302,-478
70014,5114,2686,-207,-869,853,932
70015,3319,-3133,5336,-746,153,337
70016,3236,-2085,3961,378,-1390,-436
70017,-7789,-7472,7980,476,1431,749
70018,-2157,6492,-5343,-385,-581,-1282
70019,4720,-3784,-6279,-1900,-886,1867
70020,-7129,7946,-2216,-1783,1315,-1570
70021,-7733,-3344,2216,1725,161,-340
70022,5594,368,7552,422,-902,875
70023,3900,-3333,2875,-206,-524,1629
70024,-3664,5387,-6973,-66,-652,1252
70025,5263,1757,-3634,-1991,-17,1010
70026,-46,-6300,-4723,423,-1316,674
70027,-6037,4768,4468,1439,1648,229
70028,-7973,6540,-6329,1699,1183,581
70029,-11,3025,4857,-525,-1407,1271
70030,375,-3885,4149,-1316,1822,-364
70031,5822,-4844,-1263,180,1104,-981
70032,-7946,-3057,-7615,-1442,1479,106
70033,-2929,1507,-747,-496,-612,1681
70034,5263,2522,6616,676,-1672,1375
70035,7427,-2993,2472,-1356,1125,1333
70036,1572,-2567,-2180,-151,-1501,-160
70037,-6158,968,-4242,-622,1224,-1574
70038,-1916,2456,-1007,-126,1012,1109
70039,-2576,-3407,-6124,97,-868,-49
70040,-2776,807,-5060,-510,1495,-503
70041,1220,6198,-6863,171,1508,-440
70042,5665,1114,4480,-1217,-887,-309
70043,-6706,-6746,-7245,-837,1551,1073
70044,-4629,5262,7188,1088,710,1015
70045,-7279,-5304,7878,-1652,1790,951
70046,-4940,-3747,4535,596,360,713
70047,1699,5874,-3534,512,-1620,1274
70048,-7904,-200,7992,-552,-1722,1720
70049,947,-1635,-2491,1827,537,-1726
70050,-4725,-2373,-3707,1035,-364,963
70051,-6765,517,3016,-999,830,1757
70052,7021,-7088,2716,219,1700,1995
70053,-53,7050,6976,1826,548,1428
70054,-6175,-1265,-714,1683,-812,659
70055,-6524,2742,2642,1687,838,-726
70056,4943,-5980,4184,336,-559,-1978
70057,-2447,-5268,3561,642,-1579,-1192
70058,6738,-7817,6017,-873,-771,1880
70059,86,-2422,4251,666,306,-41
70060,3878,4332,3691,-944,1656,1783
70061,-876,-4049,-3228,-1149,627,1997
70062,-7271,7094,4635,437,422,1271
70063,-4102,510,-3588,1655,1284,-287
70064,7400,-6031,-5626,-1765,1123,-1685
70065,-1656,3676,-2363,-825,-1976,238
70066,-4862,-194,2282,1635,-874,770
70067,-2737,-5436,-2210,-1863,-1072,644
70068,-7303,-5900,6493,766,-386,13
70069,-4695,4563,1675,-299,1541,-811
70070,-5478,4616,2923,1382,-1530,-675
70071,-5212,-4404,5074,1129,-1775,318
70072,-7010,4290,2389,-790,-903,-515
70073,-2243,4654,-7132,-641,-1179,-958
70074,-1319,-89,2422,-1044,786,1022
70075,7230,5086,-6695,1795,-659,1396
70076,3697,-7892,7778,293,-1764,-1044
70077,6399,-5443,6599,772,1487,985
70078,3122,4576,3146,-340,-1776,1567
70079,216,4249,-1402,-1211,985,-275
70080,1835,-618,-5394,-91,58,-1566
70081,1581,-4543,-7155,1343,-397,1236
70082,7981,-3318,126,1861,423,1270
70083,-3523,-5004,4429,-802,1007,-856
70084,6631,-2015,2021,-1052,-1163,892
70085,-7022,-2295,-2812,279,1620,1027
70086,-3221,5016,7216,-1749,1861,1134
70087,-6156,545,-2098,-1512,-310,1924
70088,3108,4292,5526,-1328,-474,-796
70089,1152,-6326,-4980,916,-340,270
70090,199,-5975,-278,-1866,1705,627
70091,2147,-1899,7816,-1426,123,-1569
70092,-5436,3685,-617,309,1340,-1249
70093,-2552,-6394,-2712,449,-703,1718
70094,5854,-1227,119,518,1907,-1088
70095,3982,6749,2119,1369,-650,-700
70096,462,6069,3302,-250,637,-917
70097,-6731,-1130,3481,1796,-447,454
70098,-6093,2646,7400,-344,1173,701
70099,3758,3697,-7704,1635,-660,-388
70100,-866,4361,-3563,1152,1613,1921
70101,6363,654,6108,-1404,-1432,-437
70102,2957,-4756,6535,-1114,125,551
70103,-4469,-5786,-6417,-1559,-930,-183
70104,7336,182,6324,288,-48,1876
70105,2551,-6531,-5780,1811,-1532,-1976
70106,6747,4876,-4653,-495,1066,-406
70107,6286,1585,-2859,-1177,-1531,1436
70108,6404,-1024,-1364,1262,1788,57
70109,4484,-85,2841,-540,344,157
70110,-569,3638,-5047,1315,482,420
70111,1237,-1178,-6880,-1999,-605,1127
70112,6901,3416,5453,43,-412,397
70113,5173,-236,3851,772,1747,585
70114,7188,-4110,-1409,752,-1803,-1290
70115,-3092,-2069,-3517,-1519,-990,1251
70116,666,-1051,-6367,531,396,1827
70117,6596,-5248,-5837,-1261,-454,-920
70118,-2903,-2179,45,1609,1432,1840
70119,-3082,-189,2021,-1401,1967,-112
70120,209,-3261,7775,-145,210,702
70121,5354,4402,-2530,1915,7,-1644
70122,-332,6947,5006,-1703,-814,1096
70123,2730,-5719,-5479,-93,-837,-749
70124,-6059,2596,3751,-256,-1558,-775
70125,188,5862,-7639,1453,-1104,204
70126,269,-1449,2294,-662,1882,-230
70127,7931,-5607,6662,627,265,-505
70128,-7822,-2823,-521,1469,-332,53
70129,5170,-3408,2027,1405,1331,977
70130,-6043,-2927,-2347,1304,-934,1394
70131,1148,-6653,6273,-1164,131,1434
70132,-5551,2587,5758,1960,-1748,-1686
70133,3920,727,7222,-318,38,-788
70134,-7585,6110,6828,246,1757,443
70135,6740,-6796,-1883,717,975,1088
70136,3590,-3149,-1104,-715,1361,122
70137,-1855,1213,988,-1235,-918,896
70138,6464,7866,-6274,600,472,1767
70139,5647,7660,2442,843,-1460,-1742
70140,-4575,-6682,-7909,-1862,867,806
70141,2416,2159,283,-703,-541,-443
70142,-5970,-4553,3381,648,-814,-349
70143,-4910,1193,-5235,-587,1008,1152
70144,-5137,2245,3852,-1848,-1741,953
70145,7298,4586,-5918,49,-1088,1738
70146,-4257,7700,856,-513,43,-1625
70147,-4341,6115,-3122,1865,-1857,-586
70148,3907,1639,-4621,-928,-323,-1335
70149,-564,7699,7407,665,98,-807
70150,2599,-5667,1912,950,870,1557
70151,-1644,5958,5115,-481,844,-341
70152,-1574,-2349,-2308,-1067,1306,-383
70153,-5763,4451,5800,-1310,1958,-381
70154,528,-2194,1781,-944,-1807,-1446
70155,-3503,-5822,-1712,-1749,-1443,1709
70156,-5806,3501,7072,-1980,1957,1878
70157,1822,1929,5677,-1117,-1849,-1916
70158,-5419,7527,-7065,692,195,193
70159,6615,4049,2441,250,1427,1788
70160,5320,1108,-1570,568,1013,273
70161,4514,2421,1340,1970,143,-1892
70162,-1000,-1931,6331,-1727,-1866,-1752
70163,-2783,7307,5932,-1502,545,-1475
70164,2248,-264,-4271,1790,1167,562
70165,-5019,-7156,4767,-1952,611,1035
70166,-3627,-5826,7913,-1612,-1621,-122
70167,6880,-5073,3399,176,-1404,-624
70168,-1670,7448,7572,-622,-1124,-382
70169,-4127,-5241,-3295,1814,-1882,-581
70170,-2222,-4554,7184,234,-498,-388
70171,-4845,7453,1884,1925,-908,-1877
70172,7213,-7528,1009,491,1458,-1683
70173,-7331,7907,-7180,-1315,-409,1515
70174,4012,-7740,-7425,1003,1979,992
70175,-4747,4932,-6989,1149,-837,359
70176,-163,2420,-7305,1211,-1194,-628
70177,4937,5017,6234,-137,-1014,-150
70178,1808,3981,7589,-1405,-1845,1515
70179,-1607,3420,2961,1529,1494,278
70180,3802,7217,-305,713,1360,867
70181,4854,3839,691,77,-978,-1180
70182,4005,3821,1344,-1001,656,1579
70183,1491,-6450,632,-188,672,-410
70184,7510,6826,-5339,-669,-28,296
70185,-2645,6027,2691,-408,-1901,1029
70186,-6411,-4328,-7673,1272,237,1915
70187,1938,3416,6043,1014,-1182,-550
70188,1425,2662,-2573,-1839,395,-1913
70189,-2419,-304,811,-1110,383,1162
70190,6609,-3160,-7171,1739,1264,487
70191,-1667,-2728,-1755,319,-958,297
70192,1770,-4916,5368,1756,-30,945
70193,-7893,-1913,7886,799,-8,-823
70194,2219,6561,447,1559,-500,119
70195,-6711,3381,-2937,-1598,-1287,-1108
70196,2250,-2182,-3550,692,-1564,-1224
70197,2377,-4154,-7239,978,1092,1360
70198,-3242,-6137,-4286,1483,1461,-805
70199,2052,-7365,4568,-1475,706,-1195
70200,326,6922,-3479,-267,-407,1681
70201,-5094,-1493,7195,-234,-1042,-1526
70202,-634,-3819,5893,1894,-1622,-470
70203,-7161,4065,564,1868,213,-822
70204,5980,5356,7354,764,1010,-1216
70205,-1686,985,-6418,-993,1222,156
70206,2378,7455,3509,-1138,108,665
70207,2195,-6502,4892,-624,529,-834
70208,1901,4608,-531,-1258,-1315,1442
70209,-188,7534,-603,-1524,-1879,1370
70210,-6689,3866,-2213,942,-979,1452
70211,7660,6761,1468,-1525,-1458,-1349
70212,329,3987,-5636,-1678,1411,70
70213,-4721,-2620,-1364,-372,-739,1238
70214,4313,-5433,-2428,207,1854,348
70215,1143,-1337,-3370,-449,1626,1526
70216,-7741,6112,2083,-813,-940,-884
70217,-3506,-7635,-3777,-822,-451,-574
70218,1413,5621,-4228,1010,-551,1449
70219,-3374,-1281,7881,1611,-1996,1305
70220,7578,2059,-3668,1894,825,-1051
70221,3189,-6924,-1290,189,1198,-526
70222,4351,1790,-3604,404,-741,617
70223,4975,2699,4499,-1357,291,-796
70224,-1493,-6758,-7811,346,1341,-830
70225,5938,5880,-7948,-380,-1331,-188
70226,-6205,-227,-2042,120,-820,1307
70227,4437,5490,-4884,903,1389,602
70228,5249,3647,2454,-734,-1814,348
70229,-3886,6521,-5449,173,-1863,968
70230,5954,-403,2236,-1502,347,-340
70231,-7527,3767,-1801,-1189,-127,1660
70232,6166,1105,3568,-101,-1180,-1872
70233,-6792,-5110,-2347,1800,-1684,-664
70234,-498,-555,-2726,664,543,1095
70235,-907,-3079,-4041,1334,-713,-1654
70236,2457,-3709,7301,261,830,-635
70237,3766,7560,-2224,-284,331,-1294
70238,121,5294,-4045,-1504,-944,1860
70239,-3991,3852,-1149,-204,1270,1215
70240,3341,4313,-3808,-380,1431,834
70241,-802,-4091,-5151,767,602,-956
70242,4824,6939,-6818,38,301,1482
70243,-7549,6895,-2863,274,-1767,-242
70244,-7515,-5157,6047,1296,-1493,546
70245,6734,7579,-203,-1906,1257,-1185
70246,-764,-902,-1206,-1753,32,1517
70247,-4809,-446,1156,1427,456,-262
70248,-7709,3544,-4754,418,-154,1535
70249,6311,-6387,-7016,-1320,1425,-201
70250,4357,7891,7999,1811,-228,-1935
70251,-1037,-7694,-3100,-735,-1915,-1098
70252,-3073,-7065,681,1698,-561,27
70253,382,-1134,6929,-503,623,873
70254,1094,4304,-750,1286,1615,1635
70255,1242,-3285,2962,1467,-195,-1806
70256,4618,-1892,-536,832,552,492
70257,5229,-7462,-2963,-1168,307,1895
70258,5272,-7452,-2463,846,1427,1016
70259,-6922,-6339,-3272,19,-193,1629
70260,4669,-5729,1544,-36,1192,396
70261,-7064,675,-3310,883,1441,-316
70262,3416,506,3922,-1024,-1832,-504
70263,4626,3662,134,595,-454,17
70264,-2042,-7639,1755,-21,-1600,-1236
70265,-4079,-7316,-1931,-539,-1088,-219
70266,-6840,-2924,-5276,-822,-250,1774
70267,2965,3368,3431,246,1508,-1729
70268,-841,-5935,4946,862,1767,1355
70269,-5732,-4158,7972,1643,-1961,356
70270,-354,1515,3299,1603,1321,-1750
70271,-5068,3694,4057,1974,1702,-485
70272,-6487,-7848,7337,-415,940,-873
70273,1443,-7959,-6797,-288,1871,1026
70274,1617,6987,4376,-1756,1221,-789
70275,-591,-7386,-2834,-1031,1141,-379
70276,-154,5029,-7547,-1289,973,-1291
70277,267,-4467,-627,1672,877,-1439
70278,-5341,-6717,5136,649,-1652,1503
70279,5902,3693,813,1857,-50,-466
70280,-7052,-3293,-7346,-794,1415,-641
70281,-4736,-3777,4168,-987,-343,-694
70282,7703,-3604,2069,-1803,1577,560
70283,-1013,-2468,102,127,-1762,55
70284,-7055,-2726,1525,1982,-190,844
70285,-7559,-2303,-4364,-132,-1603,750
70286,5738,6418,1698,-1624,142,1744
70287,3311,-6108,-1756,1592,1662,1554
70288,-5590,4819,2872,458,-1558,-1097
70289,4971,-6015,-6988,1099,1684,-1560
70290,6090,5598,-2086,759,525,-288
70291,-5882,1881,4978,-1606,-781,-1266
70292,-6761,3654,4444,368,-847,-1139
70293,-6211,4386,-2259,-1889,662,529
70294,6956,2860,-2289,-632,-1973,-13
70295,764,-3594,5978,1975,617,-745
70296,2987,-6566,2030,1999,291,-1673
70297,-2012,-7822,2033,-868,1410,-1357
70298,-5007,1796,-1424,1865,915,1668
70299,-4047,3203,59,1173,176,-45
70300,5547,5703,3174,134,-178,-1722
70301,-5794,1312,-1554,-319,100,-309
70302,3241,5284,-2830,-1910,-790,66
70303,1930,7727,5245,755,693,-900
70304,-1050,3088,-4480,549,-524,-1809
70305,-767,3976,-3758,-1825,461,1729
70306,-5185,7502,264,489,-590,1786
70307,3253,1200,-6909,-359,718,1824
70308,2403,-5560,-7399,365,1010,1439
70309,5873,302,-4959,-1207,-1287,1477
70310,6385,4100,-1833,-825,83,-866
70311,4424,-3447,2689,-1131,243,170
70312,490,-7153,-2139,-1992,-1249,682
70313,19,-2856,7536,-1249,971,-681
70314,5935,7917,4025,1255,80,-1989
70315,3992,1921,-5001,1953,-384,394
70316,1989,2380,143,-1822,-1639,1145
70317,-3377,1238,-4206,-544,-1646,-1751
70318,-4376,-1592,-7148,-1728,-1452,-1280
70319,1576,7851,-245,-516,1402,-1854
70320,-1926,3189,-5589,-841,-1085,557
70321,6957,1531,-4092,-805,1962,168
70322,-1006,720,7925,-1633,-1622,329
70323,5195,4527,5273,103,-710,-232
70324,-7886,5628,5532,1270,1317,-460
70325,-286,6302,-6121,1895,1490,-1489
70326,-1592,-1793,-4731,1457,590,496
70327,-1676,392,5091,1036,969,1294
70328,3565,556,-2782,-515,-128,-1286
70329,-6626,-1352,-5992,-411,487,361
70330,3234,1713,3598,807,1696,-1752
70331,6988,641,-5717,788,1822,-843
70332,-4169,-6323,7940,916,1611,-160
70333,4944,-6961,-4349,-1090,194,-1824
70334,3144,-5205,2499,-91,1801,-1246
70335,-1843,4699,1687,-1964,-587,-315
70336,352,4600,-3065,210,-1387,-1652
70337,-5663,2901,5980,1985,-41,381
70338,-6540,-6540,-4338,783,1811,-960
70339,-3610,-642,-1870,573,1407,920
70340,3967,5941,4725,679,1694,1525
70341,2764,-2174,7571,864,-190,1896
70342,3374,-1375,6544,-1162,1044,729
70343,2874,-1571,4201,-1416,114,1768
70344,-1352,1644,6275,1453,-1014,-1728
70345,2253,-2098,-2979,1006,1122,845
70346,6556,-4466,-751,1434,1921,-1735
70347,-2512,236,5457,1554,1667,1765
70348,-7247,-1774,5688,-1985,-296,845
70349,7789,-7519,-4148,-542,604,-535
70350,-1143,-2450,491,-36,693,994
70351,-3558,4631,-4617,1297,-726,-463
70352,-6930,-1722,-2195,-1743,-1135,1552
70353,1202,1835,-2745,693,1917,208
70354,2901,1466,-4908,-296,1897,1154
70355,4356,229,-4678,-1834,630,-1856
70356,-7258,-4575,6133,1668,-1709,1250
70357,1677,-5330,6329,1739,-521,-1586
70358,-7027,-6563,-6384,1525,248,-1162
70359,4542,-3605,1406,-1975,-1106,-1497
70360,-823,-5295,3421,1746,-717,-546
70361,-1664,-627,7032,-1923,814,508
70362,-1074,2927,497,1516,1510,802
70363,959,5038,6361,359,-1144,-108
70364,-2706,-2850,4711,284,-320,1146
70365,-6565,-3322,-555,1790,535,-1142
70366,-7223,-2396,-4205,-683,-1424,752
70367,2510,-7606,1470,588,1479,-1974
70368,-4712,-6208,-2951,-3,830,-1226
70369,-5021,3665,7306,502,-23,1359
70370,-982,5553,-1454,-1676,-1541,-805
70371,-5385,-1315,3373,-905,1352,1601
70372,1242,-4215,2478,171,1724,-1570
70373,3124,4494,4332,1157,1938,-1062
70374,-1930,957,-1662,980,653,89
70375,-407,5684,6768,-1666,-960,440
70376,-3023,-5237,-7849,-99,778,-1049
70377,5979,1712,1133,320,-877,-1068
70378,3331,1537,695,1410,-220,836
70379,944,5287,4709,-90,-1068,1364
70380,1930,5378,1861,-179,1483,-1305
70381,-1819,1438,-4515,-1831,-1678,-379
70382,-4660,3671,-1905,1,1733,-1469
70383,-3188,1450,7183,-13,768,707
70384,5760,7577,-6630,-1399,-1592,1859
70385,2916,-7735,2989,-297,1820,-1087
70386,-2604,2195,-4320,1511,-1750,1890
70387,5179,393,7209,538,-629,53
70388,-7105,-2342,3179,-478,327,-316
70389,7509,-1249,-4465,685,1832,417
70390,7288,-7979,-5966,350,1315,-1208
70391,-1279,-1421,6257,1787,-1010,-1554
70392,-1139,2984,2027,-1208,15,-1490
70393,-1063,2632,-7313,209,-701,878
70394,-4524,-5512,6458,-1397,-1555,1691
70395,-7629,-3822,2650,-1191,-471,1969
70396,-5722,668,-4801,26,-1803,1578
70397,-111,5412,6365,-300,-6,1346
70398,6398,-1379,-2103,-1375,-233,-928
70399,-3506,3137,-1794,-1726,-705,985
70400,5026,-7557,812,-1230,958,1347
70401,-2171,3657,-910,28,-1305,1039
70402,-3555,6460,5999,1070,1211,-85
70403,2919,1679,626,-453,-763,-1829
70404,-7339,1996,4207,-654,375,1865
70405,3996,-3067,3992,-356,1850,304
70406,2559,2367,-7441,-984,1868,1274
70407,5843,5680,1896,-1322,-58,-1194
70408,5250,5725,-1441,431,-1487,-698
70409,3205,2022,5795,1225,393,-1727
70410,5302,-7074,-3686,1643,507,-1732
70411,1007,7216,6843,-321,-992,1762
70412,-6196,-6536,7787,1825,1142,-453
70413,-5447,-5775,6763,399,304,1685
70414,-1340,4828,-6338,-94,-1970,1918
70415,6019,-5066,-4066,-548,-12,1381
70416,5040,-4993,626,859,-1828,1785
70417,-7771,1668,-6535,-690,1548,1957
70418,2795,6290,-4539,559,1172,12
70419,-4411,1458,6662,1682,-731,1003
70420,424,-183,3713,639,543,266
70421,-1921,5447,-3282,754,-390,1326
70422,6607,607,2648,388,-495,1758
70423,-1049,5766,3652,204,464,586
70424,4599,2069,4045,-1286,-1432,1170
70425,2445,-7002,-3408,-1633,-633,1108
70426,-7958,5675,5023,-255,-982,-1374
70427,-1644,6774,-7772,-1289,1868,-473
70428,-5082,-5538,-7645,1562,-1980,-1800
70429,-5534,-1353,-720,1357,759,-279
70430,220,-7510,-5158,-645,819,-1385
70431,-5076,-50,7364,1259,-1914,999
70432,1381,2041,-3422,956,1041,366
70433,-6415,4786,-7127,-1708,-1238,-376
70434,5305,-5001,1107,1746,-1756,-562
70435,-2368,6229,-7656,-1020,988,-690
70436,-7866,3748,4953,222,473,-1153
70437,2651,2403,-7125,-71,-671,-301
70438,4838,-2389,-4431,1415,1560,1966
70439,-2355,-3270,260,-1866,1711,-1870
70440,6039,-7098,3999,1925,351,-548
70441,-4930,-6124,-4791,-597,1313,274
70442,-2859,2623,5148,-1833,-295,193
70443,-7640,-346,-4124,765,1119,305
70444,-5587,-5009,5195,-1178,38,1599
70445,-3502,1117,2984,-563,1749,-795
70446,-2486,-4783,4106,-585,289,1952
70447,-4914,6923,7449,-843,-1068,-421
70448,-4633,-5421,-2653,625,-1315,1044
70449,4817,234,-4694,533,1947,586
70450,6472,5492,-4556,1276,158,611
70451,-1541,5684,1726,834,-1975,912
70452,4296,-909,1269,592,718,346
70453,-5251,-4747,-372,1450,1987,1102
70454,6350,-375,-6829,926,-1152,-852
70455,-4190,-5165,727,455,362,1183
70456,-6856,3896,7278,-1327,-768,-822
70457,-1080,5069,756,-1171,-917,1939
70458,3704,7925,-1154,1092,970,1645
70459,-6555,836,7126,-1806,-89,-1235
70460,4259,4336,-3452,-534,-1200,-1325
70461,1907,6186,5506,1901,520,983
70462,-7054,6114,901,140,-736,1069
70463,-4391,-4018,4790,761,742,-444
70464,890,-1697,1854,344,-1549,1081
70465,3830,-3568,2781,819,1998,-1757
70466,1165,-5520,147,678,-182,1911
70467,4731,-587,-7527,1811,-386,1001
70468,3815,-6435,-6492,1647,1756,-811
70469,-1728,2048,710,1877,1440,1242
70470,-1111,-1779,2254,-1467,510,0
70471,-3101,2353,1009,159,1683,1379
70472,3876,-5876,1630,-1369,-1277,1124
70473,-6458,2112,-6777,603,738,-980
70474,5855,2743,-5807,232,576,-683
70475,-5514,4918,-3411,-388,1593,1702
70476,-2746,-3338,6265,810,-467,-650
70477,-980,-611,871,-980,1790,863
70478,3588,-1861,4408,-69,-1938,-1186
70479,-4513,7340,7419,-1538,-379,-1195
70480,5692,7834,-7975,-677,-1521,946
70481,-5129,6545,2769,1616,288,95
70482,-1549,-3570,2848,1596,-1876,1041
70483,3853,1190,2900,105,1780,-1503
70484,-5357,2419,751,-27,1073,-1442
70485,-4522,4626,7118,1818,-81,520
70486,-7167,-7434,-7075,1173,-1834,-1074
70487,2958,-7976,3484,1868,-675,551
70488,-7499,-4959,1538,577,108,-1358
70489,-2431,-5132,753,146,1826,-208
70490,1112,-1286,-2345,-1030,489,464
70491,2543,2514,7520,-919,-1855,-1454
70492,337,-6644,3655,251,484,-908
70493,4182,-4738,7910,870,-1224,826
70494,1920,-7584,-2400,-146,-80,967
70495,6490,-666,449,-591,1785,1968
70496,-6755,-1595,-7289,-1223,306,-512
70497,-6404,-1703,1157,192,-618,198
70498,-2468,3220,-3441,-1664,329,1892
70499,1359,-3009,-220,675,550,-1473
70500,-6439,-706,-1800,-1070,-1288,-250
70501,-5525,-972,1717,-1867,731,-621
70502,2791,-2038,3933,990,821,-666
70503,-2814,1560,-79,-1313,-1870,374
70504,-6106,-5582,-6066,423,360,-1780
70505,2277,3953,1774,1395,-313,1615
70506,1096,4435,-638,760,867,-606
70507,4634,-3502,-2983,1819,-769,-642
70508,964,-2299,4512,1220,-824,1646
70509,3449,-960,-5592,1790,-1607,-728
70510,-3033,5029,-4191,879,1507,1335
70511,-6841,5562,-4664,-54,-408,1338
70512,211,-3317,2477,1746,832,215
70513,-375,4904,-3687,663,-1106,1543
70514,-4029,2398,-6405,409,748,-1511
70515,-7252,-1119,3656,1107,380,-133
70516,4204,-5406,3745,565,-1026,-1895
70517,-4066,-5522,-3433,89,-1548,1657
70518,-4628,837,-884,1361,102,1749
70519,-947,-4046,5621,1078,1687,895
70520,7110,-7068,-4816,-1221,445,1263
70521,-807,-1093,7635,555,-895,36
70522,-7562,5211,-2362,158,-320,849
70523,2837,-2751,944,-499,-1780,677
70524,1881,-3490,7599,-1821,1856,785
70525,-5722,-7372,-5031,-46,1096,1430
70526,-2248,268,2369,143,-244,1779
70527,-5127,-865,-1369,401,628,-1652
70528,-2812,-7885,-803,1412,-577,-432
70529,6688,1681,2494,-367,1137,1365
70530,-1666,2629,5612,1108,-329,1970
70531,6660,-4172,-3966,-1829,-1097,-1944
70532,-2326,3855,4364,-931,1112,1264
70533,2120,4976,-2048,899,624,1707
70534,-6973,2006,-1617,-447,-602,-856
70535,-1197,-3962,-233,-1974,1415,737
70536,-1766,840,4768,-1253,-1102,-1255
70537,1090,-2375,7023,658,1048,-1726
70538,-6410,-623,-6752,-645,-243,1776
70539,2872,-4755,247,1627,1634,-772
70540,-7494,7393,4223,-13,-349,125
70541,7137,-357,-986,-1552,352,1315
70542,3693,-2400,5191,-1595,1859,599
70543,5379,-6052,-7838,-1016,1375,-1125
70544,5863,-5161,-2587,-1798,42,1528
70545,5638,6735,-6352,-1298,-842,1740
70546,6623,1445,-7095,17,-875,-1391
70547,2653,7949,-7189,1194,166,990
70548,255,-6030,1059,-1277,-1635,1543
70549,4733,-126,6929,709,887,-774
70550,-6065,7317,-473,-658,161,-33
70551,1344,2988,1113,1884,-1128,1004
70552,5209,4302,-7289,-539,-1637,-76
70553,1388,-3803,-1084,-847,632,727
70554,1754,-637,-5569,1751,-1233,1575
70555,2783,-808,4645,284,-511,-1790
70556,1910,1945,-3008,-1265,631,-1252
70557,-7675,-7517,4617,-700,1888,448
70558,867,2606,3809,132,1981,1013
70559,-5402,-5450,92,-837,1933,-12
70560,-184,-7824,981,-616,-72,273
70561,-7624,-5171,4545,-1370,-1796,-1418
70562,7291,-4679,6218,-1752,1554,1413
70563,4076,6943,-4194,-223,67,-1500
70564,6656,2344,-1632,-298,-376,1239
70565,572,2090,-2951,-1018,-959,-1746
70566,4441,-7336,-4594,390,964,1938
70567,-1087,-6760,-2333,-1989,-1891,1076
70568,5800,-1528,4926,1028,-339,-604
70569,3906,6559,-7059,724,-1672,659
70570,-1321,-2820,6883,1670,-1005,-499
70571,-6124,-4523,-5560,-479,-61,1322
70572,7221,-7586,3621,1133,1396,-1204
70573,-7808,7197,-1187,1777,-322,-931
70574,5393,-1008,-2350,-286,-948,-589
70575,-7080,6586,3466,-1917,1284,-1344
70576,-2699,406,-2805,1931,1577,192
70577,6356,-1149,650,-569,-81,1730
70578,4273,5759,2859,1594,569,276
70579,-2317,-5990,-2543,-1036,1235,1413
70580,3597,7680,4603,-240,279,-1118
70581,-2367,-3606,2221,1630,711,-110
70582,4846,-3059,5359,1900,865,-1182
70583,3636,-5938,3009,-113,-763,1022
70584,4077,7049,-1271,-646,-750,-1232
70585,-7578,1261,2460,-1393,56,776
70586,2226,496,-6799,-1253,1352,-1164
70587,-6338,-4299,-4250,746,-1786,-1780
70588,-1690,3204,-1010,1576,-233,-913
70589,5089,6355,7529,-457,434,-1883
70590,-1254,-4937,-3039,-744,202,-3
70591,-7167,6294,7343,-1172,-1317,510
70592,-1579,4217,3538,-993,-1096,-2000
70593,1404,-4133,-6086,-1242,1632,-784
70594,-5313,-5798,2074,-611,633,-1367
70595,4704,-7412,2952,1712,-1502,1949
70596,3189,-6028,-2237,1998,-778,621
70597,-3599,5452,-5173,1737,-964,108
70598,-4970,-4968,-7066,-701,889,-1810
70599,-166,1812,-2934,1977,-774,-400
70600,1016,-7737,6656,-1131,-130,997
70601,3118,-7148,-6988,1367,-1578,1411
70602,-1798,-3961,-4210,-313,197,-1008
70603,-5825,-7401,3655,610,-1838,672
70604,341,-4922,-5185,-1560,-1715,-1568
70605,1746,2962,7027,-802,44,9
70606,5709,1216,-1794,-1214,-64,1302
70607,-1266,2701,-5679,-508,1777,780
70608,-2547,3870,6341,655,-1152,474
70609,3653,2078,-2998,-1036,336,-1184
70610,5900,-40,-2788,38,-1263,-745
70611,-2512,-668,1009,-1811,-215,129
70612,4194,5798,-5363,-841,1251,318
70613,3156,1163,-4858,-582,28,-308
70614,-885,-2627,-5157,-78,1702,-1758
70615,6819,4678,3021,-1352,-1461,-1538
70616,3786,-3291,1837,1008,-559,-1572
70617,4845,-6640,-3374,-853,72,-475
70618,-7645,-2353,-3337,-760,1604,-1971
70619,2922,794,-1954,-784,-448,948
70620,7503,-2006,-1230,652,118,940
70621,-2728,-3663,5418,1691,1507,-1577
70622,-1751,6003,4478,1641,-1841,1731
70623,-2050,-6879,6186,1081,1097,1562
70624,-3405,959,-839,-883,-1627,1464
70625,-7832,4179,1707,-1431,577,178
70626,4442,-1917,3886,622,-59,1759
70627,492,-2251,-5871,-945,1526,815
70628,-3668,3447,-5649,-59,1483,1324
70629,4833,-7521,-7434,820,-1482,-650
70630,6620,3021,1336,-1679,-536,-370
70631,-7241,468,5480,1109,-157,476
70632,-2968,-2507,711,934,834,-739
70633,-7076,7646,-3478,724,1291,-1700
70634,1449,-6467,-4644,25,516,636
70635,-7789,3732,-3450,-1661,225,309
70636,-4636,3847,1455,1320,1541,-1279
70637,2154,5013,4896,-1553,1113,1005
70638,3296,7677,3393,-1956,-12,39
70639,-7089,-5403,-5426,1038,-1166,1956
70640,-6392,-2908,5701,-1700,1452,-1184
70641,5023,4748,4119,-290,1765,-1800
70642,4755,7364,-7160,-593,-912,1823
70643,-679,1563,5574,607,1220,-642
70644,3468,5864,4195,1595,-974,-756
70645,-734,-331,3722,-1681,6,-1704
70646,-2834,6125,-2993,-1148,-69,900
70647,-6738,1721,434,1018,102,-1181
70648,3877,-4472,4873,-1578,-119,-113
70649,170,5930,4288,171,1557,1824
70650,5936,328,6490,-681,-890,51
70651,6941,-7243,5199,-986,845,-1857
70652,1277,-5084,-5543,1097,1026,-1855
70653,-3360,2128,-4088,466,150,1563
70654,-1877,550,4346,-1681,-119,21
70655,-3678,-6221,-2542,-1043,1594,-563
70656,3301,890,-1831,-1436,833,1929
70657,-1947,5895,-3817,615,-879,-728
70658,-3338,4340,7061,1916,177,-258
70659,2389,-7664,910,-1528,-998,-889
70660,-5274,-3505,5555,195,618,-1108
70661,5122,4137,-4020,1865,603,-1370
70662,-3185,-4162,7316,-240,-270,1900
70663,-2606,3057,5024,33,1110,509
70664,7163,4446,-3171,929,-491,-283
70665,-3750,1730,6150,-70,-1506,593
70666,2398,-7775,-5389,-800,400,767
70667,-1022,2944,7205,-68,1137,-213
70668,3175,192,-2131,-1989,1779,1155
70669,-1792,-5444,7784,1225,-1697,-1023
70670,7548,-2600,3096,1519,209,-1740
70671,-5490,-4499,940,1358,692,-1398
70672,6486,5237,5080,1894,1861,1127
70673,-4281,-1809,-798,-1067,1753,-1581
70674,-705,-6513,3713,-902,835,258
70675,7643,4638,-2642,753,1534,802
70676,4006,3162,1220,-404,-718,160
70677,-7614,-1738,-825,1018,-155,1621
70678,2681,-2792,-2575,1261,-1925,551
70679,-7219,6137,-1016,-1980,1785,-51
70680,6180,798,-1317,1883,-539,-869
70681,-4998,2087,4947,286,-933,197
70682,-7254,-7708,2991,-1743,-884,-348
70683,1129,-4741,860,1026,-1942,-30
70684,3612,-5317,-789,32,-281,-1522
70685,-2532,-7304,7836,-3,-1974,1652
70686,-396,-6091,4715,-406,1970,252
70687,4076,2430,4732,1518,-1027,231
70688,-2651,7955,3133,-1718,518,-1995
70689,-4564,768,-5694,136,-1344,1025
70690,-6038,-4934,-1671,1396,1992,-1170
70691,5510,-2319,539,673,387,1006
70692,2081,5374,-19,-1277,915,-1361
70693,240,-6817,-5958,-729,480,369
70694,1144,-6917,7745,1667,1247,1704
70695,-1200,-2150,3671,-1255,-1589,1206
70696,3841,435,1143,-339,-1866,-1753
70697,7032,3576,-6311,-1049,-915,-977
70698,7663,-6864,-6969,585,-1160,-1750
70699,7723,-2324,1200,442,1676,-100
70700,4647,-887,5659,1774,-1294,-1721
70701,181,2847,-941,-1632,1854,-838
70702,3160,7346,-4756,-1948,545,-1400
70703,5831,325,4194,-1985,56,1768
70704,-2519,6164,-2248,-1377,-1281,1914
70705,-6956,6813,5815,1029,614,984
70706,-1446,-3334,873,-1166,-1603,621
70707,6048,-939,6003,-1490,353,-1982
70708,4934,5754,2699,762,1988,939
70709,-3867,-5431,-4714,-1375,1470,268
70710,1440,-6762,469,-1001,1948,23
70711,-3774,1867,-1383,1077,-1083,128
70712,-1847,2707,671,-878,1861,-223
70713,-5284,2259,5577,386,-1691,625
70714,-353,6563,5818,771,1725,-575
70715,-2495,7221,-2999,1571,1701,-493
70716,480,-832,1016,1231,-93,-348
70717,3387,2380,1074,-1606,-1235,1256
70718,6282,-6978,-839,391,1442,-1272
70719,7416,2423,4904,-641,-442,-1614
70720,-2670,-164,-2380,198,-1150,955
70721,-4233,-4199,-3773,-281,-509,-1277
70722,-1703,1004,488,-1687,-1698,1958
70723,3085,7064,1150,397,-965,285
70724,5423,-3109,2864,797,-1560,405
70725,618,6132,6827,-415,-694,-1246
70726,2982,1895,-2905,1239,-962,-244
70727,-2987,83,2811,-1449,-953,-1995
70728,1469,-3523,2197,1970,1860,913
70729,3907,-4994,3442,1165,-1053,-447
70730,4574,4687,3669,995,-747,-1296
70731,-730,6719,1028,1890,1093,239
70732,-7858,-310,7891,-1471,-1224,-934
70733,581,-4018,-2358,-1304,1609,-1852
70734,5018,-6909,-3028,1283,-662,1621
70735,-6089,406,-7604,-295,825,213
70736,-6627,829,2063,-763,1179,815
70737,2280,-897,1724,-156,-1592,887
70738,7046,2605,1560,-1208,935,-1313
70739,1842,-2776,-7748,573,-1481,-344
70740,-585,-4021,-7129,-1253,1125,-1670
70741,3823,-3614,-7550,-1022,-944,-838
70742,7792,2493,6296,-334,1807,1567
70743,6999,-5788,-596,1048,1985,1361
70744,-6532,-6205,6089,-1766,-245,1017
70745,5978,-3055,-5466,830,931,-358
70746,3585,1846,3920,1600,240,-1185
70747,6473,1959,3858,-885,-1804,1812
70748,705,-4107,-1558,1020,-1679,485
70749,-329,7121,-7325,1696,185,1621
70750,7295,7059,350,468,-1807,248
70751,568,-6870,4099,-1654,-1714,1062
70752,5449,-4296,-2997,878,1000,-1704
70753,6020,19,-2314,-1887,-374,677
70754,1978,-3751,-7632,-1709,1616,1577
70755,-4556,-3783,-5281,-1079,258,564
70756,-7258,-5711,4729,1680,-739,-1264
70757,-103,-4485,7896,1190,-1313,-1324
70758,-6393,5068,-7344,455,643,-399
70759,3627,5347,-1653,-324,-1406,-29
70760,3539,-4457,3178,-1645,-108,-665
70761,7849,-5239,7913,-61,-1928,-1310
70762,-6768,-4482,6511,1869,-34,802
70763,-6852,-692,5338,94,-102,-942
70764,-5269,3379,-4786,-1142,-462,1048
70765,6997,998,-538,-29,1800,-1232
70766,3698,-6317,-4465,1271,166,-1721
70767,-6689,-4223,2173,1703,830,1193
70768,-5231,-1249,145,1756,-745,214
70769,5333,7549,-5398,-249,-1359,620
70770,1271,-6175,-1035,1646,879,1814
70771,379,5522,392,658,-1958,333
70772,-1620,5993,-7663,384,-1623,-421
70773,-2496,10,4196,-475,-1180,-1920
70774,2501,-2106,-5572,-50,-949,960
70775,-7249,2715,5328,-668,1537,891
70776,-6811,-1179,6534,30,-190,-1032
70777,-7452,3326,2376,1455,1447,1462
70778,-323,-6576,-6294,-1259,1688,-680
70779,-4454,-3298,-340,638,1046,-790
70780,-5226,3445,1146,-1374,-951,1458
70781,1482,7110,-5616,-1935,-496,1795
70782,-2042,-4141,6798,-378,1827,-9
70783,-3547,2343,7102,-384,81,1923
70784,-5618,-3932,-3142,-1078,-938,782
70785,4359,4995,250,1671,-1078,-1367
70786,1036,3106,2006,-1283,801,-459
70787,-7625,7855,6675,-1785,-1277,-1733
70788,-4192,-487,2851,714,505,-234
70789,1084,1440,-5567,-1399,1842,1896
70790,-3659,4454,562,-847,761,-1157
70791,-166,-7304,5566,296,1177,-280
70792,-2951,-2237,-7513,1093,1690,625
70793,3655,-3979,-747,598,-474,-513
70794,-666,-6032,4159,1858,1014,435
70795,-391,-7732,4666,1103,-1087,-984
70796,4212,-550,-7893,-1268,-232,-377
70797,-1199,-773,3593,657,-1729,-425
70798,5311,-4256,2562,970,-1224,-1628
70799,5464,23,6709,-1296,-1625,1945
70800,6100,-5161,4406,1462,-523,1250
70801,-1769,7909,-692,-78,-747,84
70802,-4555,269,-5821,1631,-761,-474
70803,5653,-6926,-4421,723,158,-1907
70804,382,424,4783,-392,-1685,-545
70805,4604,582,4095,633,-1629,-876
70806,3840,-566,-3264,-121,1255,-1991
70807,4763,1718,2627,-1143,33,-42
70808,-6644,-6512,-7392,-688,-329,-1467
70809,-7653,6054,-991,-37,866,-823
70810,-4787,-5855,-3055,846,1765,277
70811,-5958,1450,-4967,673,1193,655
70812,-2391,3935,2346,-523,513,-230
70813,6943,67,-7900,-275,1040,610
70814,7261,-7395,7228,-918,-1952,-181
70815,-1419,3986,-4986,-144,54,-587
70816,-1808,6095,6197,1492,94,624
70817,-3949,287,447,1113,-1921,1857
70818,3873,2248,-2511,1193,-1375,-1091
70819,1079,-3902,-2542,-1565,-1858,-1300
70820,3381,1754,-7665,902,-1289,637
70821,-4751,6725,5274,-791,-1320,1011
70822,2632,-5051,-6486,-32,-1196,1708
70823,7717,4081,3865,-641,913,793
70824,6441,2882,2984,372,-853,-1352
70825,-6294,1899,-7928,1495,363,-364
70826,7573,1680,3190,-1051,-1881,243
70827,876,5260,-3918,853,-640,-1430
70828,6306,-7967,-408,-962,1446,23
70829,6978,-3343,-5766,471,1800,232
70830,6695,-6397,3736,1656,-504,1520
70831,7207,-904,-4676,-1061,355,-1138
70832,710,6033,4543,-185,-1216,1529
70833,2686,-2837,727,1439,-1852,-388
70834,-7117,-4693,6804,1581,-1006,1720
70835,7359,-7417,-4722,-1952,1861,1821
70836,-1452,-6320,-1680,1078,621,-269
70837,-1758,-365,62,1683,-1479,-1965
70838,-4521,-4031,-323,1466,1136,-1611
70839,7011,-5745,7171,250,57,649
70840,2071,1876,4173,-1498,-193,194
70841,4563,-2221,3120,1111,-755,515
70842,4916,926,2973,-206,48,-1351
70843,-6291,-3448,-2988,-1227,742,1299
70844,1666,-1676,1839,-414,-1099,415
70845,-6978,5043,-7590,-1498,-581,-692
70846,7477,708,-4230,-1614,308,1218
70847,274,-4656,-7771,1907,-188,-1517
70848,4039,4916,5592,-424,213,-1433
70849,2532,2465,-6101,-1157,-1861,68
70850,5282,6727,-1694,771,1771,1588
70851,2004,7790,5869,645,-948,-407
70852,-6245,7927,2980,-922,-166,1880
70853,6952,-5168,3340,1452,-723,583
70854,187,5411,-4089,-40,211,394
70855,-4897,-3762,2077,1378,1071,-375
70856,-6167,5869,-2233,-1337,-756,-535
70857,5805,4467,-7314,455,-446,-858
70858,2312,-5058,5399,1631,1951,-1415
70859,3229,-2286,-5885,-942,689,606
70860,-679,6285,-2222,1078,1198,123
70861,-7369,3463,-5082,1506,1978,1956
70862,5624,-7541,6319,-1935,-1996,1651
70863,5787,6004,-3512,-537,1239,1507
70864,5340,7515,-861,-164,-368,-1912
70865,636,-6875,4625,-1607,-858,-1253
70866,390,1285,2661,867,1439,-859
70867,2306,5308,5624,-368,609,1239
70868,-4602,-492,4583,1207,844,1219
70869,-1212,99,-5563,946,-1933,27
70870,-2946,-6937,1987,-1815,-1479,392
70871,4783,6410,7669,-1156,-1799,1051
70872,2557,2108,4415,1879,-1124,-1074
70873,-3906,3207,-7250,-1626,-1140,70
70874,-4290,-19,-5843,918,-895,-731
70875,5962,-2365,119,-811,-1016,1290
70876,7953,1609,-7099,-562,1191,1883
70877,-1354,1110,3813,-1731,-1210,-1296
70878,7244,-7290,1781,108,411,-1906
70879,-7232,6296,1397,1971,-818,897
70880,5297,-1815,-7839,882,113,247
70881,5206,-6543,-4798,-1122,105,-1637
70882,-4093,5696,-6409,-1733,-957,1115
70883,-7135,-7951,3394,-1284,979,1310
70884,695,-1449,-777,-112,1450,896
70885,-3654,6422,-2345,826,-98,-908
70886,-3479,3401,5148,-974,-152,-1126
70887,3180,1070,-2633,1401,1295,1925
70888,2424,-3854,-4102,-692,-1632,1064
70889,2258,5233,6595,634,1488,144
70890,7727,2424,-5362,869,359,1832
70891,-6276,-1762,3722,206,-958,-942
70892,-6639,1931,-7451,1182,-470,1298
70893,272,163,-3237,1727,1711,-43
70894,6719,-3760,965,-714,-468,828
70895,4098,-46,3594,1442,494,309
70896,753,-373,-2035,-1827,909,-637
70897,7833,-7316,7104,-320,-1791,3
70898,3228,10,5808,1708,-555,648
70899,1998,4539,-4700,549,-1483,1794
70900,7418,956,-7807,-207,1791,-1261
70901,5403,-6270,2659,-722,924,1325
70902,7963,-5271,-3728,222,-517,1205
70903,-1046,5419,561,-601,-1847,1177
70904,-146,-2237,-6357,1951,-859,1559
70905,2538,-2054,-7214,1878,-563,-1558
70906,-2531,2501,5931,767,1502,1626
70907,-7776,-5428,6170,1771,183,579
70908,-209,4019,2263,-1460,319,-43
70909,2640,-2450,6545,1370,-64,-1622
70910,4247,2329,-2556,-305,-988,1389
70911,-770,-7581,5980,677,595,-1845
70912,3759,-5284,-4614,-235,1158,387
70913,5701,6493,-2115,-1229,-1087,-1644
70914,-4868,-2023,2874,1254,-517,24
70915,2140,4901,-4139,1116,432,48
70916,-6564,1336,-7007,951,-1447,1082
70917,1095,3849,3978,944,-49,652
70918,4576,-5773,-736,708,-688,1808
70919,-5274,496,7628,-1426,-75,318
70920,2074,1567,-2248,1608,1097,395
70921,-856,-5348,-5592,1037,1172,-764
70922,-6989,3386,4978,-1054,87,583
70923,-4853,5814,6753,973,1352,582
70924,-5897,-5261,1224,174,-1398,726
70925,-610,7093,-4795,-1981,1229,-1853
70926,-1384,-3160,-3958,-308,366,1021
70927,2000,-1861,746,381,-961,-94
70928,-5674,6802,-7178,401,-920,-1664
70929,-7303,1658,3589,-980,-1069,-329
70930,1967,3918,-3109,-1982,152,-1577
70931,7403,-1627,-6706,1488,445,-1532
70932,4497,-674,-4809,643,1834,1108
70933,-6894,-5894,6693,1477,-989,289
70934,928,913,3571,622,-326,-1521
70935,-1386,-7110,-172,1158,-1982,112
70936,155,-5567,3563,-448,-931,632
70937,-78,-2755,-7250,-1302,1823,-293
70938,1383,-3625,-2686,1044,1183,-1761
70939,-1004,1050,-2783,1338,1527,-1126
70940,1399,-2074,-2942,-1040,1671,-1316
70941,7800,-5776,4270,1694,-624,-802
70942,-5684,404,7939,-1639,-394,738
70943,-1768,-845,2549,-1996,769,344
70944,4621,6260,5675,1891,-1355,512
70945,-5249,-6447,92,1261,-1790,-965
70946,-2907,1776,4257,-162,-2,1582
70947,-7776,6521,3982,-1031,-1744,-1997
70948,762,5963,-4089,193,-1408,-540
70949,274,7328,-1361,47,-1036,1943
70950,4914,5835,-7281,583,-361,-378
70951,3768,6592,423,971,1413,-1023
70952,-6367,6055,-623,-1968,-477,703
70953,3895,5811,-7442,1260,398,-135
70954,2138,2057,-5842,-1860,-259,-1031
70955,2946,3293,-6201,320,-731,-370
70956,-2860,3229,1478,-1731,1820,-70
70957,-1776,7195,-6552,848,-821,-1548
70958,-2229,-1249,-860,-70,743,1559
70959,-1883,4521,7350,-612,1429,-1046
70960,-471,375,-2284,-1045,-1386,1757
70961,-3647,5159,7841,1535,-152,-193
70962,1918,-1507,166,-113,164,-1618
70963,-7224,-6567,3591,688,-875,-814
70964,-6892,435,-1991,472,935,592
70965,5276,4251,3458,-1307,1158,75
70966,-5038,1207,-7277,-1293,910,-740
70967,529,-3700,7581,805,693,-114
70968,-5102,-1458,-5629,275,-588,-1536
70969,2602,-2157,2640,-48,-1779,-1167
70970,6613,7433,5690,381,747,-344
70971,-4759,3668,3957,-1509,-1822,-1054
70972,7850,6712,5110,-931,522,-1164
70973,1751,3413,5534,-1359,-963,1221
70974,-4517,2641,-2115,-659,-1697,11
70975,-6028,3655,-3231,234,1150,-1453
70976,-7908,-7705,-3563,-1423,-1882,-1359
70977,-7761,7835,-6911,1464,1753,-777
70978,7659,-6796,922,1209,1139,-504
70979,6957,7083,-3646,-270,758,1871
70980,-3088,5908,-6123,-227,928,791
70981,1466,745,-1025,1851,-42,363
70982,3496,5806,6753,876,-465,-930
70983,1948,-6710,5266,243,646,-938
70984,-4616,1186,3755,-891,1182,-106
70985,-7929,1823,-4436,-935,1609,1442
70986,7732,-7981,-4704,-843,-1491,-503
70987,-6578,-4280,-4170,-787,1740,-1116
70988,-3862,-3707,6052,986,1690,719
70989,5665,5450,-2537,1757,951,810
70990,-387,4324,937,-288,-999,-956
70991,5053,5808,-1824,22,-7,273
70992,-7492,298,-7385,-13,-391,-1096
70993,-4795,-7202,4426,898,391,1533
70994,-5552,3834,-4569,-1811,-221,-1562
70995,-3223,7055,-6843,-130,-23,-110
70996,-403,-2282,1929,1419,-435,-1110
70997,-7127,-3306,6614,-1803,723,650
70998,1031,5191,-748,1828,1817,-815
70999,-6392,2872,-7009,397,-1844,-1165
71000,407,7830,4961,505,-1405,562
71001,3336,6931,6196,-1495,459,-1374
71002,2486,-518,-3952,671,-1565,-378
71003,3555,3933,6041,-1857,1857,247
71004,-2562,-4982,5576,471,1879,-124
71005,-2310,-2597,-7902,-1515,305,-458
71006,1809,-1900,7976,-1665,-356,1299
71007,422,-3249,5139,-1043,437,-1623
71008,4278,-7880,-2720,-499,456,-988
71009,282,-2637,-1049,209,-412,-186
71010,-3914,6739,1381,-400,673,53
71011,6040,-3542,3317,-193,773,-1615
71012,-509,7116,-7839,-946,-119,-1642
71013,7419,4269,4064,1402,1165,370
71014,-3027,-4870,7882,368,-486,-1391
71015,5176,-7229,2294,-217,781,586
71016,4160,1843,753,-1102,296,-220
71017,-2043,5707,4875,978,1019,-506
71018,-3151,-1743,-5341,-1466,-1068,-1959
71019,1301,-2780,2717,-742,-1118,1654
71020,6526,-2663,-7228,1178,-546,-1264
71021,925,-2514,-7049,-1440,-1614,-659
71022,6023,-7084,1592,-326,-1767,-1708
71023,-2947,364,-4174,1295,19,-1048
71024,-5060,-4350,4523,1573,-526,1317
71025,-5811,-418,-5149,-1333,-543,370
71026,-788,-5233,-3733,-701,102,797
71027,-6746,-4845,-1366,1391,1271,-1918
71028,-7497,263,1748,2,935,1154
71029,3481,-2367,2381,-1344,-883,1565
71030,3773,4542,3464,1211,-1737,778
71031,-783,-3302,-968,-449,-236,449
71032,-5236,6099,-4049,-825,-1818,1708
71033,4287,6192,5536,-1381,-1208,843
71034,1764,7520,-5882,-102,-1323,228
71035,-6344,3445,-7523,1588,-84,1284
71036,-1750,-4253,-1469,-1582,1170,-1577
71037,-7481,-249,-219,-822,-9,-1671
71038,-7741,-3850,-5006,-18,1336,-904
71039,3196,-2625,4755,555,-1847,1318
71040,5719,-1357,396,1163,1618,1917
71041,-2809,-7977,-2204,1818,311,1687
71042,6022,3101,-558,-1094,-1339,-1483
71043,-6557,-17,7560,-131,216,-793
71044,-5,-4914,-5778,89,-1557,-1255
71045,6002,-7127,-586,-315,-1615,650
71046,4609,-4307,-6447,1250,973,1941
71047,3358,-2369,3815,-1377,481,-1295
71048,-3770,1233,-5015,-760,-12,-1398
71049,-3119,-3534,-1970,-406,-566,1323
71050,7133,-7141,-1880,494,-1298,1754
71051,-3080,6168,1988,1916,1685,1332
71052,1050,1351,4422,-761,1817,-876
71053,-6092,1034,-1305,1407,-1673,131
71054,-3070,3476,-3241,-1061,1564,-168
71055,-2986,-4927,-4131,-1688,-1270,-1621
71056,-3661,-5717,-2701,382,531,-1879
71057,-1648,6845,-3190,-1443,859,-1068
71058,-7079,-718,1205,-451,-1377,1587
71059,4770,5511,-3964,-1801,-244,-347
71060,5920,-5180,381,-1583,-731,-698
71061,-137,-3361,-3949,1556,92,-767
71062,845,-3143,-1150,-20,-396,-1277
71063,4114,4710,224,1972,7,-181
71064,3970,2150,-1612,744,-1123,1655
71065,-3,3856,7215,1817,1390,1127
71066,-554,5463,-3871,1757,-212,-71
71067,7101,2837,-2759,-600,-243,-1273
71068,-7869,6447,536,962,495,65
71069,5592,-3277,-7188,-1018,-629,626
71070,-2797,-136,-5343,-1764,-1987,-1768
71071,6446,-358,-3285,111,-1826,531
71072,-811,7033,814,-243,-279,-1837
71073,-6034,4788,6534,1538,886,-1290
71074,1633,-3704,1775,-1833,1858,-1704
71075,-248,4156,3966,-305,-1703,1481
71076,1540,1394,-2212,-1389,-946,485
71077,3617,3249,-3904,-875,1043,-1919
71078,-2879,4459,5021,-1502,-194,1855
71079,-4303,-2484,3772,489,648,-24
71080,-6051,-5742,1122,1782,1055,55
71081,7525,5880,-4737,-1751,1249,1784
71082,-1375,-172,-1217,483,-1440,-997
71083,-7503,2853,2281,790,-473,-258
71084,-1452,-2618,-954,20,642,1568
71085,-4858,-911,-4858,-1495,-1027,-134
71086,2645,-5802,6302,1255,-778,1044
71087,4159,3414,-5003,-341,-904,-85
71088,1407,-5526,-397,-1013,1766,950
71089,-2050,-1612,-5092,980,-775,251
71090,-3700,-6629,4087,-522,-1822,1026
71091,-7444,-1979,4585,-1844,-1544,-1055
71092,1237,-7630,-6193,-822,-556,-1412
71093,-3517,7253,-3247,426,874,947
71094,4616,-5589,6488,1078,-1353,-274
71095,-7365,5178,-7320,-952,642,-466
71096,6903,-1338,-5454,109,1250,1220
71097,5957,-4104,-5234,-1329,-982,1044
71098,-5790,-106,-4702,1176,688,-629
71099,7857,3184,-2197,399,166,1512
71100,-4166,1537,-1663,-269,-444,-864
71101,-7385,7859,1552,-374,1541,-588
71102,-6435,-5509,-6625,-711,32,776
71103,-6614,-285,6043,-1630,1708,1484
71104,-2618,1133,-2675,-850,1732,-1793
71105,-4685,3666,397,1615,1409,-2
71106,7303,-1975,1078,704,-550,305
71107,1670,-4962,7819,292,-1314,-110
71108,1989,-3068,-4577,-1584,-1092,527
71109,3313,-4607,-271,1120,1124,1497
71110,4251,5553,-7343,462,298,-373
71111,-4682,-4652,-4533,-777,-1697,1572
71112,2442,-3067,6728,-1155,1157,1114
71113,1536,95,4074,1253,-1383,-1077
71114,7062,-4549,-6717,-1848,649,554
71115,-295,-420,4614,529,381,1637
71116,-7664,350,5869,1535,266,-49
71117,-3600,-3610,7754,1646,-1180,-1075
71118,91,-6378,-6126,1771,-950,-1679
71119,-834,3388,6916,-338,-216,-749
71120,-2151,-5680,777,-758,1097,-383
71121,1339,2656,4496,-798,1963,794
71122,4787,460,3884,-717,1972,1594
71123,-3040,6918,-182,-22,-1303,397
71124,-4627,-624,3186,-864,1524,733
71125,-964,528,5387,-458,-264,-614
71126,4976,-4718,-7281,-866,-1375,-1845
71127,-7374,-6099,2265,-1677,302,1033
71128,7979,-5109,-1918,1471,157,817
71129,2904,5311,1314,-121,1430,-1436
71130,-5757,-1983,-6772,698,529,222
71131,-1295,-1757,-1533,-1680,-862,-538
71132,-7848,-3939,5815,-888,762,1978
71133,7819,-7113,1851,1951,-244,-1037
71134,-4640,-243,-205,1282,246,328
71135,7309,-5638,2361,-1765,-1700,944
71136,2320,-5368,-2783,-1936,-546,-1114
71137,-1782,4285,5167,-806,464,-1411
71138,7286,7382,-7699,-609,1640,-170
71139,-3712,-4372,-4089,1004,309,526
71140,337,-7631,-5809,1643,-1583,461
71141,2748,7435,-1429,1705,1621,1224
71142,-821,7737,6220,1505,133,-1424
71143,-4391,-3513,1627,-1310,1355,-836
71144,-2311,-5932,5,1020,-1600,-295
71145,3569,7978,-1356,1399,-1938,821
71146,-218,5754,1184,285,529,-1136
71147,-4222,-42,-486,-1588,-1060,755
71148,-362,7897,-5500,-1174,-1417,1108
71149,-336,7613,6082,-1112,-985,-1812
71150,4395,2319,-727,834,-520,1312
71151,2468,-1036,-5181,-171,-1723,249
71152,6765,1925,-6390,-302,-478,-542
71153,3426,7926,5945,-913,910,-287
71154,923,-4824,7628,1624,-55,375
71155,4085,4976,-7969,-770,-1630,-1013
71156,1461,-3039,-5945,-247,-702,133
71157,1892,-5907,7619,848,-1900,-166
71158,5401,7756,-2759,1600,-1758,148
71159,6109,7066,561,1052,-1147,-217
71160,7262,662,205,546,-1732,-158
71161,-3468,7631,7127,-456,-643,563
71162,6922,7288,3178,1845,804,7
71163,6377,-7205,-5514,-988,1561,1436
71164,-1652,5378,-6531,1095,811,-1193
71165,-6732,-5101,5068,-739,331,952
71166,2458,1566,5135,-1150,1720,-1735
71167,-4576,828,6517,1054,133,-995
71168,1957,5475,1944,885,1410,-1458
71169,-7346,2343,-6232,-192,-1114,-1236
71170,6639,-3673,-3257,-1484,173,471
71171,-3595,2444,7600,944,-912,963
71172,-7411,-5358,3898,-1019,-101,-1264
71173,-4251,-4785,738,450,161,-988
71174,2404,2375,-6232,-1016,1553,170
71175,7917,-7919,-4490,-1281,-1989,1738
71176,-44,-7419,-1966,-1683,904,1606
71177,2484,-5931,4263,1005,-1319,692
71178,4106,7838,-5059,-1450,-287,-1314
71179,4079,6995,1831,673,-844,-1240
71180,3600,-1118,-3417,1561,313,1999
71181,729,4157,5222,794,-511,-1271
71182,-5614,-497,-2250,-929,434,-365
71183,-149,7091,-7428,1654,-1093,130
71184,4064,1034,-2296,-503,188,456
71185,-695,-4812,-1297,459,-275,-1013
71186,-7337,1850,-3918,-389,-1056,68
71187,645,3033,-5842,-843,1530,-172
71188,508,2488,2489,-1989,762,-32
71189,6149,-7264,4765,-23,-332,1989
71190,1834,-518,-2704,1046,1532,-861
71191,-888,-836,58,-96,-975,-1048
71192,-7275,-792,-3605,-1500,681,-1344
71193,-551,-1917,-5154,1319,-1223,-1641
71194,3800,3081,-4418,1152,-1102,1941
71195,-7296,179,693,-935,-587,-1066
71196,2095,5468,4141,-1935,-213,-532
71197,1337,-3628,-4094,1075,-953,729
71198,7464,-6516,-876,-1921,547,1941
71199,2414,1318,-6697,669,-411,-491
71200,6373,-2988,1067,806,1547,-224
71201,5450,1527,-2956,1095,270,-973
71202,809,-3607,-2575,1279,1054,1480
71203,-712,5938,-3632,-524,-772,1552
71204,7867,-3645,-1552,1848,1587,796
71205,-2378,-6296,-1114,847,-607,886
71206,356,-3719,-3984,-1717,11,-457
71207,1072,-2453,7068,-389,-202,231
71208,-983,6124,4667,1499,-648,-1413
71209,4421,6003,-6318,1801,-1889,-1320
71210,-5528,3396,5623,1963,1266,1175
71211,6769,610,-2829,-1880,328,783
71212,-2827,-1767,-3352,-864,394,-534
71213,5629,7867,-1677,1871,404,-564
71214,-21,-3241,-4232,1568,239,-1845
71215,-7414,7644,-2060,235,1711,347
71216,-6025,-2276,-627,-506,-774,725
71217,380,-796,7390,-983,-1828,-1320
71218,-7929,-2397,5185,-788,-405,-529
71219,836,-2086,6212,1858,-202,-1277
71220,4155,166,5523,826,-299,-1302
71221,1743,5413,-6845,1809,-425,1476
71222,-3734,-7860,-1445,-917,-1795,1906
71223,1263,338,-3929,-549,-224,1586
71224,6820,3948,7725,-1233,847,736
71225,1269,3119,-6793,573,-175,-1027
71226,-3020,3576,4496,-400,-1802,1098
71227,-1575,7616,2820,-29,-616,1574
71228,3150,1289,-7915,81,1953,-1513
71229,-1573,7313,-4256,1636,1473,-700
71230,-4154,-5604,4712,1890,388,-1270
71231,4385,4471,3271,-240,-657,-1130
71232,4519,3753,-2647,277,244,11
71233,4241,5808,-5241,-145,-773,448
71234,-4944,7068,-1147,-698,829,-232
71235,6106,6390,-6251,-1731,-1483,-1132
71236,-6492,825,-7909,120,-1954,-1086
71237,2565,7612,-2715,-1,-814,-862
71238,-4459,-2554,4642,-1481,-1820,-1849
71239,-2660,3346,-5751,-1922,1883,1325
71240,-3893,2171,-2692,545,796,-1250
71241,-5634,-7643,-7681,188,1657,-686
71242,-813,349,-4250,812,595,-1723
71243,4418,-3119,755,1527,1200,-527
71244,4153,-1475,-2941,554,679,677
71245,5707,5850,-759,-828,284,603
71246,-4927,5230,2830,-564,1033,-435
71247,-7866,4389,-3417,-11,1651,16
71248,4968,2930,5221,-1472,-1088,224
71249,-7450,-4104,3238,-1035,1479,462
71250,7828,-5649,-7773,150,1394,1355
71251,-7950,3413,7932,1228,-531,1949
71252,1931,-6527,-7935,-1685,-1067,94
71253,2532,-7549,-1091,773,-1375,1582
71254,128,5754,-1597,-92,-1263,-1173
71255,-983,5505,-1175,1712,1327,411
71256,-4393,6605,611,-1736,1284,1282
71257,4587,-1031,-6483,1235,1756,-1166
71258,7392,-1260,345,1334,475,1112
71259,-4213,1335,1837,-1249,488,-1567
71260,-352,3612,-3614,-670,-1644,-789
71261,1068,6993,415,-1263,-1942,-1248
71262,-2378,-2842,6211,-1144,-516,477
71263,-5042,-2647,-7749,-1203,-239,295
71264,2471,7421,6090,-59,-400,340
71265,1873,5850,6689,1130,1432,-1161
71266,-4776,2946,1328,-505,1296,1923
71267,-1336,1537,-6621,198,1334,-1997
71268,1748,-7618,-7766,-1389,551,-6
71269,6115,-4584,6416,-1005,1065,1422
71270,4189,-6946,4460,111,972,-205
71271,7103,-3690,6744,-873,-616,1282
71272,6557,-1534,-7464,932,1992,41
71273,2657,2037,-844,165,200,-1276
71274,7522,6189,-452,-1633,1515,1767
71275,-1457,7487,2135,-646,1905,-850
71276,2765,4858,7353,-473,-589,763
71277,4318,-5941,-6942,-1835,-1179,-1061
71278,-4617,-919,-1963,-476,-1842,-378
71279,-1862,-7403,-4344,413,-1389,-222
71280,7040,5817,5173,975,-309,-699
71281,-3955,-2397,7813,-511,123,-1610
71282,581,708,-3039,1917,331,1084
71283,4040,5041,6266,999,-1521,-391
71284,-1232,6117,111,-1241,887,1347
71285,-2656,3596,-946,241,1128,598
71286,5965,-1079,5615,-1850,1308,-339
71287,-1665,5743,-5601,-1208,-614,-595
71288,-1887,2467,-5668,357,-817,-1962
71289,6333,4233,-1211,1518,1410,-282
71290,-1302,5036,-6634,-1662,-656,417
71291,11,-645,7689,95,666,-1450
71292,-988,3387,-675,1932,1313,1217
71293,4458,-52,-6090,-576,1439,1973
71294,6722,5089,-6427,-907,1768,-1021
71295,6394,4512,7394,9,-1257,244
71296,-7749,-2566,-1405,-448,-666,-1999
71297,-6768,-2642,1412,1911,1213,-1475
71298,2792,-736,6316,-896,-998,-128
71299,1752,5644,1581,576,-1325,282
71300,-1762,402,-7791,-1103,405,-1214
71301,799,698,1347,-194,-1847,454
71302,3962,-7981,1446,1554,1814,1818
71303,4820,-3253,5742,-1174,1091,993
71304,-3028,2168,1996,1784,-1175,1340
71305,-8000,-3131,3320,-832,-810,1505
71306,2124,-4774,-442,-1192,-1959,-1261
71307,6610,7830,-2380,-99,-1857,1685
71308,6108,-335,5447,232,1512,404
71309,-3354,1189,3386,1894,929,-450
71310,-1390,-5441,0,-832,-676,-351
71311,-696,284,3037,-149,-990,-474
71312,6934,2375,1296,631,303,-133
71313,5210,7741,-210,1541,-1906,878
71314,-2534,3376,4584,472,-117,-1438
71315,590,2356,-1512,-999,1509,1275
71316,5786,-1830,854,691,-906,1329
71317,-2568,3000,6522,48,-599,-571
71318,-2095,-3080,-5139,-1479,-932,1743
71319,5827,-673,5483,1797,1370,-1605
71320,-5491,-211,-2444,-603,357,1949
71321,-6985,5124,-6442,-1913,-108,-513
71322,3462,-4463,-464,1507,204,1096
71323,7758,-6492,6412,-1231,129,-935
71324,4015,2193,-4926,1513,152,-1266
71325,4517,5515,-6316,-1955,-38,-1791
71326,-1415,5060,-4844,430,-1698,245
71327,7200,-593,-5480,534,-1465,304
71328,3562,-1504,2563,-532,-360,-365
71329,990,7374,6426,786,-943,-507
71330,4343,1468,-457,-27,480,517
71331,-919,-3356,-5122,1323,1455,-1398
71332,-2785,-5311,7440,1696,379,-1211
71333,-2388,5144,2773,-1618,1330,1004
71334,-7177,-583,-7875,247,1204,-824
71335,5533,-5915,608,-1941,-1214,1805
71336,2680,2132,745,1999,-601,1717
71337,-598,-7781,1709,-1329,1465,-64
71338,-1794,-793,-3453,991,338,1955
71339,-348,4297,5717,1466,666,129
71340,-1536,1978,-2732,-35,-1316,-368
71341,-3414,-6251,-3338,356,1131,-882
71342,2933,-3154,3157,-841,-207,85
71343,-5891,1968,-159,-325,1919,1189
71344,-7934,917,-1882,512,1898,-1313
71345,-5352,6742,-5867,1596,909,1898
71346,3401,-2028,-4430,-1124,1580,1398
71347,3735,3163,-968,846,-647,941
71348,-1651,-5578,-4674,1504,-406,1142
71349,6847,5920,-5361,-1904,-306,-431
71350,4426,-4487,6959,-805,-973,1871
71351,5370,-4138,-821,329,1046,102
71352,-94,-1609,2056,-1,1004,-990
71353,-3489,-3332,6723,-1928,-511,1161
71354,-1745,-7676,-7354,737,558,-665
71355,3491,323,-1390,-779,900,1473
71356,4905,-6649,1223,-571,-1472,-1939
71357,-4128,5667,-3995,-313,1456,1895
71358,-1794,5721,-1443,-790,-902,-867
71359,-3508,-6569,7371,1991,273,-1433
71360,6231,-524,-1104,-1792,-429,-1801
71361,238,4554,-6978,1284,-1641,359
71362,4216,3554,-6508,-191,116,-494
71363,1297,870,1719,-1352,-1202,-724
71364,-3203,-6900,6488,-363,-1054,-565
71365,4993,-7525,-5748,-468,-956,1750
71366,5972,7496,4771,461,-1298,-204
71367,51,1094,-7230,-1068,-1670,1108
71368,-1739,2471,5843,-1006,-611,-1483
71369,-6527,-3719,-987,1360,-38,1702
71370,7476,1259,1795,968,-1761,-1389
71371,-5406,7146,4716,33,1724,-980
71372,-3561,5877,-7867,1821,-1278,477
71373,1365,6664,1637,415,-931,-1334
71374,-4608,-7968,3167,-14,1841,-1359
71375,-685,4258,6546,-1585,-561,312
71376,3444,-5113,-5103,-77,1964,-808
71377,-5234,-5084,6135,-1403,1346,379
71378,-366,-6995,-199,1438,-764,-1182
71379,-1878,5805,-2618,79,-1754,-158
71380,2676,2630,-5386,-1414,-1761,-649
71381,-6294,-1648,1301,-218,1567,-1578
71382,3442,-5769,-7476,-1331,1162,1878
71383,4003,-4017,-1331,-1019,-44,313
71384,-3524,6410,50,-1617,-1445,1474
71385,-6049,-727,2265,640,-1303,939
71386,6114,-6623,-2660,-230,890,982
71387,-2737,5304,3513,294,-1768,1315
71388,-6528,-5793,6666,1595,-8,-249
71389,-3326,94,3673,1593,523,-422
71390,-135,2175,-2638,1530,641,1266
71391,-7873,2584,-6162,-1415,-359,562
71392,2309,6040,-2564,-1714,-221,-946
71393,3240,-7470,-1544,-208,114,-611
71394,-2372,-3158,-13,705,438,-167
71395,328,1967,-6152,1745,-850,767
71396,599,-7211,-6117,-758,1289,-232
71397,-2395,2123,-3529,759,824,134
71398,1200,840,7192,435,-603,-1639
71399,6335,-5868,-444,45,35,1191
71400,1608,6124,5492,1453,174,1877
71401,770,-7660,1245,-1194,-201,-1342
71402,-7329,2030,4666,498,1404,-1374
71403,456,-3197,2111,1562,-1268,1796
71404,3134,-1639,-4588,-1247,-1154,-193
71405,7560,3665,-4903,415,-1636,-1523
71406,-4426,2104,1089,518,1217,-833
71407,-385,-2765,-2429,718,-1017,1396
71408,2686,438,-530,117,1881,1636
71409,-3105,-2782,4848,723,-670,-1122
71410,-4094,-3825,3082,1615,952,1885
71411,1099,-4699,5506,-944,-151,675
71412,5365,5250,-5366,-395,-1834,364
71413,3491,3170,1621,1116,731,-1179
71414,5448,-2757,-2590,-1138,470,-938
71415,6515,-4250,-2702,1616,936,1149
71416,1538,5387,-1304,-759,491,1778
71417,5335,-501,-7259,-412,1979,681
71418,5177,1457,3262,1835,-1310,152
71419,7255,-5613,-1835,1596,-1454,-1792
71420,-5960,-5847,4990,-997,-1513,384
71421,557,5682,5595,289,247,-7
71422,215,-701,5405,887,1116,363
71423,6347,-7511,2370,-711,-293,173
71424,-4281,475,1386,-1064,802,553
71425,5410,-5270,86,-1984,-1871,1133
71426,-4894,-1808,3209,1719,-1795,182
71427,-2966,3151,-7832,-1520,-1483,-94
71428,-1553,-2756,-4728,-1456,-451,1831
71429,5879,-5211,-6435,-1827,-1399,-1248
71430,-105,-7983,-562,-1580,1069,-1452
71431,-3914,7951,3248,-1431,-676,-1011
71432,-3720,4126,2851,-479,-1981,411
71433,2013,-4356,-2403,-1568,-1995,1773
71434,-1130,-4299,-3871,-1164,-1013,1028
71435,7891,-4063,4526,382,1779,143
71436,-5514,3146,-3485,125,-1651,724
71437,-3810,-2926,-4572,1111,1331,-709
71438,7917,-7183,1092,-1202,462,-1135
71439,-2686,5606,1896,-139,937,-1273
71440,1363,334,-7533,-1820,-230,-1181
71441,-7053,-5659,-1559,-627,-662,1917
71442,-5972,-703,1893,627,-1086,634
71443,5564,-4293,-1350,-1280,-596,-1745
71444,5764,-5220,7368,-1330,172,-1630
71445,-4215,5643,-5622,154,-1910,1412
71446,1349,6899,-317,-594,744,535
71447,-7697,6241,-1157,1908,628,1897
71448,-4182,-2190,-2710,-1730,779,-393
71449,-7081,241,7348,-612,113,-1211
71450,1376,2634,-5896,1126,-1293,-578
71451,3995,430,7994,-298,113,-1910
71452,4692,-886,-3804,-1401,-60,-135
71453,5788,937,-7904,1393,602,1171
71454,-4062,597,4714,551,-981,1984
71455,-4538,-4654,-6763,1716,318,-1144
71456,3562,-7172,-1739,458,-617,-502
71457,-7351,-2399,2002,-232,786,-571
71458,-4521,-252,-643,-179,1752,125
71459,5146,3085,5547,-177,1452,267
71460,-5610,6679,-5959,1562,-1911,1641
71461,-2670,-7266,-1009,1341,887,-1928
71462,532,-4253,6324,1728,-1090,-371
71463,1943,-1121,-7403,-109,-1637,1990
71464,-4115,-3484,1501,741,-1710,-1696
71465,5897,-713,-1053,1388,410,-1042
71466,4143,7458,-142,-28,1790,-111
71467,1233,4781,2339,670,1136,1460
71468,-4033,1405,-2251,-106,-473,-54
71469,6336,-2415,5583,491,987,636
71470,1790,-1851,7304,452,44,1525
71471,5350,1119,1916,1404,-108,-1650
71472,3585,5115,5218,-575,-666,-629
71473,-7744,1135,-2531,-185,-721,429
71474,-5375,7672,4410,-1376,441,-37
71475,-6232,5731,-1190,126,-1260,717
71476,-6852,-1765,-1040,100,98,837
71477,-2918,657,-102,-502,-996,1685
71478,1944,218,-3322,1337,-1525,-729
71479,-6206,-6414,3968,-632,-1248,1128
71480,5084,1975,-2950,259,1553,1638
71481,5578,-6927,-2583,-1712,1652,1348
71482,-5509,4421,6653,-860,-403,1427
71483,6926,-1205,6884,1463,1187,290
71484,2920,7128,2221,1060,325,1187
71485,6618,7819,-4345,1275,-1105,-1829
71486,-1005,3878,-1549,1495,581,-534
71487,-5086,7868,5549,-1065,-1581,-1812
71488,-1244,5728,-1926,1499,-1268,-451
71489,6230,-7941,1578,64,1766,1444
71490,1051,346,7018,-939,116,-1326
71491,849,227,3404,-184,-1895,-106
71492,-40,2644,3896,-941,-1867,-1105
71493,982,5187,648,693,1720,-297
71494,-1062,-2530,-1939,-1531,-748,-706
71495,1786,-298,-5938,-240,1851,-226
71496,3394,-6802,-6081,780,-1824,1026
71497,-6048,-5463,-209,1335,-637,663
71498,7905,-2135,6476,800,699,706
71499,7004,-4273,-7940,-914,295,-133
71500,5951,6724,-3823,1488,1418,-529
71501,872,5231,7776,-521,19,-665
71502,-3591,-6086,-7086,-1804,-1103,-1947
71503,3465,1900,-4356,1585,-1204,194
71504,-72,-6037,2828,-73,-1368,506
71505,-7794,2946,7739,-1838,862,1815
71506,1407,3643,-957,-1676,858,1559
71507,1956,3943,5724,780,-76,1542
71508,-5811,5009,491,-528,1456,-1180
71509,-3936,693,-3260,690,281,-841
71510,-4306,6929,-4873,-1064,-1574,1100
71511,-4689,4270,-4976,-1604,-230,1094
71512,7996,929,1191,675,-325,-438
71513,7769,1382,-2682,-1640,1674,1160
71514,953,-4766,-825,1280,1182,-1541
71515,-1263,995,-2785,-1414,-1709,-1218
71516,3600,5622,-4129,-771,-1361,527
71517,-2146,4769,6243,694,-1720,1884
71518,-7776,3010,4279,-1077,-197,1803
71519,-7809,-429,-680,246,-1048,1003
71520,5344,-3989,-3622,-1591,-1272,-1032
71521,-4331,4904,-5515,-1110,1526,-1876
71522,5207,-799,-6197,1401,818,-1501
71523,-1191,-5572,-1061,-819,-1090,-334
71524,1526,-6373,2129,-124,-1657,387
71525,-7483,-1294,485,-1860,141,-1090
71526,-6070,-933,-1283,1738,587,-1867
71527,1380,7602,1448,849,-628,-1056
71528,-3449,-5269,-5712,-1389,1173,-1221
71529,-4887,-1533,5146,-1442,920,466
71530,-4067,-480,6176,-1123,1449,1895
71531,-84,-6858,-6464,1397,-1021,577
71532,7619,6635,-7978,1674,648,409
71533,-648,4154,4898,-1592,-1200,992
71534,-2299,7576,-2022,-1304,401,-1906
71535,-5765,4472,-1391,-192,-1385,-60
71536,-1157,213,1393,-1724,-777,-1504
71537,-7637,-6365,895,870,576,768
71538,7684,6321,-1883,-1125,-1646,-1263
71539,-1185,2755,4962,1006,1468,-1996
71540,2516,-2757,6579,1643,-802,1962
71541,-1884,4205,894,-221,-1248,193
71542,3205,-1523,-393,-694,-1791,-567
71543,2908,7341,-1414,-796,612,-913
71544,4557,-2017,414,-146,-1364,773
71545,-3656,859,-975,-985,1394,-602
71546,-5026,4517,7131,-1909,1379,-1526
71547,-2095,-1145,-3350,-1406,68,326
71548,1891,-7238,7736,550,-647,-1233
71549,1760,4256,2128,1278,1751,1717
71550,-5599,7445,1903,271,-1890,-847
71551,1749,5774,6580,1236,1586,128
71552,2256,-1878,4869,409,1858,-1199
71553,-2268,5657,-6013,-1246,-1473,-1603
71554,-2355,6778,195,-1194,1236,-1914
71555,6913,-1726,-6026,-1562,-1056,1035
71556,-3107,-4161,3467,656,334,582
71557,-4900,-1917,-4501,-1013,1210,-1690
71558,2525,-1440,-3149,453,-566,-544
71559,689,4440,-4665,-69,-1822,378
71560,2046,4423,-3145,-14,-1647,216
71561,4781,-603,5207,-1422,959,553
71562,5869,886,-4697,-454,-54,1454
71563,4235,-884,-7603,1945,-365,-506
71564,-866,2679,-4557,986,1356,1009
71565,1899,-224,4450,-278,-1504,-1140
71566,2321,-527,2193,1719,-1726,-822
71567,-5421,1228,-2187,713,-1743,-969
71568,-7994,-2672,2731,-1965,1933,-475
71569,7782,3147,4960,1951,-356,288
71570,-136,-2914,-2270,1985,609,318
71571,5694,641,7585,687,1430,831
71572,-916,-2035,1241,796,1619,-853
71573,-7949,4414,6306,846,765,-1807
71574,6228,-2112,4978,-250,-1226,-583
71575,6554,-2060,7636,-1799,-874,-1528
71576,7799,2021,-4577,451,-611,773
71577,-4654,3104,-3521,269,1736,-1955
71578,-1187,1907,6251,-1250,1515,-1588
71579,-4089,448,5261,445,1690,-749
71580,6577,-5227,2196,-911,-90,-1382
71581,-3983,7247,-5581,-920,-1298,-995
71582,5152,-4582,4228,-1924,-377,-935
71583,5532,-1908,-7745,222,-879,-765
71584,3622,-7737,-1519,-1558,370,-1362
71585,846,3638,4721,-1205,1236,112
71586,2282,1517,-63,844,950,-1750
71587,-6852,-1599,6995,-220,-519,-1460
71588,4650,-1452,-5496,1955,913,-1471
71589,-3411,5995,-2306,-912,726,936
71590,4328,-6530,7332,195,-1898,-1175
71591,-4545,835,-1402,-1631,-1914,1381
71592,6235,-494,-4270,27,1776,205
71593,5344,-6151,-5985,1252,1510,601
71594,4844,-6946,-135,462,-1491,1446
71595,-2983,-3957,1414,-889,-1228,663
71596,-2987,4185,-243,1906,428,825
71597,3517,-7597,-3001,498,-902,-1163
71598,7927,-6507,-4077,1086,1677,-1796
71599,-4377,2103,3397,-1302,-1554,1434
71600,-3288,-7763,-6765,674,1028,1441
71601,4456,87,-3830,-386,1909,-1336
71602,6135,-3387,-2341,-999,641,1720
71603,4887,-4140,-2423,-853,1989,609
71604,-535,2516,3547,-190,-655,-1756
71605,-2714,186,385,-1028,-1759,514
71606,-7702,-1332,2644,1801,-1615,-686
71607,-687,-4135,-1597,-135,412,1438
71608,-1859,3925,6472,152,67,758
71609,-4373,2136,-2323,536,-439,-814
71610,673,2622,-4704,-1464,-289,506
71611,2808,-7612,-3484,698,1029,-453
71612,-3914,-1913,1763,420,-1017,-905
71613,1927,302,5190,-660,-1156,-1608
71614,-1519,-1364,2424,1676,789,415
71615,1071,-7122,1894,1479,1193,116
71616,-3876,-2428,1314,-331,-520,-860
71617,7789,-3860,6453,556,534,826
71618,-6024,7004,4383,1534,369,541
71619,4661,6206,-4472,-1047,-1928,-628
71620,-2578,415,-526,513,-1326,462
71621,1786,-5418,-7765,-1523,-53,1913
71622,-7165,986,-1120,-1865,-661,-293
71623,-1932,-7183,-3360,805,-1615,-811
71624,2093,3197,-2643,-40,113,-1929
71625,-5516,6190,4154,-15,-1924,-679
71626,-1389,-304,3478,1915,-298,38
71627,-4072,-7712,-5604,-42,206,-964
71628,4365,1182,5745,1338,1229,1977
71629,3009,654,2078,788,435,673
71630,-7534,5661,-4712,1447,-503,1871
71631,466,-6054,-1387,-155,-742,-1448
71632,-5507,-3824,1048,-1161,1616,-9
71633,5662,609,2535,-1712,742,-1532
71634,3794,1054,1263,1542,794,-1856
71635,523,4783,4337,-831,247,1157
71636,-1427,-7305,-1859,-165,242,-1071
71637,-1077,-5854,5216,-759,1655,-1362
71638,3712,1722,6070,1167,-549,1244
71639,6796,-3453,-4780,-1384,69,552
71640,2101,-6000,-1115,-1798,1898,-1833
71641,-4924,-4225,-5367,-1632,1434,1443
71642,-2658,-1883,-5196,821,-1180,-1475
71643,-7153,-3078,6714,-1245,102,-884
71644,-7558,-2307,-5935,1099,-576,-1687
71645,-6585,1612,-1825,-1975,-833,1732
71646,-3500,7957,-7436,823,-386,-29
71647,439,3843,1128,-347,-895,-460
71648,4396,6165,-1550,-585,38,-649
71649,-4960,4342,-1669,1795,-134,-1810
71650,-203,3204,2330,623,455,-1527
71651,4020,-5045,3322,1123,-114,1169
71652,-6417,7800,-1871,1826,1356,-485
71653,5054,-5416,-2004,1797,931,-1001
71654,-4065,-4626,2677,1076,-1605,1614
71655,-7963,3572,-601,1836,-126,-499
71656,-1935,-5157,4693,1524,-439,1060
71657,3537,-5747,-787,-1737,185,-1799
71658,5174,3063,4430,990,-662,1744
71659,-2063,457,-688,340,802,61
71660,-330,-4361,-6705,1456,38,-775
71661,-2064,5173,2984,-445,-203,-384
71662,-5299,-3408,544,-1143,-1740,1873
71663,885,7594,-4036,410,93,-1095
71664,1510,-47,-4126,-626,1630,-1986
71665,-2512,6412,7429,-1678,1096,-830
71666,-6451,-1523,-5956,1419,-1755,1031
71667,6160,-5836,-7419,-1261,-295,-568
71668,-5932,3555,328,1068,694,-1317
71669,-2306,617,7977,-152,444,774
71670,6581,-1108,5454,805,-732,982
71671,-7356,5388,-1600,470,830,532
71672,3589,-2363,4656,-1871,289,-513
71673,-7134,6789,-654,-1892,381,-875
71674,4218,2453,-6380,-1346,-1678,834
71675,-2658,2976,1640,-41,436,88
71676,3959,3779,3199,1505,-290,-156
71677,-6377,-5653,-4145,677,-433,1145
71678,-6529,-4997,-6609,-979,1904,-1071
71679,4544,3138,5622,1311,651,-240
71680,-7410,-6925,7645,1990,1694,1260
71681,6221,-2387,4386,38,661,490
71682,-3843,-1668,-7239,-326,481,-1261
71683,-7926,-5942,5935,398,1776,-1304
71684,-2066,799,-2139,774,-1498,1549
71685,-5491,5162,-3072,-1713,609,-244
71686,2614,4966,194,1153,-851,1712
71687,-254,-7691,4619,1350,1998,-1029
71688,-4863,-626,-7931,358,-1928,1057
71689,-7404,5825,-3869,1167,778,-775
71690,-1138,1629,1806,222,-274,-1687
71691,634,-6934,3878,1724,-1681,-1150
71692,-1585,-2861,3869,-20,-1079,-884
71693,-2567,-2798,3565,-601,103,-1468
71694,-1975,684,330,1527,-659,226
71695,-4269,-1749,-6491,-922,1201,-1840
71696,-1768,-3654,-4945,81,-1025,-1149
71697,3336,7579,-6327,-1535,1752,1477
71698,2,-2873,-1647,-155,-1326,-1383
71699,2725,-4272,2110,-1036,-914,1286
71700,1846,3880,-684,-1616,-1554,40
71701,6094,-179,-2931,1094,885,-572
71702,-5446,4162,334,1888,175,-133
71703,5772,7987,-120,681,244,753
71704,4083,-3801,7282,867,-691,-1553
71705,-4443,1659,-4427,-1416,479,1938
71706,3378,-5119,5395,-1758,-780,-1441
71707,4346,4851,3543,1520,-125,67
71708,4658,1604,5796,-894,-1609,-1026
71709,-6187,222,1841,1333,-160,515
71710,-1028,-2400,-5107,-775,-1838,-189
71711,-42,6025,1359,-494,1581,-1225
71712,2065,-4715,2618,-1252,1830,-1704
71713,6634,-7815,1294,-712,-1453,-115
71714,-6933,1946,-3280,1270,386,546
71715,7280,3184,6436,1411,53,1970
71716,3147,1836,-5422,244,816,1620
71717,5317,-3969,5048,-416,-959,-886
71718,5867,6205,-1635,-438,852,1853
71719,5865,7625,-7025,689,-616,-1386
71720,-2435,20,4337,1822,1226,-1610
71721,-4173,-6773,818,297,-1118,-44
71722,-2363,1780,3195,1981,-576,663
71723,3243,-7950,-7114,1185,59,1935
71724,-2831,5519,-2178,132,-1650,-702
71725,4043,-5977,-1708,34,-1078,1382
71726,4302,3061,-5235,1011,1418,1359
71727,7988,-7803,3392,-1429,-1229,458
71728,5062,7262,3893,-1683,-422,1036
71729,-1078,-3936,-5331,130,1859,-928
71730,-521,6331,6349,1391,711,853
71731,2384,6400,-4530,-1152,444,-226
71732,-7085,1468,-7328,1606,-1798,319
71733,-3488,1850,4342,1304,-404,945
71734,2976,3736,-6575,212,-844,-626
71735,1349,2327,4963,719,-1649,1696
71736,4998,4665,5661,704,1213,905
71737,-6681,-6044,2412,168,-1654,-1016
71738,5670,-4292,754,1438,-55,1618
71739,7081,3180,-4758,-1958,-1977,-1964
71740,-2618,4256,-2530,871,-351,485
71741,3323,-3023,-3587,-163,1014,-1036
71742,-6943,-4200,-6635,-86,1587,1882
71743,3707,-6321,-7795,-1007,-54,-714
71744,-7925,-1861,-4431,78,1853,1821
71745,-7929,415,-1343,1821,-263,107
71746,-3472,5681,969,828,-1668,1091
71747,-5625,-3564,2890,916,-375,-1683
71748,3859,-7852,6645,-1474,-1297,1093
71749,3756,-5449,3851,-1376,398,1029
71750,-5707,2036,-3050,1258,-1219,1022
71751,-5742,884,-7845,1177,666,-742
71752,2510,-2608,-3970,-1673,671,-566
71753,6003,5814,2732,401,-1802,-552
71754,6426,-6762,-4556,-1033,-1854,977
71755,-5698,-1376,-1479,977,1980,1719
71756,-7148,-1141,-5363,1261,-887,-3
71757,-5881,-2375,3561,545,1855,798
71758,-3249,5318,5537,-1487,-1745,578
71759,4355,7005,6581,1229,-1148,518
71760,-1982,-7513,1353,-602,995,-406
71761,-475,-6672,2682,-127,1947,-642
71762,2647,5419,-2867,208,-963,257
71763,-6382,2111,-4559,1913,-74,281
71764,1762,-2564,-798,1067,-1735,1538
71765,-2970,2722,-5875,-333,998,1172
71766,7391,-2293,-3703,738,1037,598
71767,6546,111,-4414,-922,-390,1707
71768,-6007,-6898,-7034,-1928,1307,1531
71769,64,6822,6525,502,-660,-1840
71770,5160,3270,6887,-1684,1310,-524
71771,3211,-6148,-5561,-648,1729,-1999
71772,5221,-2087,-5646,-1612,-1274,1770
71773,-268,192,-2211,1408,-1448,-1840
71774,-4495,1853,5828,-1310,-1455,-1354
71775,-524,-4482,2349,-1973,773,539
71776,-346,-7120,3577,656,-1370,1321
71777,7855,-6360,231,1274,-1006,1486
71778,-5032,287,-280,-637,860,-948
71779,5199,5522,-3782,-855,1908,1808
71780,4334,7701,-3851,-78,-1052,612
71781,4493,7318,1639,-981,1499,-1754
71782,3442,-7255,-7278,1709,-868,-798
71783,4825,-3408,-600,-804,1764,-726
71784,-1903,-1255,7665,-1923,-1689,-311
71785,-1247,6307,1080,127,-1775,-1049
71786,7660,7998,5527,-1470,345,-463
71787,-3732,2513,-1894,92,-696,-1892
71788,2672,-5678,-4427,1545,-826,206
71789,3994,-6447,-1040,-1798,-663,1704
71790,-3027,4311,1884,654,-1378,-1260
71791,-5075,7589,-1461,80,-1896,1302
71792,247,3049,354,-1606,-1479,1218
71793,-7626,-994,-2628,26,837,-1089
71794,7102,-5578,4317,1019,-247,59
71795,3924,-3342,-7024,-985,-1471,-1372
71796,-5344,1780,333,1124,-109,1705
71797,4148,1875,-7827,-1946,190,1491
71798,5999,481,6845,-1215,-1984,787
71799,-3938,5166,-4691,1679,-1220,-931
71800,-2353,5946,5013,1141,224,-673
71801,-5451,142,-2958,764,1705,-1358
71802,-2253,-2505,-3955,721,-62,-763
71803,-3092,-4122,-2283,-538,1149,1238
71804,5059,329,-5639,-575,1172,-1468
71805,-2399,-5556,-7736,1033,81,-1067
71806,5587,390,5135,-684,-1179,244
71807,-1773,4664,5372,428,-1057,656
71808,5829,-3676,-6248,-147,-1838,971
71809,7602,-7867,6751,601,-520,1909
71810,-2842,4771,-1847,-503,-958,-763
71811,7622,-4062,3979,155,1228,675
71812,6592,7023,-3350,-1155,210,-1756
71813,5330,-1069,-4399,393,-566,-142
71814,-7839,-4839,3208,1937,403,-1625
71815,-2950,-3222,-5963,-1622,1644,-1922
71816,6463,1655,7487,-78,-325,-1074
71817,-7957,5990,-6891,-1867,-1830,-918
71818,847,-7703,-5082,-287,1666,1809
71819,2016,1526,5479,-290,1746,405
71820,-2273,4857,4637,447,1609,1468
71821,2150,-384,4620,-1366,295,-497
71822,-7181,5019,-5795,-1916,-932,640
71823,-908,5977,796,65,-736,1370
71824,2280,-754,5643,-1268,841,-1674
71825,2853,-7881,-3895,1211,1911,-146
71826,-5893,-3742,4938,-1484,541,-751
71827,5423,-7380,5573,-922,-1799,1018
71828,4001,5990,1659,712,-878,264
71829,-4060,-6421,-175,-1771,-439,-481
71830,4408,1950,2906,-1740,-1876,631
71831,-7675,1044,4449,1159,-924,-1614
71832,6943,-2010,171,-1426,6,-49
71833,-6060,502,-5954,1762,1243,505
71834,7037,3805,-1862,1616,164,971
71835,-5596,-214,6735,407,1798,1948
71836,3486,-5264,-5828,-273,840,-1136
71837,-2467,5212,-6833,-1641,955,1581
71838,-362,7430,-3911,-1745,-1054,1751
71839,-1060,-7710,6045,-1068,430,-751
71840,6491,5635,-5338,835,716,-1662
71841,-6057,-922,3125,680,-1977,1605
71842,7770,332,4136,157,-225,1422
71843,-5083,5272,-6808,251,-490,-1415
71844,-7266,889,5815,-1088,-1144,472
71845,-5228,-2834,2374,1410,1279,386
71846,5639,4401,1882,885,-1707,-1306
71847,-6264,562,5436,966,-1933,5
71848,-2474,6406,7096,1127,-384,724
71849,-5506,295,-3247,-1922,-1930,598
71850,7810,-2405,-2235,-449,-345,1853
71851,-4882,-3269,-7688,389,1273,-341
71852,-2425,-812,403,1318,-1024,-1837
71853,-4346,3239,-4648,-1336,-789,-1187
71854,-1620,6265,4028,-1990,-361,1098
71855,-6399,5686,7526,1083,1759,1258
71856,1917,2661,-6804,-1564,1793,226
71857,2477,1505,-4546,541,28,-659
71858,-2197,-2229,-3930,179,-1047,1942
71859,-2634,-1245,1377,-428,-1687,352
71860,5718,7053,3951,-957,730,1280
71861,-3960,1974,4181,-1036,391,-127
71862,994,1914,4032,-1128,1643,1510
71863,-1749,-5733,1488,-1618,1537,974
71864,-7362,-3336,-2424,-1603,-1314,951
71865,874,-1192,362,1391,387,1513
71866,6702,-7340,-5131,-1030,926,1867
71867,5873,-541,6082,-256,-582,-1101
71868,2445,5409,-1072,-1493,-1702,-1043
71869,34,1362,7256,-964,-22,1301
71870,2417,83,-1714,1773,-1204,1636
71871,152,282,-4634,-1173,-507,239
71872,4797,-1973,-231,484,1815,-686
71873,3044,-4307,5156,1875,126,1976
71874,5444,6988,5130,-982,1246,157
71875,7245,-22,4795,-1327,995,1768
71876,1061,2732,67,668,-1461,-1804
71877,3814,7500,-4822,-1123,1128,106
71878,2101,-6756,-6916,551,-1698,-1536
71879,4344,-7338,561,-755,-1165,-1465
71880,199,5083,7762,773,-809,-349
71881,-7910,6980,-1037,-37,-1470,-844
71882,-3951,-5908,-6072,872,-662,-1050
71883,-2263,6439,6154,-1451,-1411,-1803
71884,1863,-4516,-241,-40,-1003,-41
71885,-5419,-5005,-454,1368,218,501
71886,-5948,402,-2189,1128,-1224,1217
71887,-5220,-6443,-5525,-1773,1532,382
71888,-4050,-4798,-102,-150,-349,-1376
71889,-1008,-7892,2057,-813,-1100,-1164
71890,1720,-7554,3802,-209,-640,1926
71891,7439,-2696,6157,-155,-1291,1207
71892,-3867,-3480,-1048,644,-787,1411
71893,-2611,-3696,6946,263,-1247,-8
71894,5919,2106,-171,-1562,1378,-1931
71895,4107,-7859,465,1574,15,637
71896,-6158,-3295,-1226,-1292,-908,1760
71897,-3010,-6437,4193,-1518,488,1749
71898,-3916,2439,2338,939,14,1819
71899,-3490,4538,-5433,1143,1155,-734
71900,-7482,-2306,-2084,1374,1071,36
71901,-2234,7555,2062,-1761,1835,-920
71902,5794,4683,-7441,1928,410,1732
71903,6893,3597,876,551,274,1066
71904,1210,5661,-4675,1181,-294,538
71905,-101,4628,-1054,646,556,-1727
71906,-822,-524,3030,1893,1557,-1299
71907,3198,2392,1691,1868,-643,1152
71908,1431,-7372,7997,-1826,-1661,1486
71909,5315,-6046,6187,-1786,512,-1125
71910,4391,6682,-1223,948,1185,105
71911,4209,3148,937,1892,391,581
71912,2860,3756,-3872,-174,673,-1470
71913,3620,4539,4577,736,780,-241
71914,7119,808,-4283,1445,-756,1780
71915,-5225,-4269,2460,256,506,-1068
71916,4237,-2024,7657,1724,1997,-1163
71917,2273,-6750,-7544,-253,-648,-1874
71918,-1198,-6311,5267,1759,-1929,1236
71919,-5733,-4647,-1547,1568,1420,1873
71920,5958,1352,-2831,-582,-805,1581
71921,-3965,-3400,3988,972,1866,-1640
71922,5447,-778,4599,1143,779,-1726
71923,-6813,-3865,-7607,-227,1377,1924
71924,1551,-3924,7214,1655,-740,-538
71925,2459,5948,6492,-1995,741,-1450
71926,204,-2592,-3920,1585,-299,-575
71927,-6093,-7729,1214,1982,1353,-35
71928,1950,1994,-7487,-764,-1616,1246
71929,1770,2472,-3627,286,25,231
71930,-7781,7089,2753,94,-863,-976
71931,2754,-2667,5746,478,-919,-1672
71932,-2539,7660,5405,-453,-161,-258
71933,-3513,-1688,838,255,1095,1292
71934,4379,-7497,-1517,-139,22,-21
71935,7367,-4593,1698,226,1983,-546
71936,-1318,2256,-2407,-352,-1338,1112
71937,-1970,-2402,-3734,-452,1991,-1633
71938,1281,-4242,6027,182,-1892,1920
71939,1293,-1769,5903,1358,729,-1699
71940,-2491,-6369,-5987,-1584,-1407,-1452
71941,5640,5153,7507,-326,1154,-1631
71942,-2759,-2165,653,394,-1696,-1937
71943,-7810,-7253,-5773,1591,-633,45
71944,1214,3843,75,829,1178,620
71945,4182,-7304,-3846,-888,-1998,-455
71946,1744,-6435,-7770,1041,-884,-705
71947,3670,4487,-1107,1199,486,-848
71948,-5478,-3234,3946,882,-68,1440
71949,-6842,3832,-7185,1657,1291,-1018
71950,54,-4249,6996,-596,-926,-1506
71951,7115,7542,1288,305,-956,-291
71952,6311,-6241,6011,-884,-809,1901
71953,4217,6662,28,-480,1943,755
71954,5741,4208,-2866,299,370,572
71955,6016,-7632,-7531,-1122,-1096,1121
71956,-6126,-3530,-3841,989,224,1602
71957,1533,-7240,1884,1400,-1986,580
71958,4599,4089,1926,-1404,1407,1808
71959,-4280,-2067,-2588,821,438,1941
71960,-6068,-2413,6568,-1937,-849,-846
71961,4713,-1218,-6825,996,483,1298
71962,6325,-4783,6628,-1128,-706,-1851
71963,3794,-2856,-6945,417,497,1602
71964,372,155,4173,-1061,-1286,1687
71965,-2292,4395,-6582,-988,-723,-1447
71966,-2919,2811,-3325,1931,286,-1033
71967,-478,-2716,3609,-882,1938,1316
71968,6052,-6006,1493,1844,-1632,130
71969,-5222,5363,-5968,839,443,-1449
71970,-7883,-2881,-2415,-1520,812,1869
71971,-5181,7802,873,-625,1291,-926
71972,1997,-1103,872,1944,-1328,210
71973,-6038,-2556,-4576,-407,-1621,1734
71974,3085,7398,-206,1510,1519,-1749
71975,-3140,3516,-2690,823,-277,1480
71976,613,4047,-4363,-1329,765,81
71977,-4176,-7770,-3900,1935,-139,-988
71978,317,-7422,-3344,-131,1038,-1459
71979,7774,2308,332,1788,-1493,-628
71980,2735,-2120,-710,1522,-466,453
71981,3511,1525,-106,787,-809,966
71982,-5683,3965,-7294,1369,1912,1215
71983,-4444,-5338,-543,1105,-195,410
71984,-7239,3778,7087,321,1056,-304
71985,-6550,-1228,4064,-1837,-66,457
71986,-4099,331,7893,933,-1973,508
71987,-3945,3993,3690,-1808,-1063,1561
71988,-1621,-4167,3861,1142,-973,-431
71989,-3268,-3356,-3681,1415,62,1106
71990,6203,-5251,-5206,805,-1102,212
71991,-1624,4919,-407,-821,-1347,1811
71992,-1304,140,-6763,1152,-1648,-260
71993,-3458,-4401,-6131,1593,1349,-1318
71994,-532,4044,5500,-410,-1526,-749
71995,-7863,-3033,-3063,-1298,-1420,425
71996,6303,4580,-790,41,1592,-19
71997,4823,3340,-651,1827,727,1870
71998,3256,360,1899,-86,-591,1344
71999,676,4851,-3900,-594,-1330,1494
72000,3168,-7252,2209,-683,1112,1564
72001,-5762,-6881,-3314,1475,666,63
72002,-3168,7588,1129,1865,1480,543
72003,-6722,-2757,-3565,1940,-1181,-1582
72004,-2691,4507,4781,-1158,879,-452
72005,-4089,5637,5263,-1788,1334,-303
72006,2828,1439,4869,21,-226,-699
72007,-4517,4723,-2138,247,1404,375
72008,-1192,-2586,649,1921,-1215,-1161
72009,-2869,-7148,-6429,1678,907,-1661
72010,4241,-7328,1393,648,-1858,563
72011,7476,7096,-7680,844,709,-1227
72012,2800,3608,7565,1202,-1662,289
72013,3410,-5685,4346,-1638,24,-426
72014,5016,2370,-1766,-599,-482,-1607
72015,5423,1551,4439,517,1644,-1636
72016,-2760,-3767,-7542,-1279,-309,942
72017,1152,6880,-539,361,-228,-1308
72018,291,-1938,-1637,1321,-646,-1145
72019,3812,3118,-3882,-930,-1064,-173
72020,3073,7541,2919,39,86,-976
72021,-4196,6913,7449,1849,657,1086
72022,843,7451,-2503,1498,-1707,-298
72023,-5157,2638,774,-544,-1962,-1284
72024,1730,-3728,-2962,931,-1466,-1007
72025,-5688,-2240,-6168,1404,-397,-1412
72026,-4469,-976,2526,-339,-703,1314
72027,-6332,-3785,6522,-404,-506,-433
72028,7307,-3313,6850,139,167,409
72029,6442,4808,1096,-1303,284,-1992
72030,6350,3522,-2731,-1199,-957,-577
72031,1663,1880,-1859,-1337,-1459,-1966
72032,7040,-3856,2969,1994,-672,417
72033,7992,6202,-7086,1621,631,-1290
72034,-3817,2284,-5861,-1997,264,-1782
72035,6727,-1287,-1429,-214,-1554,-538
72036,-5265,7796,2318,-621,1304,-1491
72037,4575,-7779,-5385,-1595,1974,517
72038,-2431,-2829,-617,-74,1003,1772
72039,-808,6786,2762,-218,-507,1342
72040,-5871,-5028,-839,-1613,-1295,-195
72041,5335,7884,6987,1785,-165,-1689
72042,-1036,7801,-2247,1188,-1549,111
72043,-4943,-7909,-2775,1430,-243,-76
72044,4183,-1547,2238,400,308,-1170
72045,5918,-6411,-1354,1020,-1686,-1424
72046,-4851,-3293,-1521,-1511,-475,1742
72047,-7815,518,-1133,-174,-1301,456
72048,-2844,7309,6470,-1627,-839,-818
72049,-6986,5387,-245,445,-531,616
72050,7692,-6242,3628,-325,-1771,-1386
72051,-3838,-921,7193,824,237,1891
72052,-2924,-2448,6811,144,-1735,-1152
72053,-857,-2152,758,846,3,-20
72054,1379,-760,-2472,-1957,1579,190
72055,-4948,268,-3917,1410,1479,-1507
72056,6601,-6376,1215,702,253,848
72057,1500,-5926,-1951,1939,1505,1665
72058,5564,4425,-7347,-830,910,238
72059,1750,5713,-857,-137,-602,-1985
72060,1773,7433,1110,-858,484,-1764
72061,5055,6872,-6703,-523,-486,1323
72062,4592,-4684,2326,-107,-834,1336
72063,1537,6530,1125,-1465,-1923,-385
72064,5312,-5907,2290,-987,-805,-455
72065,3868,-3685,4482,-1312,-715,1691
72066,-3614,-6872,-6388,1436,-312,-1360
72067,2438,2201,-2849,1017,-1054,-535
72068,246,3703,3026,888,1759,-1872
72069,-4767,2750,5517,796,1337,-225
72070,-7881,-1572,2934,1511,-737,1129
72071,7783,-350,674,1681,659,149
72072,-7236,6159,-7144,-706,-720,-1039
72073,922,463,-7077,745,-705,-152
72074,4242,-6597,-7914,1811,-48,1090
72075,1781,1147,-7700,-1744,-805,993
72076,7382,6329,-5471,1595,-208,-1809
72077,4313,7055,-1147,409,1977,962
72078,-7191,3859,5375,51,-1689,-1034
72079,174,-6694,2236,784,1395,-586
72080,-843,-3294,-2148,-895,778,1012
72081,-3296,-681,-5512,-714,1319,-1044
72082,5326,-5506,-623,-268,1349,916
72083,1668,-2324,-4457,-594,-789,-977
72084,7305,-5459,3161,-1700,786,143
72085,-3463,869,-7067,1607,-967,-921
72086,-5705,-2694,5129,1560,-834,242
72087,5903,-7583,6541,792,-235,-202
72088,-7279,-7197,3483,1299,-508,-1933
72089,5009,5980,-4629,1675,1714,-1429
72090,-7365,3058,6920,526,1226,1624
72091,5721,-467,4372,615,1557,-1887
72092,6119,219,-7301,1041,1950,1666
72093,5093,1935,-538,-1217,580,-1008
72094,3049,-7925,-2773,-1008,339,-1849
72095,-2260,1047,-7826,-782,1724,451
72096,-989,-867,1545,1741,1337,-202
72097,-4726,5278,-3264,1229,-1221,1311
72098,1919,-4366,-7974,-1566,1256,1275
72099,7046,-7825,3792,-567,-1080,1341
72100,-681,-1202,-1670,1682,-1410,1693
72101,-7395,-6331,-2741,-460,-161,1459
72102,-3159,7884,6461,-240,1156,1885
72103,723,-3677,-4608,227,332,-547
72104,-2790,-6916,7084,1263,1749,-1238
72105,-91,499,3702,-1706,1421,569
72106,-3767,426,-122,-819,-123,1018
72107,-4033,5316,-7150,1772,-1042,509
72108,395,5760,2608,-1045,109,980
72109,5608,-5045,4110,802,518,1269
72110,1867,-7439,-4204,1656,-742,-1953
72111,-4,6028,-2598,-1859,1785,847
72112,-7984,-1909,6007,-553,1007,-121
72113,6827,745,-4886,930,-40,1625
72114,-2995,-1934,-7318,-1425,-1529,-1041
72115,-4321,2288,-457,-1073,-220,-551
72116,-3367,4764,-2901,651,1160,359
72117,1968,6689,-4803,-269,-1824,1087
72118,-7008,-7732,6219,297,849,628
72119,-4799,-4583,6556,1003,-466,544
72120,7918,1462,7134,543,-1869,-1678
72121,-7326,7579,2382,41,-709,-704
72122,-2218,7804,4601,-1635,-551,-1828
72123,6511,4915,-7746,1594,1608,-339
72124,7716,4158,-4752,1555,135,-126
72125,-3412,7701,-6330,257,508,-518
72126,-3596,-1294,7563,-1407,1093,-32
72127,-1544,-6560,4955,-188,-1570,633
72128,122,-7421,140,105,1529,1648
72129,455,3997,-6969,-1192,-191,946
72130,3110,-102,2266,-600,-1045,-1016
72131,-484,5400,-3515,1681,402,-1799
72132,6816,7918,5058,644,-1595,-420
72133,1648,-4093,-4312,-557,-1497,-911
72134,-5925,-671,2397,-1179,763,822
72135,6610,6432,-6636,-932,-875,-1353
72136,1033,-3383,-2530,965,1480,-1247
72137,-5920,4609,-5073,-1892,-1240,-827
72138,786,-4171,-1442,1789,367,1626
72139,4824,-4022,652,1083,1442,1621
72140,402,4086,4463,-891,584,1121
72141,-2586,-4366,-6934,260,-1890,884
72142,-2278,-2932,-3313,-1194,174,-370
72143,-6581,6757,781,-307,-1083,1866
72144,6088,3555,-1951,-1479,1924,839
72145,4320,7781,-4253,1756,-1504,820
72146,-3483,1914,6443,1817,-1292,-1092
72147,4741,1915,2201,1523,-896,-150
72148,-2872,5444,-4714,-79,-271,170
72149,7943,-6134,252,1233,-937,-136
72150,1682,7843,6477,-1590,1324,962
72151,-1412,5486,4313,-966,-1911,-1876
72152,-6907,-2432,3954,-1654,-1467,-1167
72153,7254,-7688,2900,-747,-1879,-1602
72154,5117,3277,2308,-1271,-312,773
72155,-2104,-7227,-1143,-786,-435,753
72156,6061,4013,-5537,166,870,786
72157,3643,-6791,-6456,-1328,-1898,-1019
72158,-6941,6191,-1675,-952,140,-911
72159,-5372,-215,4009,310,160,-239
72160,-279,-7584,4611,11,-1197,-810
72161,5867,5350,1992,279,724,1865
72162,5658,619,-596,1233,-1926,864
72163,5945,-7579,-6745,1517,1073,1714
72164,-221,-844,-1243,-1904,271,739
72165,-3295,-2067,2405,-1286,-246,-477
72166,-809,-7185,7889,-1706,-250,1059
72167,7571,7823,4274,-1342,-915,548
72168,1114,242,-3281,292,-1589,-1284
72169,-3205,5700,-7415,-961,-401,-1363
72170,2714,3000,-5891,1682,1107,-1069
72171,28,3231,4476,465,-712,-1134
72172,384,-7572,2435,1956,1428,-709
72173,-7107,-6328,-4843,1949,-819,-1837
72174,-2519,3877,7508,-1559,120,1373
72175,-6236,6068,-4720,-1443,1958,1757
72176,-785,1158,-6185,-921,-268,665
72177,-802,-1829,-409,1817,137,1723
72178,2992,4306,154,-1416,1922,1248
72179,3871,2858,5863,-647,-1816,932
72180,-5222,5789,5319,-1011,-1527,-41
72181,-3988,171,2616,-280,649,-1480
72182,2179,258,3354,1349,-1267,91
72183,-4017,-2785,1492,90,-734,1025
72184,4013,-4448,-6307,1950,1645,-47
72185,430,3115,4486,1129,-1454,1215
72186,-5132,3003,6637,-1192,-1446,-1925
72187,7808,3862,-4095,-1167,-1899,957
72188,-4438,-3494,-2184,-723,-1184,1470
72189,-7920,6277,7357,-934,752,-1056
72190,4911,-4128,-7330,-557,-581,723
72191,3789,-5507,-3090,1449,367,850
72192,7330,-2182,3513,-1587,1655,345
72193,-501,-6290,3574,1371,1279,1329
72194,7126,-212,-1059,965,1121,-1028
72195,3346,-6970,-6026,1854,525,627
72196,-2684,-4090,-468,-180,113,1991
72197,-7005,4630,2606,1315,851,882
72198,3180,-4483,2757,1175,1672,-569
72199,1326,5339,6870,440,-1699,-100
72200,-385,2952,-3584,-1608,-877,-945
72201,7226,-7979,-5743,-1158,1204,-916
72202,-6657,-1044,-4216,1753,-294,241
72203,6871,7124,-7130,997,1597,-1788
72204,-5940,1550,994,1676,1962,747
72205,-6556,623,-7653,1469,-907,-590
72206,7218,3517,-1864,375,434,597
72207,6983,4072,-5282,1166,1896,540
72208,6751,6313,5632,-1609,1954,-1017
72209,2851,-1886,1078,-311,1605,-247
72210,-1544,-1775,4857,513,352,874
72211,2771,-4772,5664,-669,-753,1075
72212,7232,-2413,-5069,826,1568,-124
72213,-1085,6222,-5509,1727,379,-1691
72214,-3094,-6619,-4810,1089,371,-1804
72215,-7805,-7523,-3957,1460,1359,-1131
72216,-74,1276,7680,168,-311,-5
72217,-4879,-5551,3704,1147,1143,-510
72218,6471,-4399,-3876,1252,563,291
72219,330,-7093,-4102,-23,1557,1694
72220,948,-6434,-7089,-856,-541,1173
72221,-7372,-608,-5685,672,-1128,-1445
72222,881,-4769,7086,1427,1043,-575
72223,2112,5736,2817,-807,394,-1929
72224,-2856,-4311,-6002,1201,-1334,-116
72225,-448,6792,5988,-354,192,-618
72226,-7703,-7656,-5458,-1445,201,1616
72227,4685,-5318,-7523,-1721,784,53
72228,1665,3828,6002,1092,802,1444
72229,-215,-5475,-5960,-241,-1442,531
72230,4810,-3931,2497,1968,1149,1745
72231,6820,-4557,447,1929,-191,131
72232,-5888,-531,1555,1345,-1565,475
72233,7028,3407,-4655,666,1486,1033
72234,-4860,-2902,-4637,-1923,-746,1503
72235,-4725,3432,7983,1687,-664,1034
72236,7954,3312,-174,-707,101,58
72237,-5413,-1568,428,1848,-293,-1577
72238,-3811,-5596,5434,1684,1972,-1186
72239,1174,-3907,-6306,1053,-1289,-535
72240,38,-5721,-2436,-823,1215,-545
72241,6954,-5632,-7555,1977,364,713
72242,4239,5961,-4179,-211,229,-1226
72243,3626,4000,-3528,-1434,522,1703
72244,-4548,6862,-3919,-382,-1003,-1159
72245,3567,5601,6435,1327,-1153,-1738
72246,-1582,2952,312,-1559,813,155
72247,-5707,6662,7236,1009,-88,-95
72248,-6759,-728,-2353,1514,656,739
72249,-464,-6927,-7519,86,-613,-1355
72250,-6170,2668,-3715,1187,1725,1530
72251,4790,-7548,3712,-487,-1216,-869
72252,5190,4619,2119,1987,991,-1601
72253,2538,6532,3809,-1557,552,78
72254,-1052,5935,2456,240,49,-656
72255,-4277,-1157,7970,296,-795,-1866
72256,930,-265,-1460,1064,1706,-607
72257,-349,7182,-7466,657,839,249
72258,6284,-1216,-459,266,-1509,-1476
72259,4450,5376,-38,1209,1927,-1996
72260,-7369,-6851,1229,-1513,-247,-405
72261,-4535,-4471,7038,-485,-854,1771
72262,2968,-3910,-6513,1666,1954,1556
72263,-3714,-6438,5910,415,128,1202
72264,439,2946,-1061,-1951,-1268,1361
72265,-3975,3827,-4258,-1124,-1737,1872
72266,-973,5334,-7533,165,1200,590
72267,7072,4188,-3321,-1469,1821,1046
72268,-7517,-2225,1388,1126,1088,-1221
72269,-6300,2574,-6430,391,-1483,922
72270,-3933,-3873,7807,797,-545,234
72271,6387,3282,-6277,464,1742,-1457
72272,-2516,1356,5227,-310,1273,-377
72273,4553,-5754,333,717,979,605
72274,-3801,5821,2108,-473,-953,781
72275,-5456,-26,7391,1132,1669,-158
72276,777,-3966,-4592,584,-1428,-51
72277,1047,-3124,-4966,-477,1154,510
72278,7253,7046,3903,-1056,-657,1738
72279,-3836,891,5977,214,-1637,-1682
72280,5857,-6686,6044,472,-775,-139
72281,1010,3832,-7863,-740,309,1502
72282,-1058,-7218,-2798,-868,1577,-458
72283,1366,3188,-7878,1161,55,736
72284,-6438,-4129,-3483,85,1717,-1384
72285,-2202,-1756,-4540,911,-946,1257
72286,-1758,-3360,5200,1745,899,-1183
72287,2591,7097,953,786,-914,1475
72288,7829,-2285,4170,-633,73,1923
72289,-1110,7597,-3441,784,-1178,22
72290,385,-4096,-3669,-74,1871,895
72291,-7435,-7395,5292,-1870,-1405,-1549
72292,4998,7226,6822,-609,1286,-1431
72293,1272,4962,-2112,-1112,539,-693
72294,-4965,4389,3636,392,1945,-800
72295,-5642,5425,7638,-1520,493,-187
72296,-5110,4282,3054,-1516,153,1365
72297,-5968,-7784,-7941,219,631,-1779
72298,-3671,193,-5427,223,1146,12
72299,5752,4246,1662,-1452,1747,1144
72300,1336,3206,1348,-282,93,1782
72301,2675,3600,7530,466,-555,-1139
72302,-2844,1913,-2707,972,26,-797
72303,-3156,-1011,-2172,715,186,-731
72304,-235,-5826,1134,-708,145,-1005
72305,-2493,-5842,-2040,-1434,1146,770
72306,7519,3431,-1739,204,-15,94
72307,-6360,-4658,-7440,-1933,-947,-1984
72308,2791,-2697,-5592,1226,689,307
72309,-2695,-5939,2304,-505,998,-686
72310,-7381,4729,4648,-744,-1935,477
72311,4876,569,-3926,-1554,-1574,961
72312,-346,-5217,7868,-203,-1589,1768
72313,-2968,6773,-415,-935,300,1355
72314,-2569,-7108,5061,218,-1376,-564
72315,-6747,-3020,-1359,-334,485,-1380
72316,-391,-6628,5368,207,1571,-207
72317,-4165,2417,2896,-1405,-54,-1429
72318,-2658,-6476,-5288,1938,521,-183
72319,7209,3177,-1360,1493,-774,-834
72320,3146,-4385,382,1517,-1849,-1343
72321,-111,3803,6154,281,1062,-1550
72322,664,-5286,3823,-1544,263,-41
72323,-5007,6205,546,-145,1756,606
72324,3757,6623,6111,-1815,-1181,1986
72325,-146,182,99,-386,-1274,1483
72326,3090,3370,492,1475,1979,-1755
72327,-1615,-6738,4394,852,1436,-371
72328,-6277,6724,-7848,1120,1151,1856
72329,5659,-434,2258,-274,514,-1969
72330,5858,-2148,-6407,662,-153,-1895
72331,7821,2187,-4895,-1131,-1383,11
72332,3742,3378,6310,-926,-359,-1839
72333,-3023,4077,1036,1576,-1778,-272
72334,-3566,-4545,4925,-604,-1156,-1122
72335,-5731,-6236,-1403,-1394,1322,-230
72336,-1024,2898,-4490,1291,1130,991
72337,-7149,-4948,-6860,-1481,1365,518
72338,4063,-4230,4610,907,1592,1913
72339,-4392,3294,-7823,-988,178,-1336
72340,-942,6843,5774,1210,1693,1625
72341,4677,-3998,3513,-1143,-1648,-478
72342,872,512,3535,1909,-753,991
72343,-1712,-16,2073,772,-1726,-353
72344,-1903,5856,-3360,-726,338,-266
72345,-3460,3432,2929,903,324,1643
72346,4579,-1621,64,1676,411,1544
72347,2264,4297,2726,167,90,124
72348,-1023,-963,-964,-169,-1832,-1504
72349,6375,4508,-2356,-432,-1754,-1603
72350,-4468,-831,-5020,1820,-1072,-1528
72351,4564,-3238,4215,1698,566,602
72352,-7823,-6001,5577,1196,1345,-1145
72353,-4352,-3139,5367,-1589,-753,981
72354,7789,4737,-2459,143,1467,605
72355,4362,-638,6032,196,-1378,1172
72356,4868,6867,6972,1037,1622,-1800
72357,4018,-3775,138,-1926,-996,-1510
72358,-5530,-4442,4790,1714,569,-1673
72359,6809,-7065,-3090,233,4,-1702
72360,-4411,-7342,5577,866,1218,-343
72361,7709,-4884,-3834,811,-1049,-747
72362,-217,1219,3033,-638,1191,-1015
72363,-329,2810,5176,-159,-201,-1804
72364,-6209,-1422,-3561,-781,-1432,-821
72365,4829,2733,-23,548,571,1475
72366,6340,7104,-1442,1963,492,-1551
72367,2334,3841,4481,990,1029,-563
72368,-893,606,798,-1680,-701,889
72369,7050,2746,-6720,-539,-757,-1044
72370,1254,1666,587,1674,-1677,1160
72371,5612,-1514,-1047,-91,235,-1218
72372,423,5593,413,-1234,1233,-272
72373,6051,5567,2992,-1626,-632,-1075
72374,-6259,-746,219,-844,32,1148
72375,-1035,6985,-7914,766,102,-853
72376,-4626,-6323,219,391,-1613,1591
72377,386,4433,6301,1365,440,1876
72378,-7284,783,6022,1740,585,12
72379,5403,-5505,4727,1943,304,-1899
72380,-669,-2291,-6772,1324,49,1880
72381,-2898,-7829,-5898,-220,-1866,1153
72382,-4984,7512,-7247,-606,86,-837
72383,-15,-6780,4613,755,-38,-5
72384,-5220,6283,-2897,-1118,-1674,-1933
72385,-671,4795,-4488,1058,1520,1505
72386,-5467,4386,4459,586,1560,-1537
72387,-6587,-3011,2971,1128,-643,-582
72388,2830,5228,4500,-1006,992,1432
72389,5391,-2181,4713,-1280,1,954
72390,-5441,5904,-6148,-728,1406,-1793
72391,-5136,-6238,1586,-122,-1533,1527
72392,-5825,2205,6266,-1340,-108,-1718
72393,-1522,-7860,-2691,-167,1434,-944
72394,3909,-4598,1435,-1146,-1033,885
72395,3309,-7611,7361,-522,-1075,278
72396,-2350,2813,-7661,1218,222,1134
72397,986,-482,4451,1069,235,487
72398,7671,-4239,-4376,-372,554,253
72399,2188,-1236,-1041,901,929,-411
72400,1338,5652,376,239,806,1291
72401,4048,6129,6180,564,308,873
72402,-5879,-5207,-5161,-1541,906,-886
72403,3381,-4263,-4913,624,-153,752
72404,6944,-3704,5313,-631,-759,853
72405,-1906,6761,7580,1393,-696,1617
72406,-6787,1256,6592,172,1836,-663
72407,6187,-6315,7339,888,909,1889
72408,1392,-4696,5615,-1289,-46,1044
72409,-7763,-3019,4311,769,-948,-130
72410,-3619,-662,-6222,-1238,957,1935
72411,5191,-5073,-2866,680,1667,-810
72412,1525,-4403,6687,146,-649,1003
72413,647,6821,-2685,-1533,472,-1940
72414,-4380,-3055,306,-1372,-994,636
72415,749,1940,7128,427,-1397,827
72416,2253,390,2131,670,-536,71
72417,-4758,-2634,-2478,1749,-674,978
72418,3793,-496,-7188,775,1874,612
72419,-4911,-7966,6203,1111,-1308,-383
72420,-3377,7923,1816,-1482,1562,1897
72421,4326,7088,1573,644,-776,1176
72422,-3114,3099,-2674,1370,-142,-1754
72423,7263,-7742,3447,-485,1540,427
72424,5323,6248,-5623,513,1488,-958
72425,749,-7215,-5193,1784,-149,432
72426,3801,6969,-6354,127,1283,-805
72427,6852,4729,-3150,-1825,-80,-1804
72428,-7375,-7623,-1945,-344,-930,1353
72429,-4347,-2989,7054,-449,-560,1473
72430,-6492,7295,-7573,855,-764,1397
72431,-3565,-7692,-7144,748,-96,-1471
72432,-2965,6016,-7334,276,1148,-333
72433,2719,-3261,140,-1667,-853,697
72434,-194,-2700,-4653,-1385,-1597,-186
72435,4880,-2016,-3636,1470,531,826
72436,-6583,2646,4741,-1777,1463,1625
72437,-1550,-4259,-4888,1357,-31,-1188
72438,4365,2979,-1605,-1786,1829,1362
72439,1693,7891,-5719,-991,113,-1595
72440,4836,-27,-6975,-482,-670,-342
72441,6870,729,-3567,-1229,-530,310
72442,5066,4903,1976,123,280,-658
72443,5995,-4013,4812,1954,23,-719
72444,480,-4522,760,-1719,-1360,869
72445,6768,491,-6184,-1886,43,-1290
72446,-3789,-3221,6207,-460,1260,1280
72447,2466,-6495,6052,366,-1761,1903
72448,6325,-4347,6058,-147,-1244,-476
72449,-5660,-6275,5797,-197,961,1350
72450,-2144,1000,-7631,981,-1110,123
72451,-2391,-1831,-3099,-1268,249,-1045
72452,4141,-7931,3757,-393,-989,51
72453,427,-256,-7277,820,1101,793
72454,2820,-7044,-2249,1367,-968,674
72455,-1005,-1665,-808,-1634,-1573,-1121
72456,1690,2641,-3849,-1009,-228,-1076
72457,-6635,6119,5107,248,715,-1733
72458,-1658,7244,-6236,-494,433,939
72459,-2785,6999,2502,-1891,-1587,570
72460,61,5656,5909,504,-1055,1789
72461,-5478,2896,-7828,1861,-215,1559
72462,2310,138,7765,-1079,-1588,-232
72463,-5533,590,-1730,1091,-1739,-1774
72464,-2847,3879,7171,521,-243,-253
72465,-2326,3843,-7614,980,-460,-377
72466,-3639,-65,-2916,-545,1272,1763
72467,7198,1280,-6453,150,626,-381
72468,-4272,-4948,-6479,-1389,-356,1433
72469,-6317,-5935,3977,-1822,-1577,460
72470,-4694,428,6224,357,-263,-1768
72471,-4315,-6341,-627,-482,-143,-923
72472,5013,-4190,-6215,1936,1485,1811
72473,4442,-492,-3964,-99,-665,-803
72474,5360,7469,6589,474,749,1880
72475,-6617,1206,-7840,-537,381,1733
72476,5186,-7148,7796,-840,1102,1660
72477,-806,5701,-7213,-1294,362,-599
72478,-616,3175,-7011,-972,-509,-181
72479,-5463,908,-2438,-1775,1294,923
72480,-3677,6714,2037,1481,144,-1011
72481,6441,-833,2914,-426,-179,1905
72482,700,7930,-5884,980,309,174
72483,-5741,-4720,2674,-344,-297,-883
72484,-1090,-6348,1859,26,-1484,-1312
72485,-7763,-3932,-4681,-404,-1434,-350
72486,-4285,-1073,425,42,-1538,1963
72487,-3763,-5512,-1981,-1028,1613,-955
72488,-754,7205,-2740,-1755,1967,-1873
72489,-6314,3595,-7266,1504,1199,43
72490,6683,-743,-3581,149,-213,517
72491,7880,-7145,1468,1353,-192,892
72492,-4637,4205,-6927,429,-1890,-302
72493,-2417,2010,3592,-1168,758,1678
72494,2960,-3625,-155,-632,-1659,454
72495,6077,-5620,-4239,-1656,-137,478
72496,-190,7524,-6643,1584,-1719,1556
72497,1990,2189,-814,1558,-1248,-894
72498,-2058,5620,-7392,-1649,-744,-1648
72499,-5908,-2140,1759,1393,1447,-1185
72500,-6882,-3284,938,-1328,-851,1150
72501,-702,-4252,-4372,1201,-660,171
72502,1456,6182,-508,-801,-1457,-1719
72503,7224,5564,3110,-872,1902,-750
72504,4129,6855,2829,71,437,116
72505,1990,-5400,-6689,562,813,35
72506,1237,-4032,2793,216,1074,100
72507,-7388,6498,-2451,-75,-16,-785
72508,-4608,-4016,7116,1632,1122,-1603
72509,-1091,5183,2473,-1621,-368,1121
72510,5961,-6494,-7661,327,1289,1935
72511,-5323,-662,1734,442,764,-332
72512,-7609,-992,-620,-869,-291,-1284
72513,2095,5688,1859,1557,-1661,284
72514,1697,7592,-7879,-1827,582,1486
72515,4045,-4570,7042,-535,-114,1162
72516,3684,-1285,4066,1000,1970,1942
72517,6726,664,-6176,-300,-1719,-1704
72518,-515,3065,6694,-403,-537,-660
72519,-486,-2758,-1799,-142,1425,353
72520,-3346,647,6550,-1560,-556,1883
72521,-6942,4495,-2836,-895,-1020,-1354
72522,-1373,6921,5313,-1427,1634,-404
72523,6879,5568,1081,-611,762,-455
72524,-5877,-7266,-4964,-221,558,1583
72525,6809,2820,6152,803,445,-1051
72526,-2934,3733,782,-1398,86,1957
72527,-6453,701,-533,319,-342,1433
72528,-4314,2922,-7763,-1858,-367,1526
72529,-6799,2742,3149,-523,304,-1873
72530,-7735,-6258,-1735,-1285,1990,1622
72531,7635,674,-1775,102,1483,-743
72532,-2844,5521,3679,-1080,-372,556
72533,-2552,1883,-4779,-117,-1978,-307
72534,6720,-1279,-298,-352,-332,1242
72535,-4189,-1965,7939,1504,-1265,845
72536,-6675,-3324,-3286,-80,-1352,-337
72537,-1484,-5937,2310,-1918,509,-635
72538,-5386,-7532,6274,-1138,-1540,367
72539,-5465,-7796,-5971,-11,62,836
72540,-6916,-5135,-2202,1959,-1100,-752
72541,-7381,4338,-5333,-326,-305,1972
72542,531,1688,-3759,-1854,163,-660
72543,-2885,-6103,3095,977,491,-508
72544,-7390,2084,-6059,400,1484,227
72545,6562,-1011,4196,1570,-1385,-517
72546,1344,5422,7968,-1834,999,-1163
72547,-3170,-2317,-6101,1052,290,-5
72548,4577,-4898,-3568,-354,-1014,128
72549,-7459,-2927,-6817,-693,1578,-300
72550,7985,-1568,2255,1875,750,-1419
72551,553,-4828,-5378,1680,347,-1191
72552,4651,573,-1225,-1226,-1747,779
72553,2473,-2975,-4782,809,972,-576
72554,-4615,-1108,2918,-439,-1019,1600
72555,6577,4234,-7617,-1601,1931,1727
72556,1349,7965,-394,38,-1928,1404
72557,865,3783,4751,-777,1808,-1318
72558,1108,-1261,1853,-1157,1660,-1287
72559,-618,-671,-7579,118,75,-1099
72560,5284,-1939,-4430,-804,1288,350
72561,-263,-2415,6389,-1168,1713,294
72562,-79,-3549,-7482,1715,1988,-146
72563,1432,4031,-7360,1386,456,158
72564,-3645,-667,7646,-1887,-1810,77
72565,-2317,4498,1467,-687,97,382
72566,-1248,1174,4019,-249,795,1047
72567,544,-3960,-4964,-524,-46,-549
72568,-3655,-3389,3786,-71,1386,1602
72569,-4038,6934,6442,115,950,-1470
72570,1001,7869,-220,-914,-637,942
72571,3404,-7802,5223,1226,291,-1938
72572,-7605,-3950,-5218,-1979,-384,-277
72573,4132,722,-6847,325,1408,-683
72574,6731,6473,2727,-859,929,-1366
72575,-3431,4622,6565,-675,-855,-1055
72576,2570,7252,-8,-616,1031,347
72577,3095,-7803,-120,1713,35,-726
72578,430,1467,2293,1736,-812,-38
72579,686,-2488,-2238,-220,-893,1941
72580,-6583,4837,-2654,-1794,291,208
72581,-3623,895,-7776,1600,1864,1324
72582,6471,-5716,-5208,1529,-558,748
72583,6689,7740,-6682,463,-1207,-1613
72584,1359,606,-3514,-1546,1272,1476
72585,-5536,-4165,6650,1464,-402,-177
72586,-3890,-4879,-637,1068,1850,1091
72587,-2529,-7888,2563,-708,-1894,1151
72588,-1894,-2951,-7842,-1393,-858,690
72589,7498,7106,-6672,-26,1926,-121
72590,4009,7837,1854,-861,-1942,-1979
72591,2860,3243,-12,1549,687,1515
72592,-147,2837,-3125,-1119,-631,-293
72593,6780,4537,-1403,-522,703,-1328
72594,-2049,5693,-6632,-463,-1011,474
72595,6173,2576,1775,794,1252,1566
72596,6882,6327,7742,1702,1250,-933
72597,-7570,-4901,-1521,1458,-841,-1358
72598,2706,4411,-6549,-902,-1921,-980
72599,466,2544,-6144,-1591,-109,32
72600,-4548,-1958,7872,1488,-528,-1511
72601,-4502,2931,-811,-825,-1961,1967
72602,-2118,-7498,271,-931,-1367,716
72603,4312,-6560,-2075,-913,-1631,-1779
72604,1432,-3829,-5016,-753,-19,-1500
72605,2247,-6444,-66,829,-169,139
72606,-1045,3755,-2001,-551,1350,-568
72607,1493,1607,-6398,1432,909,1772
72608,-2621,7095,-6574,1592,-1860,-153
72609,-4478,3515,4639,1154,562,-1104
72610,5268,-3989,-5366,-1233,-334,1534
72611,-3906,-6169,-344,-360,-1839,1814
72612,-4072,-4491,-2282,588,28,-130
72613,-2416,-7045,4658,-1611,-1452,-1956
72614,-4690,-4966,3057,-1795,940,1010
72615,-1010,3997,4401,805,784,-524
72616,-7249,-5824,3911,-1628,633,288
72617,-2161,3401,249,937,552,1674
72618,3804,-6869,6031,-1284,-103,1145
72619,-6301,281,2463,-585,-1945,63
72620,-4728,-6099,-678,-650,-241,157
72621,3586,-4708,-177,-729,156,-322
72622,-6697,-3992,-382,387,-649,-723
72623,-3543,-2803,-2517,-79,1589,-520
72624,2245,-2306,-3284,1588,1991,-228
72625,6321,7317,5399,1435,772,-780
72626,6729,-357,6179,192,913,435
72627,7588,-4199,4656,-854,-1702,860
72628,4999,-1504,570,245,1707,-1912
72629,-1461,-1650,2726,-1305,1874,-50
72630,1004,2150,-1620,-1599,-1685,23
72631,-1192,-7996,7916,1673,924,-142
72632,726,-2667,2351,621,1421,-1737
72633,2231,-2617,-4182,-1780,916,458
72634,6107,4305,2013,-260,-1325,979
72635,-7651,-4435,7701,1477,-24,-944
72636,3014,1252,-2429,668,-1883,951
72637,959,1515,7196,212,1002,-1306
72638,-1873,5133,-4148,-878,1036,909
72639,3980,-3459,6630,-1596,301,258
72640,-6822,-3904,2388,1560,-1885,278
72641,6959,1719,6163,-665,157,-1635
72642,1725,-1311,5511,956,1547,1597
72643,-7844,-4908,49,-1337,734,-781
72644,1431,5350,7485,1198,1754,1669
72645,-4545,5363,-420,1159,680,-1410
72646,-146,3215,-7182,-285,-1096,-1859
72647,-7579,-752,1807,-1627,-476,1826
72648,6126,-4197,1282,-1868,352,949
72649,-3698,-3600,-5888,-301,1570,-1553
72650,6100,5575,3167,840,-86,-752
72651,4619,5969,-5072,1109,668,-1399
72652,-5737,7731,-884,254,-1400,-1276
72653,4001,-2569,6799,-525,-351,-1102
72654,-595,6106,4443,-1449,568,1581
72655,204,6293,460,-1453,-15,229
72656,393,-407,-7418,-63,997,296
72657,-78,3152,5,-62,129,945
72658,6071,-6804,6600,-760,-1706,-1118
72659,-5067,-3561,1839,94,34,837
72660,-693,2276,-4483,305,-555,1648
72661,4436,-4096,2595,1661,-68,51
72662,-1013,-486,-6769,1032,-1289,-1022
72663,-7384,-7697,4841,1135,276,101
72664,-815,2744,-3198,-1925,714,-1390
72665,-766,2084,-3768,-1012,1990,1914
72666,3458,7856,-3240,1070,-1786,-291
72667,5629,-2815,4816,138,-161,335
72668,6622,-4375,3852,-1628,1313,1495
72669,-5845,2663,-2618,-493,-342,388
72670,793,-6987,7671,-805,1577,-1098
72671,5829,-1830,-5900,-1258,-326,440
72672,1141,443,1961,936,214,-937
72673,-3734,-7934,5772,-629,997,-102
72674,6593,6255,-2721,-1296,-1707,-790
72675,6577,2688,-5451,525,-529,-1498
72676,-3990,7136,-1811,-381,-391,-228
72677,-4473,2002,-1308,621,1387,544
72678,-4235,-1607,-2792,1673,-1817,-342
72679,4584,-4848,-5362,-965,940,745
72680,570,-4268,-1776,584,1210,-269
72681,-5767,1818,-4648,766,1927,1058
72682,1033,4479,-4453,1034,1062,-1016
72683,-7895,-7268,4199,1534,-928,724
72684,-1543,5859,-6402,-1561,-784,-1010
72685,-2376,2857,1144,41,-1182,1507
72686,5200,3620,3245,-907,1835,-525
72687,6623,287,6832,1834,5,519
72688,-7926,-3949,-2357,-1774,55,-802
72689,7904,567,-5953,-599,1233,1065
72690,7042,6097,-5658,-1493,1956,178
72691,4087,3966,7317,511,-661,-290
72692,-6600,957,7456,-1361,551,1253
72693,-5717,-4295,-226,277,775,-501
72694,2739,7044,6748,1025,-1805,1753
72695,-2756,-2268,-5754,1077,845,1081
72696,-543,5894,-4708,409,-1227,-687
72697,-4398,-106,-2842,101,-1005,-907
72698,1111,4197,-5773,-1568,-1520,1248
72699,-2442,1410,2192,788,-1741,1030
72700,3886,7808,-3933,-820,1983,-117
72701,2896,-4054,-5511,1087,-1478,343
72702,424,-6080,522,360,587,-520
72703,-7570,-91,-7333,316,1782,-868
72704,-7494,1946,6806,1396,1254,673
72705,1468,-2315,2781,-1605,635,-303
72706,4705,5722,-6759,639,220,-779
72707,-6788,1755,6664,-1825,-377,486
72708,5458,-1378,-4213,-469,-1080,-888
72709,7242,358,-865,235,-997,704
72710,-3084,-6296,-1449,1518,251,1108
72711,-3229,-5052,-5670,-300,1922,-1694
72712,-728,844,-5136,856,-1256,1190
72713,-3790,-380,7936,-126,310,554
72714,-5672,-3623,-4945,-1124,-214,-1133
72715,5335,-4730,-1526,-1717,-348,-1217
72716,4964,7328,-6058,1332,1952,-1668
72717,7353,-3814,2489,-1168,-142,1857
72718,7070,602,4326,-1635,1405,1519
72719,-1349,-5571,4203,542,-1477,270
72720,-6612,3234,1843,-1920,-1329,-493
72721,-2799,4325,-1033,-426,-1771,761
72722,4809,4122,3681,448,-1000,-1099
72723,3665,2412,-5217,-10,1221,-64
72724,2625,120,4545,917,-1138,-967
72725,676,-4853,-5849,617,1213,1236
72726,-1822,-5063,-7920,615,171,-1896
72727,5207,-1619,6455,20,1053,-1035
72728,814,-7772,5661,1178,-1874,1730
72729,-6682,3974,-4712,-1046,-1377,-1199
72730,4131,-2278,7685,-1401,-1343,565
72731,-2941,2834,701,173,1028,111
72732,-4258,3840,7167,642,607,1439
72733,6587,-6967,-5681,-208,-345,1442
72734,-4524,5541,-5131,1780,1323,686
72735,4734,7335,-835,1609,-1817,-367
72736,-1692,1487,5363,-1246,-900,905
72737,3448,7340,-1816,1560,-323,-895
72738,-3140,-4612,1515,176,535,1563
72739,-55,-6066,-3826,-406,320,1249
72740,6438,-5332,-2330,-16,1969,1223
72741,7686,6542,7333,32,-1756,-274
72742,-2284,-4400,-5934,-552,1463,-1377
72743,-6376,-2994,-5882,-1099,1346,-381
72744,6730,-5210,-1466,-1316,246,-427
72745,-5015,1651,-3055,-1217,388,185
72746,6611,-5134,-3879,-1008,5,-925
72747,2559,-3224,5423,127,-1707,612
72748,6492,1752,-1928,-566,176,-1534
72749,5797,3098,-6217,-1458,565,-1055
72750,-4921,-7562,-670,-1883,-464,-473
72751,-1742,1486,2272,1968,529,-1222
72752,-261,7530,437,1338,883,-647
72753,1871,-6776,1753,591,-109,158
72754,-4186,-6774,7082,-1162,-757,618
72755,-7834,2231,-7590,534,1059,207
72756,5360,-662,-4043,235,-1714,904
72757,1009,-890,3959,-875,878,101
72758,-4773,-3448,7561,-1214,1577,-1535
72759,6572,-5754,-6328,-553,1402,-1495
72760,-5517,-6648,1822,570,-1841,-660
72761,6192,2169,-138,1431,-1831,-1851
72762,-5176,-5309,-117,396,1013,-308
72763,-4101,6949,2396,-321,-699,1467
72764,3495,5821,3113,826,-1850,229
72765,7202,-4188,-2965,-503,-11,188
72766,994,1581,2690,-1766,-311,222
72767,-201,199,7416,1900,-1451,-772
72768,3440,4023,-1820,259,52,1128
72769,4401,-4619,-4075,962,1534,-1313
72770,-1153,1379,2751,1069,-1238,685
72771,813,2439,2536,-1712,1896,-933
72772,-1833,4268,-7193,1371,-1340,-1687
72773,-5908,4011,3511,792,-1569,-874
72774,-5637,7443,-2017,458,1985,827
72775,4065,-5314,7214,-1348,776,184
72776,56,-2151,-4132,-14,-251,157
72777,-2001,-2967,-3142,915,-132,-1262
72778,-2099,-2009,210,-618,-406,-1572
72779,-7999,-6459,5064,1877,-115,282
72780,-4383,-6688,-6537,138,1379,14
72781,-3788,1816,-2954,-478,1465,1563
72782,-1965,5898,-2651,-177,-950,1697
72783,3096,1159,-6783,-139,-369,-640
72784,-339,-5278,224,-1955,1570,-1610
72785,-6273,-4518,6426,1018,-988,1959
72786,2724,4754,2019,262,-1461,-580
72787,6314,-5412,1420,1544,650,1373
72788,-3751,-5632,6250,1749,891,-386
72789,1513,4551,-6826,-1058,5,-1798
72790,3186,-2649,1386,-1927,-1476,-924
72791,4196,-4312,-410,1101,1189,101
72792,2834,-3831,3845,1466,-352,-591
72793,6177,-1456,-6592,-1851,-180,1109
72794,3732,7644,7937,-1844,-905,1507
72795,-3594,1370,1805,-154,-907,710
72796,-2225,-4670,1989,1092,-1382,1183
72797,-6944,7296,5149,274,-697,1417
72798,-810,4338,5625,-196,-1135,-631
72799,-910,-5761,5027,-71,813,-1275
72800,6186,-1869,2128,-293,673,516
72801,5097,3369,-6526,162,-1801,-3
72802,317,2953,3775,1205,-482,125
72803,2043,-6946,-6285,-1806,-1799,-174
72804,-3982,6417,-5847,706,-37,1044
72805,5150,-76,-6493,668,-1926,-1189
72806,1453,-7362,2456,-1531,562,56
72807,3940,-1953,1278,-1582,-676,534
72808,-7760,5104,-221,319,-1389,746
72809,3582,-2029,-2434,-294,716,1278
72810,4313,4646,-7548,-1574,-401,-1517
72811,-5249,-2270,-4745,-1758,-919,633
72812,7109,4190,-3399,-181,-1636,-1700
72813,-1887,-2258,1937,438,-664,966
72814,485,-7261,-1847,-1304,-1800,1668
72815,3911,-2493,-3339,463,1279,237
72816,3696,-2270,-3229,-269,-136,-1167
72817,782,-590,-1204,1386,-480,1097
72818,-72,-4595,7880,1964,1585,1489
72819,-6126,4105,3011,-524,-880,1123
72820,6105,3596,-3900,538,-117,828
72821,-2525,-1063,164,-1512,432,-69
72822,3636,-6763,7535,-1243,1210,1228
72823,4302,-2883,-5137,-1624,-1384,-1154
72824,-6561,-4124,1254,-623,1594,-1501
72825,1370,6104,3630,8,476,-1103
72826,-7795,-3554,6057,-752,161,-943
72827,-3078,-7841,4881,282,579,-748
72828,3581,6912,-5453,-1320,-1804,1444
72829,7307,-2007,-786,-154,-625,242
72830,2264,2562,6188,-750,-814,-432
72831,1729,6264,-6429,-1570,566,1014
72832,-4281,-2789,-3893,-479,1994,-1167
72833,-6184,2433,4545,1733,-31,-559
72834,6590,-1070,-3369,-408,1674,-1133
72835,3353,-1111,1612,1871,-762,-1148
72836,-3012,7596,6393,483,116,-1647
72837,-3807,3864,-7402,751,170,-1967
72838,6918,7770,-5934,1106,-1298,-1980
72839,6699,-1755,3525,-872,-1747,1342
72840,-306,6004,2797,195,-715,-1030
72841,-3490,-4635,-1131,1384,-40,-1351
72842,1811,1797,514,-1478,-1848,1886
72843,-5247,-1803,-6669,576,1965,338
72844,-4416,-6612,-6905,434,1515,-519
72845,5955,-5748,-937,-675,-1453,158
72846,6205,5603,-7153,1365,-325,-811
72847,-651,7075,2945,-1590,655,1298
72848,-1205,461,3461,-21,728,-328
72849,2393,5948,7799,-1969,1335,1496
72850,-5680,-4752,-4344,720,-760,-1579
72851,6720,-6560,-587,-225,-1641,-1853
72852,-2837,7016,2197,-758,915,1486
72853,7239,-5517,273,1124,-886,1276
72854,5167,5588,4099,-210,-1920,701
72855,3088,-3007,248,-1119,1506,1386
72856,4133,-6886,7217,-718,792,1537
72857,765,6666,-7399,-678,792,-1411
72858,-5770,477,-447,55,-762,-1288
72859,-3230,5430,-4131,-130,-1015,1108
72860,4296,-7102,-6014,-990,-1586,-778
72861,4437,5931,-1644,-41,-132,-646
72862,3864,-5282,7560,1737,-273,-488
72863,5616,5444,-7069,-641,-970,637
72864,1339,4184,-5924,-1711,503,-699
72865,6225,-6025,-2220,-837,-773,75
72866,-4552,5160,-1474,-1482,1708,1049
72867,4178,1054,-3624,-759,1416,1904
72868,6261,-5829,-5955,769,1066,-1837
72869,-3737,7820,2551,446,354,-1082
72870,-4234,4497,-5270,-1794,-1706,-1593
72871,-4868,-5791,-7208,-1912,-766,-795
72872,6632,-6140,92,1687,644,-845
72873,4547,4516,-3702,-189,-782,669
72874,-7925,-3726,-6853,157,-968,-1305
72875,3361,-1910,-5804,-1886,-552,-1439
72876,7630,-2762,7362,988,-1762,-1296
72877,4456,565,-3233,-1637,1890,1454
72878,3431,6141,4534,-951,-1482,774
72879,7946,241,-4950,942,1713,-594
72880,7526,-4055,326,542,-1408,-632
72881,-1483,-4264,-1371,1875,-1738,1057
72882,-4918,486,-2181,-924,993,1779
72883,2105,6996,-2034,1477,-1107,-1297
72884,-3660,-4318,-2739,561,-1624,-273
72885,4525,-5184,5321,186,-1955,-963
72886,-6249,-2234,-561,1177,153,1896
72887,-2982,2816,-5537,-1814,-1938,-695
72888,727,1435,6089,-1092,632,461
72889,-4560,3446,125,-1119,-1751,892
72890,-6887,4018,-140,191,-1647,595
72891,4894,3987,1565,686,257,1207
72892,-2004,5163,3813,1151,894,815
72893,-2717,-5000,-6396,-1866,-182,1629
72894,-7235,5545,-1395,-343,1089,309
72895,-191,-2191,3061,-115,-762,-648
72896,6444,-3513,5079,170,181,-1686
72897,-2817,-5204,7920,1571,-99,-664
72898,-4940,-2303,587,835,-1063,-656
72899,-1375,-4650,-6691,-615,327,-1999
72900,5896,-7787,-3976,-1496,-1522,-1035
72901,-274,-6181,-6584,-1809,-1922,1909
72902,-4514,1302,1860,851,-1285,-1360
72903,-6431,-1038,2065,-1299,-535,992
72904,-136,-7204,-3887,-241,-1919,23
72905,-7961,2509,1128,338,966,-332
72906,7674,-2769,-1935,1549,124,-57
72907,-3219,5279,-2437,562,392,-929
72908,-3923,4892,1924,387,-1818,-403
72909,-1997,-479,-2806,401,-1173,-188
72910,-4239,1020,-6465,1425,-1346,-1713
72911,1728,6482,3960,-324,273,-791
72912,3521,-7656,1193,1094,-1535,203
72913,5125,-5195,-2118,-1771,567,-439
72914,-1775,-417,4980,-421,1690,862
72915,-7080,-1748,-5526,-1462,-1360,734
72916,4526,7697,-6772,-1932,-988,-642
72917,-1716,-3905,-4925,830,-1313,-85
72918,-7720,-5848,-3992,-346,1298,-242
72919,-6453,4764,56,1141,-1423,-1344
72920,4321,-4185,-6541,1294,-199,1267
72921,4659,-1797,6810,-180,-1327,-1537
72922,106,4860,-3202,937,-578,64
72923,-782,-4329,6710,-405,-842,-648
72924,2659,-7773,-4224,796,266,-982
72925,-7791,46,5317,1347,-1522,1720
72926,1265,2928,-5561,1311,1299,-1436
72927,-5448,-382,-3271,778,1629,1608
72928,-4832,194,-5876,-526,435,459
72929,6645,-3021,518,-487,-1363,-1792
72930,-576,7209,7986,-68,386,-1481
72931,2961,2072,563,733,-1220,-21
72932,-2334,-191,1666,1931,43,651
72933,-709,7881,-3735,-511,1924,-363
72934,1596,-7382,-887,53,-1600,1205
72935,2254,-7418,6794,381,-164,-1436
72936,-4395,-6878,567,-285,-1650,-1581
72937,-5534,2270,1854,1983,1837,426
72938,-808,4989,-3057,-1752,-1407,-76
72939,1942,-67,790,-311,-401,1105
72940,3607,-2266,765,-1323,578,-1429
72941,4665,-6557,5549,-6,402,-202
72942,7320,-6204,-1811,1394,252,-1354
72943,987,-7853,-1765,382,524,-50
72944,6726,-1371,-5286,-1322,826,675
72945,-983,3539,5978,-300,887,-772
72946,3162,591,1565,426,-1905,-1534
72947,2034,362,2667,-839,1893,-22
72948,-4476,-2880,-6535,838,1118,1685
72949,-6814,4823,-7788,1249,-1181,-1895
72950,-4812,-3796,4449,-1241,-149,-1943
72951,-2496,337,-2044,840,772,1401
72952,-4210,5451,-2709,-360,-538,-1953
72953,5583,5137,3226,1685,56,-677
72954,-2919,-3171,-4985,828,1649,-136
72955,4131,-743,-4406,1122,1191,934
72956,-4240,6035,3195,-1674,1317,-143
72957,-7792,-7783,-1238,887,-788,-691
72958,-1508,3463,320,-277,-295,-348
72959,-4786,-1278,-6760,384,-1393,-1173
72960,1992,-1737,-4828,-482,825,232
72961,-768,-5896,-2830,180,-1829,-505
72962,-1782,6213,-2283,-1195,-759,-1528
72963,2035,4397,5604,1659,233,83
72964,2824,-7324,-5826,-135,1143,407
72965,-7361,1825,6770,-1667,1344,1792
72966,188,-7074,2780,1563,-50,-458
72967,-6054,4200,1847,1974,1352,66
72968,4631,-2887,-2666,-309,178,542
72969,-6847,6859,6407,-368,461,519
72970,1580,5605,-3820,735,686,1683
72971,-7493,5507,7062,1404,-5,-180
72972,-5270,-3339,-6566,-880,956,-1634
72973,5896,-64,-4543,-89,1346,1086
72974,-5724,6693,2219,1985,-761,467
72975,2546,-3224,-1044,-257,-1488,1381
72976,879,1249,779,-1954,-1721,-1785
72977,2835,-7047,7913,-1700,871,-1797
72978,-2230,-746,3334,1265,1572,1124
72979,-5420,-1092,-6902,1775,782,-360
72980,-666,-1212,-5440,-621,767,409
72981,-5539,3566,1515,-1689,1829,1381
72982,3980,3896,-7814,416,-615,-1169
72983,4513,7667,7972,1537,1279,1095
72984,-5779,-3638,-6921,160,-1604,1740
72985,4170,-6860,5817,192,-38,313
72986,-1026,1371,-150,-1926,544,-1135
72987,-2923,-7759,787,-1801,411,627
72988,-1490,919,133,-840,727,-853
72989,-2642,576,7874,-983,-1399,1022
72990,-3695,3459,-6780,-1405,-979,1079
72991,-4144,1858,4365,-1763,-801,1115
72992,-7025,-1282,4351,-843,-270,958
72993,-6096,3313,-7558,1950,1121,275
72994,5947,4043,-3825,408,-227,-564
72995,1661,3578,-767,-22,-3,-107
72996,6195,-2429,3843,-65,-1167,-1548
72997,-3909,7151,1634,-1269,-1417,1802
72998,-7941,1403,-1250,-78,871,-349
72999,-6190,-3413,-3346,1660,1856,-596
73000,6130,-3884,1661,-78,1007,-1041
73001,-6069,-6341,-808,-44,963,1136
73002,7359,-1942,5208,-423,-1378,1102
73003,-3673,-751,7859,1651,-628,1477
73004,1768,-7842,-5092,-1329,1132,-1101
73005,5719,-7304,5829,837,-515,603
73006,-7049,6031,2962,461,552,874
73007,-7831,-5516,6464,-1495,1924,1334
73008,894,4792,6056,498,956,-684
73009,-7451,-6489,143,-1696,-1440,369
73010,7850,-1666,-7885,-1042,-954,-885
73011,1489,-5682,-6657,1083,-621,-31
73012,6058,1170,7577,-1220,1093,-1995
73013,6661,-5078,-2690,-47,570,1273
73014,-5334,5047,-585,836,-1734,1302
73015,-1818,5381,1583,-1985,-1137,-781
73016,-5517,-5632,1754,1736,1767,-1524
73017,881,-5350,6603,-221,-506,1035
73018,-6103,-1677,642,391,-296,1734
73019,7092,-1948,-5013,-1639,1257,221
73020,-6548,-3049,7240,1549,-57,1623
73021,4565,-6144,5205,1372,1870,1547
73022,7317,4391,-1991,-1629,1954,577
73023,-7320,-3157,3353,1086,856,-200
73024,6176,3301,-432,524,-1794,-1677
73025,4123,2556,1104,-683,-658,1004
73026,447,-1619,-7319,-1077,1818,1941
73027,6319,-3550,-356,370,-1766,-994
73028,7988,-3031,-6019,-941,594,-343
73029,4365,3698,1978,494,-358,-293
73030,3738,-1971,6698,-1026,440,1980
73031,6604,-5141,-5572,1318,556,1394
73032,-7540,-7850,-2307,750,1169,-513
73033,-6088,842,-5508,1117,-409,-1880
73034,-2860,3365,4594,-1273,1206,-924
73035,-2017,4454,-5337,-1933,-1811,-924
73036,1145,1897,-7547,1211,59,-333
73037,4473,-603,-4678,-168,-1122,889
73038,3741,-6974,-5373,34,-78,447
73039,4345,-3127,5256,-1497,307,1046
73040,2865,7401,7632,1486,-410,1421
73041,67,5233,7904,649,-1483,862
73042,4147,7047,4937,-823,1438,-1519
73043,-6908,-351,-2865,-333,713,-277
73044,-1385,-4963,-3769,-1329,1425,-1908
73045,2231,4560,-953,1006,-1309,-851
73046,-4257,7773,-5930,487,-1021,441
73047,-5766,-2934,7882,-27,27,1831
73048,-5088,2475,-646,-1780,-266,-201
73049,5078,5601,1058,1497,-1041,-261
73050,-7217,1952,-4043,-40,1094,-1998
73051,5971,3674,-4104,1879,684,946
73052,-5050,3600,-6539,-386,-1143,1671
73053,5224,6489,4316,-486,629,-705
73054,-4579,7355,6264,-1601,1165,1308
73055,1288,-2790,2514,1090,595,510
73056,5206,6651,-2991,-126,-1133,1740
73057,-1913,-2091,-2638,1771,-792,-1422
73058,-4164,887,4079,-914,1413,-290
73059,2146,6828,-7151,-1181,-763,1951
73060,5771,-7337,-4072,-1866,-1610,642
73061,5722,-2060,-4960,92,881,100
73062,4882,4916,-2965,-1647,-262,1587
73063,5748,-6701,-7912,-88,1282,-1252
73064,-6560,7122,2190,-1001,1758,-989
73065,-7825,5714,-1193,-1523,182,820
73066,-1777,1169,1691,73,-526,1493
73067,2014,4073,6433,992,-1334,763
73068,-7805,1827,-6902,229,255,-880
73069,-5682,3246,-2161,999,1637,-347
73070,5799,1380,-1935,244,710,1917
73071,-3081,-2063,3662,-453,-280,1316
73072,4719,-2892,2958,-1152,280,1633
73073,-5345,-4265,1319,-1155,-893,1076
73074,7083,4188,2571,125,-727,-1221
73075,1947,2297,-3605,405,1601,-388
73076,2492,4313,6024,-1519,519,-194
73077,4188,-681,-4457,-847,373,1052
73078,4793,-6213,7714,-678,-622,-109
73079,-3115,-7309,2188,1130,1317,-1331
73080,-1081,332,2275,-1424,450,-1870
73081,-7639,4853,6301,-1634,864,109
73082,-3340,5612,4147,-1938,-740,-1678
73083,914,-6219,7219,-860,1475,1310
73084,-6303,-953,-7664,874,-1923,-1871
73085,-5971,-3054,-3293,1936,-985,-147
73086,7079,-1297,3558,-627,-1163,-665
73087,4452,-6873,-5315,1080,-446,169
73088,1119,-7197,-7434,-1820,1105,670
73089,2562,-5807,-571,-1998,892,263
73090,-4729,5567,-1146,657,928,1568
73091,3361,5091,-2564,110,-1281,595
73092,3042,1754,7175,1141,997,-1954
73093,-7611,-1791,1807,-1144,-695,479
73094,-3989,6689,2637,508,-285,-389
73095,-6067,6833,7343,-1838,1662,-685
73096,-637,3802,-5165,425,-535,97
73097,-4715,-136,-6385,-1863,-648,1567
73098,-4884,-1852,-2896,819,-671,1165
73099,-4340,7934,-7604,1725,-230,-1675
73100,2519,268,-3582,-1798,-76,-130
73101,1162,1578,-5024,-564,1950,221
73102,7730,1887,-3211,608,-747,1473
73103,7209,4620,-4216,1619,-1544,-840
73104,4248,-6918,-551,1918,-145,-208
73105,6751,-3635,-1627,1308,381,1811
73106,4913,3283,-6512,39,239,727
73107,460,-484,2182,-188,1953,1004
73108,-4982,2556,-2974,619,1992,-885
73109,-5306,3538,-283,-1388,840,1778
73110,-4710,5400,5,-620,-228,612
73111,4270,2520,-3772,252,62,-493
73112,-669,-4915,-4925,1564,-1465,309
73113,-3913,2642,373,1913,1744,-1309
73114,7934,210,-2143,-1032,-1829,1189
73115,-4817,1249,76,1156,11,131
73116,-7467,-2140,162,1955,-305,-741
73117,2563,459,-7692,1427,327,-1391
73118,-4955,-7216,4405,-460,1848,602
73119,6825,-4556,-1983,353,-1959,510
73120,2024,980,506,857,1947,693
73121,1540,7176,4685,-10,-658,-1061
73122,-1629,3001,3656,1437,-1390,1143
73123,-6362,7224,-5713,965,-1590,-844
73124,4469,6675,-6936,-424,-1103,501
73125,-1198,40,-4009,-1440,1587,1197
73126,4868,763,1255,1375,-1618,1576
73127,-5553,6465,1352,-1567,-1717,-413
73128,-407,2952,-3720,1720,979,354
73129,3489,5590,2730,-1748,1435,-1985
73130,5440,6688,1155,-554,-837,1848
73131,4602,-5299,60,-877,1746,709
73132,-7257,-4235,7884,-426,-1641,1453
73133,7604,-800,5446,1737,1284,-1863
73134,5813,1461,7859,-89,936,1791
73135,-6824,3197,-6558,-1445,507,-982
73136,-6514,879,-3583,117,149,-90
73137,1491,7430,5953,-427,1619,-1458
73138,-7212,6160,7405,1871,-1758,598
73139,-5948,6442,-1620,368,1894,-1558
73140,-5258,-7493,4440,-1757,-32,-1343
73141,680,4903,-1116,356,469,621
73142,-5961,-4700,-7050,-1468,-1254,424
73143,-5075,-1751,-2738,1310,-964,791
73144,-4550,2347,-5033,-377,-364,1367
73145,-4541,7083,5169,-1404,1123,-771
73146,2080,-899,-4679,-460,-29,1880
73147,-1301,-1515,-7549,1007,1752,-303
73148,7230,-1359,5116,976,459,-1333
73149,218,7105,2950,-376,-1005,415
73150,6587,691,5610,-332,-1016,-223
73151,6814,123,-3896,-130,1351,286
73152,2330,-7665,205,-1129,-1691,-1319
73153,6791,-2243,-119,-817,-1717,1706
73154,4216,-6462,-1481,484,-1749,1775
73155,4331,-6204,-3740,-620,1408,1141
73156,-7659,-3614,-3558,-1633,-1993,-761
73157,-5971,-2176,-5168,1741,1048,1951
73158,-7293,-4500,-5320,81,683,-977
73159,-7625,476,7232,-267,1434,-1142
73160,6356,390,-3172,1674,-589,-922
73161,7460,6247,-6412,341,1724,450
73162,-7438,6552,2073,-1388,-744,649
73163,-2398,-5812,-5070,-1048,511,-1453
73164,1165,-6820,6486,575,1122,1325
73165,-4168,387,-281,-1296,-343,-691
73166,-6054,-4797,6695,482,697,715
73167,-202,-4684,4054,-740,-1964,-813
73168,-2082,-511,-2885,343,-1314,1287
73169,-3199,-7293,616,32,-1152,-217
73170,-4041,3914,5693,645,1508,-232
73171,-7237,5630,-6069,-1171,1864,-1555
73172,4676,1166,1878,174,-1019,1191
73173,-3316,-395,-2,-75,1144,-1077
73174,-2051,644,-1888,1529,793,-1036
73175,6859,3078,-3642,472,-1390,746
73176,-5114,2547,4561,-1555,1410,-1081
73177,-7287,613,-7819,1743,977,1616
73178,-1029,-6775,-5988,-1423,-1049,-265
73179,-6615,-4324,-7512,1727,1291,-31
73180,6324,-5342,-4207,-1643,918,401
73181,-3351,760,4366,-1996,-817,917
73182,5918,-3706,7943,-1248,-1913,723
73183,-4042,6895,-2917,-64,-178,790
73184,-3351,-4669,-7783,-456,-595,-804
73185,6027,6273,181,-395,-1121,-1241
73186,-4724,2051,6792,-1672,5,523
73187,-7380,1565,-4758,615,822,-1300
73188,-6889,-6886,-1243,1019,-1610,468
73189,3738,7098,2936,-1701,-1702,1734
73190,7637,-643,2524,1890,496,-905
73191,-5707,-1593,-1671,-1925,315,393
73192,3858,-5500,6014,609,1079,-141
73193,7680,659,7935,-1576,-537,-1225
73194,-853,-4851,2166,627,-1918,-558
73195,-6244,7550,-6296,-131,-83,-305
73196,5645,-6509,-3826,1799,975,-617
73197,-222,-948,-850,951,1609,612
73198,2566,5890,-1865,1347,79,-464
73199,1095,5064,7637,-1103,-1445,1062
73200,2234,5979,-1599,559,1881,-1991
73201,-1575,-6816,6824,-503,-977,-1581
73202,4138,-5512,-3784,940,-1045,-110
73203,2915,-472,-7001,1410,1113,1544
73204,-1020,5169,1912,1378,-1609,85
73205,-7543,6232,7710,313,504,161
73206,-7970,-5718,-1747,-797,1535,397
73207,4572,4731,-5220,-1769,-180,683
73208,-5573,2065,-133,-1017,-268,-812
73209,-6574,100,636,-1648,1717,-1211
73210,6487,3872,-3337,1291,1342,-438
73211,2191,783,-7870,-1954,-143,1407
73212,-6706,-7185,-6520,-1093,-1609,-1970
73213,2313,-2421,-1669,245,1556,375
73214,1315,-4169,-987,-118,631,1776
73215,4665,-6174,2291,387,1027,-1702
73216,5746,-639,6815,137,853,-1925
73217,3463,2100,-1412,-519,-919,1291
73218,-2217,-2829,2785,-714,967,-1360
73219,-4142,2744,2752,-1349,298,-547
73220,-4418,-4722,5611,1101,439,1597
73221,-3033,7186,-6552,-1561,-1380,639
73222,-4922,6204,4031,1700,689,-1424
73223,7407,7809,639,1821,1196,-551
73224,-6051,4573,-4020,-579,619,-1497
73225,7416,-4501,-1600,-1298,-43,444
73226,-382,314,4264,-1409,-810,-389
73227,-5734,-6906,-4654,-1339,1387,-1310
73228,-246,-6287,-1195,606,-125,-665
73229,1235,-6639,-5891,-539,827,1568
73230,7435,4421,6468,384,1283,-1711
73231,-5788,1599,370,1015,773,-1767
73232,1041,-2867,-5610,-1203,780,-1879
73233,-2660,-1717,5847,1936,451,954
73234,5456,-2605,5574,-1190,-1695,367
73235,-560,-6687,-2822,-1859,-1919,1621
73236,7234,-2038,-3122,-742,-1306,-1225
73237,1537,5724,-5129,-1593,-1394,946
73238,5339,7373,6029,-320,951,-770
73239,2938,3831,1087,184,-1568,392
73240,6858,7430,4892,26,313,-840
73241,-826,5132,7451,-194,591,1715
73242,-2606,3892,6241,-1574,-248,1405
73243,-2175,-2454,-5592,-890,-678,351
73244,-6011,3137,-1524,1510,1259,182
73245,1835,-2664,2591,1802,195,1812
73246,166,3927,-4972,-1770,-1003,379
73247,1660,-1197,5108,1086,-171,65
73248,-6628,-4431,-212,458,928,-161
73249,2888,7923,-2164,36,1331,-164
73250,-3152,-3860,2956,1605,1298,-1784
73251,2943,7311,-5885,-1452,-355,1566
73252,-5864,273,3809,-248,-799,-1872
73253,-6203,6213,-6272,-1901,1056,361
73254,-5911,140,-7010,-401,1934,-1359
73255,-6053,7624,3247,1668,-1847,-949
73256,-4701,6286,-363,1882,1750,1645
73257,5545,2123,-3196,-1902,-841,1256
73258,-3047,4445,-1606,-93,-702,-1805
73259,-2417,-4914,4038,1967,814,-1690
73260,-5589,6835,4069,-1840,-1826,694
73261,-4499,-221,4724,-335,317,1316
73262,-7805,-2026,-2089,1612,-1381,1099
73263,4016,4146,-6228,-1762,1526,-881
73264,-6246,2592,4925,300,37,-1925
73265,-3884,-1281,2963,-1023,-1847,980
73266,-5704,4323,1096,840,820,-1861
73267,11,-469,-7386,-109,565,-365
73268,-1446,7062,-7355,1069,-692,-797
73269,5313,-6845,-5208,-1823,-1447,1250
73270,-3354,-4863,-2153,1438,-1628,-1846
73271,-7201,5440,-6517,-370,576,724
73272,-2550,4253,1327,-654,564,1311
73273,-7555,924,-7980,1139,-450,971
73274,5225,6572,-7506,1297,1203,1964
73275,1286,2908,-921,-1377,-256,-610
73276,-6047,-3991,-3292,282,469,1283
73277,5758,-836,-391,178,1069,-127
73278,6451,833,-5403,1813,290,-1940
73279,3532,-99,-4860,1815,997,610
73280,-7670,4862,-6157,-146,-961,-643
73281,-116,6609,-6671,-262,312,1718
73282,7589,-1914,-1293,283,1420,1250
73283,-5236,-3887,-532,1826,-1172,150
73284,7646,3965,-74,800,-979,470
73285,-4351,-4296,6530,-820,1218,238
73286,-3339,5008,-5697,-217,1460,-1336
73287,781,4592,-5896,716,1880,1172
73288,-191,-232,-201,1278,199,-1737
73289,6003,90,2197,-257,-540,604
73290,-3783,-82,1753,-686,-1280,1860
73291,6696,-7295,1827,-1591,3,-289
73292,2874,6816,-667,314,-1247,1720
73293,1370,-2182,1941,-178,754,-430
73294,1902,-2985,-367,-222,1258,-1790
73295,6982,-6717,-4053,1783,417,-274
73296,3620,-1739,-6914,238,-765,-287
73297,-801,7589,359,-1390,-884,711
73298,6455,-2000,-4635,-1333,1709,-588
73299,-5299,-1593,-4096,400,-191,-1578
73300,-6368,4959,3077,-482,355,-5
73301,7990,-2964,6931,1846,-1032,-1703
73302,796,-1502,-6912,-417,-1605,1572
73303,-4276,4957,7088,-1079,554,-1516
73304,3555,7059,6608,289,-1734,1649
73305,3820,-1218,1251,-1909,715,-91
73306,452,3106,-2691,698,63,1120
73307,-7680,1347,4200,-882,-995,-928
73308,3367,7752,-2602,1020,-369,-1193
73309,-4464,1365,7746,574,-300,-1705
73310,586,526,-6146,1209,1178,963
73311,-2104,3464,1127,157,-156,1536
73312,-4505,6377,1689,1136,-1007,-133
73313,-3655,675,-512,-635,-869,1197
73314,-3114,2781,6329,-1487,448,-471
73315,-6874,3506,-2202,1802,618,112
73316,4284,-2544,1823,-1960,-767,-1665
73317,-80,-951,-6275,-771,783,-1208
73318,-5231,687,-3745,1637,1170,-839
73319,1636,-4431,309,1174,-1665,1489
73320,2296,-6813,1698,1346,-1058,1735
73321,2235,-1160,7144,627,-1810,-647
73322,-1234,-480,-293,1920,-1503,-1902
73323,4205,-4143,-3078,1403,525,795
73324,-2523,-5774,5555,471,941,-1986
73325,-7082,-1152,-3193,-1404,-942,346
73326,-1451,-3933,-7760,-1306,1871,1795
73327,-3935,655,2492,-1232,917,-1896
73328,-1518,4630,96,329,626,1827
73329,140,1689,7237,-63,834,-767
73330,55,1793,-4359,792,-744,434
73331,-835,-4215,-1966,-1605,678,1877
73332,4237,6486,-3700,-1366,-1537,-900
73333,-6427,-4382,5561,-827,1103,-101
73334,-5926,-3986,-3352,-1095,-578,147
73335,-6753,-1709,-2142,-539,733,405
73336,6700,-6609,6363,1556,1404,1771
73337,7792,-2276,7506,-483,-12,-599
73338,-7132,-572,1105,-1163,1461,209
73339,6940,-7384,-7273,-786,-1932,866
73340,-7237,1277,2107,-1167,-1323,-1452
73341,5201,6077,-203,893,1298,1623
73342,-7983,1759,-2893,1569,1293,235
73343,2446,-3990,1679,276,1914,988
73344,-7005,-2595,-7569,964,-1705,169
73345,4980,-6372,6889,-1884,-1879,1846
73346,4507,-5000,-2266,842,1210,1796
73347,1200,2104,-6181,-437,-1942,-290
73348,-334,3667,6060,664,1580,63
73349,1516,-7219,-14,267,-604,-1396
73350,-7760,3101,-3510,-46,-1604,-238
73351,6158,3316,-2065,-35,-768,1568
73352,-285,-4975,-5340,324,-1842,-717
73353,-6425,4895,-5674,1473,-1074,-511
73354,6107,3006,7339,-1883,570,-628
73355,-3077,5604,3579,1783,925,-1404
73356,-5274,1881,3293,-1617,1618,945
73357,6677,-1881,552,22,897,720
73358,-1118,-6844,2698,-1876,1481,369
73359,7300,3838,4481,-1604,881,175
73360,712,7321,3805,-1233,93,941
73361,-5690,-6157,1141,-35,-1717,-1654
73362,-1645,3960,5943,-1932,809,822
73363,-6984,2321,-6232,1707,807,956
73364,4883,-4755,4455,1018,634,-833
73365,-718,5633,-2451,-401,-1965,246
73366,964,-2095,-4073,1813,-496,-1136
73367,-1376,-5077,5929,58,1229,619
73368,7530,-5999,-845,-1911,-202,1896
73369,-224,7439,-7238,624,412,719
73370,1173,5773,-7125,877,-19,-811
73371,-1798,-2083,1278,1657,-1745,627
73372,-4676,7532,-2894,1383,-804,-1235
73373,-1399,-2058,2934,1916,1776,-406
73374,5539,5348,199,-554,-1784,-1907
73375,6186,6403,-7119,1039,1686,354
73376,-6810,-1585,-3133,1227,1638,-1104
73377,4965,-659,-4723,-208,-210,587
73378,-597,-5665,4728,-1747,1931,221
73379,5251,-2005,-4081,-1477,-734,-1067
73380,-4702,5949,-563,-1981,569,660
73381,578,4850,-6408,1210,-1535,-173
73382,-6465,7416,-7739,-1848,840,-1841
73383,5108,150,630,-46,-1283,-1002
73384,-7791,-6058,-3594,-1941,-1710,1702
73385,-1312,1972,-2536,347,-584,-1326
73386,-454,7379,632,-750,-10,-1816
73387,105,2701,5834,761,1088,674
73388,-6345,6559,4149,1799,1310,-1342
73389,5183,-5348,2642,-734,959,1242
73390,-5517,5070,4613,1740,-220,1458
73391,-5685,4043,532,881,1097,-678
73392,-1261,4363,-6628,-1590,1844,-107
73393,4559,6904,3150,-1433,-436,1013
73394,3653,7318,-7327,-1598,-686,-222
73395,4269,-7423,-3029,191,1840,-94
73396,-7643,-3247,7075,1655,-1154,1441
73397,-6863,1358,-1461,-247,-520,-1865
73398,1549,709,3496,1753,-1672,1221
73399,-3883,6249,-6690,-130,-797,-522
73400,3029,-850,3185,-1666,-1388,-1059
73401,-2051,-245,4505,1366,555,-652
73402,6014,-1319,7186,-1573,-693,-1182
73403,-2745,5948,-2114,-491,-553,668
73404,-7677,-990,2979,1974,-1109,1398
73405,-7885,-2034,454,1480,1758,-43
73406,-6352,2795,-2857,-1662,-1842,-1049
73407,366,-4791,1185,63,-1377,1777
73408,2718,4039,6553,1178,891,-672
73409,5431,6387,7754,-174,-1376,1398
73410,-1469,4742,4193,-1914,-1054,905
73411,-5078,3844,-2877,244,-470,1693
73412,-4507,-7222,4773,1972,1735,-679
73413,-1761,-5164,-5385,1853,-1628,1765
73414,4044,6344,-187,196,1551,-468
73415,-7119,-4521,6971,-897,-501,-758
73416,-2957,4002,4780,-506,1390,-974
73417,2976,596,-3737,-176,549,-1274
73418,-7049,5112,-2754,1644,792,-1272
73419,3034,5286,1530,347,-1857,983
73420,-2839,-29,4957,-492,-1830,143
73421,-5940,1703,-3990,425,-595,-22
73422,1708,-6897,2576,-1997,-1714,-636
73423,-1025,-5905,5094,-351,1110,1166
73424,1535,-4117,4692,1768,221,-359
73425,-1266,7829,1739,447,-1593,347
73426,935,-2948,7620,756,-313,1996
73427,-248,2513,-3840,1390,-997,1313
73428,-3427,558,-1909,819,-1565,1639
73429,2769,-2537,5495,-1531,84,1218
73430,6780,-450,2154,-780,-222,1824
73431,4743,-5928,-252,-142,-1924,1713
73432,665,7405,-322,1055,-1235,279
73433,1912,6462,-7078,1619,1118,587
73434,-1317,-7662,-1200,436,-1785,-1124
73435,6498,-1594,3469,1825,-1968,-189
73436,-2611,-6091,3280,1576,1668,-1940
73437,5754,4497,-4849,1068,369,1195
73438,-6537,2799,1017,969,1092,-1064
73439,7639,1768,-4486,1471,-1241,-1479
73440,-3524,1565,7348,1090,815,646
73441,3542,-1987,1572,1607,1612,-189
73442,-1568,783,2993,-496,-1522,-1925
73443,3051,-5063,2677,-671,266,465
73444,-2481,-6731,-7673,-1260,-1894,-1924
73445,2220,5063,-4557,679,-573,-1309
73446,-3584,-3199,2426,1004,-774,-969
73447,772,7367,4485,1197,1246,-1711
73448,-586,-4339,6165,-1816,410,959
73449,-6549,7966,4566,-1564,-554,1189
73450,-4509,-5341,1330,1606,19,-138
73451,4480,-3756,2683,1582,-1523,-504
73452,-1870,2966,5673,-1446,1815,-1259
73453,-5114,4873,2125,-1302,1706,361
73454,-4278,103,-3035,-561,-264,-1818
73455,-3587,5890,-5624,-1117,1266,-920
73456,1970,6492,-5559,239,-345,-1851
73457,4643,178,-6997,-342,1928,1347
73458,7191,7921,6614,965,-1191,-1214
73459,1162,-1396,1322,447,1022,-1425
73460,-6691,-6678,4240,1211,776,-1165
73461,1323,4628,2116,-1384,-670,1602
73462,663,4045,-6727,1178,-1905,835
73463,2850,-1097,2395,1519,486,-1752
73464,-7943,-391,-7806,1713,-867,-1476
73465,2797,3229,1662,-1181,-962,-1244
73466,7674,5929,-2462,-754,-847,-490
73467,1757,2163,-4231,-1925,1537,-1814
73468,-5335,-5555,-6254,-80,-1388,-1102
73469,-1533,1207,3851,1679,-368,-1107
73470,663,-4805,-1593,1535,-846,-891
73471,-5070,6997,6399,1707,1839,-320
73472,-1998,-6418,-2910,1503,1637,211
73473,-5554,-690,6167,-1945,-1774,-1245
73474,-5875,-6063,-3115,397,1251,1096
73475,-1469,585,-1146,1427,-642,-1886
73476,5965,-4521,-2588,1551,1529,923
73477,-6548,-7161,5058,-1315,1984,1134
73478,-2491,6325,5696,-1815,-286,1288
73479,-3838,-1419,-7892,1094,-1521,-253
73480,-497,5493,-4582,1515,1067,-879
73481,7053,-3277,6424,475,410,-1861
73482,5609,6938,-1299,1458,84,1669
73483,-3184,226,7340,-120,29,-1734
73484,-7493,-6219,2254,-237,417,-1063
73485,-3952,-660,7341,-1931,-118,1101
73486,931,-5933,-7507,-418,-257,1928
73487,-1026,-3363,6339,907,-293,-816
73488,-6200,3902,-4732,944,1061,-136
73489,-3479,-1624,4259,-835,838,-1667
73490,2368,3876,-7830,-1262,1637,-1730
73491,1152,1987,-2619,550,257,69
73492,-3373,-3392,2279,966,628,-151
73493,2713,-4241,2048,-1759,-278,1375
73494,226,6594,-4137,696,-374,878
73495,5027,-1979,-3208,1663,-573,-423
73496,1819,5761,-3190,198,-1624,-1220
73497,829,1931,-6103,-1227,-231,108
73498,4978,-110,2470,-1401,-849,1772
73499,-3588,7381,-2718,235,1258,444
73500,-7011,-7437,-3246,-788,-1762,-1325
73501,1913,-2250,1427,1782,-173,318
73502,-1288,7586,-3448,-53,-417,-1027
73503,6961,-5930,-7687,-1669,-473,-560
73504,-6149,-5538,-3895,-949,-573,1431
73505,5914,-2764,-569,-336,332,1890
73506,4742,-4170,-4012,1941,670,-258
73507,-55,772,4783,1133,-801,781
73508,7570,39,-346,770,262,6
73509,-3265,-7043,-7352,-387,-1990,1006
73510,2611,3699,-625,-1634,335,638
73511,-6103,-176,-1816,-1827,-1682,1493
73512,6580,-6606,6622,-1696,-410,-543
73513,5314,6459,-497,-408,1875,-705
73514,2021,-4063,6353,450,-1640,671
73515,-2116,-5043,-3358,-1803,-873,-1126
73516,4534,-7720,-7550,-266,503,-400
73517,7765,-2816,3469,469,929,-1799
73518,-5568,3222,-4883,-1027,-1539,-151
73519,7085,-6033,4377,-110,1125,1859
73520,2639,-4864,2735,-396,1892,-739
73521,-4689,1416,-1079,54,-1295,995
73522,5954,3840,-7096,537,-1456,-1909
73523,-5327,-7893,7673,27,-821,-155
73524,7189,4784,-4679,489,-1827,-1042
73525,2179,-5618,7520,-1492,317,-933
73526,802,-7599,-594,1194,1362,1739
73527,6362,5924,-4140,80,-1821,192
73528,4485,-6731,6541,811,918,-517
73529,936,1181,2529,1885,1638,-1977
73530,4208,-2616,-942,-1030,1844,-1283
73531,-6925,2734,221,1448,-444,-945
73532,-7892,177,3508,-1802,-1050,-1652
73533,-5849,-4064,3778,245,-1736,-1457
73534,2373,3900,627,650,-1957,-1418
73535,-7356,-1897,-7687,-1454,1349,133
73536,3076,-7769,-94,-535,-54,-1799
73537,-892,-6863,3195,646,-1137,-1769
73538,6178,3552,-7384,489,199,-1511
73539,-4617,5584,3268,-45,-1020,1313
73540,-849,-5796,-1608,-1907,746,-1522
73541,713,-5420,-1902,-991,349,1900
73542,3459,2364,-875,-1444,-280,-475
73543,-6214,-1637,-319,-645,1422,1099
73544,-7191,3633,-4621,1760,-687,-1839
73545,3353,-5269,-231,1477,-709,-1722
73546,-6840,545,3438,-859,1882,628
73547,-3242,1129,2368,1860,-151,1010
73548,7280,3338,1707,130,686,95
73549,-1671,3697,145,-615,985,-191
73550,2296,4197,-4778,879,538,1713
73551,-4226,-2607,-2031,1946,-1276,1133
73552,1574,7913,-742,-531,1424,-396
73553,-1475,-752,7947,1377,-751,677
73554,6937,1474,1914,1468,-209,465
73555,6512,-6152,-586,-1751,1069,114
73556,6470,3929,3137,-1935,-851,-1152
73557,-6565,-2297,-2644,-547,-555,1356
73558,6562,-3164,1694,-1089,377,-1918
73559,170,-2353,-4397,1721,-476,1814
73560,1534,-498,-6586,-244,1455,1404
73561,-7792,5082,7048,1227,-1902,-1777
73562,4949,-2615,5708,-275,-27,774
73563,-3751,2788,-3899,840,789,300
73564,-4815,-7290,6953,555,-733,1101
73565,-4300,2674,-208,1394,-1564,-1060
73566,-230,5749,-2309,856,-1765,-1746
73567,847,3977,114,-892,186,1165
73568,1363,1524,2997,57,-964,649
73569,3849,-7529,-5557,-284,-1489,562
73570,7302,-4387,-390,-1295,1786,-1341
73571,5291,7043,1620,1897,1116,1444
73572,-5981,5824,864,1805,409,1995
73573,4854,5519,7117,1999,1555,1792
73574,-5055,1065,-3953,668,-303,-904
73575,335,3189,4843,1280,461,494
73576,-7526,-2180,-6574,1243,1082,-1342
73577,-4157,5409,-1446,1104,1099,-805
73578,-2614,4740,384,-1892,-63,570
73579,-5642,2241,-879,878,-604,652
73580,5417,-2657,3249,-751,-1906,1179
73581,-5357,-4182,-3493,-1848,306,1645
73582,-7290,-2633,7354,-1197,-834,-752
73583,-6291,-6701,6953,-1332,-684,-1356
73584,709,6129,5237,1193,1789,316
73585,-4806,-4755,-3090,-245,1742,-1794
73586,-7425,-4783,-11,-1809,-154,-65
73587,-2144,-6074,297,889,-1216,-844
73588,7456,-6418,-5435,73,-1794,-1868
73589,-1613,-1934,7744,-300,1588,1748
73590,7252,-5657,-1045,-1009,586,536
73591,1302,2703,2632,-328,-283,-1380
73592,2006,-6943,-6334,-86,1719,644
73593,-5820,-371,5193,-1400,-1526,784
73594,6226,1197,6640,1591,-1969,-169
73595,-4581,-7963,-3817,344,179,61
73596,2393,7706,80,-574,1127,-134
73597,-6724,5303,3377,1394,-1215,-994
73598,-2745,2716,-2932,-330,1868,-1076
73599,-7414,-570,810,1560,-1029,1144
73600,3189,2024,5693,-1883,-1077,-824
73601,-6835,4391,616,1803,-1959,-1596
73602,-3181,3628,-555,672,-1452,-805
73603,-1547,-6097,259,-1193,1382,-365
73604,7710,-3779,3921,1415,-469,-240
73605,-2383,-5923,4083,-833,1222,-1144
73606,556,1768,4504,-654,1037,-1259
73607,-4493,-3767,-4294,1178,441,-1393
73608,-4947,-6933,-3165,-306,-1559,1152
73609,-5791,-3167,-7744,-174,853,881
73610,834,-3369,569,-1242,-1303,-1558
73611,7826,-808,-6759,-288,99,-321
73612,-4795,223,-5464,-746,1904,-1437
73613,-4802,-6840,-2527,-1486,975,648
73614,7089,7367,-4047,757,-544,-1148
73615,3226,4200,-3815,747,1620,-20
73616,6963,-6559,-91,1490,-1255,-1866
73617,5883,-7316,5232,-1213,-1292,766
73618,4620,165,-1506,-130,-957,-849
73619,-479,1408,5918,1999,-138,210
73620,-367,-1213,-7320,1137,-1424,-560
73621,-1313,-3901,-3735,-1384,1140,390
73622,-3791,-1258,1992,-1111,1431,-104
73623,2326,-3275,-1160,-1423,1466,-1192
73624,7249,-4455,2386,-671,1430,-826
73625,-606,-7510,-7980,1339,1179,395
73626,-326,3104,496,-1106,1641,-686
73627,-879,-7976,7829,1572,-1212,1074
73628,-5690,2260,3087,1143,1749,1932
73629,1531,782,1771,201,-777,873
73630,211,5010,4160,-201,-133,1944
73631,2008,-2892,3278,-1958,-1111,-744
73632,7148,3661,-6217,803,-1280,49
73633,-679,-569,1390,803,1174,-1365
73634,991,2701,1242,-314,424,-573
73635,-6161,5015,5333,-453,968,1545
73636,-7727,-3927,-1146,910,-726,-1138
73637,865,3070,-2557,709,-1864,-1627
73638,-1205,-7293,4021,1057,-1287,-1741
73639,211,143,-3927,964,1265,392
73640,3286,5300,-134,-345,186,663
73641,533,6970,1051,1616,829,-1513
73642,834,-6121,3961,-481,-1328,276
73643,529,1846,-3862,796,1926,481
73644,7922,5899,1867,1357,-1361,-1958
73645,7474,2034,563,1527,1197,612
73646,-6079,-7304,1939,-1777,560,-364
73647,-1582,-1250,-5400,-524,1037,-928
73648,-3487,-98,7409,59,331,-999
73649,-6108,-4851,-4163,-647,-1408,-827
73650,-2865,-644,-4169,-549,245,1283
73651,3387,2664,-3888,-930,971,1005
73652,-3732,-7919,-5307,1619,1845,-666
73653,-1327,-5063,-2111,1660,828,-1056
73654,3082,-4434,-5192,-127,1033,-430
73655,1380,5374,-7649,-753,-582,1628
73656,4001,7975,-1336,-633,-553,-922
73657,6408,1386,5597,-1013,-114,-1091
73658,-1284,-5806,6936,1661,1558,1938
73659,-2901,-2031,5338,922,-162,-1708
73660,-4796,2209,-2970,-1856,797,890
73661,-4380,-1106,-3869,245,-1550,516
73662,2875,3435,-3996,-70,548,1999
73663,-2559,7704,7564,778,-587,-451
73664,3902,3479,-2327,-967,-131,565
73665,6034,-1749,7289,-628,444,930
73666,1630,-6363,-551,-496,-540,1270
73667,430,-6980,7406,-268,1870,1679
73668,-2025,3356,6633,-1318,439,903
73669,-5900,2605,7323,1290,-1895,-249
73670,-5321,-4960,310,1844,422,-1427
73671,7933,2415,5111,18,-1128,1704
73672,4631,-6591,6086,1021,-1257,1820
73673,-7605,1982,1164,214,191,1645
73674,5568,7044,-404,-120,-1286,147
73675,-6064,4592,3468,541,213,-1396
73676,-5813,-5438,-4704,1801,-530,1360
73677,-3524,3753,4167,-1841,-771,1768
73678,-4196,7273,7568,-559,1898,876
73679,-3742,-1656,4906,219,1258,563
73680,6680,-3932,-2652,-426,1707,-126
73681,2177,-4694,2038,-1688,918,1514
73682,-4643,-3120,7370,1379,1992,-1474
73683,-5659,-1840,-6352,-1542,-1000,233
73684,2612,2505,-258,-144,1067,615
73685,6765,-5024,-1653,1589,-1718,-1147
73686,2574,-5800,3937,461,1211,-1849
73687,-7481,-7593,4457,-1785,651,-30
73688,5463,-4262,7678,959,-953,-263
73689,3707,3719,3573,-1473,-376,726
73690,-7710,2277,-2061,271,1454,-72
73691,2930,6003,7446,-182,630,-220
73692,4063,7783,-5302,803,1186,-125
73693,2326,-5957,1924,-1623,253,-1347
73694,7136,709,-5052,379,464,-1901
73695,5036,-2374,2747,1922,-249,-1543
73696,54,-6675,1320,541,175,-1946
73697,-3542,-4394,-969,994,-28,461
73698,283,7731,-6797,-1626,-1956,1604
73699,-406,120,-1590,-475,1220,-1681
73700,6107,-5119,-3327,-896,-1988,-1903
73701,6168,-4973,3029,1547,-1937,221
73702,6198,4679,-325,-324,349,-1758
73703,5486,-2416,-735,383,-1193,1661
73704,5951,-75,-6148,-436,89,-1911
73705,4239,7308,-2700,-1372,561,561
73706,4053,1203,-5792,-218,364,-1213
73707,7780,-1008,6662,-997,-233,1479
73708,6340,-7803,-2985,1406,750,-1553
73709,3248,-1138,-3261,1621,401,-674
73710,-356,-5619,2805,366,901,458
73711,-1987,-3995,-7288,-70,951,-860
73712,-748,5690,-1228,424,-172,1332
73713,5071,-6301,366,-473,-24,-704
73714,-7004,-7869,-7639,191,-1209,-1005
73715,-1254,5805,-6982,-701,401,-671
73716,-6315,3965,-5022,1767,1061,-653
73717,3231,1668,-256,-903,1655,-559
73718,3673,-7489,5498,-1465,595,489
73719,-4422,-1824,-4544,1268,-1297,-1034
73720,-1967,6569,-511,-504,1494,-1575
73721,-6108,495,4066,-917,1969,555
73722,-2468,-4230,-2946,1643,509,563
73723,-5026,-199,865,623,1120,-1659
73724,7635,-2976,654,167,-135,1282
73725,-1694,5791,-2033,-36,703,925
73726,-4126,1860,-6741,-1820,-618,-598
73727,-657,4173,6734,-931,1563,-1461
73728,-5296,-3846,-516,-630,1934,342
73729,4320,-7849,1541,-1349,-229,1853
73730,-7737,5280,-6155,1552,895,-649
73731,2612,-4287,-7417,721,1798,533
73732,-2541,7416,4654,1375,-961,1582
73733,-6936,1958,1083,-150,1616,1902
73734,-679,-2794,-4477,-972,959,-1372
73735,-1040,-368,6564,1696,-93,-785
73736,3806,1436,300,1910,1693,-875
73737,2866,-1753,-1630,611,1010,638
73738,-7284,-1591,2684,1186,1675,-1238
73739,4469,2925,-7476,782,-42,-1280
73740,5109,-5730,2459,-1897,-407,1047
73741,-358,-7673,417,-672,992,-420
73742,6562,-2076,4885,-245,1838,397
73743,7668,-4658,-1853,1517,-874,1291
73744,7602,7911,-1076,629,1557,1213
73745,-7085,-3769,-1727,-815,670,-591
73746,-1144,-4146,-4071,784,655,1451
73747,7547,6866,181,-1190,-63,1789
73748,-4962,-1780,7427,-553,790,1972
73749,7900,1429,924,-1486,-218,-989
73750,-3885,260,6031,-1534,-495,-365
73751,383,-2289,-7485,145,1656,1453
73752,1396,1220,2921,59,-899,-1213
73753,7413,186,-4672,-1540,1926,1577
73754,-6353,-4140,-2883,1205,237,-1180
73755,1627,1742,3099,-1119,995,1246
73756,6005,6038,-1916,-1011,566,-103
73757,6936,-390,576,-63,1030,69
73758,6780,-243,-2414,-1642,498,-1292
73759,-2108,6465,-3247,970,-541,-405
73760,-283,-1442,1346,-1606,1739,-433
73761,-10,-7981,-3452,-126,967,-1465
73762,6860,-124,6985,-1486,-377,1030
73763,-5017,-7225,-5172,-884,1888,80
73764,2488,5087,2892,-49,-1671,-1839
73765,166,6326,4643,-950,1404,998
73766,4697,1497,-1058,1464,1887,-245
73767,6387,-1500,-2976,-1580,-1436,-1674
73768,2116,-6206,-208,600,-952,33
73769,1153,-3772,5402,-683,-37,-562
73770,6277,5760,7939,-1274,1303,-417
73771,-4985,6836,-7398,1651,-1042,1203
73772,3891,-3594,814,-1384,1191,128
73773,-1208,-6523,5240,-533,-692,938
73774,-3453,5627,-824,-716,-463,-1637
73775,-2506,5799,-7802,-100,338,222
73776,-3883,-5999,1147,1849,-774,1158
73777,2128,4153,-5656,1142,132,-1156
73778,1490,-6630,5936,-1381,880,288
73779,-1956,-1158,-3401,1009,472,1307
73780,7647,1405,4140,-1239,1265,-1056
73781,-7630,-5219,7304,-874,-1753,1897
73782,-3015,-5798,-613,-475,-568,-537
73783,3679,1482,7253,-1541,1556,-777
73784,-6942,846,2534,-262,-809,-1897
73785,5032,-7826,7867,-329,1411,-1880
73786,7664,5923,-4708,-16,-870,-1691
73787,-2715,-5717,-638,849,-91,1444
73788,4166,2473,-5134,909,1199,-1373
73789,5392,-633,-6512,57,-1778,-115
73790,-2491,-171,7275,1079,-1867,-1278
73791,6599,-2465,-2813,-1022,-1654,1606
73792,3381,2529,-3356,-1736,-915,-1548
73793,2397,-1576,5967,-1159,-1041,1030
73794,-6357,-2739,6096,-1950,-1410,33
73795,-4733,6029,-1624,1425,-1266,564
73796,4511,-7338,6048,-504,-1363,1313
73797,1916,2724,2624,-15,1800,303
73798,-7052,1228,1212,14,785,-1687
73799,3836,-1676,-2232,977,1865,168
73800,6243,-2097,-6043,-542,-392,-1569
73801,7329,2875,-1974,42,627,-43
73802,7665,7713,3187,1287,1569,1419
73803,-2841,-2526,-4698,1058,-881,-119
73804,-3709,699,-7935,1077,-1720,-1266
73805,-5346,-6778,7827,-1648,1251,248
73806,-7507,7677,1457,-199,638,-66
73807,5487,4668,3112,902,582,180
73808,6115,-1596,2684,-1033,-1775,1463
73809,-7929,2691,4129,-1024,-1268,-1902
73810,-2342,-2054,199,925,1054,927
73811,6315,-5624,858,-170,-1288,819
73812,-7131,-7702,5001,1242,-1415,1500
73813,-3250,-1960,-2015,28,-1696,1674
73814,-896,4745,2201,-462,-855,-19
73815,1064,7749,3583,1278,1023,-38
73816,4278,4157,5767,-163,1743,698
73817,1276,-3614,3696,181,641,717
73818,7077,764,2007,1508,470,-806
73819,2041,-4010,-7250,-346,804,1938
73820,-1172,4377,1460,-1468,-417,-791
73821,6378,5,1792,143,-1062,-1516
73822,7826,7239,-6539,-114,-1725,80
73823,-6838,160,-2131,-1330,728,1585
73824,-987,4219,-3389,-542,-1148,1557
73825,-2579,-4821,2454,609,1164,124
73826,7673,-7710,-6164,-76,-1554,65
73827,-7512,-4872,-2068,698,1647,-248
73828,-2207,7532,-5926,1525,1924,-1390
73829,4037,-5395,-551,1635,-1130,1761
73830,-7109,3217,6281,-1832,291,1197
73831,-7584,-6508,94,1304,-1345,136
73832,497,-3421,-5666,-210,-722,831
73833,-1908,-2804,-5249,535,378,-688
73834,-2086,-1635,-6572,1605,-454,-1305
73835,2005,7159,-4972,-1357,-636,-566
73836,-5143,2739,2996,-1860,-374,-771
73837,5575,-7053,-4022,1225,1271,609
73838,2499,5006,5377,1372,1705,1003
73839,5539,3159,-5594,16,1816,-359
73840,6929,3163,3721,1897,1720,-1322
73841,62,2667,2401,-703,-667,-362
73842,4498,5589,885,655,1864,-746
73843,-256,1358,7665,-1895,138,897
73844,-6725,578,-2334,-457,-1635,-577
73845,-3680,5935,268,1280,-117,-464
73846,-5201,4335,-5590,1002,82,1428
73847,3802,3684,5304,736,1245,485
73848,-6878,1762,4851,-720,-627,1964
73849,5022,1383,6356,1580,-428,1714
73850,6158,-725,5401,-480,-1341,1599
73851,-1001,-1682,-4529,-1132,75,1128
73852,-6628,1186,4566,-1851,904,-704
73853,-5184,863,3994,765,-415,157
73854,-7227,-5435,2353,-285,1731,1173
73855,-7390,-1450,6674,1840,-236,318
73856,2588,5082,-5576,-1889,-1685,499
73857,4106,1987,-1677,-1493,-1800,733
73858,-2952,3188,314,535,-565,-1178
73859,1730,744,2043,1497,-1638,-1586
73860,-3512,1749,-4767,836,-1515,567
73861,-5622,-2104,5440,615,1264,422
73862,1637,3909,6580,-29,-280,475
73863,2185,-4961,-614,-1761,954,1028
73864,934,-7684,-7093,252,-1605,1620
73865,888,2896,2526,662,-1653,-1140
73866,6300,-2447,7221,518,-1650,1026
73867,6826,7572,411,1814,-1371,603
73868,-2664,3305,7465,-1100,1224,395
73869,4943,4018,6653,1086,861,370
73870,-3131,-2774,6735,228,-1668,297
73871,6787,-7082,-4337,-1844,-1947,1334
73872,7693,4018,-7559,1818,816,-598
73873,1204,1462,-2287,58,1255,-98
73874,3944,4473,2629,615,-1882,-919
73875,6846,-4320,-2996,1154,1843,1156
73876,3041,1620,2277,-1654,695,-629
73877,652,-6672,4034,-1372,-1412,-257
73878,-7369,1182,-6499,-1287,-1359,-1102
73879,899,-2795,7706,1784,150,-491
73880,-6216,3195,-5070,-1915,689,408
73881,-2311,5746,1077,1776,-1739,-1487
73882,5766,1616,-2279,1106,-1684,-1231
73883,167,-5936,3955,-1700,-1636,714
73884,-2094,-6599,-4872,795,-1121,-1861
73885,-2200,-2221,-4747,279,-607,-56
73886,-1732,-4860,-7262,125,-1633,-1000
73887,-7811,1763,-6487,1822,-584,-1993
73888,1430,673,13,-1294,467,1093
73889,-372,320,-6837,-523,1854,-1948
73890,3583,-5315,32,1064,1514,1037
73891,7570,1093,4773,1360,-1445,-1987
73892,-3154,6529,3369,-224,1289,-1747
73893,2925,-5399,-5859,-22,286,-785
73894,6265,472,-2562,-308,747,1859
73895,6001,3483,-7501,-627,348,1782
73896,-5584,-1915,2797,1651,-1989,-1412
73897,2115,-5948,-4404,-964,99,-1781
73898,-7003,2867,-3861,-666,75,1090
73899,1222,4783,2222,1674,683,-1728
73900,5846,-7352,3208,795,873,1246
73901,2644,2800,1089,-1319,-706,-1537
73902,5665,-331,3466,1600,1103,1863
73903,-4578,3353,490,-92,-1108,1541
73904,6712,3225,-7091,-1222,1007,-366
73905,7885,-7633,-5906,894,1665,825
73906,-6836,1234,4423,1408,26,-892
73907,94,7781,-7734,1946,302,554
73908,-7642,-3728,-7116,882,-728,-855
73909,5922,-3426,-5157,-919,-1006,-728
73910,-6730,992,-4579,-1360,1311,1037
73911,-6992,-917,-6243,-1228,-207,835
73912,-7961,-7738,2515,-994,-1334,814
73913,2084,5135,-869,-1424,339,402
73914,-3313,-4136,4231,455,895,-89
73915,-6682,4366,7930,-1928,-1881,-1310
73916,3351,3692,3880,-1950,1320,863
73917,-973,4629,806,-1536,82,-96
73918,-7871,5779,-5327,-1454,-1008,-1201
73919,3363,4521,-6202,553,-338,957
73920,-775,-311,-5646,410,-1292,1737
73921,-610,7614,5616,603,-1650,-878
73922,7440,1534,1885,883,411,-802
73923,5450,-6865,7694,-530,-1821,1810
73924,4861,-6758,6019,760,-973,693
73925,2358,-6214,-910,347,-900,-407
73926,5155,0,466,1634,-405,-521
73927,-585,1097,6483,136,-1741,-1601
73928,2384,5518,-2686,333,-1101,-1426
73929,4942,3852,4188,1802,-337,-471
73930,-47,2032,170,-1757,-1768,-1927
73931,3349,6493,4725,1545,-607,600
73932,7264,-5392,-1827,1265,1018,-51
73933,4237,440,7817,1213,-806,555
73934,979,6963,-4254,-1866,-482,1366
73935,-2985,4271,6107,-1515,670,-1410
73936,1055,-691,4373,21,955,734
73937,268,-4890,-5847,1931,-1408,546
73938,-7264,2260,-625,-1035,477,-1743
73939,-7715,37,-1165,-1635,-1584,-6
73940,-4997,-6678,-7321,305,-340,1869
73941,1548,6921,-4408,546,-1428,1460
73942,-5503,4926,1376,1505,-1757,744
73943,-4707,2743,2421,-1297,25,-859
73944,5457,-1706,12,-898,-1041,-51
73945,-7349,-467,-904,-684,1923,-344
73946,7388,-4063,2286,-392,1261,1420
73947,4487,3633,2268,-1748,1148,-580
73948,4176,-3999,6272,-1065,-1631,493
73949,-7590,4986,-2790,-420,-592,-563
73950,488,243,-342,444,-702,-963
73951,7809,7507,6964,921,1099,-1996
73952,-6552,-2385,1155,-1516,-1967,1883
73953,-5116,-3468,4847,520,-1254,-1248
73954,4399,645,2703,409,57,572
73955,-4586,-2387,5499,-1176,1029,-664
73956,664,-7245,355,-1213,-1902,111
73957,1188,658,5289,-1766,-593,-735
73958,2228,-350,-555,1225,-1879,1623
73959,7533,-7856,-4378,1366,323,706
73960,1050,-6040,-5402,-721,-1975,-496
73961,-1943,-4151,3982,-1857,-437,1171
73962,-4764,6127,-5660,-1723,1288,414
73963,823,-4690,-1451,-1791,1818,1394
73964,-1178,-1812,-1716,1604,1056,-331
73965,-1690,7252,810,-777,1537,160
73966,1110,3418,-6958,-1464,-1829,1424
73967,-5051,-22,-7887,1255,28,-1055
73968,7913,-6815,-7579,-594,228,1627
73969,3182,-94,6110,1332,1328,-198
73970,-1286,84,1964,503,981,-308
73971,-7392,-2066,-5815,796,753,-383
73972,6558,-3819,758,1127,-1895,1663
73973,3096,-4899,-102,1677,809,1541
73974,-2717,-1171,-7472,-859,835,-1849
73975,5931,502,2203,-1987,1559,1999
73976,-1658,-3155,-921,163,-580,70
73977,-5207,-2377,4289,382,748,-1490
73978,3081,788,-496,1547,549,-1537
73979,1953,-1210,3234,138,328,-1451
73980,-7751,6130,-890,-95,-78,-1354
73981,-5348,1257,-4731,-1791,10,-1602
73982,1111,5426,1426,-483,-1325,-225
73983,-2273,-5490,3579,1272,1882,1979
73984,-427,-6206,2291,562,-1075,1624
73985,-137,3063,6449,1411,685,837
73986,-362,6534,-1984,-1352,-1745,1548
73987,75,26,7834,-1958,-1586,988
73988,5181,6710,6707,875,1731,1425
73989,-2480,-1533,-3072,1288,779,-256
73990,-6569,3559,540,1595,-1553,934
73991,5347,-2481,-1589,-1989,1879,-1204
73992,-490,3626,-3167,-941,-84,310
73993,-741,-1643,-551,1744,-1012,1560
73994,-1344,-7499,-1619,1974,-775,-604
73995,5202,-5174,-2377,-1766,878,1829
73996,-3707,-179,-6395,-493,-592,1383
73997,-2472,-7695,-176,1483,-852,-700
73998,6769,-5232,-5644,-921,1499,808
73999,-6133,6397,-5812,125,-1035,357
74000,-5975,4260,-3567,801,-1767,-355
74001,2970,-4494,7338,-1772,-155,605
74002,5771,-3383,1705,-318,-615,-1031
74003,400,1682,4117,-96,1750,-1490
74004,-7354,-5665,1276,-157,-1459,-1148
74005,2565,-6432,756,-1994,1000,951
74006,1082,1832,-7738,-842,-1892,746
74007,-3996,4184,-2745,958,869,452
74008,1795,6090,-2142,1140,1716,322
74009,-45,5090,-3461,-1843,-1575,1064
74010,-4003,-1778,-6620,732,-939,-1508
74011,-3649,-1754,-6822,1525,1970,-1853
74012,7004,-70,4186,-753,515,518
74013,-6403,-659,892,-761,633,-1070
74014,-1177,-6667,5848,1298,-1950,-37
74015,-5310,65,-6767,902,-1668,-63
74016,-6173,-1587,5184,-1380,-1246,-1331
74017,6217,-3482,-4817,1480,95,-339
74018,-5241,2274,-3424,-1032,639,235
74019,4246,-7398,-1509,-1571,-1284,-1597
74020,327,-1322,-6889,140,-143,-1529
74021,-3118,5641,-1687,1704,-1553,934
74022,3910,4620,-2914,544,-1695,-660
74023,-1881,-2416,-7868,966,-238,-1925
74024,1993,3820,-1096,-1723,345,-1355
74025,2780,2646,764,810,109,-1771
74026,-5941,-3854,366,-245,1367,-1165
74027,6449,-2790,-7064,1824,1763,-585
74028,602,-2007,-2435,156,285,482
74029,-1552,-5658,-3866,1564,-896,-1268
74030,2908,-908,3020,89,1479,744
74031,312,-5674,6076,-1030,-1387,-1063
74032,4900,1623,6803,-1581,-1263,210
74033,2577,-842,-4898,-1943,-1967,-671
74034,-2918,3488,-3173,773,1877,1997
74035,-798,-1755,6311,-429,-1497,-877
74036,-3437,4799,5532,-1920,-1044,-882
74037,6243,-1699,-1121,-1369,699,1164
74038,2608,-4914,-5214,1946,-1844,1521
74039,3776,6666,-5823,-237,-555,1971
74040,-6441,2746,-5267,133,1424,302
74041,3357,-4414,5586,-1939,802,-133
74042,-6112,-3264,-6767,-1168,-1538,-752
74043,-50,-5682,-6647,-1911,-834,1771
74044,-2559,775,7020,154,-183,48
74045,2837,7884,-489,-457,688,1891
74046,-2331,-735,4929,-1782,-1494,884
74047,-3218,-916,-69,1894,24,1727
74048,5729,1025,4785,-1714,-247,153
74049,6645,-5236,-2883,1866,-1434,272
74050,2662,-4354,7911,-641,-375,-1898
74051,2536,1560,-30,-984,-764,-212
74052,3069,3831,-857,-267,-1184,820
74053,-2206,787,-6776,1713,247,-155
74054,5689,2274,-4316,-1587,-1476,-60
74055,-7837,-2866,-6179,514,1919,-972
74056,-5775,3161,-6122,-1409,-193,-1785
74057,-7795,2176,1583,-396,-20,-1954
74058,5788,-1359,3811,322,69,-1886
74059,-1594,-4936,4592,548,1849,-1007
74060,723,6547,4960,195,-375,742
74061,-665,3985,-887,233,-1187,1644
74062,-1037,-7598,6086,175,131,514
74063,6611,-6431,-7223,260,-1267,1357
74064,-3337,6126,-1599,-491,-211,984
74065,-5546,1262,-2783,160,1792,699
74066,-5840,3701,2953,-122,1,-47
74067,-2513,-840,2555,-844,107,163
74068,-891,-3871,2259,1439,-241,1231
74069,7154,5334,-4909,-690,-906,-548
74070,-460,-3168,-3178,1430,-1074,-1749
74071,-3311,1024,6978,-1686,-1940,1254
74072,-4519,-5525,-6441,-1187,790,-400
74073,-3727,-4011,-4066,-890,-372,-1909
74074,1445,6375,-4624,345,-1269,-1965
74075,-2225,2584,5009,975,-336,321
74076,-5309,5787,-5326,1357,-1888,1454
74077,-3784,3539,7865,886,-687,193
74078,770,4901,-236,364,-1209,1793
74079,-1142,3649,6330,-376,330,736
74080,-1871,2017,4167,1618,67,-948
74081,-6167,-5699,-3566,520,1654,-1977
74082,3730,2094,1204,234,524,-992
74083,-7761,6374,4555,-771,431,453
74084,6529,4635,-7877,-1979,655,-1361
74085,-639,-4350,24,-1655,-76,-1337
74086,-3850,1682,3316,462,1658,-1933
74087,4183,-7125,-3428,1099,-209,226
74088,-3455,3470,-4075,-403,42,-18
74089,2532,4042,-816,-358,521,1609
74090,-1855,-6077,-7792,-1171,-1953,718
74091,5938,552,-2013,-1324,-1441,-429
74092,4182,4430,-6303,-1598,813,829
74093,1441,1589,6561,882,1314,-379
74094,3994,2392,-5428,1251,-50,-1348
74095,-1492,1057,5998,955,-1081,-125
74096,97,4565,7688,-1745,-540,1732
74097,4019,4675,-5639,1395,-848,1132
74098,-2105,-5817,-7742,1902,-1441,-1630
74099,1875,-2257,-4330,-288,-999,-693
74100,-629,-3653,2361,-1256,-721,-435
74101,-4565,-3496,-4280,1275,-1683,446
74102,-4244,2433,-5486,-1998,-1418,-976
74103,3014,6461,5490,1961,-1052,-1328
74104,-2280,572,417,-1794,1063,96
74105,-4596,-476,7466,150,1529,1000
74106,-4265,1693,-6019,-1277,-1534,-199
74107,-4232,-81,6083,1642,1776,-1358
74108,-4500,-3381,5239,-1436,816,-1247
74109,3753,-4200,-4975,-1039,38,1743
74110,6679,-614,-912,-1550,1062,1908
74111,-2938,-3671,4861,92,-710,1433
74112,2160,6162,1657,1944,241,1155
74113,-465,-5889,-1302,1602,-732,220
74114,7620,5867,2895,-1622,-1857,-1680
74115,-581,1349,-7960,-1509,-1676,895
74116,5962,5851,4127,-288,571,978
74117,7936,-3947,2791,1917,309,509
74118,3693,1727,-6179,-1409,1445,-465
74119,6791,5219,4127,1097,1768,561
74120,-4406,-7141,-2144,318,-1048,1557
74121,861,-5372,-5223,-1079,-1530,-941
74122,-3863,3280,3194,1200,17,319
74123,-6869,-1981,-3185,1649,-1860,213
74124,-6040,2520,4037,-861,-1976,1440
74125,-2715,5285,-2888,1158,783,1520
74126,4900,-1810,7019,-1215,-13,516
74127,-2212,-2416,2900,-882,543,1241
74128,-5431,-3378,5723,-433,-1941,311
74129,3173,2105,6252,-770,-725,-518
74130,7506,-758,-2742,791,422,157
74131,-7543,5657,-3932,-238,800,-78
74132,427,-3178,1076,927,1608,1091
74133,594,-1472,899,-958,525,-199
74134,1808,7447,1535,-1103,97,521
74135,4429,6374,6882,31,1561,-188
74136,-3851,4581,2858,-596,-431,-465
74137,2238,-7854,3658,-1959,-344,401
74138,1192,-4338,5263,1316,1203,-1068
74139,-7894,-5814,-4903,838,-1055,1360
74140,469,-3144,-1981,-1687,1401,740
74141,5754,-3701,805,-669,555,-745
74142,-1575,2135,2751,-1960,939,1796
74143,7490,-6680,6847,-1972,-50,102
74144,7549,-1847,27,-759,180,159
74145,-6059,-3839,-6386,1269,1526,1336
74146,-5857,3846,5529,1481,-1794,-489
74147,7981,2071,-5676,-1527,-704,-1362
74148,-7300,5095,5285,1678,902,-109
74149,-125,4533,-7376,306,-1163,1442
74150,-3436,3910,7674,1460,291,-848
74151,3314,-850,5871,-364,-1523,-1667
74152,-97,-7860,7934,597,412,1372
74153,-5249,1247,3673,-1109,1018,670
74154,7309,2724,-619,427,644,-1022
74155,-5602,-6894,-5835,1096,-457,329
74156,1225,3627,-6271,-174,410,-91
74157,3561,-1194,1327,-1795,603,-1803
74158,-6762,5922,-2691,-1926,611,955
74159,-2007,-7738,-5948,1878,277,1653
74160,-438,2220,6701,-1162,-1377,567
74161,-7967,3946,6481,-1778,886,1381
74162,1616,2334,1835,-1585,-1696,1315
74163,4902,-7401,3988,1062,-27,-1780
74164,1493,4192,-1072,-1347,-1605,1232
74165,-5159,4414,4859,315,933,-997
74166,-4543,-7799,-5926,1980,-296,-1778
74167,5797,-415,-6677,-592,-1334,646
74168,189,-1257,2671,-411,547,1945
74169,-7743,-5541,176,-1969,216,-610
74170,-5609,5401,1969,-1195,1215,671
74171,-6120,-4948,6639,-628,1955,1226
74172,1970,1794,-1988,-530,726,-285
74173,-4331,-1349,-5406,201,-633,1286
74174,6589,3023,5263,413,-318,-1821
74175,5312,-381,7674,1729,-1857,-1955
74176,1443,-7799,2468,-454,600,-900
74177,-2979,4938,6525,1295,410,600
74178,1431,-6601,1004,-1670,1449,1639
74179,-6244,-7421,-4639,-604,-1637,-1654
74180,-1402,-461,-545,510,942,1656
74181,-7397,1943,-931,-666,-1786,1661
74182,1509,3408,6897,753,413,1260
74183,1591,3823,-2573,754,-1886,377
74184,-3926,-3430,5578,-1955,1846,1269
74185,7421,537,2432,-217,1084,-711
74186,1830,-3875,5217,-1865,38,-92
74187,7664,-1264,-5937,1888,1062,1469
74188,-3561,4212,5402,499,946,-733
74189,-2120,-3973,1702,1258,-970,-1670
74190,-6865,-5181,7585,1557,-1331,-741
74191,-4395,-7725,5368,1857,1777,142
74192,3650,-4498,-1153,-190,1906,-1563
74193,-422,-2086,6269,142,-564,729
74194,-2279,-6995,-488,1524,232,130
74195,403,-3107,7929,860,574,719
74196,-2807,1254,6638,-1405,1040,-591
74197,678,-5188,-3139,1184,716,-1926
74198,4434,-6851,-2134,1048,-1424,-305
74199,-3789,4703,7757,-1566,25,1942
74200,-5853,-7704,4877,-1044,-859,1677
74201,-920,2823,7710,1523,-199,-1494
74202,5485,3156,7198,1822,-678,1907
74203,2722,-5867,-1380,1970,-1139,1886
74204,191,5283,-4259,-133,-1116,-757
74205,-2353,-2443,-4950,-1100,-725,-1873
74206,2721,-963,7026,1235,-119,459
74207,3178,-7181,-867,1035,946,-315
74208,-1188,-5053,1036,121,-175,346
74209,6400,-2793,1513,-1081,589,533
74210,3370,-7118,-2757,-238,-1700,1847
74211,-197,1090,-5680,559,1556,-31
74212,5687,-3781,1791,-1115,-1081,859
74213,-5565,5991,2552,1144,253,1996
74214,6597,547,-7864,-1922,758,-931
74215,940,-5024,-5916,1898,566,1675
74216,7835,6747,2443,1223,1782,1993
74217,-214,2359,7900,-1836,-819,-1403
74218,885,-7841,-6704,404,1757,-1440
74219,1039,4296,2471,1432,1868,-1365
74220,1919,-7423,456,632,1896,-1088
74221,-6353,3141,-189,-331,-767,177
74222,1877,-6532,-6386,-655,-1014,-1728
74223,-869,-3964,-4735,-1797,1826,-1031
74224,446,-6109,128,-1357,-1431,-87
74225,-6668,-6447,6766,-581,1056,1959
74226,1996,1981,-2461,1381,1612,-1789
74227,-1877,-5596,7779,1390,1718,-1576
74228,5676,7936,5432,-458,-488,-18
74229,-2966,-5082,858,-1212,-1563,1298
74230,7711,-4700,7043,1283,794,-1644
74231,-7461,-4122,-6782,-1921,1338,-306
74232,-2495,-7687,-4272,134,-1841,697
74233,-4140,-7338,1914,-914,-1668,-1680
74234,1906,-198,114,802,386,1519
74235,-4375,-2032,4789,475,-71,1385
74236,-5974,-7282,-5035,1357,-903,-663
74237,-2162,-5055,-3050,-278,1800,1762
74238,5080,-3426,-6966,670,539,1583
74239,-247,5635,-4538,-262,1297,-610
74240,-7804,4055,6714,-1956,40,576
74241,-6894,3989,-1975,-1709,-599,-98
74242,730,1461,-5795,764,-43,1768
74243,5314,-7861,-6044,-691,1389,1283
74244,4809,5586,6248,-274,-744,-447
74245,-7075,-1554,-7614,1294,195,271
74246,3639,-6220,7264,1082,1026,-679
74247,1980,-1157,-2330,-1017,-365,-1461
74248,-7560,-7675,3381,-795,1412,480
74249,7363,-4681,3087,1144,1706,-1948
74250,6866,5697,-801,-1084,-731,-239
74251,4903,1514,-5369,-719,-1051,-1768
74252,-4092,-6127,-6563,1480,-1890,-873
74253,-7195,-6242,1652,-1780,1774,-1155
74254,-5345,7194,-6205,-1136,1458,-1714
74255,530,-4820,-7694,130,-1544,-1937
74256,6909,421,4238,1855,469,340
74257,-5620,7684,-3755,1973,1882,-1583
74258,-5489,5834,4007,911,-1904,-452
74259,3547,-450,4658,1302,-1999,1880
74260,-657,4242,7646,1,-571,1095
74261,244,-6492,6027,-1646,935,-1522
74262,2414,-1607,-2768,1575,-1497,-764
74263,-2816,-3640,2740,-40,-1024,1699
74264,7924,7157,-2313,-1686,-512,1708
74265,5860,-5294,-904,-150,-443,1388
74266,3132,-3251,-7701,-1135,1465,1581
74267,-3965,4256,5168,-1045,-1895,-852
74268,-1983,-3398,-2419,-1251,550,-371
74269,6002,5773,4200,203,-1925,1532
74270,3397,-2643,-2138,1278,1870,-545
74271,-6,-2921,-5778,-1339,431,-939
74272,1269,-7309,5015,1856,-623,-373
74273,3115,-5725,3246,-604,-865,-555
74274,-3698,4889,3528,-477,1659,1744
74275,2774,5524,6698,-1483,-189,-842
74276,2480,5688,-3923,-1745,-1620,-130
74277,4318,6100,-5168,288,1577,821
74278,5456,-4898,-3561,-254,42,913
74279,5052,4377,-6361,1936,555,-1286
74280,-3646,-2005,-1182,-277,1758,164
74281,-6197,1885,-7756,1831,1858,-486
74282,-1868,4990,116,-427,-1751,54
74283,-6316,5638,-568,199,-875,-1446
74284,994,4361,412,800,636,-1143
74285,7600,-4,-4314,-1787,1981,1818
74286,-7692,-1690,-7444,1535,-1152,1090
74287,4007,-6583,3109,1247,-1783,28
74288,2641,-4797,1769,-71,-332,1770
74289,4685,-4275,2723,1562,-870,-694
74290,2954,-4455,-7286,-822,1270,977
74291,7078,7821,-6825,872,1129,1041
74292,-7430,-340,4772,1055,210,1763
74293,1375,6210,-3916,-302,-822,1870
74294,5418,-2843,-7261,589,1600,1765
74295,-4809,-441,-3044,622,555,1612
74296,4291,-6310,452,1038,-1929,-25
74297,4589,6965,1587,1840,-1964,105
74298,-3747,-438,-5848,1350,1951,151
74299,2658,-845,21,1343,-429,1120
74300,394,2207,-2251,116,-82,-197
74301,4361,-1458,4188,-201,1352,-518
74302,1979,6356,-1860,-1702,-1177,1785
74303,6241,1301,-4605,1329,125,1328
74304,6411,2546,6295,-1778,48,135
74305,-6623,-5343,-3427,1815,-224,-1392
74306,3196,1315,6583,379,1251,-1440
74307,-6717,-5231,-5243,24,-815,-1111
74308,-722,-576,-2500,-290,94,1618
74309,-4667,2929,4461,1221,978,1846
74310,-6268,-5953,-3807,1062,-827,1064
74311,1414,5001,-3956,153,100,1096
74312,-2082,3248,5609,-655,-561,161
74313,3525,5263,1134,580,-1930,-820
74314,5170,-4536,1598,-1830,-1769,-810
74315,-1325,-6326,913,-490,765,1467
74316,6992,5734,-6171,-430,-1479,703
74317,-7133,-427,4934,-1843,669,-451
74318,1997,1234,-6929,572,404,-1582
74319,2873,1155,2544,1496,-154,937
74320,2985,3562,-3333,-21,-137,-1473
74321,3030,-4508,3164,-76,1838,-1960
74322,4978,1115,5004,-1582,958,-620
74323,4623,-2476,3056,530,1342,-53
74324,-6250,-7097,3659,1363,265,1461
74325,-5550,-3296,7686,-696,1651,10
74326,369,4632,6602,-1284,240,1360
74327,7605,6592,1001,807,280,664
74328,-5307,-5495,-3273,-233,512,411
74329,6104,-3055,-3026,-386,1610,492
74330,6683,-7087,7206,1781,-1724,-281
74331,6088,-6125,4792,450,676,-1871
74332,7166,7792,1806,1427,1956,482
74333,-6364,3367,5564,-776,1297,-1218
74334,-6766,7122,-6148,-489,-1639,1961
74335,-5721,4820,3468,1946,-2000,-224
74336,4497,5488,4446,-387,-1474,-1586
74337,-1715,2152,4004,-1352,1168,1593
74338,-2366,-7192,-4993,-1914,1801,-1942
74339,6312,-5907,-7030,-1664,1992,542
74340,3252,-3823,4292,-951,-1677,-20
74341,6260,818,-7234,1541,-1766,-405
74342,878,746,-259,-582,252,1016
74343,788,-5632,2503,-823,-319,-1767
74344,-2595,3353,3599,-713,653,-1587
74345,3262,4091,-6567,1759,164,1082
74346,4109,-4628,-3286,1903,-639,1377
74347,-1216,-936,-5092,-1513,116,-1385
74348,-5171,-5550,1563,1142,-493,738
74349,-4206,-4694,-1689,-1515,1006,-1802
74350,6861,-3504,1917,-1066,1562,-388
74351,1062,2750,-5314,-504,-1897,592
74352,-7150,-1624,6408,-1950,487,167
74353,3299,6684,2510,-7,328,-1116
74354,3961,-769,3554,1295,-128,-807
74355,6496,-395,6180,-1038,-1336,185
74356,1248,4223,6312,-1718,614,-338
74357,6290,4694,-7161,-1179,610,923
74358,3684,-4398,-5943,1383,968,940
74359,1176,-6491,6948,-1652,1991,-1860
74360,6245,-287,-3019,-1454,-292,-1928
74361,-3766,-5047,1274,-897,1096,1885
74362,259,3808,249,1757,-1037,507
74363,5785,7167,-493,162,668,1650
74364,-6297,-2400,-1940,422,-521,1528
74365,5349,3042,-7241,-980,1306,1966
74366,-202,5848,-2388,698,669,786
74367,-1969,6324,3172,-1700,-1121,-301
74368,4575,-235,4222,-1749,1099,-1609
74369,1325,-4879,-6818,1439,-1287,-1862
74370,2434,6043,1159,-77,1148,1123
74371,3482,-4993,1289,-1361,1558,1307
74372,4920,-4652,1710,1,416,-672
74373,7356,-493,-250,873,396,-1693
74374,1509,4788,4183,1220,-305,-134
74375,-4943,-1901,4409,1555,899,1193
74376,-7831,-3286,-5772,-384,-1843,1745
74377,-7436,-3404,1548,941,1015,-949
74378,-4994,-124,1415,-1706,-1388,-381
74379,-560,-603,-3010,-485,-1225,639
74380,-6308,-2346,-6423,-1220,-625,-705
74381,7011,3100,4596,124,-1560,-1058
74382,4976,7833,15,-289,-131,-1308
74383,5925,7822,2587,-1291,543,1910
74384,-1112,1246,-4404,1066,1902,-237
74385,6440,4007,-3462,1965,224,467
74386,-4988,2301,3995,-1226,1586,1042
74387,-2350,1234,6013,-473,-797,-1098
74388,4662,-56,-5756,-1916,-636,399
74389,-2989,1982,1130,-616,1820,-1776
74390,4683,-2240,4800,1028,-1505,1987
74391,3723,6027,-4903,762,-1443,1515
74392,-7701,1158,-3665,-815,-58,-609
74393,830,-2545,793,299,620,-1451
74394,-1439,-7670,5486,435,1889,-824
74395,-5088,-237,-2185,-1828,1940,749
74396,-7996,7591,317,-1540,-1917,-1761
74397,-2115,25,-4668,-979,-361,16
74398,1676,5188,-6114,524,-1052,-322
74399,-4919,1817,6166,-525,521,-553
74400,-227,6289,-6531,1919,1363,-302
74401,6330,-5720,-2654,-1339,-258,1105
74402,6286,-392,-1520,1666,132,-1188
74403,5648,2901,7132,92,-397,1027
74404,3481,7926,-7734,-166,-630,1129
74405,5455,582,-1895,1591,1419,550
74406,-6544,-342,5377,280,-114,1407
74407,4152,-6070,2677,928,-1901,1827
74408,-3987,-6606,-1621,868,-750,-1670
74409,2715,6978,3602,601,-767,-297
74410,-7267,-3027,-6671,-1463,-1637,73
74411,7221,411,1527,-1511,1833,1322
74412,-7536,3254,-1390,-1255,-1881,-1436
74413,2216,-1854,-6001,-581,1224,1616
74414,-5673,-6593,-6065,-1948,-1558,-1920
74415,-5639,1213,-6308,-1206,603,-291
74416,470,123,-7521,-563,1486,1726
74417,2554,-4266,-4436,660,-1073,-1967
74418,3876,7583,2786,71,-744,-967
74419,5443,1090,1380,1169,-323,542
74420,-5971,6592,3197,1433,-1999,1907
74421,-6726,-1700,4567,-1971,1915,-1215
74422,535,-3522,-7977,1852,981,1930
74423,4904,2096,-3985,-1831,-1381,1940
74424,-2084,5884,-6597,970,-1359,-591
74425,2904,-6197,-6095,-1126,-1453,-872
74426,4537,3249,3202,1783,-1178,-356
74427,-2610,6121,1587,988,-522,-1061
74428,-5687,7586,1157,480,-903,-1465
74429,-4331,-2565,-2478,-1378,1605,253
74430,1152,-5025,-4851,-1920,466,-815
74431,-5901,-2550,-6296,20,-766,710
74432,7319,6575,632,1844,-1785,-1539
74433,-2668,-6165,-1451,1971,1227,-1859
74434,-7569,-6889,6908,1664,1622,444
74435,740,2983,7357,1311,520,380
74436,-7280,-930,7484,-907,-1278,-1128
74437,5734,1380,5430,708,-283,591
74438,-7179,1440,890,1139,-684,-1094
74439,-6584,-756,267,-1428,1612,-1717
74440,4248,-7714,-6963,-521,1825,652
74441,-5558,7429,850,1817,-1488,-791
74442,-1014,-3304,-3676,1100,-1599,1249
74443,-7145,-7996,1656,-1743,1043,505
74444,-4187,-1753,3011,587,251,-591
74445,-1450,7612,-6432,592,-1914,488
74446,6499,-5145,4743,-233,1671,575
74447,-3290,3708,-7462,1285,-1822,807
74448,7875,-2747,7758,-1154,546,680
74449,1400,-4561,3648,-1521,-315,-487
74450,-7118,4239,-3029,-804,-726,524
74451,-7742,172,-620,368,1148,1772
74452,2724,884,-6971,458,516,598
74453,4882,-5673,215,-1037,886,1800
74454,-5447,-3858,2064,-1776,-1878,707
74455,-4280,-7350,6801,1368,-525,-1433
74456,1925,4561,2012,-835,409,978
74457,5546,-4419,7269,225,372,-755
74458,6341,3694,-4315,60,1495,-1465
74459,1480,1187,-6658,-1399,247,-1819
74460,5636,2982,-7799,1577,-442,1874
74461,5807,-4755,7545,-717,1328,449
74462,-6138,4201,-4383,1008,-119,142
74463,2249,-5081,7357,-44,914,1327
74464,-5444,-5272,-2052,704,-1437,-656
74465,-5516,-769,4604,-434,-1247,780
74466,-4712,7243,-4012,-361,1498,390
74467,3258,1696,-3880,-434,-1306,-978
74468,2283,2886,1617,-1913,325,89
74469,1538,4717,-4672,365,-713,1145
74470,7919,7017,-4259,389,-36,-1148
74471,4597,2618,6526,-49,-675,-1089
74472,4322,4466,-6800,117,-839,-28
74473,-834,-5810,5317,-1959,762,1101
74474,-6004,205,1939,-2000,-166,-1003
74475,-5106,-2667,3788,1360,1313,-356
74476,7505,3147,-7390,-1587,1754,543
74477,417,-4803,3794,643,-1353,-96
74478,5346,2699,-6970,-1758,-152,1400
74479,-6204,1243,-7734,758,896,1533
74480,239,-1932,3166,1376,434,-1197
74481,4128,-3991,6224,179,68,-1049
74482,6976,7085,-5882,-1355,-265,1110
74483,2758,3305,-6173,1931,-1370,-841
74484,-3371,-4049,4736,-552,1306,256
74485,4554,-5264,5299,689,617,634
74486,-7057,-5948,5679,1203,195,-724
74487,5285,-4395,-3051,1894,1429,-1023
74488,-5814,6122,1510,-968,1711,-370
74489,-1870,-1907,-6339,127,-116,1158
74490,-3227,518,6589,-1954,967,-1223
74491,-5857,-2904,5395,-385,-626,-1321
74492,288,-7562,7180,438,-1635,1046
74493,7180,350,956,1370,1959,251
74494,5169,-6225,2878,353,-1499,766
74495,-7237,-2112,-3761,-753,-1729,1928
74496,4312,-5141,-6036,-1695,1920,1151
74497,616,-6277,-3217,-143,1467,1931
74498,-3383,5502,-7475,16,-1198,-1883
74499,-554,3760,1164,-68,-1596,-1316
74500,5317,4665,-5544,1333,-1547,1782
74501,7101,2894,1536,315,-1340,-465
74502,1798,-7345,-5626,533,1686,38
74503,-6296,-5645,3289,690,-276,947
74504,3624,-2067,5972,-856,626,1570
74505,7044,2260,-181,-1791,-1906,1294
74506,404,-3059,4401,184,539,-1263
74507,-6848,-551,5349,-1505,55,316
74508,7009,-3260,3820,455,-1337,221
74509,5187,-2913,7944,464,154,1372
74510,4664,-7311,-6767,-635,719,-1111
74511,-457,-2443,7796,362,44,423
74512,-1170,7670,-352,455,1141,-999
74513,-5167,-7038,1274,-695,790,1850
74514,1895,-7632,-5496,153,427,1433
74515,-3101,-3178,4809,86,314,-854
74516,-36,1924,5205,-237,247,60
74517,2175,7437,5169,229,658,-193
74518,7972,-809,-5961,-1035,467,311
74519,-107,-5908,-259,1970,-656,-1287
74520,-1125,-1623,-7824,1508,1180,1319
74521,7071,4539,-6472,-1915,1812,-164
74522,3650,-7672,119,-1020,-910,-548
74523,-3038,3666,-2971,512,-241,287
74524,1744,-5179,858,-106,-1097,1649
74525,-4587,7656,1260,1040,1884,-1517
74526,5007,-1447,-1455,-714,-81,1279
74527,-3119,7495,3832,926,-390,788
74528,-1409,-3720,-1205,1934,-1119,-1667
74529,459,-5029,4467,-1784,317,624
74530,-5147,-5757,5515,-1186,-203,1929
74531,-783,-3495,-7115,-1142,-1156,641
74532,7568,4578,-2102,294,1746,970
74533,6377,-5,311,1714,702,449
74534,2120,-2692,-6525,-1300,494,1880
74535,5719,6977,1645,174,-1467,-532
74536,-7329,6697,-6081,-1151,-519,-478
74537,-5181,-2999,-2185,139,-1746,1559
74538,5369,3501,-4589,-1584,-1148,1639
74539,-4113,680,7567,1974,240,1925
74540,2090,-5739,-7356,-217,-95,881
74541,-7519,-7096,4627,1237,-1769,-702
74542,-7545,-1897,-6012,885,1530,536
74543,4253,-3156,-174,-279,-1592,996
74544,-3082,-3935,-13,1426,47,705
74545,-2691,-982,1894,-356,1066,-278
74546,1555,-3554,4725,-1467,-1793,-1822
74547,5043,5427,5827,-601,1713,-23
74548,-2768,-7727,6206,-338,598,846
74549,-7264,3490,-6219,1989,1649,1677
74550,-4990,477,4317,965,1213,693
74551,771,-2523,-2491,1440,-746,1116
74552,-7608,1754,4081,1832,890,1286
74553,6710,-4143,-2499,117,-1437,10
74554,-80,-191,3470,-302,-1292,-1395
74555,2359,-1121,874,-1675,-462,-191
74556,-884,6744,7505,200,-99,1305
74557,-5433,6219,-5092,1603,219,-1817
74558,3672,5761,-7200,-1816,1375,385
74559,-3031,599,6136,1427,-189,952
74560,-1171,2927,-6531,10,536,-961
74561,-4839,7051,6429,845,-1640,881
74562,-3687,-5849,-7578,923,-550,-476
74563,6938,3461,2561,479,1952,-982
74564,6919,-2472,-4711,1943,30,1708
74565,1832,4338,-2022,1815,1222,1976
74566,6140,-7612,103,-29,-1425,-7
74567,5132,-2596,1958,934,200,-769
74568,7837,-5675,5042,-1807,-448,1878
74569,7119,-4610,-7177,-561,712,1911
74570,1922,3850,-1788,1770,-636,963
74571,3945,-5255,-7143,-1229,-887,763
74572,-6424,3924,445,-1484,-3,549
74573,1409,-1910,-1964,1407,1037,-1619
74574,-1785,3155,-1844,-214,1379,-1793
74575,6652,-712,3199,-1157,-1669,-1237
74576,-5471,-1212,-1545,922,-1840,360
74577,5818,-1106,-7689,-836,765,-250
74578,3786,3713,-3793,1903,1625,706
74579,-6387,2805,-7664,-1433,-263,-1417
74580,-5911,-1205,-954,-244,636,-1306
74581,-4918,803,6657,-535,-1255,676
74582,-7460,6717,-3819,379,18,-1622
74583,2134,-4058,-6572,1358,-430,1362
74584,6154,7195,4554,-766,-1074,64
74585,-3573,6098,-933,1831,1956,-1790
74586,-4190,-4725,711,1487,361,1498
74587,-1105,1234,-2294,-799,751,-1693
74588,4379,-3299,-5489,-1300,-176,-285
74589,-3843,5062,1199,282,1010,-694
74590,1263,-5146,2254,460,-45,-1461
74591,-6102,2068,7339,258,-1260,1387
74592,3182,6859,5923,-1415,-249,1909
74593,4925,-5141,-7402,-1351,366,-1680
74594,5141,746,5440,-1788,927,-1333
74595,5363,-145,4982,285,1352,318
74596,-5595,-7306,692,-420,233,-304
74597,-7772,-2327,7228,-104,-1635,-1392
74598,-2552,3943,-2136,-1626,-1582,-952
74599,-2817,2118,-6585,1023,-770,1062
74600,3121,-2358,-7710,1174,708,329
74601,5007,5171,7117,1011,-327,1697
74602,5536,-3497,4551,1958,-1404,1448
74603,3948,919,-3236,1478,252,101
74604,6568,2775,821,554,-1491,-632
74605,3684,2304,-6635,-1193,-969,772
74606,7180,-7423,593,-1124,502,-735
74607,4791,5491,557,912,1627,-174
74608,6654,-1661,-6158,-1515,859,-22
74609,703,-6432,581,-239,-1894,26
74610,-5232,2834,4145,-394,1733,-1637
74611,2200,5397,-192,-1582,-856,998
74612,-3834,7446,5066,1105,1727,-480
74613,2634,1655,5081,929,908,-89
74614,-3927,7817,5623,-1675,-1128,1018
74615,4931,-7495,7791,-1681,-1927,972
74616,921,-5766,-1632,-692,-123,-1625
74617,2729,873,-744,1920,-1132,1244
74618,-3712,7274,7002,-1301,1981,-1650
74619,3066,-1832,5145,-1741,-548,256
74620,-4727,-7510,-1379,-977,996,0
74621,5748,452,4862,-868,-10,-699
74622,-3626,-6902,-5921,-88,1160,-1623
74623,-159,-3658,-4178,1416,-300,-1129
74624,7519,-7711,-3327,-1632,-155,1074
74625,6823,2707,1201,1324,1217,-768
74626,-6897,-807,-6000,211,1727,587
74627,-2691,-5195,-5617,-1011,-1502,1257
74628,3658,58,-6617,-173,-504,-982
74629,-6088,-3234,-5185,-1631,-25,1531
74630,5005,-223,6813,-1639,-335,-774
74631,-832,4626,-4023,-1447,-460,716
74632,7453,2743,-6146,1753,-748,-196
74633,-1249,-1914,-3830,-285,1797,284
74634,-1191,-485,658,1789,-737,448
74635,-1251,6336,-3183,-1255,-699,-1743
74636,-3452,-3247,865,1121,-1912,-1052
74637,-5550,-7613,-3117,68,570,1363
74638,5219,-5918,-1671,1806,1966,1321
74639,-6311,-1668,-3275,1540,-1699,68
74640,5180,-6430,5462,1582,1345,1798
74641,1626,-1511,-7335,-592,-1122,-373
74642,4409,6879,-5134,805,518,1772
74643,-4810,1467,-108,1447,535,1823
74644,-5139,-3172,-5629,-280,997,-354
74645,-4770,-306,5500,-1984,601,-757
74646,2404,-627,-5643,331,1436,92
74647,-3181,-4111,3853,-705,-1841,-89
74648,4218,-2906,7263,-291,-311,-181
74649,-3667,-5023,-3142,1503,501,185
74650,-6324,-1233,5746,-938,-1484,6
74651,7657,-642,690,-987,-893,198
74652,3095,-1162,4045,745,-548,-452
74653,3326,133,-4933,135,-1415,-1317
74654,-2854,21,-4350,-648,1182,10
74655,5238,248,-4860,-65,-1041,1985
74656,-7086,5119,-3452,-561,1497,1502
74657,565,3301,-618,205,-1085,-324
74658,1598,752,-5455,1484,-1137,-1168
74659,2947,7893,4488,-712,837,-1139
74660,3954,-2285,2379,-1329,868,-659
74661,6277,-1006,3407,-1845,-941,-1110
74662,-3342,1501,-2516,-1223,-158,940
74663,7386,-7248,4933,455,-869,688
74664,-6592,4547,-1630,-1606,1527,745
74665,6387,-2857,-4257,1791,-1026,1073
74666,-340,-5087,-4496,1103,-504,1619
74667,-3371,-342,6642,-7,1902,1134
74668,3154,-1230,1404,1322,1664,951
74669,-1402,-6576,4756,-730,1690,-1683
74670,-7023,-2662,-2462,-481,1681,1224
74671,3063,-2611,-4559,736,1118,1170
74672,-6236,1400,7756,-583,865,1551
74673,968,1879,1624,1963,1308,-500
74674,3135,-916,-7662,1046,-1394,1236
74675,7146,-7321,-7208,-664,-925,1691
74676,126,3467,3423,684,-1454,-927
74677,5798,-3973,2169,-1481,1187,1483
74678,-77,6166,-2692,1376,-1039,-285
74679,4400,4051,-3517,1239,920,-1410
74680,-4676,2698,-7644,17,1450,1069
74681,-1431,390,2123,822,-386,-650
74682,-2378,-6093,7150,558,-1609,-1525
74683,6499,3748,-3334,1598,-113,-733
74684,7143,4870,5479,-818,426,-996
74685,-4970,-4539,4742,1859,1026,-669
74686,5427,5419,-4815,-777,26,1788
74687,6093,-7711,268,1877,424,1225
74688,-2220,7032,7867,927,-28,327
74689,5244,-828,-2648,-1041,1737,203
74690,-2743,3105,5239,1418,-1383,-719
74691,-7738,-4852,-7999,-908,1839,823
74692,6100,4923,6123,891,-1571,1269
74693,6725,-4158,-1957,-1844,332,764
74694,2039,6107,6370,-785,1624,147
74695,5041,-4414,-4177,-491,-1788,569
74696,6057,-621,6797,-349,-1445,-522
74697,-6258,-2506,-7339,-1680,-439,1960
74698,-7942,4456,-956,-525,1063,1933
74699,3994,6822,-7758,-634,-782,1846
74700,1603,-3515,-4532,-1907,-1795,1965
74701,-2032,2769,-4775,-1632,-1686,-833
74702,6851,3835,-5116,45,1561,-1245
74703,5705,-1782,2470,955,-1298,1470
74704,-2896,-7800,7714,-1011,867,-1500
74705,-983,-4578,-4828,-801,-657,649
74706,-6301,6857,-7174,-36,848,1050
74707,-3456,-459,-3369,-1787,-706,-755
74708,1988,-3872,3806,17,-1740,1464
74709,-7959,-2946,4241,-371,-1103,-1921
74710,2873,-4257,-4328,1744,-414,-1162
74711,-2524,394,2777,1307,-547,351
74712,2722,-2031,2846,-1632,-804,508
74713,5160,4085,4657,1737,-1281,-1955
74714,-6323,2019,-7120,-291,-1184,-963
74715,2332,7063,4928,-289,-1564,1743
74716,-3433,-3781,-468,1371,-458,-820
74717,-5874,-3319,5644,-1882,1667,1008
74718,965,-5988,2417,-1931,371,1666
74719,6247,-180,3911,50,-365,138
74720,769,7426,2623,-29,1462,1462
74721,5689,-5296,-2507,329,1501,1661
74722,-1168,-3365,-3061,1955,1974,-1750
74723,-7882,3912,-7567,-1954,598,1660
74724,-7817,1019,299,490,-1121,-1093
74725,-6529,-721,5675,-1242,1943,830
74726,-2112,6469,5361,1988,-1097,-1917
74727,3032,6104,3788,-1539,1590,461
74728,1928,-7583,-6518,1668,1967,-1907
74729,5691,-5354,137,-624,-983,-1585
74730,-7515,1783,2826,-1107,625,-256
74731,3630,-4263,4815,-1597,1065,1142
74732,-3488,1810,-2278,548,1931,-239
74733,5536,3797,2987,1132,-1288,-1044
74734,4329,-1991,-1760,152,1089,409
74735,-6815,-6145,2430,-298,1397,-593
74736,-3511,-6539,7705,-1849,631,1148
74737,-7172,2420,4237,391,807,-1106
74738,-3812,-1775,-5797,-551,1417,1103
74739,6890,-5952,6747,-1522,-1847,-802
74740,-5628,-186,1036,-46,-86,-290
74741,-2556,-5667,-6898,1418,538,-667
74742,3299,-103,7299,1804,729,1376
74743,-1310,-1751,7332,-445,-164,-338
74744,-5958,1411,7357,1715,-17,515
74745,2567,-5028,4394,-65,-1198,-358
74746,891,6267,6479,530,87,-199
74747,2910,5072,-2002,741,581,-249
74748,2272,-2010,6421,-67,-1252,1791
74749,5839,4073,1267,-1970,-957,-1791
74750,2899,5592,-3922,-1697,-57,1126
74751,-2939,5293,-7354,1650,-578,1442
74752,1008,1149,-6858,506,1633,-25
74753,-7536,5472,482,1661,-1257,957
74754,2055,-6857,285,1096,1217,-1372
74755,941,-3608,2175,-1277,-1002,743
74756,-1992,-1125,4597,79,-892,-331
74757,-5908,-2543,-689,626,-1677,-274
74758,-667,-3596,-4525,1372,-920,1738
74759,-2674,3016,-7498,1478,-133,1734
74760,-7483,-7846,5,-1983,-1721,-1501
74761,-4892,-5645,5061,93,-920,-1725
74762,-3913,-4700,6378,1894,929,1258
74763,-4239,-5819,-3710,-499,-420,-291
74764,-4373,3588,1731,-1962,-175,890
74765,2329,3149,-356,1904,632,664
74766,2293,-4636,-2145,1728,-1729,-1552
74767,-5496,369,-3619,1687,-1070,359
74768,-6754,-6726,-6085,-587,1929,755
74769,2154,-2157,1413,-776,361,-361
74770,-2627,2649,-7350,-946,-1537,-472
74771,4678,2911,-3086,273,-625,1211
74772,4808,-1654,-6793,-582,1145,-506
74773,-4106,-5499,-3121,813,-972,998
74774,-6687,2802,6667,508,-904,1384
74775,-1195,1685,2734,1017,1036,-1888
74776,3033,6159,290,-724,1096,1445
74777,3305,-2863,-292,1689,1887,-511
74778,7295,-2762,404,1371,-1668,-1657
74779,-1641,7743,6925,1215,1705,-999
74780,2261,-2673,-3349,479,-847,-51
74781,-3800,-3073,4773,-583,-813,-1669
74782,-3692,523,-3290,-878,1294,1278
74783,3220,4752,2926,-1629,228,-1835
74784,-5862,-1078,5164,-169,932,73
74785,-7421,-1145,-2091,-1147,264,42
74786,4229,-1676,6160,1323,526,1936
74787,3571,2462,2667,-730,-255,1676
74788,2725,-7693,4861,126,266,743
74789,7415,4013,4357,1970,-222,1594
74790,950,-7061,49,216,-489,1986
74791,-2607,-5778,-7666,-751,-1495,245
74792,-932,-1253,-1587,-103,-278,-1317
74793,4537,7772,-3896,-1941,-131,242
74794,3799,-4454,-412,-461,432,843
74795,6403,-563,5968,519,-1124,1057
74796,5102,-1595,-3657,1977,80,1847
74797,-7622,-3946,629,-1034,1625,-245
74798,-2211,793,2000,-852,-1481,789
74799,-1441,-7877,4181,-481,1872,1333
74800,6512,3537,2182,-1773,-418,-782
74801,-5366,1992,-6666,-1471,1309,-1894
74802,1525,-1271,-650,-1615,-581,766
74803,5937,-6073,1622,-291,503,708
74804,-2087,2061,1704,-1093,-1645,-418
74805,-489,-7517,5230,1337,735,-20
74806,6037,-1704,-5547,-1082,-1731,1224
74807,2417,-4904,7197,-517,1142,359
74808,393,5964,434,-1006,-507,-1201
74809,1837,-2323,2031,1659,-1850,512
74810,-7441,-7460,2375,1846,258,-1176
74811,-5169,5089,-4511,-1321,-215,556
74812,-4252,4300,1563,-887,-220,-255
74813,318,-4046,134,-1244,596,-489
74814,-3239,-7326,-1225,-1879,669,1719
74815,-6956,6804,7209,365,476,-549
74816,-4682,-5603,3210,-1051,-1470,-264
74817,4921,5538,-6044,-1664,1073,1726
74818,7054,5687,-2953,1739,1985,747
74819,-6042,3874,1328,-1962,1550,827
74820,-2062,-6742,3035,747,-1847,1133
74821,5516,-2417,7952,-1862,1041,357
74822,2019,-6552,869,-1123,429,-478
74823,-3486,4605,2152,327,-1017,-438
74824,6260,-4371,-4017,671,440,1502
74825,-2437,-1486,2828,-205,-103,1996
74826,5673,4717,-3139,1404,1634,-1580
74827,3533,5395,-49,1800,-649,-935
74828,600,-6363,-4992,467,1971,-1321
74829,-6864,1744,-7589,-395,-1478,1254
74830,886,549,4472,939,-1817,1604
74831,-5237,-7704,-7850,1944,663,1255
74832,-2126,-6823,-551,1201,-263,300
74833,-5490,-1547,5757,-1503,1949,-891
74834,-3173,1712,2885,88,1471,1027
74835,-1278,-6491,1972,1385,-1436,924
74836,2104,-176,5917,-1285,1475,-613
74837,7335,-6057,3686,391,1078,1271
74838,7677,2005,-1152,-1478,4,1825
74839,922,-2093,6325,-1350,-337,1580
74840,-312,-4954,-7330,401,933,1609
74841,-1507,-3195,-7467,-1493,491,60
74842,3823,-7717,-4077,-1560,1566,1304
74843,-3750,-795,6358,588,-922,305
74844,2654,-6049,-4048,-1026,-1227,-352
74845,5993,279,-6095,9,1015,-1077
74846,-2992,355,1482,1046,-1412,89
74847,3747,-5705,5605,802,812,274
74848,-7528,-496,6867,906,-1774,-569
74849,6706,-6377,3135,-737,778,996
74850,6220,404,806,-839,1524,-522
74851,-7464,7757,5934,-1824,760,-1186
74852,332,-3020,-2433,-1945,-1657,-202
74853,2839,7984,5195,435,-252,-1298
74854,722,-3797,2254,-9,832,-1541
74855,712,-5592,7770,-717,-1840,-1317
74856,3806,26,232,-1546,471,-1456
74857,6424,5925,1768,1659,-985,283
74858,-4504,8,-6464,-1872,1007,1816
74859,6175,1198,-5192,991,-425,1479
74860,-2463,-1498,-4365,748,-1121,1158
74861,2077,4666,4061,-1355,257,1991
74862,3256,-4825,-682,1681,-1314,392
74863,3009,-1377,-2545,-1755,-116,-714
74864,-2870,-3740,-6989,1964,-1592,-1945
74865,4664,-810,4537,1118,828,-1126
74866,2464,-1190,-1593,-779,1751,829
74867,-6607,3381,2333,1691,-759,-1025
74868,-7436,7606,-7431,-1645,482,-1273
74869,-5272,1979,4520,168,1886,1579
74870,2330,1762,2808,-1834,981,902
74871,-820,-857,-2082,319,-1988,1431
74872,-4281,-495,1261,-751,-1193,-243
74873,-7967,-208,7989,-1952,-21,1085
74874,-5759,7617,-1110,-579,479,-1530
74875,7357,-4136,1354,280,262,1269
74876,-7788,-3159,5103,-1766,-1921,-846
74877,-2646,-6566,2710,1246,-762,1163
74878,-6671,4302,7359,-1032,1911,-1939
74879,2143,-3045,2964,164,1000,1165
74880,-7955,-2291,6174,-1462,-1849,1192
74881,-1677,-6137,3556,1364,330,1636
74882,4445,3016,-2397,951,-1209,439
74883,-3918,1708,2249,699,505,1439
74884,-2426,3750,-2763,88,750,194
74885,7025,6508,-7419,384,120,-1950
74886,5656,-3616,1530,1709,-1030,-1382
74887,-1059,-6002,3139,-322,454,1342
74888,-5926,7536,3391,1988,-1592,1591
74889,-131,-1749,976,-944,-646,-716
74890,2017,-4181,4658,1900,134,634
74891,-2285,2616,-2315,-686,-1639,-872
74892,-7884,4523,1607,-1289,-1426,-1181
74893,-66,5544,-6972,-879,-1956,-662
74894,-1085,-2022,1784,-1721,-1786,1227
74895,43,777,-1262,1694,1682,119
74896,4173,-5473,-3526,1598,-1951,1467
74897,-1375,1293,-3216,-1198,820,-207
74898,-5503,6124,7883,420,-506,-938
74899,3868,-851,-5983,-1627,914,1997
74900,-1855,-5437,-7189,1122,294,-1391
74901,-1771,-5048,3712,-139,1729,1424
74902,-7306,4333,5332,283,-1697,1532
74903,3319,-7680,5187,1322,-570,291
74904,296,1020,3921,1922,959,640
74905,1691,-5908,-2082,-669,-1410,-1826
74906,4157,1554,6822,1017,1921,-397
74907,-1396,3083,1540,-723,-515,-110
74908,606,7498,-4782,-1763,-1440,-1769
74909,1466,-5323,-160,637,-320,-636
74910,6761,4780,4202,533,-1568,983
74911,4495,-1882,4914,-216,211,902
74912,6912,7496,-1407,799,883,-886
74913,2576,7829,7967,-726,-770,-66
74914,-1976,-492,5049,-1872,912,-1530
74915,4960,-1706,6617,-118,502,1986
74916,-3072,4888,-7736,-625,760,-881
74917,4793,5687,6464,-1900,1533,1129
74918,6854,520,2606,-1683,1857,-1421
74919,-5305,-4912,2541,1697,683,1008
74920,-7620,6825,-1457,115,1650,1596
74921,6883,2584,-4384,800,-1336,584
74922,4909,5784,-795,-510,1184,-856
74923,-5023,-5062,4955,-828,-918,149
74924,1100,-6126,6855,285,128,-1288
74925,-4048,1418,3820,-858,-1827,-1615
74926,-2080,5517,-684,906,-1862,-178
74927,-2391,2289,-5983,-1685,-689,1407
74928,-220,1017,2213,1501,608,152
74929,491,-7446,912,999,48,-1350
74930,-3093,3581,6106,-1371,-1038,-1013
74931,2758,-7702,-6890,-211,-1918,-224
74932,1067,-3463,5527,-819,865,-977
74933,-3421,7748,-575,-146,-1869,360
74934,4234,-282,6683,-1501,-355,-1956
74935,2666,7230,-7933,1914,88,-1270
74936,-3193,2844,755,843,1221,-1539
74937,2848,2565,1729,-1810,1465,-1788
74938,-2321,2212,-801,849,-923,367
74939,6539,4853,-5909,-670,1430,-1902
74940,-1437,6818,-4338,291,733,-330
74941,5565,-6419,6151,-326,57,745
74942,1388,-411,-417,-1309,1230,1236
74943,5718,7447,-1711,218,-700,1586
74944,-1123,-5567,-7860,-427,-1643,9
74945,-2453,4959,5779,-787,-713,554
74946,-1614,1879,2833,1692,1993,-1004
74947,7449,5735,-6735,32,-794,1061
74948,-7952,-2969,3056,-1868,1104,228
74949,1113,6348,-756,-1099,1237,-805
74950,-152,-4776,-3609,90,424,-1005
74951,4654,-2247,918,1226,-785,-231
74952,-3848,6039,-7425,463,1412,679
74953,942,7144,4370,-467,-1522,-1438
74954,4583,2471,-6285,369,1952,1738
74955,-3023,6575,-1134,-129,-1098,1875
74956,-7120,6365,3949,-817,-712,-1980
74957,-162,2059,2980,793,-1194,-1181
74958,-3817,-100,3156,-607,-491,-1556
74959,489,1409,-5898,1029,1235,980
74960,-1447,-3215,-7722,-309,-971,945
74961,-2162,5913,3502,1881,-1895,1024
74962,-2134,-4326,88,1263,-1868,-813
74963,-3278,-6687,-2102,1321,1442,1585
74964,4794,-5797,4216,-738,-13,593
74965,-7485,3897,7471,-1132,1142,-1633
74966,7643,-1843,4261,981,-121,530
74967,-1029,266,-6407,1779,129,114
74968,-7777,-4799,-7290,359,-1351,-1827
74969,1375,6607,-1359,-489,816,-1570
74970,-6812,3908,4656,1034,-18,-277
74971,-3435,5020,-5006,1538,-829,631
74972,-6955,1281,-6336,-893,809,154
74973,-7235,444,-658,830,621,1795
74974,1522,5904,-7182,-1118,1524,666
74975,7493,3180,1352,-835,1571,819
74976,-7534,-5273,4017,-204,710,372
74977,7642,-2321,228,1575,1053,823
74978,1628,-1617,-6150,39,42,-625
74979,6610,-2165,4487,-133,1115,-395
74980,5165,5536,3803,-551,652,105
74981,4449,-3023,3374,381,6,194
74982,-6190,-3938,-2373,-756,1765,286
74983,5387,7695,1993,636,-1322,-1173
74984,-3103,7167,4347,29,-1788,-1750
74985,-2561,3535,512,196,-216,1157
74986,-3186,-5885,5217,1082,-137,-1831
74987,4545,4532,6450,-913,598,-155
74988,-5467,-7237,-3177,177,1410,-859
74989,-420,5086,-1715,1689,181,781
74990,-7716,1814,-5978,537,-1815,1596
74991,2717,-5767,902,-1130,1773,97
74992,-3734,2786,7550,-1018,1182,-192
74993,-2644,328,4720,-1970,-1651,-102
74994,3426,-3708,7084,-382,-1444,-539
74995,1499,126,5625,-1003,1028,1205
74996,3346,-758,-246,1593,-1613,108
74997,3206,5150,-1147,62,-129,1735
74998,-6723,-619,-3952,-1425,906,-1454
74999,802,2487,3331,-481,-691,-1664
75000,-3144,-1799,-580,271,-417,-1783
75001,3156,-1124,-7651,-1326,1256,795
75002,-3982,7198,5434,1841,-119,912
75003,-190,2079,-1442,1610,1460,589
75004,1852,-5313,326,159,-1098,1461
75005,1015,-1910,-5170,1529,-1707,938
75006,-4502,-628,1714,-64,1145,696
75007,5186,1390,-6025,-1625,325,251
75008,2120,3228,4243,-1233,-375,1411
75009,7457,7209,3399,-807,-79,-199
75010,-5972,-3091,-413,-857,315,592
75011,4797,992,3263,485,1704,-129
75012,-1624,-4620,4185,290,-1535,160
75013,-2525,2919,-4002,-305,-1046,622
75014,352,-2549,870,-311,-281,826
75015,-2074,2520,3286,-103,-673,685
75016,6289,-5358,2968,1967,-1216,591
75017,3262,6519,6896,774,838,564
75018,4740,-117,881,1081,-392,-800
75019,4383,-1604,-4334,-466,321,1912
75020,3078,3661,630,-1452,137,190
75021,-7399,-2695,-4075,-920,1706,-1352
75022,6802,-6773,4703,1482,-1008,-1612
75023,-4245,6390,5728,1106,-535,1535
75024,-7640,-733,-517,-1698,-1813,-1088
75025,1800,4347,2692,-47,131,-826
75026,3655,-2918,-4511,1400,-523,995
75027,-147,3264,-6079,1971,1928,1325
75028,5783,412,4264,-27,-92,1461
75029,-4596,3,7422,1932,-1605,1900
75030,7472,-5366,-6041,1083,1012,-1258
75031,-7141,-6142,7394,1091,-1102,-976
75032,6835,3914,4914,775,-864,853
75033,7272,-5308,4353,1733,-1883,-813
75034,6385,7475,444,923,-1559,-925
75035,-5081,1666,4613,1288,827,1568
75036,2759,-2524,151,1382,-152,-199
75037,4256,3443,-6161,291,1323,-968
75038,76,3437,-827,1940,841,77
75039,5976,6964,-4364,-305,1879,947
75040,-317,5652,-3596,1056,1553,-1210
75041,-4522,-2404,-321,-1861,1783,-258
75042,7502,4067,3818,-1979,1828,1116
75043,2744,7235,-3741,-1493,1126,1150
75044,4010,3252,-1028,-863,279,-107
75045,-5694,-5151,-1315,-846,-1062,44
75046,4140,-965,-763,1654,1447,700
75047,7036,-3992,7086,-1850,-546,-1910
75048,-1539,-1933,3612,-580,1531,1233
75049,7419,1480,-2844,-1358,-335,1547
75050,6128,-3869,-4024,793,-1380,-1817
75051,3191,501,-6633,1043,1991,1902
75052,-5891,-5904,7966,1435,-1514,-1242
75053,-3278,3195,-2649,-1532,-397,962
75054,-7756,6372,3727,-574,563,-1360
75055,-6909,2283,774,-1368,-1599,-737
75056,-1851,7022,-6935,-309,-1373,929
75057,-2139,6765,1112,645,288,-908
75058,2646,7945,-2047,1429,148,-788
75059,-5398,-7195,2592,1977,1383,-1564
75060,-2486,2791,1405,1871,1078,-1900
75061,-2767,-3211,6888,1605,1846,-692
75062,71,1289,-4803,799,-600,-1175
75063,-948,-2367,-939,1213,1923,-375
75064,-4103,-5446,1436,-82,283,-242
75065,5156,4202,-620,1416,-1993,-362
75066,-6393,-3121,-6978,-538,-142,457
75067,-3273,-3136,1160,283,-545,558
75068,-5314,-4498,6151,134,-1760,94
75069,-7018,6026,5446,1852,1761,1099
75070,2537,-5888,4438,-770,-1090,-802
75071,5291,7869,-3367,78,457,1252
75072,3110,-7781,-604,25,-1862,1680
75073,-5979,-5873,1576,1309,-151,-200
75074,-4472,-3984,6572,693,-881,-1467
75075,5813,2040,1436,1799,1977,1800
75076,-69,-5932,260,-1118,686,-279
75077,1942,-6403,-3656,1486,1754,-1491
75078,-1016,1207,5346,1601,-1159,1676
75079,-3275,2242,-6449,304,-1586,-1134
75080,-6146,-3952,-1434,1097,742,-1732
75081,-397,-109,4737,917,-1814,763
75082,-5096,-7147,-2187,1329,-366,1756
75083,-7260,-812,5370,427,-313,167
75084,-4338,-7279,6961,376,1560,677
75085,617,-377,-2101,-1606,926,1974
75086,-2025,7949,2232,1033,1734,-1153
75087,1930,7966,6189,-1717,-1970,-447
75088,-7816,145,-3586,452,-1256,607
75089,-5020,-4466,-3437,-966,-1621,-554
75090,-5329,-1617,148,-1791,-1414,-1704
75091,654,7368,-692,716,-1811,1387
75092,2803,-4720,-5834,1059,-1225,-1611
75093,-488,5853,-7489,-1989,-627,658
75094,1117,-7393,-7345,-593,565,-1906
75095,5192,6691,6444,-383,-247,-1250
75096,3563,3306,-2034,-648,1520,1989
75097,6537,-4139,-2753,-1156,-984,-1919
75098,4358,-1051,7527,-1100,1559,27
75099,-385,512,-1896,444,-56,-1931
75100,-3432,2205,5157,-87,-831,-1234
75101,-6054,2719,-845,-987,-1524,-1980
75102,417,-6995,-7893,-785,-1026,-1693
75103,7939,5211,7976,-598,-595,439
75104,-6295,1417,-689,-1321,-780,1285
75105,2266,-282,5353,742,-1867,-367
75106,-1138,7040,-1772,1555,-1428,-110
75107,6744,-1293,5349,467,877,-832
75108,-6190,2591,3999,-1699,-1538,-569
75109,6520,5606,-3011,1167,1356,-931
75110,6690,6046,-3693,-1886,93,-903
75111,2791,-2519,4008,-1386,-1429,-878
75112,7323,-1525,-5535,-812,-682,1703
75113,-5586,-7172,-7370,-1264,-367,512
75114,-4099,5010,2716,-1044,1071,1757
75115,1976,-7617,6463,1713,217,1922
75116,3430,-3992,-3125,411,-1052,-847
75117,-7177,2348,-6545,-978,-199,1259
75118,-7489,-5774,6354,-1117,699,257
75119,-6594,3719,1555,-1569,-1888,-623
75120,-1405,-1647,-549,-1308,555,373
75121,-485,2079,4402,-1631,1978,281
75122,-3602,6910,7685,-1077,893,997
75123,4981,-2809,2421,712,-486,-1209
75124,-4930,2701,-3553,994,1760,-158
75125,5607,7324,-4371,-252,-227,-1631
75126,1497,-7870,-3325,7,-367,1551
75127,2410,-5465,5338,-1582,-262,-551
75128,1259,5703,-6728,-512,631,-1841
75129,812,6631,-5300,-1527,726,782
75130,521,4880,-5430,1972,1891,286
75131,4464,-5453,3522,1609,-124,-700
75132,4908,-6383,-4700,1511,1697,-1085
75133,-6946,2409,-2746,-348,-784,1027
75134,7614,-1971,-1535,1570,756,-17
75135,1553,6864,-3280,-1908,669,-640
75136,2989,-2181,-5049,-969,-1786,-1957
75137,1267,5115,-2857,-1645,1970,-553
75138,-7997,-2844,-5237,-187,303,197
75139,5512,-5727,4168,-299,-718,-801
75140,-1616,2748,5950,-1007,-443,-1584
75141,-5485,4836,-5768,846,1605,559
75142,1588,6377,7360,914,640,1502
75143,-4861,-7558,1783,794,1060,-506
75144,3700,-5862,4404,1340,-972,-315
75145,-3369,-1590,7279,-1314,147,754
75146,-2029,-1808,4781,-826,621,-9
75147,7423,4655,-4046,-1368,-1505,193
75148,2037,-318,-2353,1532,274,919
75149,-4996,-3143,-1271,32,1375,1483
75150,-2835,105,-2748,-125,170,1518
75151,-6194,4056,1635,1962,561,860
75152,341,4612,-1622,673,-898,470
75153,-6539,-1767,7612,-1052,132,-52
75154,5875,2931,-1555,-1569,1730,603
75155,-2515,6211,-5425,1607,-172,-268
75156,-1314,2414,1922,-1830,-1298,-1046
75157,-3482,-4799,-7281,-1772,-579,-680
75158,3707,-3752,4769,5,-616,1315
75159,-7779,5847,-4010,826,-1655,-1052
75160,2741,2795,-373,-1867,-371,-1664
75161,7540,-300,3798,587,145,-1125
75162,-7610,2542,-7248,-1859,-776,993
75163,7335,7535,7204,-735,386,-612
75164,2761,2365,-5139,-720,-1083,-87
75165,3562,1021,-3558,1702,249,1022
75166,-1523,1757,3469,-840,-872,-968
75167,1267,7280,-3781,1426,-1205,-1098
75168,-3281,7099,2646,441,665,-1206
75169,-5112,-6029,-1545,131,-786,840
75170,5164,-7240,3179,-394,248,333
75171,-642,-6573,7909,1888,-1274,486
75172,-4997,-5602,1219,1812,728,1832
75173,-6690,5056,-6316,1718,-1873,1481
75174,3732,-1579,2837,1910,-139,-1345
75175,2147,-6232,-5529,-231,1635,-206
75176,-52,-4224,4787,1110,1401,522
75177,5657,359,5243,-782,-1576,265
75178,4012,-957,2268,1950,-417,-1756
75179,5115,-4673,-4234,-1797,-1356,-1157
75180,-6174,-3427,-1571,-731,-819,1154
75181,-4887,6010,2339,-891,-451,-268
75182,6256,1191,-1970,-1267,1573,-1181
75183,-1780,3904,-2473,1434,-878,1834
75184,1349,-4889,-3727,1932,1830,-1735
75185,-3683,-5395,-5890,-916,1306,-1721
75186,6525,-3485,-4662,-158,279,290
75187,4664,1607,-2630,729,1750,-337
75188,-1573,-1269,-5580,-132,171,342
75189,-3269,-4189,156,885,739,-1662
75190,7983,-2033,5268,-274,246,-1857
75191,-3822,104,5238,-358,442,281
75192,-1022,117,454,50,-102,-1707
75193,5104,-131,-5440,-1840,464,241
75194,5233,1252,-89,-985,-1899,-620
75195,-620,-7772,-6613,1838,269,-480
75196,4487,4922,584,-1469,-1698,-284
75197,7880,-6733,-7486,-1718,114,-278
75198,7523,-1911,-1013,-1402,1005,762
75199,6569,-4921,2702,526,-414,575
75200,-585,-3859,-4653,1396,-903,257
75201,4768,-1047,5982,832,1707,-560
75202,-3941,-1962,4704,-1991,745,-75
75203,-7607,5068,-7582,-1509,-365,671
75204,2440,-6468,-6184,1803,-1954,1939
75205,4692,7220,35,-1110,-800,279
75206,2783,-7593,-1173,1930,-177,1513
75207,7397,588,5510,284,-1700,1606
75208,-7205,4988,1267,-739,-1020,1376
75209,3663,-3912,114,1801,897,801
75210,374,2523,-221,-1988,-511,-1596
75211,3536,-6603,-1390,-253,-43,-1274
75212,6975,-2956,-4714,-1352,-537,713
75213,-7320,-7679,5535,-1180,-493,1388
75214,7310,-7764,6494,1367,472,15
75215,3839,-7344,-4050,-651,-152,1763
75216,-7182,2054,5938,-1657,-1287,-373
75217,-2504,-4943,7876,-724,415,-444
75218,-5491,4778,3292,1964,-1266,-836
75219,-4426,-4055,-5971,1760,1272,851
75220,-1616,377,4512,904,386,1076
75221,903,-5482,-653,96,1395,-496
75222,-2649,904,1845,-153,157,-908
75223,-6297,66,6921,-448,-426,708
75224,2552,3640,7034,1409,93,-834
75225,-4563,-7595,7226,386,450,-1195
75226,-6246,3864,7351,1368,134,123
75227,-5223,-6617,-5420,892,67,-1945
75228,898,7266,-2782,1124,1719,-1226
75229,-7807,6137,-328,1033,-750,549
75230,-1803,2900,-1497,-236,-565,886
75231,-3965,-4534,-65,-107,790,-208
75232,-7290,4922,-2050,-1710,178,-67
75233,1431,-3018,-3504,-823,538,-256
75234,-6200,-5344,7634,1637,-511,731
75235,3193,-459,5134,-679,-1401,317
75236,5819,22,-2591,1874,-1897,1242
75237,-3329,3660,-3745,479,1,89
75238,-1433,3576,6436,1478,-1524,-1463
75239,4267,-7347,-1199,438,-204,-438
75240,5598,-3549,5418,1124,905,-1467
75241,-6666,3827,1834,127,-179,-1184
75242,693,-3578,1864,-1487,-851,-1250
75243,6465,7807,172,828,-1512,158
75244,7997,-5262,2250,-189,11,-397
75245,-7169,759,-3235,148,-1667,-1189
75246,-7532,-2890,6706,1158,-106,1788
75247,2123,3533,6940,812,1390,-354
75248,7174,-7874,7228,763,-1209,-1999
75249,-21,-6238,-2138,-1930,1786,540
75250,4630,-7783,6170,488,-71,-204
75251,3368,3074,1870,321,-1420,-92
75252,-6767,4121,4596,169,-93,298
75253,1700,-3649,4937,-126,420,-740
75254,-837,2537,873,-415,-1343,1304
75255,5624,-1421,-1742,-1409,1134,763
75256,128,-3127,-4828,-1062,-1350,-884
75257,-4542,4660,-2124,238,475,1115
75258,6835,4104,5797,1684,-1937,-44
75259,-4442,4796,2148,-842,-1589,-1858
75260,-1408,7390,5416,-802,-1139,-1679
75261,835,-2343,4320,227,-100,-365
75262,6574,-4233,4298,1121,-847,-1843
75263,-7894,-3361,-3689,-61,1391,-378
75264,5728,1525,1587,591,-175,-49
75265,-6412,4437,4791,1038,459,402
75266,4591,-4030,-2424,-702,-1785,612
75267,2418,-978,-1666,-1195,-1355,922
75268,-5302,227,3470,-1087,1231,422
75269,-7831,3824,-1067,-380,-43,1495
75270,-4713,-219,-1887,-1953,-120,-297
75271,4175,4666,-1536,944,527,732
75272,5601,-2321,7628,-1973,-1126,-478
75273,-1176,-3882,2228,1669,1727,-458
75274,-4912,-5304,6210,-1006,-485,1275
75275,2376,-4270,5016,484,-448,1827
75276,1439,-3303,3562,1491,1602,-702
75277,-1349,-6212,-7395,-852,-347,-799
75278,6365,2435,3414,531,-1411,1467
75279,5012,6630,4327,386,1081,-94
75280,2401,3150,-5323,1453,-898,1751
75281,-6076,2920,-2731,339,940,1785
75282,3013,-7005,4728,701,836,-244
75283,-600,-3085,6967,272,385,721
75284,6928,-1440,2199,-553,1797,-1164
75285,2838,7350,68,85,983,1076
75286,4493,-1210,4976,572,1209,1013
75287,-7793,-1987,-1180,204,1263,-978
75288,3747,-6934,-6774,-1114,258,1879
75289,-4041,-2715,1531,12,-1529,1566
75290,2084,7862,-6310,505,-239,318
75291,-4198,3720,-2644,-354,753,-945
75292,4008,578,-4770,1245,-1888,383
75293,-2724,-4499,495,1266,1100,469
75294,6546,-637,1731,-437,1305,1032
75295,-1613,-2088,1407,1375,1489,757
75296,-5448,7273,1049,-641,1643,-665
75297,-4570,-6290,2721,1617,573,1199
75298,-2175,-1093,5660,-1384,-1471,-332
75299,4702,-5258,4640,-968,-1256,-1136
75300,390,5670,2363,-497,-939,1040
75301,1425,-1387,-1269,-83,-806,-923
75302,-4570,-4873,-1553,-927,707,847
75303,4959,2533,-5453,344,-1219,-934
75304,-2814,-3116,3754,186,-1692,132
75305,-2608,-2282,3516,1806,1810,1024
75306,5597,3208,7208,-466,392,1780
75307,1230,777,3411,1353,601,-302
75308,-2140,5487,-1689,-600,199,931
75309,-7361,3377,-2685,-217,842,1878
75310,-1198,-2427,-4688,-1085,-1910,1487
75311,1579,-6536,-3619,-853,1417,1841
75312,-1159,6056,-589,-1019,-1583,-1695
75313,679,5086,-2618,1849,1813,-826
75314,-3941,-7683,-2746,237,-84,334
75315,-7285,4045,640,1087,1459,1622
75316,-3808,-7195,-370,1385,-929,1287
75317,-4254,2954,-7028,71,-1278,-1998
75318,7800,5727,1778,-980,677,-1882
75319,-7138,4267,-7859,-859,-685,-1492
75320,-4574,5732,-3575,-1090,948,-1739
75321,-5535,-5200,6504,-1183,745,1791
75322,-2587,-7150,-6645,1054,52,-290
75323,6670,-4347,7634,1006,-357,1345
75324,125,-7926,-5585,465,-671,-1703
75325,6095,1569,-346,689,1923,-1953
75326,-6604,4314,5400,-578,1109,876
75327,-3140,1856,3758,-71,-283,970
75328,533,2272,966,-1259,306,-1732
75329,2485,-3628,-649,581,719,1348
75330,-5263,6939,-1623,407,-1479,1939
75331,4247,3688,4009,1738,1702,-573
75332,-5051,-3979,4614,378,-1777,-458
75333,-2102,-1976,-2962,-1168,-1406,1227
75334,-6943,5983,752,-922,-444,230
75335,262,7601,-395,1262,-521,403
75336,2830,-6024,-4790,-280,-100,-464
75337,-3040,1038,2453,364,-1059,1796
75338,1702,-1462,4677,-839,388,-1990
75339,-5526,3003,-3257,-1304,582,-1321
75340,-5815,-6151,-5793,-840,-22,853
75341,5496,3935,-3460,1210,344,562
75342,-7903,-4095,6216,-1383,799,-433
75343,-4192,7849,7870,316,-1516,1244
75344,-977,1251,1150,-1274,1716,-1889
75345,-1159,3650,244,599,-1931,1340
75346,7943,-3064,-1355,-421,-1693,-1598
75347,1420,6725,-809,-1915,-1360,1750
75348,1456,7734,4526,-777,1703,-565
75349,1510,4728,855,1815,1041,1500
75350,-100,-100,5309,1679,-776,-382
75351,1824,5295,-4457,367,12,-1542
75352,2275,-1230,3230,1497,-1006,1555
75353,-7526,4402,-4598,911,495,1351
75354,5055,7928,-7352,-1331,-71,-957
75355,-2521,-3044,-227,1723,-1194,426
75356,2461,1191,-1639,-176,466,-663
75357,-2867,6582,-7349,49,-513,387
75358,2257,-983,3802,-767,21,-1549
75359,3684,-3939,-4374,-820,1481,1716
75360,2016,-2163,5649,-995,-825,-1882
75361,7776,2965,-5936,-521,-75,1349
75362,922,339,-6683,-626,736,417
75363,94,453,-1802,1633,-1296,-539
75364,-5178,-6253,4642,-143,-1001,1457
75365,3134,6896,4320,-943,338,-462
75366,3169,-3309,-1180,-1328,-1427,1444
75367,-6290,271,3827,1465,-1413,-1437
75368,601,-2125,-106,-457,1352,-1379
75369,-5145,3460,-640,-601,-1415,-1835
75370,5107,4332,-899,-346,1592,420
75371,-7535,-4792,-6736,-1995,1442,-464
75372,-2242,-6994,-4213,1389,585,444
75373,-6070,7810,5888,-1145,892,-1105
75374,-3498,-7358,-4960,1496,-1793,-417
75375,-3413,-5647,5659,1537,225,1498
75376,-2041,1963,5621,1013,1651,1776
75377,1141,-6508,3962,222,-1573,-1804
75378,4940,3510,-2126,-476,353,962
75379,-2497,-5061,-1128,-1035,-943,1728
75380,605,2182,-638,-1573,197,1718
75381,-7660,4356,-5164,698,-130,-909
75382,6907,-6070,2832,-1880,-1672,-412
75383,2558,-6458,-2036,-1566,1169,481
75384,6826,2286,-7815,-914,-583,1085
75385,750,210,3963,1787,824,961
75386,4064,-3004,-4846,-322,1323,800
75387,-2193,-1206,-5467,-1153,1402,-469
75388,-5127,1384,-245,643,-1671,-1129
75389,579,6738,-3926,-854,-1971,-954
75390,-2101,-706,2447,-1837,-479,948
75391,3281,-3423,-5548,-1451,46,-1822
75392,-6114,-463,7008,1992,97,666
75393,-2373,883,-6773,1341,-17,302
75394,-962,949,4384,1633,-1211,-1989
75395,7972,1961,772,-702,1667,1116
75396,1484,-3347,1896,-1171,1071,-216
75397,7327,2989,7095,1802,1729,723
75398,-2752,-6829,7296,1724,128,772
75399,5069,-2212,1789,961,1414,484
75400,1324,7841,5000,388,-1134,569
75401,-4716,-1349,-6084,-484,-975,-1489
75402,-7735,-3855,453,253,1875,-626
75403,-2325,5413,3043,-767,-550,-1403
75404,7703,-7712,4996,362,-1206,1483
75405,-5163,1456,2524,1507,-1660,439
75406,6980,2832,-2042,1546,-411,212
75407,-4561,-4354,-1656,29,703,-436
75408,6078,4080,-594,1220,-1184,1212
75409,-7319,-3556,2799,692,199,-447
75410,6134,-6973,-605,94,-1097,143
75411,-4661,-4382,1579,357,-903,1733
75412,1999,237,-23,1256,-353,-148
75413,6474,7799,-4699,3,709,525
75414,2340,1964,5010,1043,-1242,1202
75415,4519,3999,-6891,741,-222,1178
75416,5147,-3005,6224,1256,763,-1165
75417,6710,407,4031,888,1298,1418
75418,-395,-4194,-2427,27,1611,-1488
75419,7766,-2493,-5246,1375,1790,1503
75420,-4170,6712,1951,188,1227,-1690
75421,-6257,5799,-415,-88,85,-1610
75422,-2327,-7699,-131,341,256,932
75423,-4917,2098,-4668,-333,1678,-1622
75424,-6870,-1320,3639,-691,1089,-894
75425,-6904,4302,-5262,195,-1085,584
75426,5298,-3245,-6050,-995,-731,-1304
75427,-5876,-6228,-2680,-799,-1006,1115
75428,-1970,-244,-3673,1830,675,-373
75429,7166,5067,5821,1239,549,907
75430,6500,-2794,2363,-961,-961,712
75431,-2471,4022,2413,-700,-1909,-872
75432,-5727,282,-1613,-902,-243,-717
75433,3302,-175,4322,-1683,-1868,88
75434,1891,2738,-2429,955,-1725,1450
75435,-7077,3064,2012,691,1511,-479
75436,-7626,4057,-584,-738,-528,-867
75437,3529,293,-1738,-106,1,306
75438,-7756,-6746,7060,-992,-150,-1098
75439,649,-3979,-7577,32,1576,-474
75440,-4942,4398,-7613,769,1933,473
75441,-2800,-1034,-2628,-421,1986,974
75442,7737,-445,2089,1731,-1136,1021
75443,1466,914,-3364,1054,1807,-1634
75444,1877,3201,7142,1766,-209,-1253
75445,2068,-1747,3118,-1469,1272,-723
75446,-3273,7445,-5665,834,608,91
75447,-5864,-6131,7334,1279,1721,-1128
75448,6322,6366,-6319,-1886,1298,-1217
75449,-993,-275,-4905,753,-812,-1323
75450,-5803,4013,783,-19,-1334,-1833
75451,5596,-3856,2918,1057,-1091,-453
75452,-1170,-603,6001,-1070,234,1645
75453,-4382,4654,-1580,-793,-385,-1144
75454,4521,7412,-4770,1755,1921,1590
75455,-7266,-6296,857,-263,-1513,1271
75456,7296,6968,5290,-819,110,-550
75457,-7226,310,-4910,-519,-1897,800
75458,3101,-6592,6423,-460,-676,682
75459,-7082,-4732,501,1273,-601,-1770
75460,5376,-2649,-6410,-614,-194,-579
75461,-4463,6777,3345,-1332,1534,1460
75462,7258,5568,786,-1175,-1168,1870
75463,-5368,-7213,-7542,-745,-1171,-285
75464,-1838,2659,-187,1952,-551,-1032
75465,-3917,-7253,2260,-1144,-710,-981
75466,-5054,665,-1405,-763,-1838,671
75467,1677,6905,-3131,-126,-762,-840
75468,1971,-3613,-1266,865,-244,-1918
75469,-3294,-4372,3370,-1651,463,1093
75470,1195,4703,1688,-1278,-23,294
75471,3711,-7126,-6407,1317,-1058,1199
75472,2122,2802,4810,-874,84,-967
75473,-802,-1863,5645,-261,-1993,1288
75474,-7903,1199,-6257,-1070,-540,1363
75475,6786,-4901,-4856,1292,-318,-41
75476,4097,2606,7229,1200,102,-1081
75477,-6885,-6240,-1172,83,644,1818
75478,-1123,2681,5348,-238,960,-590
75479,-616,-6972,-5482,-1348,-1951,-1305
75480,-4073,318,6425,912,-838,61
75481,2393,2495,-4137,370,335,1035
75482,-7345,-1586,-6625,1652,-1599,-114
75483,-1030,4490,1694,1953,-105,-1472
75484,1703,7929,6912,555,-784,1070
75485,-5802,-861,-2607,-1520,-865,1402
75486,-339,-2145,-3348,903,1328,1146
75487,4911,-1315,-1681,1728,-1124,267
75488,-724,-2462,1346,1526,-837,1056
75489,-678,4312,3568,-890,-315,-1877
75490,-573,7015,4075,405,648,473
75491,7318,2620,-4765,-90,-1199,-1004
75492,4987,4067,-4461,-1569,-1048,418
75493,-6818,-3481,2562,-536,1639,254
75494,-5554,-1541,-5891,-1516,-1982,1536
75495,4223,4857,6666,-1630,-1624,878
75496,-678,-729,-2117,868,-170,826
75497,-3228,3582,-2990,0,-822,-1246
75498,-527,-6632,-2902,1793,1961,-313
75499,-7613,-5772,-2675,-1640,882,-1885
75500,-5499,-5001,5275,-433,-265,1945
75501,5974,-1055,1314,-1271,1028,858
75502,-7906,-3501,-7312,1146,706,371
75503,-2285,-275,5521,-1045,-799,-661
75504,-190,567,-6744,1439,-617,-1270
75505,462,5966,-6876,1725,-737,1682
75506,600,-6883,-2996,669,-243,890
75507,3438,-5366,-512,-1942,1139,1346
75508,-3638,-790,-3347,-1502,-1133,1702
75509,-4351,-2639,-3990,1042,-1035,1267
75510,-7531,1040,2020,-1038,-1455,497
75511,-4381,-145,-7922,216,471,-511
75512,-2944,-1422,-7512,789,1748,-1898
75513,7879,3878,5026,1765,-1335,-343
75514,-2570,830,-4122,-726,-743,956
75515,-6641,891,-6351,-1765,-1892,-54
75516,1885,3294,7964,-195,318,-1971
75517,-2133,-2473,-733,1748,911,-1452
75518,5327,3019,6587,-1687,1697,1280
75519,4903,3611,-4341,-1954,304,-1485
75520,2609,881,796,957,-992,1986
75521,4384,-1269,-2744,-1328,-1023,283
75522,2907,3811,-3438,-1049,1954,1940
75523,5484,-7707,-4415,1275,-1541,-1814
75524,1441,4712,-5741,-654,-1785,-63
75525,6141,767,-4869,1289,1739,-1285
75526,1922,-6746,6243,-92,419,588
75527,5019,-5172,6168,1674,1121,1507
75528,5219,7804,-4663,-1295,1071,1486
75529,6233,4201,71,-1956,-336,-993
75530,-6339,-4997,4112,992,1144,-238
75531,-5639,1648,-5033,-714,-1886,-1272
75532,-63,927,7802,298,-1026,1090
75533,6904,4123,4015,967,-96,-1001
75534,-2140,-5132,4948,927,6,-120
75535,-1142,1451,-1063,290,-794,1408
75536,-6842,5104,-5874,945,1130,-1634
75537,3536,752,-4206,-696,1669,-708
75538,-2993,-724,-3516,-1594,510,75
75539,-4298,5678,-6292,972,463,-1387
75540,4218,-7270,662,850,1395,-1190
75541,2462,6031,7894,210,232,364
75542,1698,3071,4552,1804,1305,-1268
75543,-7234,1680,1309,-569,534,-434
75544,-1918,-1833,-228,508,140,1475
75545,-6605,-2151,7972,-531,-1586,-855
75546,-7008,6831,-7996,-566,-1551,1261
75547,-3303,-5184,2256,-1664,701,1844
75548,-3972,1427,-258,-1306,855,231
75549,-6574,3144,-655,-1622,-1883,-715
75550,4258,-3251,-2482,1866,-130,-860
75551,2412,5030,4290,-529,-201,-1128
75552,853,6093,5313,-696,-1993,-647
75553,-5538,4510,7741,990,1694,-1262
75554,307,5696,-5017,882,-1086,-1129
75555,6757,-6947,-4448,1923,-943,-107
75556,3003,-7711,-5517,1476,-1056,1260
75557,-243,-878,-635,-382,1350,897
75558,-7164,-4610,-1653,-692,846,659
75559,796,6451,-1037,-1977,102,1489
75560,-7719,-86,1925,-103,-1362,-1614
75561,-1215,1780,-6031,-250,1090,1692
75562,5523,6302,2141,115,1674,942
75563,1436,4592,-1655,-194,-1143,-1381
75564,4351,4586,-671,493,129,-715
75565,2677,-1246,-6908,1110,1941,-1124
75566,-2402,-3278,-3752,1543,1300,979
75567,-3969,-7990,701,-1286,-337,-768
75568,-6693,-4884,5506,-115,790,-727
75569,-314,6949,1942,708,-198,45
75570,-3436,31,-515,-1455,1722,-1044
75571,5891,493,2062,-1793,-1074,-383
75572,-7908,2883,-749,-1411,-803,1450
75573,3965,7528,3821,1636,-1478,437
75574,-5601,-914,6321,-1316,1208,-1452
75575,2268,-3554,-6891,-870,1000,-116
75576,-1792,-5594,1957,-902,665,-47
75577,4739,5479,1921,1185,405,-79
75578,-4643,-6912,2033,856,-1586,1079
75579,636,6895,-209,1573,-1143,-119
75580,3965,-3785,5972,74,-1439,167
75581,7610,-5830,2954,1335,-162,1018
75582,-1769,5788,-1206,1718,-520,1163
75583,-4229,-5092,4490,1685,64,-47
75584,820,5194,-620,-872,-47,-908
75585,4677,1229,4355,-435,839,-474
75586,5119,6275,2023,1427,-1506,440
75587,3883,1310,-2126,-388,-428,174
75588,-4760,-2143,-1058,682,-1554,-1211
75589,-7368,2086,914,-777,439,1521
75590,1402,-1630,7944,-1756,1423,-679
75591,-4131,5817,109,1960,1566,605
75592,1059,-2952,-7960,1432,1500,-868
75593,3951,1430,-2664,1200,-1376,-1906
75594,4196,-1507,7245,1712,-1411,-181
75595,7835,-1034,-3562,-582,-447,-781
75596,5843,-3759,116,-579,-903,-756
75597,-3878,4181,-6561,-31,-1311,1147
75598,-6465,-7931,5215,-275,1226,727
75599,-1131,-5525,5495,1404,66,-1226
75600,7866,-4933,-5582,1605,-1650,-36
75601,7887,-7052,-375,-1966,-590,-344
75602,5830,5373,7112,-1622,1491,-262
75603,-6078,4977,5788,-28,1514,1841
75604,3637,4129,-5905,-1771,-926,1572
75605,-7413,-53,-4319,-284,-1614,-1096
75606,-6001,-2666,-6645,1031,-347,-206
75607,-1013,193,-1986,-1664,-850,-1475
75608,290,-5252,5754,-1012,-547,785
75609,-5642,-5464,7211,-475,-303,-1199
75610,-2016,-7965,-3736,1748,-213,477
75611,7141,3015,5739,610,1649,-576
75612,-1426,5480,-3787,-1109,-996,-116
75613,-1597,943,-4514,1641,-548,733
75614,5067,5457,1874,196,1961,1094
75615,-1250,4882,-5983,842,-1664,-569
75616,5325,1825,2538,-1743,1577,1494
75617,7631,1029,-4581,683,812,813
75618,4255,7376,6131,154,-189,377
75619,7164,-6818,-3938,1743,245,-1923
75620,3950,6569,-1577,-1791,-1985,-558
75621,7148,-2094,-3672,-1549,1731,1497
75622,1482,-5797,2935,-1206,-1886,273
75623,953,-3937,-2688,-407,-1702,-1438
75624,7177,-6491,-4157,-398,-1432,42
75625,-7015,4844,2897,1850,-1932,-645
75626,2098,-334,-967,-1382,484,-1792
75627,4436,3490,7975,1919,-1418,-1015
75628,5086,424,3083,857,491,-97
75629,-3582,-2454,-5291,1490,790,-1735
75630,-4150,-4480,-4302,-1069,-1559,-1579
75631,-744,-4329,3603,-1265,585,-1004
75632,5720,2285,-3380,778,-35,-1417
75633,1814,3911,-6298,11,-196,1951
75634,248,7581,-6572,-332,91,-392
75635,1686,-5653,823,-1022,1542,239
75636,6846,4160,-4280,1022,915,1143
75637,-2743,-3249,6765,1184,-807,1543
75638,-3162,-6479,-483,393,-596,493
75639,-7929,-7362,-7746,-452,852,706
75640,6059,-2713,4632,-1477,1554,1345
75641,1585,-4382,4470,-817,-1034,-1852
75642,6780,51,4566,-1591,1321,1781
75643,-248,5522,5747,1802,1112,-692
75644,-2763,-5884,570,-384,-1,-1588
75645,5665,-6088,7321,-1096,-1643,-1918
75646,4092,6612,837,1628,-402,1782
75647,-3017,-2171,-1938,-231,-1697,1761
75648,2576,-4235,4513,1498,1058,1417
75649,-3831,-5918,-1505,744,302,-278
75650,6333,3092,-6572,-817,-155,-434
75651,-3363,-7022,-4456,-1418,1687,-679
75652,-1800,-6305,-5292,22,-215,159
75653,-1388,1922,2873,559,-246,-476
75654,2408,-784,3505,-1516,-657,215
75655,7585,4663,-1622,974,-1378,-1679
75656,-3721,647,-459,-36,-1429,-1342
75657,3887,2589,-1356,-1467,-1399,-669
75658,6398,6613,140,-1608,774,-1883
75659,-4262,-1931,3830,607,-1410,565
75660,4184,2902,4763,894,-481,1242
75661,3365,-705,2261,1892,-1287,-629
75662,-1228,-7480,3635,-332,-410,793
75663,-929,-685,-7362,117,700,1660
75664,4204,4378,-4781,1930,1801,-689
75665,-7966,-926,-3170,-1216,1958,854
75666,-2024,7709,7901,-1100,710,-274
75667,2051,6742,5162,1891,1700,1066
75668,68,3617,3792,783,-1170,168
75669,-1762,-6997,3555,1296,-1895,-979
75670,-5016,1834,-2302,-564,-1250,1827
75671,2364,6769,-82,-1543,-1910,1415
75672,7504,-7752,-4616,-1733,91,-43
75673,-2008,-123,-2929,-400,1974,-1216
75674,2785,1144,-7546,1901,474,1861
75675,4033,5847,-5537,-637,1780,-884
75676,-4120,1538,5259,-1084,-1167,-697
75677,2595,807,7012,-1803,1603,1897
75678,1612,-6477,3675,1261,-1445,1043
75679,-7364,3389,6022,-386,93,-1210
75680,2542,-5774,1890,-734,1699,-1589
75681,-1074,7890,6852,-377,1465,859
75682,-3745,4666,1456,-641,1613,228
75683,4446,-4542,2379,1950,-1282,1331
75684,6837,1711,1555,889,-1551,-1244
75685,-1203,7551,-7907,-1693,-1335,-986
75686,-7525,4614,819,520,-71,1751
75687,1821,4961,5697,649,-1739,977
75688,-7784,-4324,1996,-308,-1987,775
75689,-5081,932,-31,1816,551,405
75690,2180,7480,5797,-1082,1593,707
75691,7210,6015,1894,1060,-1595,-608
75692,4516,-4240,-6918,-1580,431,1179
75693,1797,-7880,7205,-285,1937,1294
75694,5097,1975,7914,304,-157,16
75695,7200,-2597,-569,-1410,-112,1371
75696,-3868,-2982,-7634,968,130,856
75697,-1443,5496,1392,-1354,-1970,-1424
75698,-216,1351,-7773,1002,1261,112
75699,6603,-4147,-5647,2,1760,-1075
75700,-5896,-5061,-2617,164,-1765,-249
75701,-6735,-1122,2710,-511,-1395,-424
75702,3374,5380,-6445,313,1340,1387
75703,-1056,-47,-4289,1789,662,1781
75704,-1570,6196,3873,124,1955,452
75705,7952,7694,2439,-563,967,-264
75706,-2561,-2353,-2738,1946,1284,420
75707,-144,-3354,-967,1050,1350,1360
75708,5154,-3588,-4410,-291,992,-1274
75709,7666,-313,4388,-587,-1482,-1240
75710,1125,193,3081,644,-271,32
75711,-4837,1939,-4532,1827,-969,-717
75712,-2641,609,924,1464,1185,618
75713,4216,643,-2321,-368,-1535,-1736
75714,746,7009,7140,-664,-1874,1617
75715,6106,6924,-6050,533,-1865,-615
75716,3776,6350,-2176,572,-1367,1643
75717,1232,-2745,5363,-1126,748,-1845
75718,-2172,6358,-2355,1962,507,-448
75719,7757,1047,-3321,-1648,37,1170
75720,-7825,7119,152,1845,1716,1828
75721,3535,-2691,315,-1907,694,1764
75722,4366,-29,-4379,445,-527,1062
75723,-2460,-2462,7302,-1817,1616,-554
75724,-4311,4034,-6968,207,1676,-229
75725,4468,5014,3555,-1231,-1466,-1985
75726,-5253,-441,7253,53,-869,1656
75727,-6357,4061,-2912,-1938,-342,343
75728,2537,3838,-6901,-718,1241,801
75729,464,7180,6392,339,1726,270
75730,4006,5417,-2649,-61,-706,-922
75731,-581,-6749,-2313,-115,-1941,-1788
75732,-4292,-2835,871,1719,225,868
75733,6312,-6605,6487,155,146,-863
75734,20,-2874,-5561,1464,-233,-925
75735,506,3226,-4183,427,1455,-733
75736,-1370,-904,-3061,-1055,-17,-273
75737,1975,-5471,3162,439,1080,-1330
75738,1698,-2299,944,981,-379,556
75739,3745,1682,-2285,1088,776,1117
75740,5651,-3424,4938,1669,-1674,-1331
75741,-4165,-5489,7080,1242,1523,993
75742,-724,-642,-1521,-1452,-1904,-1898
75743,1530,5441,5675,-1969,-666,824
75744,-817,-6097,4617,-1525,317,-594
75745,7498,3579,7859,-179,-274,1434
75746,838,6339,-6352,1506,-379,1393
75747,2828,-2596,1546,694,-12,32
75748,-6465,-3224,3733,-1507,-1099,1680
75749,4769,-877,-2154,-290,211,-619
75750,5007,-4384,3054,-1956,-969,1673
75751,456,7970,-7743,-650,107,-87
75752,-1231,3668,-1448,-1310,-156,-1986
75753,6674,-3123,-5212,-1879,1624,249
75754,-5410,-2305,-2034,1953,1504,97
75755,-5928,-7503,-2738,-117,-1260,-1292
75756,6851,4105,3484,-147,-499,1785
75757,2025,4639,6397,1800,-1710,1955
75758,1462,6704,852,1327,-708,603
75759,-2222,-7122,-3259,-1440,1735,-1319
75760,2069,-2413,752,-1148,-352,-1811
75761,-1669,7489,-7286,-945,161,-966
75762,629,1128,-3503,-802,-64,-205
75763,432,1927,-7228,-499,-793,454
75764,-677,-1447,5106,806,387,-1586
75765,7474,6248,3248,1566,589,189
75766,-6266,-4344,1411,370,1317,233
75767,-4792,2594,-7039,-1533,-1429,1872
75768,7055,-2764,-3690,946,190,797
75769,2615,-1457,2834,-837,-823,1164
75770,-3226,-4255,8,913,-70,1834
75771,6261,3861,-1406,-909,-1529,-544
75772,1421,7118,7451,-242,-121,-1649
75773,-45,-3270,-6699,-945,-326,1423
75774,-6057,-411,-5747,-1252,912,-251
75775,-1186,-743,-1416,-1538,-114,-1988
75776,4903,3434,6623,958,1208,-1346
75777,7481,-1065,-6169,-1696,-938,-1089
75778,-7629,-1449,-2935,229,-383,552
75779,2437,4057,4444,1568,629,-688
75780,878,5593,-6299,1774,1713,-1749
75781,3846,3997,7683,-435,1695,-398
75782,-7548,6426,1616,-1040,1542,192
75783,-7885,-5511,703,-1257,1243,234
75784,3380,6571,5451,1544,1605,990
75785,6034,4457,7829,1946,-347,440
75786,7404,6807,3176,423,-1123,-94
75787,-6797,7349,2470,1272,-1056,-1360
75788,351,6492,6831,1168,-1363,105
75789,814,-7945,-1503,101,651,154
75790,-6905,-1824,-6885,-1354,1676,-1555
75791,-601,6353,-7622,515,168,870
75792,6557,-4032,267,-931,668,1725
75793,-5774,-5723,-6760,-836,-1439,-389
75794,6178,2104,-5687,-414,1870,674
75795,7962,2987,-4487,-479,1348,999
75796,-2620,-3300,-1320,-224,1353,1412
75797,2752,5414,-7307,1626,485,686
75798,-3350,-2998,-6473,-1521,-713,539
75799,-1838,-7341,-4580,1355,692,367
75800,-5809,-6063,-497,121,-1067,-1943
75801,-6384,-3408,5917,1908,-1254,1982
75802,-1074,6712,2516,1973,-1209,-1005
75803,3968,1810,-784,237,-1425,290
75804,-3330,1866,5949,1490,497,1328
75805,1248,4810,2767,765,281,-1870
75806,3529,-914,-17,975,1099,1149
75807,128,2111,1893,1201,-70,1484
75808,-1888,4832,1726,-794,-1944,836
75809,-4721,-2822,7029,-1504,-545,-445
75810,-2819,4924,-2324,-1836,-1630,-1587
75811,1194,-3252,-332,-1948,1443,-1280
75812,-6127,-6134,2555,-1590,-1856,83
75813,-5301,-5614,-5098,1788,-499,649
75814,-2808,-4654,-5224,-568,-1990,1125
75815,-5704,-53,-653,-1598,-631,-684
75816,-1833,712,-1651,210,-966,1673
75817,-3533,-6165,-1296,869,1125,1148
75818,7632,1315,-7199,1572,668,-556
75819,-766,7465,6311,-175,-1985,-882
75820,4201,-3610,-2233,-45,-1592,1488
75821,196,5332,-6745,-1217,1466,254
75822,3882,-4591,-7026,698,-561,-1825
75823,1470,-6914,2030,-1445,526,860
75824,3472,-5834,5400,1409,1664,-621
75825,1086,1152,3246,1577,-1841,-1203
75826,2873,-764,-4000,-1527,959,1058
75827,1345,-5921,5894,-669,-388,-826
75828,-7509,4546,6857,-753,1371,1769
75829,-844,2538,6307,-1587,400,-1385
75830,-1841,-7106,-3669,-1,823,-802
75831,-2111,1989,4928,844,-919,628
75832,4056,-4007,-900,1549,-226,-1250
75833,-1412,-1272,1816,-1110,1785,794
75834,-5675,7785,4641,656,319,828
75835,-3197,-6946,3771,-997,-740,1380
75836,6705,-1264,5324,1694,267,-927
75837,-6689,3228,-6318,218,-778,463
75838,-2031,3931,-5832,1199,-1935,637
75839,6730,-6786,-646,1220,-1551,-1487
75840,259,-6777,-7723,-1556,-486,-855
75841,6397,6996,-2145,1197,-1570,1147
75842,4748,139,3690,148,865,-1029
75843,1964,-2664,-1061,1207,885,-784
75844,7441,-4945,2076,-441,-509,1578
75845,-7555,-461,3417,-57,-53,1468
75846,-4452,1959,4981,302,-1986,1157
75847,-1205,5047,-5374,908,193,481
75848,-7104,2690,3428,621,-209,312
75849,-4291,-5415,2378,-163,-1219,226
75850,-6999,-111,7870,-1266,-1192,787
75851,3707,6789,-7015,1666,1657,990
75852,-6602,7817,-2472,1939,-1600,1390
75853,-4110,1270,-6735,-1607,-459,-1748
75854,-5528,-7814,-5510,-130,167,-1746
75855,1816,-7281,4602,553,-701,-1853
75856,-7410,420,-5494,-1741,-1151,-1474
75857,-7804,-5359,7457,-1967,1683,1674
75858,2010,5667,-1577,735,-1251,-640
75859,-5515,2450,7213,-159,-483,1235
75860,7853,-5771,-80,26,196,1763
75861,600,-1054,-6867,-1812,-207,1410
75862,-1649,-4990,6051,-1541,-1214,-687
75863,2518,6758,6519,-81,1542,-84
75864,-96,-4377,7208,1150,294,1557
75865,5675,7429,692,931,-1768,-1689
75866,3756,1558,7956,1188,1917,1351
75867,-3731,3257,4488,1244,0,-332
75868,1771,-4260,3172,-352,136,-1186
75869,2127,-5333,-5220,-1033,-247,-1132
75870,-5401,3244,-3719,-202,-997,-1217
75871,3307,-3550,-7565,-736,-921,412
75872,5483,1661,-386,375,563,1873
75873,-487,-532,2734,1185,-85,296
75874,2133,3719,-1625,1734,-125,-1477
75875,-5409,-5120,-3853,888,-929,205
75876,4137,-3826,3755,1492,763,-1009
75877,-5812,4434,2282,13,457,817
75878,-5866,2989,4830,-665,126,-1498
75879,373,-3915,7013,-612,677,943
75880,-4464,4515,6035,220,1106,498
75881,6129,671,7078,-1605,1868,-372
75882,-6965,-258,-3817,-1702,-1351,-480
75883,-4707,7495,619,587,1320,-1049
75884,3965,-1033,982,-216,-1353,-858
75885,1404,4086,5235,967,906,-1408
75886,-7782,-206,6283,-1137,1940,1456
75887,-1076,5764,-325,-500,879,1541
75888,-1795,473,1979,-669,-141,837
75889,1684,7341,-2847,-1124,-1310,-1501
75890,-172,7333,5044,-452,177,-951
75891,5104,7217,-6992,981,1110,1668
75892,3904,-1289,2656,362,603,-1898
75893,-2197,6906,5119,-172,-178,1770
75894,-6466,-2745,2860,-624,-1964,-189
75895,6995,-1832,4225,-1619,404,-817
75896,-1246,1981,-4024,-316,-160,-1472
75897,-7767,-7718,3776,-914,-1935,-796
75898,5691,1433,-7802,-1406,848,-129
75899,2669,-7688,1201,339,412,1792
75900,-3092,1866,14,-51,-410,-1360
75901,6384,446,2659,-107,44,-1686
75902,7858,-5082,1451,62,1150,-1166
75903,4401,-2709,-1852,1919,-631,631
75904,-4462,1532,3606,1416,-763,1387
75905,-6697,-4197,-1771,-1423,1878,-1421
75906,-1302,4579,7771,1457,-280,-516
75907,3970,-7978,1903,311,707,-1072
75908,-5247,-3490,3915,57,1369,-1442
75909,-456,-4794,5437,1046,1932,-820
75910,-263,467,-1753,-582,-834,1364
75911,6082,7093,785,-1137,-408,998
75912,5614,-7876,-6651,-542,1860,-1281
75913,3199,925,4812,-1433,933,-834
75914,5401,5961,2636,-1867,1516,244
75915,1424,-5459,595,-1417,-34,568
75916,408,-899,-3906,-1347,-748,1056
75917,-1468,-4553,2182,1924,-1962,-1486
75918,-758,3820,-7296,1759,-248,-501
75919,-943,3571,2304,-978,-1801,-1976
75920,-5757,2143,-5867,1262,-1914,-1110
75921,-6444,4391,6245,1692,978,-499
75922,-7671,1519,2196,201,-1503,1569
75923,7057,706,-6218,-532,-594,-354
75924,358,4710,-7664,-823,-41,1584
75925,4379,-914,4706,145,-1573,1188
75926,-3528,3320,5233,1574,-794,-1227
75927,-4714,6792,6822,-287,-305,-1845
75928,-6627,5062,-1414,-379,-538,-1831
75929,-4748,-1979,-6437,68,1945,1094
75930,5614,-4675,3441,128,-1060,-1832
75931,-6932,-7309,-2063,-383,987,1499
75932,-6126,2738,3725,1339,-1746,383
75933,-1016,7430,7729,-1615,-1805,902
75934,7876,-1097,757,919,449,1000
75935,-6802,4384,635,-1104,1646,-1534
75936,2087,-4701,5958,295,-742,-1577
75937,3563,-4723,-4580,1100,957,-331
75938,6650,5731,-2555,586,1850,1445
75939,2844,2449,3550,-1775,384,491
75940,-7529,2630,3284,1402,1489,1783
75941,374,1303,2747,-1662,1451,-861
75942,-6296,-7959,2558,1807,256,1385
75943,308,-820,-1806,1377,45,1880
75944,6092,-7561,4919,519,934,1545
75945,14,2708,1084,-421,1115,466
75946,523,7486,-6711,691,547,435
75947,5399,4035,1363,1202,-1428,-1704
75948,1613,-4979,-317,264,1759,-1700
75949,5938,-3074,-3529,1402,-1894,-1919
75950,7418,-3708,7058,329,1149,-1259
75951,2162,6350,4069,1126,-1249,-611
75952,44,-5047,4135,668,1313,-180
75953,1789,-2666,-4889,-1189,1338,-1274
75954,3676,3225,636,1551,-266,-1110
75955,-1357,419,395,-333,82,-1021
75956,3082,-3208,2307,989,-72,1791
75957,1207,4459,4704,752,-358,694
75958,-3916,73,-7206,277,-750,133
75959,-4287,708,929,116,-719,944
75960,1291,5931,-7838,1323,-723,53
75961,-1904,-4219,-6535,924,1326,102
75962,7269,4839,2308,1169,1300,-1584
75963,2256,-7799,537,-1992,169,-1899
75964,-4401,5911,-3074,1860,1280,-1031
75965,5683,-1387,-7779,814,-657,-423
75966,-1448,-7730,7949,1442,59,-1040
75967,-3685,-2298,-150,646,-1449,-604
75968,-7938,3340,7342,1292,1917,113
75969,-4750,2403,4392,-947,-253,-657
75970,8,1096,2961,886,-1549,-214
75971,-6333,-3884,6236,233,-406,1824
75972,4392,3768,7345,-297,1066,-358
75973,6512,2966,3630,1068,20,1853
75974,3014,-6992,7235,-946,-1455,-1004
75975,2043,-5777,6806,-1456,-1045,-45
75976,4373,-3040,3508,-1677,-406,98
75977,-386,-6959,3158,1813,-1713,-170
75978,1880,4045,6055,-428,1781,-1692
75979,-6174,1587,-7882,1833,-830,-1000
75980,-1231,5385,-5943,1492,-1272,1991
75981,856,6010,-7926,-937,-1242,-1394
75982,3375,-6450,1506,552,-892,-1271
75983,-5525,-1537,4427,583,-1089,1153
75984,-4819,6862,-6009,1419,-203,-1999
75985,7235,-5887,-4818,611,-1300,1821
75986,-6269,5991,-3533,-732,-551,-1939
75987,7714,-7242,-4103,516,-1002,1062
75988,3420,-7326,-1100,-472,-251,-798
75989,4071,3037,-2760,-1248,908,1138
75990,880,-1943,6892,-1740,677,-1085
75991,-2188,1461,-2530,-777,1265,-1321
75992,-3413,-2885,563,235,-1072,-561
75993,1013,7274,5300,1837,1338,571
75994,-4116,-3749,-7567,-328,1630,-25
75995,-5951,-4938,4391,104,363,75
75996,1960,4979,-2943,1395,259,-409
75997,5165,-4458,2879,-1944,1854,-466
75998,-5315,6327,-1401,-559,696,-497
75999,-672,-6910,-395,733,-1562,-1430
76000,7943,-5084,-5447,1108,103,367
76001,1434,1438,4772,-912,-1515,507
76002,-4192,-3500,-969,283,-1722,1255
76003,-3904,3799,5529,1913,572,634
76004,-5181,-4704,1981,49,-937,-18
76005,-2884,2177,7301,-1733,-141,-1198
76006,296,-5473,6247,733,450,1794
76007,-5339,-3618,-1954,-268,-1297,-1829
76008,3768,2138,5617,284,572,1025
76009,-7294,5035,-1734,153,1967,-74
76010,-4499,2282,4679,-89,481,-1698
76011,-1989,3340,7239,535,-180,335
76012,-3167,-3558,7438,-423,-298,73
76013,-7959,7283,7933,-1664,-92,1969
76014,4694,7720,-3500,-1048,-1798,1379
76015,6597,-2932,-866,1759,-298,-315
76016,-5787,-3831,4712,812,1663,951
76017,7263,-3959,4736,818,546,449
76018,30,-2489,-7598,-55,-1732,1776
76019,6519,428,-3485,441,1620,1541
76020,7453,-2469,-6394,-780,81,826
76021,5246,6649,1425,-746,-1323,1129
76022,1310,-2394,-1693,-805,1887,1815
76023,-5137,7965,-7659,-379,1183,340
76024,310,-7800,4013,1568,1135,-1002
76025,5967,-1923,-7728,-1185,1492,-417
76026,398,-5685,5873,1458,1235,1186
76027,4634,2961,-1131,-809,734,1563
76028,-7857,1030,-31,592,-1153,320
76029,-2391,-7930,6040,-497,1141,1033
76030,3498,-5491,1072,-1240,-43,-306
76031,-7413,-6442,-5248,-927,-1112,-216
76032,-4222,-3246,3390,-254,-452,1399
76033,357,2238,-5781,868,-1143,-260
76034,631,3610,-5592,1573,-213,-1588
76035,-4548,4947,-6953,-5,652,-1393
76036,-1692,3732,5075,1055,145,-1886
76037,-5898,2712,5809,23,1097,1924
76038,-3088,-6495,2391,1597,-1575,766
76039,5823,2175,2892,-21,-484,-246
76040,-497,-674,-6925,-1644,457,1365
76041,4878,7021,-1196,1477,1584,-742
76042,4461,2290,2433,-814,946,-116
76043,-6396,6841,6975,-398,-250,1934
76044,6149,4356,-6922,-1068,285,-148
76045,5613,6120,-1007,1325,401,-1856
76046,-5705,411,6027,-147,-1363,-1192
76047,-3871,-2213,6974,525,-1271,-114
76048,-4473,-4622,-3764,-277,847,1315
76049,-7461,-5657,-1125,498,1005,-871
76050,-665,6432,-1851,269,-1120,286
76051,7843,1152,-6034,-757,1656,257
76052,4849,55,4827,31,905,1818
76053,1857,-1009,6023,1595,393,310
76054,-2569,-2790,528,1858,933,-828
76055,646,-5311,-4930,-1678,-369,43
76056,7820,2128,-5981,-543,736,-41
76057,-264,-991,4686,-218,-1850,-1149
76058,-1678,7798,-5978,-1043,-632,-1885
76059,-5738,1007,-2897,-802,-229,522
76060,7975,4095,6729,-182,-1888,1066
76061,7019,-4907,468,672,-1137,-1284
76062,-2960,-5583,4436,923,221,-844
76063,3872,2605,2032,-867,-623,1915
76064,-4677,-1633,3263,-1634,-689,186
76065,-3914,-4937,-4104,-792,1239,816
76066,601,1978,-7875,-448,-60,643
76067,2174,-7505,1152,866,331,1325
76068,6445,-2481,4384,-950,-85,-558
76069,3277,-6993,5561,-1522,-1845,-1019
76070,4905,5735,4552,-376,-1105,-1728
76071,-768,735,-7802,-721,1176,858
76072,-3269,2149,-7451,46,-1758,-589
76073,-2085,6162,-5629,-1835,491,-1345
76074,1991,-67,5887,-84,1287,-455
76075,-7073,5589,455,16,1118,1620
76076,-1283,2549,-6307,212,14,1356
76077,-4001,-5642,-110,-1114,1862,1835
76078,3844,7652,-6715,-834,-934,-1348
76079,301,793,5748,-1700,1311,1947
76080,-87,-7123,415,-1161,-875,-1151
76081,3821,-3837,-7915,848,-410,527
76082,-5591,-5848,-1533,-343,433,1688
76083,7118,1505,6882,-1434,797,1251
76084,-6505,-5258,-336,280,779,866
76085,-657,-7738,-4007,-857,1158,143
76086,698,5176,-4831,985,-1267,1161
76087,-7175,6277,1546,-1906,646,-146
76088,-326,2928,7599,246,-65,1547
76089,6208,3312,1779,-1457,237,-1824
76090,-1375,-4014,3114,1808,553,-977
76091,-478,-204,6608,-268,1521,197
76092,-1311,-4215,3335,273,-612,550
76093,1567,-4776,-4228,1171,481,-558
76094,-730,7986,2019,190,-1207,1246
76095,-497,-3237,519,-1221,236,-1802
76096,-2709,-5090,2456,1155,1321,1202
76097,4075,283,6757,851,1284,-1880
76098,2706,2573,-752,-1520,-224,-1725
76099,-7171,-2549,-3473,-85,-875,-1204
76100,-4866,-4977,-5106,-1490,-798,1861
76101,-7435,-6429,-4632,-1139,-328,1418
76102,-2862,4316,-5401,907,-1827,1252
76103,273,-6699,-5177,-158,4,-551
76104,6137,6126,-5740,-1397,895,911
76105,4273,6349,-5376,639,-508,988
76106,-4693,7841,-7425,1061,1104,-968
76107,4330,4319,5414,1604,-1212,-1482
76108,6238,989,-5665,-1934,-49,52
76109,-4722,1764,1337,-1285,-1179,85
76110,-408,-2956,3269,600,158,1901
76111,5320,1483,3940,-262,1891,1781
76112,1228,-122,-572,180,-1958,79
76113,2577,6752,3717,923,668,602
76114,-473,-3276,7221,-657,349,840
76115,-3662,-5590,7386,-1294,955,589
76116,1920,-1144,-3926,-1637,1867,-1700
76117,-2097,6549,7053,1308,-1859,1263
76118,-4327,-763,4186,1080,-1935,-1574
76119,4769,324,-5195,4,632,-1070
76120,-3751,6344,4600,-467,881,1309
76121,-7495,-7874,-7517,561,515,1210
76122,5968,4106,2148,-351,376,1341
76123,6568,5898,-1341,-824,1705,1661
76124,2193,-5692,-4936,1607,577,1034
76125,-7838,3444,-765,424,-1586,-1527
76126,6373,-7489,-7820,944,677,300
76127,7807,2760,-1924,-1637,422,-1754
76128,-1275,-7124,258,490,516,-1487
76129,-5295,-7555,6172,-239,-115,112
76130,-1566,-921,5275,-1053,1915,799
76131,625,-1190,171,-1715,-1026,1145
76132,3318,6741,-1666,706,475,336
76133,-5551,-851,-5304,-1633,1399,1508
76134,3942,371,429,-138,1244,-752
76135,477,-4046,6500,1333,-1661,-739
76136,-7292,1179,1296,-106,472,1164
76137,-7429,-722,623,-101,58,595
76138,2183,-489,-2843,-1335,1332,-1801
76139,-3452,-3596,197,-1152,-509,-973
76140,2265,-338,5717,1219,1882,-1095
76141,7382,-2474,6131,-1018,-869,729
76142,-5700,4227,-3733,-1705,-972,-326
76143,7112,4055,7890,-1816,635,1313
76144,893,3218,-847,1414,-1927,1138
76145,6704,729,2676,1287,1384,1196
76146,1887,2706,4604,538,-867,-208
76147,4830,-4459,-5844,1777,226,91
76148,-1160,-1854,-4969,1371,1895,-445
76149,-3500,-5191,-2724,-1667,-512,-1522
76150,5406,3628,6201,1307,56,-323
76151,6388,884,4277,-136,-814,-616
76152,6985,-3316,4236,-548,1290,-636
76153,291,-3881,522,-392,-1679,-1593
76154,-4217,2313,5709,232,-515,-899
76155,-7951,-2038,5619,1234,-473,1326
76156,-7967,6117,5113,1049,208,96
76157,-4774,5973,3406,1693,164,-314
76158,7693,1313,1580,-1428,-1399,-1907
76159,1565,-5052,-2197,-1215,284,1960
76160,7043,5378,-7782,768,1857,1786
76161,-6776,7291,-1117,-455,432,-1205
76162,1872,2789,-5647,-170,-1546,-1823
76163,-2310,-3578,-4769,247,1272,1571
76164,-7534,-5978,-895,-1413,560,-345
76165,-5252,6365,-5429,1739,1318,-670
76166,5266,-7977,5586,1271,1204,-1757
76167,-4249,3062,-5779,-1329,-1122,1917
76168,-7743,-6574,-436,-1895,1127,-1861
76169,7630,-3687,-7004,-1178,1145,-1482
76170,1741,-5762,2941,-1878,-43,-1612
76171,7790,1409,-3933,564,-1076,1128
76172,773,2081,1135,150,-865,-479
76173,5500,-5625,-4791,-1085,-1271,-1955
76174,-3328,443,-2654,1491,1891,1779
76175,7001,-2054,-3818,-1167,295,-960
76176,748,-3417,6258,748,-1210,727
76177,5154,-2250,5225,-375,-1094,-1662
76178,1935,4692,6936,-892,1642,-1835
76179,-3128,-637,7391,605,-1984,1025
76180,2977,-3669,-3739,131,-1673,1375
76181,-5861,-4975,799,-903,-1977,1218
76182,2433,-801,-6674,-461,-443,1749
76183,6550,4163,3961,1886,-56,488
76184,-760,2938,650,679,484,-199
76185,-128,4839,7590,1864,-1792,815
76186,1755,-5358,-6105,-298,-19,1994
76187,-2605,-2451,1886,-1011,-1172,1915
76188,5309,901,-5140,-476,1059,655
76189,-7839,2546,6830,675,471,713
76190,5057,-694,-573,-729,1990,15
76191,-4297,5232,-1555,405,-1585,1902
76192,-128,-7569,-7997,1384,-221,-855
76193,235,6282,5142,1793,1691,1996
76194,3148,-7308,-7243,320,-223,-706
76195,-3852,-3752,-433,1716,-553,1636
76196,4475,2610,-199,-1026,-1384,-75
76197,-50,-394,-835,-1974,1676,1755
76198,7597,-2156,4452,-439,-1748,708
76199,-7696,-4138,7925,-653,44,1170
76200,6844,-5916,-5439,169,1593,-519
76201,-1534,-1513,-5443,836,199,655
76202,5337,-2489,-57,-758,20,1297
76203,7908,-4638,452,936,-185,-1800
76204,1648,3871,4092,-1560,1606,1603
76205,1188,-1097,1543,-1362,-86,-154
76206,-5179,2375,2670,-781,-926,-1942
76207,-3596,786,231,-1306,-1513,1027
76208,-3922,4047,-6071,1644,735,605
76209,2345,-4898,-1157,-1770,7,1625
76210,3259,-1312,-2053,1888,-387,-995
76211,-4715,-2416,-4534,-17,266,324
76212,-100,1102,-134,-422,-1553,-375
76213,-7426,927,3540,1363,484,77
76214,-3288,3447,2844,-5,1167,-1983
76215,-6971,-5005,-777,498,1000,-1076
76216,-7036,1674,4571,1373,179,-627
76217,-4476,7986,-390,301,21,618
76218,713,-3112,-6991,-1674,-1586,643
76219,1092,2540,3007,-145,-84,1686
76220,-6355,-1130,-7229,-1006,-1315,429
76221,204,-1659,1065,1438,-551,-1429
76222,-1385,-5370,-6787,-1530,-1627,-821
76223,6350,4620,-79,236,509,-1603
76224,6547,-3579,807,162,48,991
76225,-1669,7312,3978,143,1214,-1635
76226,1084,3792,867,1269,1639,-710
76227,2486,6881,1078,-1807,-1312,-1164
76228,3254,-1315,4075,1149,-1774,-1106
76229,-4928,3985,-1651,-1924,1396,-45
76230,1106,619,-2030,-1128,-855,1501
76231,-3923,-5915,3509,-1742,767,1467
76232,-4617,-880,-7867,-24,-720,-1304
76233,5572,-5494,949,890,-1430,1716
76234,-5648,-1028,-4917,586,1473,-1537
76235,-4778,4706,6183,-1596,-1265,-1592
76236,2798,2218,6565,1849,-423,-1229
76237,6267,7534,-4343,745,679,-1557
76238,1579,-6952,4707,-1685,-959,-1103
76239,2492,-960,-3945,-1277,-1272,1230
76240,5371,6867,-5842,-243,-1171,1341
76241,-6392,-4670,-3300,1339,990,-1755
76242,6863,-718,6052,-1157,1358,374
76243,4517,1552,6207,569,1667,-752
76244,6165,-3594,6776,1974,16,-829
76245,3529,2884,-7727,1241,-386,1704
76246,-1148,2860,1435,-1496,1702,512
76247,-7062,-1348,-3154,195,-602,350
76248,-3750,-7784,-5242,1018,1182,685
76249,2341,-4008,-3116,-625,1403,1228
76250,-3714,2353,-42,-1267,-1362,1126
76251,-6966,-610,5168,1092,-1368,22
76252,6134,234,-6745,-886,-479,-1176
76253,-6099,-860,-5535,244,-190,332
76254,1506,-4566,-787,830,462,85
76255,-2455,4926,1059,-1985,1558,1056
76256,139,5115,571,-271,603,-174
76257,-7236,-4433,5225,136,153,-1976
76258,6508,2498,-772,1199,-381,-399
76259,7040,-738,1155,-588,-1705,-308
76260,-4524,-6863,6629,-435,-1145,889
76261,6272,-2106,-286,-1647,1010,951
76262,830,1912,2327,-1962,1477,1552
76263,5173,3709,-7997,-1637,-23,256
76264,7684,-4071,7614,-1667,1989,920
76265,-2665,2156,4934,572,-1735,231
76266,3834,-5211,829,-897,546,-839
76267,4728,3939,-6852,-1563,-1653,-1438
76268,-3515,7671,5600,-664,1748,1510
76269,7569,-4706,-3357,-618,-1199,1217
76270,2349,1543,-5779,-1535,780,239
76271,-4111,978,4232,456,-1573,1118
76272,2598,-1495,3632,-778,1884,1158
76273,1036,7704,7308,-768,-1655,-997
76274,2914,-4715,6038,-1947,1527,980
76275,-1177,-6949,6629,-1269,1222,-687
76276,-705,-6270,3730,1577,-612,-1023
76277,4772,835,-2472,1138,1667,1915
76278,-2109,-732,-4594,-708,-298,-186
76279,6200,-4919,7860,-1302,-371,1621
76280,7052,-5363,-5514,1232,-1293,1481
76281,5181,5546,-989,-1933,-403,1033
76282,7132,2901,190,-1904,-40,-314
76283,573,-6955,-4582,-1566,474,-863
76284,973,-6161,-4935,1620,-1341,-347
76285,-7991,7864,5330,1150,652,1580
76286,6667,-262,7037,1056,1518,717
76287,4687,6391,6283,910,333,1139
76288,4775,-4111,-1868,-1717,1966,-1697
76289,4209,5819,-7702,615,-1325,807
76290,2640,6915,-918,-1478,-971,-1724
76291,7131,-7044,-7922,-62,679,1313
76292,-717,3805,3356,-1437,-836,421
76293,6664,-2052,-350,523,1653,-773
76294,7773,-145,6053,-1580,-1892,1924
76295,-1267,-6692,-5472,900,1513,790
76296,-1385,5739,-1375,-412,1425,-1477
76297,3021,-6835,-456,399,962,1818
76298,-7358,291,887,333,-88,-1876
76299,-6283,-5783,-6262,1763,-1302,-341
76300,-879,-4022,4289,1762,-364,-973
76301,867,4208,5707,1239,-1367,1435
76302,776,-5602,-4146,1739,-1802,525
76303,-2706,264,5282,615,215,-1552
76304,-7231,-2112,-4139,138,-1912,1371
76305,-4917,5257,6493,-683,-521,-1029
76306,-5855,-108,-6890,-1875,138,-1542
76307,3019,4261,-2612,1804,-1698,-877
76308,2012,-304,1167,470,955,807
76309,-3376,2376,6767,1486,-1131,1293
76310,6368,-3848,5951,1598,306,-2000
76311,4773,5937,-2327,783,-501,-950
76312,5416,-6692,1984,-1133,997,-1673
76313,1198,7617,-5083,-1452,-1688,782
76314,-7284,2132,2159,-1179,341,481
76315,-758,1652,-1678,568,1648,383
76316,2677,-2874,-2749,1667,-1014,139
76317,5358,2037,2830,-1590,-491,-1388
76318,-2200,551,-4752,169,-588,-649
76319,-2019,-204,-265,1817,-548,-75
76320,7736,7051,4380,-1670,-816,-451
76321,1709,-2644,-6363,387,-675,-981
76322,-2510,2618,-375,197,1295,-907
76323,1829,1631,-48,110,-667,599
76324,67,3398,-5325,-5,1042,1731
76325,-5989,3857,7432,-885,-1635,1445
76326,5540,-210,-3954,-1874,1310,-377
76327,-509,-4720,2093,159,1448,135
76328,-6262,-7109,4619,1788,-1655,1772
76329,-5489,1374,-3381,-1506,-102,1340
76330,945,2928,7899,1914,-290,1588
76331,-2953,-6994,-4183,552,-1433,616
76332,-102,2133,-1781,-660,-1309,1824
76333,6244,-5146,876,-279,-68,-692
76334,-6827,-2823,3425,958,-1191,1198
76335,3444,-7131,-4936,-1973,-1004,1112
76336,6864,370,343,-1111,-637,-1016
76337,-860,-7444,2619,-1206,-791,232
76338,-1738,-1370,4147,1172,-1843,164
76339,-4905,-5334,-1120,1743,-264,-920
76340,-3033,-1609,-3238,-174,579,-927
76341,4223,956,-1712,1623,1137,-1699
76342,4528,-4227,7527,1868,354,257
76343,-2660,-1811,3937,1478,-1017,-1673
76344,-1230,4669,-4563,-127,-685,1065
76345,2296,-7618,6085,270,-1988,1204
76346,1140,1914,6051,1234,728,-1840
76347,4447,253,-2353,-1506,1413,979
76348,6411,-4847,-4145,1581,-290,1697
76349,-4297,7613,-3167,1490,404,-1581
76350,2279,7761,-5060,1976,1113,-445
76351,-452,-6438,-2613,-1290,1444,415
76352,-4431,255,3282,700,-1635,-562
76353,-1653,7616,-3861,-882,-1966,1758
76354,-7623,1083,6831,-1203,450,147
76355,4673,-141,6289,1613,1119,15
76356,-3698,7211,2819,1367,-707,1201
76357,6190,-1807,2375,1867,-1139,-367
76358,2590,7722,7488,-598,407,-130
76359,7257,-4073,-4756,1569,-1563,-200
76360,1312,-7667,6419,-17,796,1214
76361,193,-758,4682,-209,-1565,1867
76362,5446,-4644,1520,-1431,400,-1104
76363,2482,-1385,1886,-1513,328,-1007
76364,-6054,-3831,6768,-1137,-1602,281
76365,-3714,3057,1232,566,-1852,-1962
76366,3769,2815,1131,1150,1220,-882
76367,2623,3488,1812,270,919,-518
76368,2319,6731,5046,-167,1363,-944
76369,5489,-1982,2337,948,227,-1064
76370,2912,4557,-7360,932,1604,-1327
76371,5286,-7173,-6190,-571,-731,-1100
76372,6290,5670,-4377,-1664,68,892
76373,-200,526,7123,-526,1339,592
76374,-6400,3995,5495,506,-362,-516
76375,-842,446,-7415,192,780,1647
76376,-4211,4554,6190,-1031,1607,-1898
76377,7948,-7851,-4619,822,1899,-721
76378,-923,-748,1151,-1735,-453,-251
76379,-4928,3615,-3388,1822,-204,-141
76380,-6164,-5748,-6937,1309,1995,-726
76381,7343,1252,-2199,-1754,-790,1517
76382,4488,4584,1692,-1282,731,264
76383,-954,6945,3040,-1377,332,-358
76384,4097,2748,-699,136,997,1118
76385,1499,7658,-4061,-1571,-86,199
76386,-6348,-7170,-6036,-795,-1865,918
76387,1296,-1014,-4969,74,-1976,-173
76388,4521,-7830,-3960,498,1511,-1243
76389,-7636,127,-3155,804,1294,383
76390,6203,-2798,1487,1494,-604,1630
76391,-3633,-7045,-5440,1994,-436,-1816
76392,-3009,-4931,3625,-1753,-1814,-863
76393,2604,1244,6705,1465,-1504,848
76394,2712,-4452,-6491,717,-1010,1571
76395,1307,6998,4829,-958,1682,-712
76396,-5017,3441,6930,1093,48,-1457
76397,3548,6460,865,-804,1058,-150
76398,-5922,2632,2066,747,1108,-984
76399,4026,1050,6270,-1415,-1319,-369
76400,-7340,2843,68,-858,342,349
76401,-6893,2737,4652,483,-1944,-1839
76402,2274,1083,-6430,-569,-494,-1808
76403,-3928,-7464,6502,-1078,504,-1499
76404,2204,6836,-3967,902,-99,-1628
76405,-4851,-1884,1226,1886,-540,-19
76406,-6768,6264,-2330,386,-288,525
76407,-6891,-4903,1956,-846,-1945,1331
76408,1734,-5598,2338,-1615,1582,1148
76409,4410,-5032,-687,-458,-463,-1935
76410,-5180,6512,-364,-402,-1266,-1471
76411,-6797,-5987,-154,-1472,-410,-257
76412,4492,6662,2860,-732,450,-1393
76413,3363,-2414,-8000,62,1003,1246
76414,-1549,4094,-4091,-1000,-471,-1024
76415,-2519,-5147,5859,508,211,-1879
76416,-7412,3254,-616,1475,-1932,1790
76417,7983,5079,-1443,-1577,-1607,-1151
76418,-2120,-787,6865,-1085,372,993
76419,5998,7286,7221,-443,-224,-555
76420,3276,2941,-4748,1717,-1328,-1882
76421,33,-5658,688,-910,500,-406
76422,-7488,108,5489,304,1901,1482
76423,-6032,-4849,-937,-721,1067,1767
76424,-2646,5590,-1754,1036,1530,1958
76425,4176,4433,2640,-1579,-279,-1694
76426,5790,826,4825,213,-654,1476
76427,-281,-2272,-1934,279,1179,275
76428,1671,6502,-1779,-566,1013,-1729
76429,-887,-890,-2253,-73,-864,-107
76430,2294,-7787,1118,184,394,1584
76431,2969,-1447,-2154,1010,-1912,1710
76432,6250,2904,165,1130,-1159,-1815
76433,-3470,-4610,5442,-1916,25,-856
76434,-2020,-4266,-2197,673,286,-593
76435,3496,4131,3045,-1552,1729,-252
76436,-6254,-5473,6063,-1674,809,1289
76437,7303,-574,5283,1473,-1724,784
76438,6543,-2155,-6564,393,-1937,-1213
76439,4074,2960,6329,361,-1718,-1402
76440,6959,7665,4082,-917,1008,672
76441,-3032,145,-1584,428,-1553,255
76442,-2801,972,-982,636,-260,1068
76443,-818,3728,-6207,38,-271,-1711
76444,-4193,-822,4406,1715,-532,-87
76445,7379,4458,-5621,-1646,-979,-1764
76446,-1630,-32,7661,-516,-45,1378
76447,-213,-2663,-7513,1777,-666,-1642
76448,-4488,1647,5026,-497,579,-286
76449,4579,3874,-580,1551,1062,425
76450,6151,-4616,-759,1245,1915,-1542
76451,-793,-3872,1863,93,-460,-1854
76452,4868,6987,2180,-1796,1550,1595
76453,63,964,2467,-1692,1232,1046
76454,-4765,-5259,5015,-949,509,-857
76455,6070,2253,2325,1189,86,-1204
76456,134,-2519,-6009,-677,-947,-1974
76457,1498,5630,-348,-1544,1551,-83
76458,5391,-3152,-6852,1647,811,740
76459,1940,-1904,-4481,-613,-487,-572
76460,2996,-3167,3532,-1545,-1145,-825
76461,-430,4998,7222,1257,578,-742
76462,1387,7914,1542,-1737,1690,-1026
76463,-6265,6156,5510,-776,-158,569
76464,-182,-4218,3360,807,1641,-1298
76465,-211,-6747,-7170,-1329,-1053,-731
76466,-5221,-5806,2552,1248,-94,477
76467,4455,2676,-964,298,-212,1192
76468,-1423,-2439,6443,-542,-338,760
76469,-2159,5308,2223,-1984,1385,-1145
76470,-1692,-2263,-6090,1955,1269,-1237
76471,-7537,956,4139,1106,-285,1356
76472,5730,-1539,-2728,-1453,-1481,-857
76473,-6325,7305,-6088,196,1855,-1822
76474,2708,3057,-6299,1320,-99,-1786
76475,6379,2205,1669,-608,-1854,1234
76476,6462,-404,-7821,19,751,-1080
76477,1614,-7390,-4566,6,335,430
76478,-1328,6706,-7629,-154,751,655
76479,3320,-3054,4320,1439,1654,-725
76480,-6033,-4997,-3293,-637,1078,1807
76481,3132,-7484,1907,1811,884,-1962
76482,-5378,-6250,-927,-422,843,-1452
76483,2587,-388,6078,1955,323,-439
76484,-5220,2318,-5384,296,-1088,1287
76485,-2425,-3016,-1163,199,1987,221
76486,1100,7935,-2129,-672,-1043,-1463
76487,-2185,7564,7527,-1750,630,-1414
76488,-6358,5731,208,274,-1591,1546
76489,4293,-2771,3342,465,-1356,148
76490,-4810,-4367,-5176,-1036,1638,-43
76491,1013,-7783,2606,71,1179,-25
76492,-6692,-3618,-5240,603,445,965
76493,-5217,-1356,1423,189,-58,1409
76494,-4789,4537,-7261,1799,920,1657
76495,-6303,-1442,-7601,1936,-163,-1576
76496,4102,-4966,7186,-51,-1486,1527
76497,-513,6505,-4133,880,-1641,-1181
76498,4382,-6414,-449,-1651,1242,647
76499,7106,7780,7600,989,680,-794
76500,-5657,-7817,436,547,1271,1788
76501,-1767,-7779,2545,198,1303,93
76502,2784,36,7623,1323,-1093,-438
76503,4510,2059,5920,-1689,-998,23
76504,748,4340,-7898,-53,379,-230
76505,2077,-5054,-1633,-961,247,-1541
76506,-1029,880,7907,31,1454,-1017
76507,4059,100,-4380,-989,81,658
76508,1602,-3634,4625,1267,-141,1857
76509,-6468,2756,-5911,-230,123,-440
76510,-4065,6388,4222,-556,-1433,433
76511,5924,-3388,5747,63,441,448
76512,7470,-7600,-6289,419,-810,1272
76513,4938,-6894,2976,-722,-574,-1381
76514,-6528,5092,694,-1911,183,1457
76515,-4837,1114,-3473,-1872,1199,719
76516,7722,-3328,-6533,1604,-1704,654
76517,6231,-1692,-4425,194,-1901,1183
76518,-7313,2454,7873,-20,-735,425
76519,-7537,-5589,-4253,-334,549,-1545
76520,6985,5034,-5483,-1529,-1507,1330
76521,3551,7489,7005,1772,-169,85
76522,-7121,419,-3437,1064,690,-1165
76523,3376,-4575,7804,145,91,650
76524,-591,-6870,-4434,1650,228,-1417
76525,1758,4490,73,698,-1062,-1794
76526,6525,-6437,5641,-1577,183,-384
76527,-110,4887,-3932,-1531,-1022,1929
76528,-729,1020,-5228,-1242,-1428,1639
76529,4664,-4933,-2479,1617,269,-1024
76530,7933,-7526,238,-127,1598,-459
76531,-3446,1977,4515,1960,-1858,-1911
76532,1538,-1748,-4721,-998,-1481,-1534
76533,1971,5941,4392,-1563,566,-1182
76534,7042,85,6029,-754,-166,822
76535,-5504,-4829,2247,-910,-1223,-245
76536,-7051,5719,4213,-44,1343,-1331
76537,5429,2982,3782,-1958,-1567,1050
76538,-6824,-2854,2759,1633,1880,-512
76539,2514,1747,3734,-1860,1389,745
76540,5751,-7566,6978,-1693,1883,1471
76541,3351,-2571,1466,-1382,858,-59
76542,-2260,6903,-5252,-296,-1337,1463
76543,4810,7127,-2606,-244,-92,1984
76544,-1852,-4679,4365,1610,-960,-1026
76545,-1000,-6081,-1186,-111,-1659,1385
76546,-6442,6968,-7146,-1463,917,-731
76547,-493,-7152,-7305,1741,-634,324
76548,-6935,-6224,3581,1720,-1692,525
76549,1918,3516,-376,-698,968,492
76550,1716,4092,-415,-144,827,93
76551,-659,2063,-6225,225,-886,-200
76552,764,2138,-5871,766,1269,-1660
76553,3255,-2153,5675,-492,-373,414
76554,-3177,2163,-1167,-149,1381,87
76555,1635,-5411,7414,-845,1326,1440
76556,-5031,-5418,5734,1989,208,-561
76557,-1265,-7947,-6227,-264,458,217
76558,6709,3322,5804,341,1709,1809
76559,-2236,-4730,-6704,-920,-1326,1160
76560,-104,-6260,3717,4,-1864,274
76561,6080,1167,-4536,1471,-1774,124
76562,-5105,-4244,5620,35,1622,-1878
76563,4155,-1468,2630,-478,1468,-1572
76564,5466,-7895,3035,-1819,119,642
76565,-7930,4428,-2889,1510,7,-507
76566,-4891,-6855,6153,-1499,924,-1262
76567,2562,-3652,1472,-340,1269,-1597
76568,-143,-470,-4588,1881,1112,301
76569,4310,3653,7392,-526,-807,832
76570,6075,-2273,2112,-274,-1806,-1195
76571,5332,-5490,6169,919,-150,-646
76572,-4174,2273,-4629,1215,553,638
76573,-5280,-2554,-7018,28,-725,-1079
76574,-5336,4367,-5200,-152,1942,1533
76575,-7443,5726,5646,-617,823,1886
76576,-2636,-4281,-6176,813,-1579,1770
76577,-2023,-1981,-2036,-802,1370,1662
76578,1453,2039,1696,443,304,617
76579,-7656,-4593,5549,-1469,872,-268
76580,-515,842,7048,617,1270,-1367
76581,-7333,3551,-634,-1479,1059,273
76582,3346,4212,-1067,1636,1569,1102
76583,5940,-4174,2978,1548,-1542,1779
76584,3485,6867,736,-1060,1913,1223
76585,-1499,187,-6227,1619,1965,416
76586,-248,-3755,1260,340,942,-1575
76587,3368,3705,183,-1430,-237,-1569
76588,7184,-3183,-4556,1269,-1008,1278
76589,7395,372,-1594,110,1224,-741
76590,-3194,-5045,-7335,-1853,-807,1934
76591,-7600,6618,-1330,846,-1885,523
76592,-7545,-7921,7069,1520,1650,-522
76593,-4104,-6235,-1025,-1985,-995,-872
76594,1435,3690,-1873,-829,-1574,388
76595,4604,1989,4585,-990,247,1769
76596,-1628,3819,-1287,-1768,154,1133
76597,221,272,2634,-1269,-1856,-662
76598,-683,1603,-6755,1566,117,-1540
76599,-7947,5500,7361,-78,442,-1685
76600,6586,-2124,922,1466,633,110
76601,-7251,-7380,5821,1731,-149,1785
76602,6901,3856,4247,1781,428,61
76603,-2752,-3334,-4409,312,-201,746
76604,5482,6598,-4516,192,-851,1684
76605,2603,3956,11,738,-752,1455
76606,3567,548,-5555,358,1942,-1309
76607,-2384,40,-3899,1836,787,-523
76608,-5406,-5058,-7499,126,279,-927
76609,-6686,-3951,-1353,-4,957,629
76610,1562,6565,-5596,1577,1296,1544
76611,4554,3903,-6360,-1437,-873,-1321
76612,-2077,-6995,-1979,1485,1490,967
76613,-5753,-4101,910,-1147,1512,-1942
76614,6073,753,7142,-109,-1725,-1636
76615,1344,3055,-759,-1719,1575,940
76616,-3240,6430,-1190,-143,1702,-1813
76617,7791,-4656,-3416,-707,986,216
76618,-6015,-3955,528,-1449,511,1223
76619,3011,-3655,-5163,964,333,-1089
76620,-1131,723,4259,-1509,1060,-909
76621,-6265,-5318,5745,-437,79,955
76622,-1066,4933,-408,174,556,1017
76623,-2743,3122,-1559,1135,1177,17
76624,-611,666,-492,1189,-1594,-174
76625,-7590,827,-6197,1071,-1143,-483
76626,-6041,2420,-5414,-1579,1264,1220
76627,-5543,7941,997,363,1715,-45
76628,1934,5078,7838,-1742,-1260,-1293
76629,4805,-7179,1764,-318,-1964,1060
76630,7563,1534,7713,705,1606,-302
76631,-404,-6405,2596,1059,-649,807
76632,7057,-3510,-977,-470,-1944,-230
76633,6511,5993,6744,50,-1002,-968
76634,2316,-4301,3788,801,1425,-1310
76635,5321,2252,6207,522,1625,-923
76636,-1771,-3144,308,1086,-509,635
76637,-2940,-78,1085,-700,-63,1589
76638,6805,-2205,-618,214,1299,1166
76639,5148,-7755,-7063,-267,-1035,773
76640,6375,787,3521,-1501,1639,-700
76641,-7752,4375,5466,1217,-1055,59
76642,-173,5195,5256,693,-325,-1448
76643,-7691,-1836,-4126,-1305,1504,-653
76644,-5906,669,-25,-489,-1941,-191
76645,4926,7449,-6198,474,-580,317
76646,-6309,2406,6696,1690,-1492,321
76647,5396,3781,-761,-54,21,802
76648,-2624,2487,2220,-1008,-1119,-845
76649,-3195,-5587,6333,-1902,-18,-1976
76650,-7468,7244,-3762,-881,-232,34
76651,1582,5848,-4754,46,461,1753
76652,-7170,1536,7851,-1854,1230,-1449
76653,-934,4333,6406,-1065,1348,-105
76654,-4114,-2645,-325,440,996,-1315
76655,5652,6147,5882,1108,-718,1779
76656,2110,-2464,-3606,-1241,958,1112
76657,2082,4517,-5206,283,-1398,149
76658,1685,2394,-528,52,-919,-1428
76659,-4785,3785,-7819,-411,268,-1422
76660,-481,3311,4047,-341,1916,1669
76661,548,-2036,5304,-675,1989,-1593
76662,6272,-816,-2348,-279,-123,1287
76663,7904,-3883,3406,-553,-233,130
76664,5241,7500,-1533,-1880,-582,-1435
76665,7589,3857,-5771,-1331,-263,136
76666,3512,-2118,933,750,-444,-1134
76667,1329,6253,3403,1414,1252,-443
76668,716,615,-5909,18,1539,-930
76669,-3639,-5173,6435,335,845,-593
76670,-1660,-6238,-7828,1758,-1261,1851
76671,3952,6426,6644,-1825,95,-124
76672,2392,-5875,2089,884,979,-1974
76673,2785,-1821,2352,1980,1816,1130
76674,237,-6246,4797,-747,-1184,-1471
76675,3180,-5301,-5464,-1301,-569,1737
76676,4682,-7878,4367,100,111,1390
76677,-4753,-7262,-3769,-1576,-1198,-981
76678,1618,-4962,-708,-1628,-1157,-1527
76679,-5791,713,7749,962,-359,958
76680,-3208,7012,3637,-1254,1825,100
76681,-2595,-1778,3266,1764,1998,1227
76682,-1166,277,-6085,514,1668,-138
76683,1364,-3525,4621,-779,1334,-1435
76684,-1133,3577,-7556,221,-446,-954
76685,7304,3331,462,-1466,-509,693
76686,-7926,1737,-561,339,1473,605
76687,-6605,5639,-7879,339,-1425,-1490
76688,2930,1718,6917,1161,343,1400
76689,-1155,-1702,6255,1857,-23,1636
76690,-357,-5694,5668,-1025,-1020,-805
76691,-7214,-5317,673,-1322,142,-1170
76692,7088,5035,-2938,357,-988,1115
76693,6458,-295,5789,-1013,835,-710
76694,7502,-4259,-1697,-958,-1877,529
76695,-4033,6966,-5959,-191,1319,1202
76696,-6579,-2997,-5491,-1837,-845,-277
76697,4229,380,-3459,-1675,-93,1112
76698,6323,3781,-2068,-461,-1789,-569
76699,2663,1731,-4098,-595,-1282,707
76700,-3832,650,3753,-1376,1956,1828
76701,-3403,5125,-3608,933,670,-1715
76702,-1476,5497,1194,-1691,-1852,-1659
76703,1965,-1481,-7415,-1669,-1811,-426
76704,-2917,6912,-5870,-97,333,-541
76705,5018,-4910,2399,28,-784,-187
76706,-7969,-1623,-1246,-1247,737,-1998
76707,1604,5327,-4551,1725,1697,-1259
76708,6772,4983,5978,-1330,1728,1831
76709,-7207,-2365,7229,-1137,1601,1504
76710,-1563,707,6370,-1000,705,-1078
76711,7049,-218,3250,1718,-1626,-202
76712,5325,1992,2191,265,1144,1432
76713,-4510,-5761,6441,1730,-290,277
76714,-6656,6205,6502,87,445,1121
76715,-3840,562,4830,669,-1883,406
76716,1087,-2760,4376,554,1428,1420
76717,-7371,-3741,-699,412,-1988,-1412
76718,-927,3259,-4133,-1479,-1861,306
76719,6535,-620,-5984,-1750,-665,851
76720,-7003,-1598,1696,-1819,817,-126
76721,-7953,4326,7253,1805,-574,-584
76722,-5213,-5313,-2765,-1102,1215,954
76723,-7325,-6344,-1504,-732,-1655,-119
76724,-3556,4006,6708,1651,-58,1311
76725,5194,2927,6221,125,-319,647
76726,403,528,-1476,1675,-1204,-1796
76727,-1460,-636,1633,1588,1093,242
76728,-1142,3134,-5712,703,690,1747
76729,-3825,-6225,139,1262,-444,-1179
76730,-434,2757,-5235,-1742,-1278,-1505
76731,2502,-723,-1846,-1190,1430,-1007
76732,4259,5323,115,109,-1639,-830
76733,3429,-3009,2890,-1212,-1877,637
76734,-1522,7822,-2187,406,1285,-1018
76735,7628,1473,-4696,-1217,-1403,1998
76736,-528,-3254,854,-1863,328,-31
76737,5401,-4858,-5497,34,-1502,1577
76738,-1319,2238,-5906,852,1255,1354
76739,5079,7364,-7122,662,-403,-716
76740,4255,4427,7263,732,1561,-1984
76741,7729,-2950,7969,1246,1788,1441
76742,7873,-4729,-7367,1502,-1987,-511
76743,-1212,-716,-4037,-1215,-567,-1668
76744,1522,-3781,-7540,546,1610,1630
76745,-848,7184,-2816,-1807,419,-1962
76746,226,-4419,3834,1883,707,-152
76747,-4638,-5231,3738,-519,766,-498
76748,3886,-5567,-5863,597,1475,-1416
76749,-1356,1711,-1010,-828,-938,182
76750,-3818,-6050,-7073,-1077,-1935,583
76751,6228,-7698,-3571,-233,645,1340
76752,-1097,-7985,5327,1859,-1699,-671
76753,2953,4025,-1138,-1934,-1575,1246
76754,1568,-4920,7024,1820,590,-1683
76755,725,-7528,-4162,753,-502,-266
76756,-1597,-1594,5487,-1481,-1715,1857
76757,-4271,2363,-3264,1241,664,-1252
76758,7234,3109,-5628,508,305,58
76759,1397,748,1350,-734,693,1295
76760,-235,-3654,6564,1439,-946,1000
76761,5195,-1556,5016,-612,372,-1822
76762,6009,4009,-4824,-1167,-1856,140
76763,-5295,-3222,7358,-131,-904,994
76764,4569,7038,-4333,1035,-1458,-1602
76765,3236,7929,7447,158,-1301,310
76766,1872,3053,3401,-377,-255,-1286
76767,1041,-3947,-7490,1914,-384,-1305
76768,5069,-5223,-2897,971,-1339,1505
76769,-7869,1788,-7542,1218,552,-428
76770,4448,-1419,-7195,1712,472,1555
76771,-6103,4727,4094,240,1092,514
76772,-475,-1292,605,1016,640,-115
76773,7568,7013,2414,573,317,-259
76774,3339,6210,3029,-1256,-771,-28
76775,4013,-3746,5255,-1758,313,1536
76776,2297,-2770,5645,-1480,1699,1647
76777,2963,2508,-4713,1438,-814,-1579
76778,-280,-4236,6202,-1494,1218,679
76779,1837,1592,-5907,-907,-1612,1469
76780,7627,-1512,-6941,46,-913,-1645
76781,-3508,6793,5857,-1789,-148,-379
76782,-2316,4667,-902,-7,-1706,-1319
76783,-666,2205,-123,-594,-1421,-1527
76784,3295,3210,1466,-1835,-1211,1522
76785,-6342,-5525,4857,645,885,-729
76786,-7759,-4615,-1393,-1656,398,-407
76787,-1088,-5602,7770,963,-1830,-1266
76788,-4263,-362,-6311,916,-1635,312
76789,1671,-7128,7601,-534,921,527
76790,3226,975,-6597,1598,152,706
76791,-5390,3612,-119,-1619,-1637,-1443
76792,-997,-3113,-4376,49,1550,-1289
76793,-5772,-3207,6290,-471,-1022,777
76794,5078,-7147,2310,-1107,1115,-21
76795,1932,2314,-3304,-639,-158,-1483
76796,-484,114,-4252,126,619,-283
76797,1605,5623,-4300,1973,675,-447
76798,-5932,-3733,3673,-1016,-8,1290
76799,5252,230,-7194,-1269,-889,-1957
76800,4883,-6082,1210,336,1795,1332
76801,3833,-4820,-1734,186,-1229,-655
76802,1124,-6758,551,1002,1759,-345
76803,-907,-4074,129,1656,-1888,-667
76804,6156,1674,-3372,-100,-1694,-1716
76805,-1387,-5611,3417,1072,-1248,754
76806,7579,-6671,-741,-1997,1224,1098
76807,-4782,-6302,5216,1023,655,-1376
76808,462,4243,3382,-888,-1993,1394
76809,-3377,6939,-5221,899,1932,1653
76810,-3113,-3833,-7128,-350,-1183,-529
76811,6910,7895,3696,1167,-1028,-41
76812,-155,-1972,3642,1052,468,-735
76813,2814,-3805,-783,-973,-404,953
76814,-3792,-5733,1873,-481,940,-777
76815,303,7693,-5338,1945,-345,-1483
76816,3207,3761,4502,-748,-880,-676
76817,-750,5445,4066,1279,-850,-119
76818,6506,-3783,807,-1325,-514,-369
76819,-7356,-1285,-7139,-7,-114,976
76820,2951,6297,350,714,-652,1429
76821,206,1025,1786,-1300,-1149,213
76822,-2405,-3938,-651,1764,-1966,-1114
76823,5174,7257,-209,-1644,-1750,76
76824,-7556,2372,1880,-1389,-449,-1232
76825,6745,-1006,-6713,582,562,-1613
76826,-7927,5893,-6416,-1625,-199,792
76827,-1570,6137,5186,1697,952,-1558
76828,256,5434,-3706,-1844,-1982,914
76829,4404,4354,1652,1284,1983,464
76830,1638,7330,5421,1757,239,-1522
76831,3363,3009,-4502,931,-1379,-1621
76832,-437,4039,5901,1094,1952,-1878
76833,-2338,3859,-5999,157,-182,1004
76834,1425,3529,-5660,-1437,-1952,1351
76835,6879,7250,7233,354,-1392,-1303
76836,-5362,6146,5660,-1046,-217,20
76837,3237,-7112,1147,152,-1507,378
76838,-6972,4140,-3054,939,1649,1089
76839,2510,-3804,-2164,1457,-1933,1752
76840,-3759,-3623,-4505,1622,-609,293
76841,-6278,2039,-4891,919,1950,809
76842,361,-41,-4334,572,-882,-257
76843,3579,5774,-3883,1007,-223,-879
76844,-6399,-7198,-1323,1803,-958,-1076
76845,1709,1995,-1884,-1264,-859,-484
76846,2190,-5974,-4162,1860,-1447,-1751
76847,-3132,-7334,-7698,142,-191,-716
76848,1027,-1119,377,1997,800,1583
76849,-3316,4171,3450,478,-85,-389
76850,1583,-3733,-5759,-105,-81,1973
76851,7636,-4810,-4627,-469,892,-146
76852,5587,-5375,5021,1037,1967,-1795
76853,4215,4707,-7258,1470,-1390,-1569
76854,-1089,1082,4807,695,-1594,1654
76855,-1379,3265,7432,-1760,1413,-1777
76856,7827,-3513,4111,936,1970,-439
76857,-2407,-3083,-5589,190,1421,-534
76858,-1870,-2647,-2483,-31,-726,-1298
76859,-1502,-2043,3842,-581,-394,1287
76860,-6908,-3637,-719,-551,-378,-972
76861,7080,-6852,-4013,-1714,790,1611
76862,-1525,-2089,-2382,46,380,1212
76863,5031,7609,-3318,-1805,-745,-88
76864,-467,-3030,1293,-1065,-106,1689
76865,3945,-2419,6503,-661,910,-1032
76866,-7461,-5391,7,-818,241,631
76867,3079,6517,790,215,-659,712
76868,-7315,-5235,-6276,-352,106,-1950
76869,-7589,-4388,6892,-972,629,-428
76870,-7262,-3748,-88,-1271,1539,-1282
76871,-7690,-4735,7446,1001,-662,1710
76872,-7979,6212,3969,194,269,-1436
76873,-1589,2049,-2460,-449,-1532,-213
76874,5769,-6107,-5359,-1963,940,277
76875,2427,7955,5090,736,169,779
76876,846,4703,-228,1980,390,371
76877,2596,838,6859,101,-1829,193
76878,7631,-450,-5332,-1750,328,1600
76879,2920,-5412,7953,685,-317,573
76880,6750,4446,-1383,967,1601,-737
76881,-4917,7756,-1492,859,1013,204
76882,-2559,-4756,-3363,-1892,-445,1125
76883,-7632,3609,2203,-73,-1175,1066
76884,-6330,-1422,4995,159,-603,-924
76885,-6348,7696,-525,1275,1197,624
76886,-6295,5978,-2020,1522,1180,-1974
76887,-6729,-3104,1945,-1015,1004,-808
76888,-5464,-1246,-2244,1916,-1422,-1483
76889,-853,-72,-3063,-895,-1174,-78
76890,-1603,-7291,-5695,-1729,824,1200
76891,2249,7015,2928,-1178,1181,808
76892,3937,-3757,-6537,-1118,1989,-405
76893,5191,-1346,5371,1498,-905,40
76894,5115,5373,7768,231,521,1996
76895,1995,-1312,-3478,437,-877,-607
76896,-4070,6846,2411,1012,-1526,-626
76897,-2638,-548,-783,81,363,-22
76898,-4701,-3217,-7353,-1749,-582,1205
76899,2518,3697,521,1924,-557,846
76900,-775,-994,3313,-1180,-1374,1438
76901,-163,3876,4953,665,252,-1688
76902,-5435,-1773,994,-261,1308,-191
76903,983,-140,-6714,-1453,-1833,-464
76904,-4853,4548,-4334,521,5,1209
76905,-4617,1048,-741,459,1116,194
76906,-7918,5822,7982,1600,317,-1757
76907,749,-7594,-4448,-1022,-764,-957
76908,-4908,6306,2890,12,-288,923
76909,2421,-1395,-229,1564,-264,719
76910,-5295,6458,-6754,764,-1418,902
76911,6360,-943,-4823,1794,1647,-1013
76912,7591,1673,150,178,-1830,-1272
76913,6340,2653,2706,-1286,202,637
76914,6764,4100,-1089,-240,-68,-473
76915,-2825,-2427,2235,-209,-1793,-1028
76916,-2125,-6155,-7077,1155,-1227,-841
76917,7501,-4655,-6911,1039,845,-1120
76918,6751,6268,-1345,1700,-897,1398
76919,-4009,-7815,-5649,-162,179,-995
76920,-5925,-4281,-5255,-651,1333,1196
76921,-7589,150,-5493,496,-1412,-1012
76922,-88,2898,-791,1518,1726,960
76923,-5681,-7798,-7493,673,-1407,-1177
76924,1265,1294,5593,1387,1026,349
76925,-5907,7316,-827,1666,-470,1967
76926,7237,7370,1048,-1852,295,1087
76927,-7342,-3253,6934,358,1226,691
76928,-6486,-5479,3351,-969,-196,1574
76929,-4230,-1783,161,1263,596,1005
76930,-7899,-7018,4415,-1482,738,1459
76931,4723,6661,6818,-608,1475,837
76932,6300,-5609,3007,160,-234,-489
76933,3605,4228,2886,818,266,-1171
76934,-6648,2150,3568,1595,-1061,-1067
76935,-2579,-7419,2635,617,-1766,-257
76936,2020,-2539,5214,-484,-766,-559
76937,-4576,-7060,7829,-1312,1295,254
76938,3248,-6389,-4654,-1549,1136,-182
76939,-4256,140,5580,-1068,-543,-339
76940,-6439,-834,-878,-893,-976,1146
76941,1417,-5357,-4986,1259,751,-1967
76942,5947,-4410,-4563,-749,1353,-1194
76943,5115,-6871,-1028,337,-505,-756
76944,113,843,-3340,576,1140,1080
76945,-4764,6923,2726,1509,-1530,-502
76946,-823,7471,5112,-1838,-1035,-1318
76947,6357,5822,7550,-966,1839,126
76948,4392,2820,-214,-820,-1206,13
76949,-7224,-1790,6963,-1308,-184,-865
76950,7286,3079,-5896,149,-1026,219
76951,5634,-4682,3345,1852,1844,-363
76952,3798,2783,7834,-212,-810,139
76953,-5787,2687,-6605,747,1518,-1768
76954,-7045,-1149,-4126,-1005,635,360
76955,4341,-5258,3950,-1934,-303,-751
76956,2167,-7354,-1094,-125,-79,1815
76957,-3488,-5621,-100,-1290,1286,165
76958,7387,-5691,3763,-1524,630,1509
76959,7261,-167,6428,404,-288,1272
76960,4623,6208,-5934,-137,465,692
76961,1396,5600,2213,-1172,-1218,277
76962,3047,-5837,-3772,-793,938,-362
76963,-4865,2367,4201,-1570,-895,-1749
76964,2593,-1631,331,-1395,984,-379
76965,-6810,-2117,-4840,-1761,-1175,-1498
76966,-4384,-2724,719,1224,52,1611
76967,-3328,-7454,-4016,1113,-473,430
76968,-7011,6300,105,83,203,-477
76969,-3997,-657,-1353,1944,1060,-1485
76970,992,1421,5693,-257,-644,1135
76971,537,1491,-936,-900,-1258,1712
76972,-3262,-41,-5731,-1138,-853,-1976
76973,-2935,-5663,-5893,-1092,1181,-969
76974,7003,3851,4157,-1777,-227,-1336
76975,-3782,-7651,-2994,-1185,-17,-316
76976,1645,4607,7586,8,-661,-74
76977,5471,-6835,-7289,-1323,-259,-767
76978,-983,475,-497,-1599,157,-50
76979,-5803,7103,-2965,932,1411,-254
76980,-2455,-7535,-6107,-586,736,32
76981,-3994,-81,-86,670,1247,583
76982,7127,1636,-4621,-1121,-401,281
76983,-2218,6770,-4581,-1340,1161,536
76984,-460,2189,-2792,224,163,-1330
76985,1590,-4557,-2982,843,1103,1375
76986,49,-4568,6806,836,-96,-1451
76987,902,-25,-6341,-653,-417,-1144
76988,-6526,-6567,-2493,-850,-1467,-808
76989,4853,4859,4498,711,-444,1114
76990,2384,-4808,-2804,1123,-1532,-1645
76991,-5253,7961,3727,1414,23,210
76992,6515,-4578,304,1409,-1150,-1377
76993,-7769,5234,6286,1452,-1774,131
76994,-132,5652,6717,-1223,-397,965
76995,6377,157,4998,639,-774,1923
76996,-214,-1803,309,254,453,-1767
76997,6782,-5026,-1919,1297,-1693,1920
76998,1466,2142,-342,-1607,-1137,997
76999,648,7689,-7156,-705,169,-1325
77000,-985,1523,-88,310,-585,-92
77001,5279,670,-4693,-974,898,-1629
77002,6850,-2664,7550,-1867,-1060,-11
77003,-2056,-5508,2412,-1552,1396,-1986
77004,813,-1668,-947,-1898,364,605
77005,-3930,-3193,-6192,1290,1253,-1261
77006,1944,-3872,3222,-1006,92,1658
77007,-3666,2807,1368,-980,-627,626
77008,1997,4968,-407,-1549,1793,-1143
77009,-1492,-6795,-2292,1566,878,-1841
77010,7852,-433,1790,-162,1487,1884
77011,256,-942,-7145,1445,1953,1640
77012,-7244,335,840,1575,-508,336
77013,5036,6368,3479,683,-998,-1109
77014,3792,-2855,7394,1845,-569,-1986
77015,2114,-127,881,-1976,-454,-1426
77016,-6088,7438,6348,-1862,1685,-463
77017,-6359,7990,6561,-1255,1401,865
77018,986,-6200,-3393,820,-606,-204
77019,4106,214,2844,-170,62,1160
77020,-1491,-7682,-534,1322,367,1733
77021,-846,-5092,-5868,-622,1328,-490
77022,-4938,4044,6895,-1433,-1352,87
77023,3433,-5243,-2570,921,-318,1837
77024,1652,-155,-6525,1797,1471,914
77025,-7299,-2059,-5626,-1336,-921,-176
77026,-7414,-59,4965,-1636,927,744
77027,2897,-7540,5703,-1699,721,897
77028,-5999,-4921,369,1190,-1590,1348
77029,1725,2785,5330,1836,-1012,1514
77030,-4548,-2450,7551,-1015,694,-1492
77031,5839,1065,603,1982,-4,519
77032,3168,706,-2447,1400,-1545,-701
77033,5231,3954,1525,17,-589,-394
77034,-4380,-1972,7306,-638,185,353
77035,-2440,-4243,5675,-1421,-657,-1565
77036,4159,6487,6463,1048,-484,839
77037,-2426,-1669,-3176,598,630,-1668
77038,-7232,1236,2137,-245,-1139,1483
77039,-5769,-2456,-3051,1270,117,-496
77040,-7034,-712,4038,-803,1737,-1393
77041,3738,6693,-4776,-1983,-617,-278
77042,-5707,6119,-910,-936,-202,-1763
77043,-3282,-1897,-4344,-265,1464,331
77044,-2137,6688,-1864,-1401,1881,-1386
77045,5113,5098,7503,-1443,119,1008
77046,-3078,1474,-5200,650,-1841,1720
77047,-2541,-7301,-128,-1516,-1216,-1176
77048,-1211,6872,-5533,-1726,-1351,-1059
77049,-6641,-602,-2819,-763,-1948,1142
77050,7060,-5735,-2484,505,-1147,-349
77051,-7552,-5235,1414,-754,1835,847
77052,3913,5338,2682,-875,-1884,-323
77053,4664,-1529,-4862,-753,-128,1717
77054,2479,7939,-7424,1722,-1851,728
77055,-7969,140,7590,-504,1583,1250
77056,-7303,-6110,7126,906,-923,692
77057,4883,-2250,4220,-1431,1376,1540
77058,1290,-1580,5035,983,1519,-769
77059,4900,-4810,-6455,-461,-971,1021
77060,-7783,2354,-2909,1497,-1727,-1638
77061,-5233,-4156,-6858,-485,512,-1620
77062,773,-1808,317,32,-1208,838
77063,3645,3332,-850,1592,1049,-1753
77064,4534,1450,3867,-849,-1825,-63
77065,2184,-4741,-4445,-801,-81,902
77066,4397,-7999,4728,761,-1185,1419
77067,-5719,3491,2964,-1736,-688,716
77068,-7823,-6944,3489,1289,-309,-1039
77069,619,1452,-4863,486,163,1589
77070,5092,-521,3080,-1688,471,-657
77071,-2296,7447,-6958,-58,1501,631
77072,7208,-1719,-44,412,-44,969
77073,-5639,4382,1519,-1931,-362,1008
77074,-7865,5549,2074,1419,-5,-1693
77075,5604,-188,-3260,-607,1833,44
77076,-7400,-3010,-2285,40,1810,-794
77077,4637,-7458,2599,-382,1336,-1243
77078,-780,-7582,3998,-1176,-221,189
77079,-3457,-3419,-7246,-1994,-1653,31
77080,3712,7818,1677,160,764,-875
77081,5624,-5635,-3220,-1991,912,30
77082,-4461,6533,-1600,-461,1475,1384
77083,-3286,1148,-1414,785,-1963,-320
77084,-6261,-2936,5748,448,1221,46
77085,4537,-426,-314,1021,-417,472
77086,-1225,-7713,-6929,548,-1257,-1091
77087,7886,3603,535,-510,-1707,1455
77088,6814,-1758,-1356,-1141,519,-262
77089,-7445,5456,5085,-1379,-1546,12
77090,6464,3320,-5601,1871,1106,-1814
77091,5630,-3165,-991,1404,1496,1308
77092,-132,-7983,7940,-1091,710,213
77093,4546,5070,2426,1783,1960,-875
77094,6550,-6376,-7805,-689,-1856,1088
77095,-5,5983,3852,1717,1272,1698
77096,5730,1772,-4441,-233,45,106
77097,5893,6804,2471,-469,-1675,483
77098,2801,7655,-2143,365,-882,-1433
77099,-3078,-2973,-1605,-1561,584,-1990
77100,-6335,-7024,6915,-1584,762,-1427
77101,-4392,5704,-2028,-1160,-755,-716
77102,2395,1932,6882,989,733,-909
77103,983,-1870,-3189,774,1856,-913
77104,-3880,2231,-6350,-621,-1490,-679
77105,-4885,-1463,6137,-1182,-117,1969
77106,-3751,1148,-1895,-1281,-1882,1106
77107,-3655,-529,-7203,1824,1512,-441
77108,739,-3245,-336,-1398,81,-774
77109,1813,5905,2627,99,1150,-138
77110,6956,-4518,2668,-1986,1934,-1451
77111,1209,4093,6443,-1575,943,-1363
77112,5760,-1360,3642,1489,-165,-1399
77113,1904,5986,4018,-1804,-393,-1578
77114,-516,316,4701,-1354,-1297,715
77115,-3576,1637,4394,-1203,885,-448
77116,3581,-4971,-7979,-1752,1071,-1792
77117,4255,7036,-3091,1789,904,-1095
77118,4763,1602,3558,-1732,796,803
77119,6143,3183,4237,1249,1124,33
77120,-3312,-6833,-4686,956,1789,-402
77121,-2386,7629,5462,1105,911,-1987
77122,4060,513,-809,-1885,-662,-1190
77123,-4121,916,1185,26,-1823,1574
77124,6239,3917,-5614,-1978,-1187,68
77125,2486,-705,3950,-523,547,-448
77126,-5711,-2263,7906,-885,-20,1214
77127,-984,6945,2449,-41,814,-1506
77128,-4550,3945,-1729,-625,733,1550
77129,-5022,-7324,2953,1940,-1370,156
77130,3050,-1767,1795,-993,283,999
77131,-7332,-2774,-1645,625,574,1167
77132,-7813,5106,-1510,1748,-148,-656
77133,-2986,7713,-2244,922,-1921,-1469
77134,1185,6857,3822,-926,-475,-1753
77135,2687,-1282,-691,1652,1479,523
77136,267,2876,6805,-249,1240,402
77137,-2363,-1172,-2590,1269,1680,-1809
77138,-2605,-3453,-1600,-502,-484,-365
77139,-5494,4574,-1604,1823,-308,-1162
77140,-5051,2599,704,-1369,1711,-1427
77141,-3158,1555,2467,-245,742,1430
77142,784,3929,-394,914,-1447,1952
77143,4762,6204,-5665,-1848,1986,1776
77144,4870,5713,-6015,-181,-656,1276
77145,-7156,-7932,2668,-1585,-1702,-549
77146,-3147,-5381,4871,760,-75,-1456
77147,-1609,-237,5196,1828,-1309,1503
77148,7339,-6454,5899,-264,-544,115
77149,7526,-447,1273,-375,-578,-549
77150,-549,5415,-5457,-1849,-1494,359
77151,-6264,4012,1228,-585,1293,-1101
77152,3327,7476,-6610,-1086,1475,-516
77153,7379,-5900,-1822,675,958,-1387
77154,-764,4787,-2341,-808,-9,-881
77155,-4667,-5712,4961,54,1963,190
77156,-1992,5229,7043,-1694,-829,551
77157,7531,-6086,2248,-454,424,-1980
77158,-7305,6079,2858,144,-1294,1013
77159,-3371,-4268,260,289,-942,1420
77160,3794,3845,1458,-788,303,1360
77161,-5693,5622,4122,-361,1223,-1454
77162,4940,-7579,2103,1710,634,435
77163,1438,-532,-4,1290,1679,-1545
77164,6017,3159,-600,1133,578,-1774
77165,4737,-5939,-6701,-410,1982,-1760
77166,6588,-6225,7005,-1784,-744,-1456
77167,-7735,-3184,-5260,1806,1367,-189
77168,-1989,-5438,2014,756,-1767,496
77169,938,5629,596,-1578,-345,1195
77170,-4452,-7105,-7458,-269,-616,-59
77171,-248,4942,-4260,-1699,-1271,1367
77172,7436,545,2800,-779,498,882
77173,-1089,5806,5539,-873,637,-1557
77174,13,-3324,2814,-374,-291,1153
77175,-5790,2404,-3048,-1802,816,35
77176,-4377,-6295,2718,566,1697,-188
77177,-4747,-6323,6759,-1522,-895,1444
77178,7723,2350,3120,227,1461,1138
77179,-4768,3075,-5810,-522,362,-1246
77180,1355,4822,1325,-1785,1742,-901
77181,7611,-6947,-5190,7,1533,1892
77182,-2692,2667,5618,553,666,1834
77183,7741,-7593,-5522,-17,1193,761
77184,2190,1092,1663,945,-8,-1227
77185,2786,-2750,-6049,-1866,1280,-1512
77186,5034,2940,-300,1442,-291,-1342
77187,688,-1811,-4553,990,-74,-1751
77188,2624,3520,-2408,1563,-383,-1005
77189,-7151,5673,6004,77,-623,-830
77190,-3806,1952,-7609,-288,55,-1145
77191,-1017,2700,1664,1967,-152,1401
77192,-5057,-2022,6782,-60,517,492
77193,361,-3850,4960,-1516,1802,-760
77194,4132,-3408,1611,178,-936,1145
77195,-1702,-1954,6870,1778,-507,1976
77196,4858,-2213,2115,1929,1547,-1886
77197,-2236,-5504,4983,-1216,87,1541
77198,1039,1891,-2507,1975,-1608,-834
77199,7254,1455,2623,-473,-425,565
77200,-879,53,6974,-1207,673,-105
77201,-2832,3594,6393,-385,-1937,-277
77202,3604,-4972,3882,-604,1519,-201
77203,5744,-6270,-5226,-1591,1366,-793
77204,7221,-7063,4741,-829,-1533,-1462
77205,130,-2469,-2762,-1120,1988,-694
77206,1915,-7526,2856,-1043,-1410,-891
77207,3095,-5634,-3485,-1545,1376,-1641
77208,-2911,540,3873,1193,-48,-1778
77209,-5712,-4857,3348,-1071,1601,-1431
77210,-5712,-2320,-5302,992,-90,-1810
77211,3497,-390,-7527,1463,-1493,-1968
77212,-3154,-48,-5062,-506,1332,-1701
77213,-284,-921,-5487,259,-1040,-59
77214,-3391,-5356,7551,-261,839,761
77215,-6881,-2609,4030,296,-687,435
77216,4501,-5710,-7202,-1587,1727,326
77217,-7884,4019,6741,-910,950,1616
77218,-5732,-5919,-4941,983,-1079,213
77219,6038,1193,-7513,1811,-505,1874
77220,1573,-3258,-6828,1635,227,1782
77221,-1138,-3124,-2479,1033,216,-615
77222,891,-7472,-63,-1698,342,-1991
77223,-7018,-6497,1798,655,-78,778
77224,-2506,5586,5752,-1566,-1224,-797
77225,762,-6982,-4307,-748,887,-1596
77226,-1262,-6365,-856,-896,-1164,-564
77227,-7285,-4150,-724,-1284,-849,-305
77228,-7333,-2093,3895,621,944,-1376
77229,-1410,1727,-655,861,1692,1927
77230,2453,2827,-5357,908,888,506
77231,6315,7273,-4055,1416,-574,-1920
77232,-68,1327,-459,-1796,-819,80
77233,-152,-2065,-4067,-880,-1388,645
77234,4274,-7021,1839,57,-211,-189
77235,-4603,63,4446,-15,-570,300
77236,-5248,-826,5493,1026,993,544
77237,-7486,-5025,4439,-1840,1462,-464
77238,-7541,4119,6374,1972,-25,-1768
77239,7405,6050,-3864,-155,-1855,1226
77240,7519,-7171,-3992,-1057,-1350,1253
77241,-1149,1166,4551,-1304,1535,-1224
77242,-2809,5083,-5326,1886,-1857,-1316
77243,2328,-942,-242,-1529,-1556,480
77244,-6483,-231,-3770,70,193,231
77245,-1484,-6594,3399,-499,925,1670
77246,-6986,-2509,6605,835,-484,149
77247,-6087,-2300,4578,-506,-1117,454
77248,1491,-248,2414,-1478,-135,-586
77249,-7527,4714,4115,-1505,1493,-1660
77250,1644,-7082,-2617,1575,-1837,459
77251,7720,6587,-6495,1421,1447,1570
77252,1765,-2409,-1468,433,-1309,283
77253,-7128,-7452,-7305,1757,-1460,-195
77254,-6608,-446,-2563,-1666,-411,90
77255,2266,-7099,3975,-1029,-519,1308
77256,-6701,-5554,7707,-1361,-245,133
77257,580,-6643,-1166,341,-985,1029
77258,1179,3300,1347,1320,770,277
77259,2232,3283,3210,599,1881,-292
77260,2674,7514,-5159,769,196,-518
77261,-626,2704,-1145,-639,709,906
77262,4297,-7292,-6947,-459,-1834,920
77263,1373,-4502,-5909,-842,-1345,1266
77264,-4656,-4344,6904,1840,-1031,-402
77265,-6967,2654,1552,865,-1405,-597
77266,7067,3290,4910,-503,-1163,-1606
77267,969,5288,-1347,-818,-964,1129
77268,1139,-2551,3463,-1819,1666,-1526
77269,-5605,3143,5464,-1911,367,486
77270,7147,-5928,-1289,-1201,-723,885
77271,3255,1860,-840,-843,1138,786
77272,5649,5960,525,-1286,-1977,1696
77273,-6517,-3915,7060,449,-1952,-1331
77274,971,-4058,4525,1616,-236,-1892
77275,3006,-4075,7913,84,1136,-1681
77276,6055,3497,3784,486,-1096,1087
77277,1347,1730,4952,-1861,731,-271
77278,-3285,648,6234,1306,-1454,-483
77279,4431,2641,-6058,161,387,-568
77280,1512,-978,-7885,-432,1195,827
77281,-4387,4515,-1319,-105,1644,-400
77282,-3730,-3282,-3603,1488,1723,338
77283,3480,220,-2728,-1152,-1330,1446
77284,-5050,6157,-4716,1718,-659,777
77285,4032,-265,5101,-11,928,-1892
77286,-3325,-2227,6484,305,-769,-1311
77287,888,4474,1993,1071,1055,723
77288,-3848,-7834,6248,1148,-1502,171
77289,-1252,1126,7083,-591,548,588
77290,-6286,4418,-7226,1869,-1288,-477
77291,-3219,-1231,7304,761,1110,1039
77292,1691,3653,-4626,1606,307,967
77293,694,4802,6672,932,397,627
77294,2833,-7857,6690,1124,-288,-1630
77295,-7411,4497,-4195,710,779,1995
77296,3384,5984,6035,-931,-1698,-1172
77297,356,4339,-360,1282,-766,1004
77298,-2171,-1140,-5119,1219,-904,780
77299,-4438,2069,-2078,-1864,-356,1925
77300,-7419,2134,4683,-326,-1424,-1721
77301,-3447,7578,5455,-1437,-768,-1239
77302,-7744,6007,-2181,-582,712,-1771
77303,-5419,4562,2999,939,-1870,223
77304,-519,-3577,3203,-1632,764,-708
77305,4411,5554,7095,579,975,-265
77306,-6180,-1283,368,1111,773,1001
77307,-4314,908,-5071,157,1166,1801
77308,5634,-4022,4693,-1078,1787,825
77309,100,2415,-1463,-1123,1700,1784
77310,6680,7635,-7884,-218,305,533
77311,6662,4455,1041,-1993,-497,-128
77312,7323,-3822,-893,610,-207,753
77313,-1188,-709,-3675,8,850,-1017
77314,1290,-1919,-4060,936,805,-1665
77315,-5025,7314,-6157,-743,-1741,1796
77316,-4504,6463,-352,280,-1590,805
77317,-6607,4153,4455,-958,-1785,-663
77318,644,-7040,-1492,-1194,-46,-1958
77319,3971,-7166,-818,-1828,-1573,1844
77320,5917,1996,-244,-795,-125,-1683
77321,2353,-1673,5857,-219,885,224
77322,4469,3710,7330,-1002,-1848,-779
77323,-186,5946,7772,-517,92,-1326
77324,1016,-1438,2670,394,1395,1504
77325,7890,1753,-3988,-1624,-1970,-956
77326,3569,-2886,-7475,805,1146,745
77327,-5393,2093,-4059,209,-319,1471
77328,6268,6378,-4963,124,-1135,-1444
77329,6746,4045,-4228,-1635,-914,-952
77330,2413,5579,243,1411,1244,-952
77331,-5973,5802,4291,1951,-679,1813
77332,634,-1541,6717,-1203,7,1374
77333,-7697,6681,7528,604,979,154
77334,1904,-3135,1136,475,35,1659
77335,1840,-2446,-6294,386,105,1752
77336,-909,-1164,-2320,183,-1488,-1182
77337,6377,-3481,-7237,603,418,1111
77338,4656,-7243,6858,-1522,248,252
77339,119,-7548,6392,1079,573,-1394
77340,-66,617,-2644,-1870,-1155,-438
77341,90,3733,5692,93,794,-626
77342,-883,6016,-3444,152,-1008,-1191
77343,6337,2066,-1273,126,780,1277
77344,7364,5030,1450,-840,1050,1312
77345,934,1857,5306,-1133,-1205,798
77346,-2492,4906,-4837,-1041,-1192,1277
77347,7276,4321,3002,-77,1268,1409
77348,3679,-2152,6207,-1776,-1772,560
77349,-6869,-2747,2660,712,-658,-1407
77350,-4264,-5617,-5783,-630,-835,1944
77351,7412,-6698,-3876,-1852,-65,121
77352,-2772,2869,-6843,-1252,1415,-1576
77353,2134,7329,-7123,207,1916,692
77354,7682,7349,-1610,-352,-1610,-1153
77355,5170,-5922,6193,1940,-401,-1073
77356,5499,639,6054,1444,297,-903
77357,142,-5567,-2994,-369,-1624,-687
77358,-2175,-289,-7302,726,-1256,378
77359,897,4471,7162,1488,950,-370
77360,-1641,-5138,-4014,-688,-420,-1585
77361,2925,-2727,-1830,1377,-542,-1050
77362,-5050,-3861,-6602,350,-137,995
77363,2230,-2422,-7407,-1683,-287,586
77364,3557,-3821,-6118,1045,-1789,1885
77365,1230,-1275,-5599,289,202,-1232
77366,4375,-3384,-1218,839,-812,1487
77367,56,-5752,6985,1469,-1883,381
77368,-982,611,7094,622,1036,1637
77369,-5922,-4938,6279,-1732,1417,-547
77370,-7920,-3010,-2399,-573,825,1940
77371,-2723,-6823,-1201,-1599,933,1302
77372,712,-3046,-2812,1616,-1457,817
77373,5934,-5651,2796,-655,1464,-676
77374,-3764,4020,-651,-643,-430,299
77375,6486,6110,5262,614,936,-1538
77376,3614,644,2037,-1108,1109,-1613
77377,7141,5952,5636,690,-1886,-115
77378,100,-4653,7594,837,-1256,1171
77379,1127,4306,-963,-928,350,754
77380,5070,5177,5587,-1150,315,-1354
77381,7948,-53,-4847,-591,-446,-413
77382,4041,-3095,-236,-1705,-858,-160
77383,-7515,49,-6351,1278,-603,-1913
77384,-5397,-5190,4512,-710,-1779,-1590
77385,3015,-6875,-1396,1995,858,1603
77386,5423,-3050,279,-324,19,-80
77387,5378,-322,2549,-700,-1561,-31
77388,-6186,5388,3182,-846,360,111
77389,-5829,-406,7972,-475,-13,1469
77390,-5028,6708,-872,-666,-141,-1591
77391,-7448,-4416,6367,859,1053,1283
77392,4871,-1345,5814,-587,-1101,600
77393,-5830,1560,-7702,-108,-390,-1434
77394,-353,5544,7940,1101,-1954,-1986
77395,-2465,-2978,-6629,-1251,1622,-1564
77396,3911,5500,-1582,403,-114,1215
77397,6048,-4825,76,1315,-1727,-1992
77398,1183,6994,5979,1585,-1528,-1264
77399,-3568,2770,-6385,247,9,446
77400,-3656,-6344,817,-331,1413,-266
77401,6789,-6067,4226,756,23,139
77402,3423,1852,7356,-652,-217,-1114
77403,1437,-1526,4988,1763,-1889,803
77404,-5771,7497,-3129,1613,-941,-1139
77405,-6781,1479,7493,-1499,-69,1441
77406,342,2750,6319,1656,968,990
77407,8,-5594,6858,-526,103,311
77408,-648,-2200,-7092,-1889,532,-635
77409,-7793,3655,-5562,1451,799,636
77410,4677,-6433,3635,915,-691,639
77411,-6038,-7776,1559,-1777,1846,633
77412,-7833,2725,5417,-1795,-995,-1942
77413,-4057,6667,7706,871,1218,-1848
77414,6210,1084,5861,1904,-1011,666
77415,1735,2274,-4296,1757,-1593,1445
77416,-1308,-5689,-1119,1453,1551,1091
77417,297,1842,2057,1664,730,1703
77418,6670,7761,-7256,811,571,806
77419,6208,5332,-3451,1671,-1637,-1183
77420,-6609,-7116,-4466,1051,-585,-1652
77421,-6789,-5750,5058,26,80,1562
77422,-2383,5049,-7088,-1994,-1209,-869
77423,7829,-5135,3956,928,-967,1221
77424,7535,-301,380,1670,241,204
77425,-5284,-3258,6457,1602,1064,-1879
77426,-3359,6720,2795,-1185,-1158,-857
77427,3050,-212,-4036,602,768,672
77428,-2114,6568,-3458,-1839,-1658,776
77429,2787,3190,-2485,1389,335,-552
77430,-4635,-5595,3196,349,524,392
77431,-3861,-1332,4972,-446,-203,-1704
77432,6144,3158,-5830,-970,50,463
77433,6888,-75,6269,1046,-1233,1330
77434,6507,-918,-3893,-249,88,-1575
77435,1439,-669,-3836,-1449,117,-1837
77436,7877,1185,7902,-656,372,230
77437,-6255,-7211,-5721,1304,1849,461
77438,-1642,-5394,-5709,-931,752,107
77439,-6051,-4081,6907,-442,306,1158
77440,-4631,2925,3978,-371,314,-1009
77441,1049,-5088,-5699,-442,1794,-1060
77442,229,-4129,759,-39,413,413
77443,5363,7036,3185,-988,-468,1522
77444,-3394,6821,-4732,-1752,1333,1532
77445,7512,7670,5436,-1415,1049,90
77446,5714,2319,7569,1421,-217,-1895
77447,4022,6108,-2858,-802,-1852,-1464
77448,-5961,7533,-5726,374,1984,850
77449,-4100,514,3037,1564,-235,-243
77450,-7964,3786,3323,-559,702,-1796
77451,7702,-3956,-3776,1398,1558,-247
77452,4133,2210,-3089,314,-1610,-1058
77453,5572,-5834,707,112,1506,-27
77454,-4195,3350,1381,-1549,-1440,-1945
77455,-5057,-5031,-4186,1976,-608,1941
77456,6039,-1612,2838,1512,-297,760
77457,7115,1522,-7480,-1740,-1911,1423
77458,6074,447,-6771,-610,182,-1355
77459,-6852,1948,-4372,-378,-1618,563
77460,2672,6162,-4478,-1026,-1072,631
77461,2437,-5061,2575,-1801,-1913,-503
77462,3602,-1328,2809,103,1182,471
77463,5844,7218,-5295,-324,-1039,-1467
77464,1085,-5309,3115,-1883,-442,36
77465,-5180,-1887,-4390,-1915,1791,275
77466,-1960,-1750,-1547,79,-689,902
77467,6616,-3939,7197,-957,-1196,-790
77468,-4818,7081,-7365,-334,-53,-884
77469,-4758,6396,-6786,1929,435,-960
77470,-4732,5879,-4452,-1027,-939,-1265
77471,5832,3051,3914,1161,-422,253
77472,729,-542,-6445,1490,1338,146
77473,4005,7530,-6416,1321,-1516,983
77474,-3977,-7510,449,-135,-1682,-1229
77475,-6879,5911,-6522,219,-1107,-825
77476,3004,2307,-6636,-1990,-1291,843
77477,-4830,-603,1384,695,-83,1788
77478,461,-372,-2344,27,616,198
77479,-7757,384,1638,1492,197,-447
77480,6429,-4016,-2630,1577,-1866,-601
77481,6850,12,1260,-1780,-807,1212
77482,2150,-6320,-6818,-651,894,-1634
77483,-3663,-2341,1984,103,1370,828
77484,1931,-1647,7697,281,-394,-961
77485,-7596,6755,-1090,-1865,961,-486
77486,7263,-2568,-677,1060,1837,1977
77487,292,7335,-2652,1454,-1887,-630
77488,-2811,-1024,263,1141,-153,1333
77489,-5789,-2513,2829,1739,100,-518
77490,4136,-3354,-1268,987,-648,657
77491,-4168,-5923,-4888,762,-169,-1617
77492,-6790,4822,5622,46,1406,1331
77493,-4052,-1971,6552,123,19,-1331
77494,2822,5927,-3332,-1382,-201,1610
77495,7081,7475,-7925,1830,1091,947
77496,-6524,3678,-4576,-899,64,223
77497,-4255,4992,2264,-1075,-1438,-1226
77498,1994,-180,-4292,869,129,1683
77499,-7218,1552,1155,779,-1639,189
77500,-3154,-1874,1861,1986,-1293,984
77501,-7404,3552,-3992,-422,-1550,-1342
77502,6936,11,-15,101,-874,-310
77503,-5160,-5024,3937,-402,-1500,1917
77504,6601,-2853,2002,470,689,-1525
77505,-2184,-4111,-2978,-1539,-473,746
77506,-1249,6224,1344,-1142,-764,1806
77507,-5622,4340,-7792,1307,430,-321
77508,7957,7361,6768,684,1281,963
77509,1686,2348,-6742,-1508,1163,607
77510,-5564,3101,5284,-877,1965,-1884
77511,3892,3474,-6295,-1572,-107,267
77512,-6519,908,-4333,1243,625,-973
77513,7885,3132,-1117,917,1151,893
77514,600,7286,4891,1704,1673,-516
77515,2305,2709,-564,42,-648,1000
77516,6463,7296,-1065,-749,-607,1216
77517,-7395,-4120,-1373,1107,1891,-1233
77518,3898,-4290,2732,-1572,-1166,1395
77519,1693,-7254,-1923,-1125,-190,1362
77520,1693,-3131,-6776,-1380,-1796,-1002
77521,297,842,-6263,1066,-1351,-1213
77522,7851,7017,4044,1993,570,-353
77523,2473,5725,1955,1768,-1377,1692
77524,-3242,1317,-3205,782,104,-720
77525,1575,3995,7830,404,615,-1106
77526,-1018,-3357,4764,-1690,957,250
77527,-7915,3957,-20,1008,1813,-1818
77528,7715,-5993,6282,-421,-1356,32
77529,1705,-344,-5267,-295,1843,1859
77530,-1620,-2691,-1257,1136,509,592
77531,4806,-1882,3196,320,181,213
77532,5002,3335,4385,1871,1592,978
77533,4120,-1983,7824,-1953,490,-529
77534,-5752,5522,4350,-207,-267,-1008
77535,-3722,4770,6148,952,-1643,1176
77536,-1957,-5000,2750,-1011,-793,82
77537,-813,-7030,-903,-1067,-300,1259
77538,4617,-4562,3130,-1181,1580,206
77539,-90,6503,5454,-1640,-220,142
77540,-3165,5759,-384,-749,1211,-1189
77541,4840,-3145,-37,-1134,1930,1887
77542,-7857,-6646,1656,1940,1839,1378
77543,-3114,5371,4021,-108,1388,-1227
77544,-740,3181,-7393,181,1346,-549
77545,6413,-1131,7024,1151,-1450,-556
77546,-1930,362,6000,-1370,-963,1228
77547,7019,4634,4909,-1393,276,927
77548,-3283,4960,3712,-683,472,-1762
77549,-4548,-991,-6280,1655,1992,838
77550,2705,-5926,-1030,823,811,1171
77551,-515,2936,-1811,1500,346,-431
77552,3671,3208,-4518,-1699,-1462,-1913
77553,-1709,6412,-6238,-1567,117,-1818
77554,4254,-1704,7214,-900,-341,1504
77555,-7446,-6710,-7923,-736,911,-549
77556,4372,2261,4150,733,-1034,-1156
77557,1335,-5329,-321,1585,1052,-694
77558,-3165,-7366,6250,1733,-162,-1617
77559,-7357,4927,4128,-309,-363,-1637
77560,-3779,3410,681,-67,828,534
77561,-2704,5029,7682,1828,703,-1102
77562,798,-3732,1053,1923,1979,1492
77563,872,7667,4157,-672,-923,-293
77564,294,2809,7493,1103,419,-222
77565,906,5626,-1734,518,-749,-315
77566,-885,4164,7702,-1339,-303,1672
77567,1213,3050,7955,1979,1278,-234
77568,-5880,3699,-1353,315,-1872,434
77569,624,7477,6424,-1565,714,-130
77570,7512,-3680,-1980,-159,68,-1610
77571,910,5344,7536,1270,-266,-1612
77572,-1852,5381,6183,775,-1648,-368
77573,1318,-5178,-7098,1985,-1398,-773
77574,2429,1879,-1772,-1388,661,593
77575,-1213,-3841,7336,-198,-177,-454
77576,-2429,7777,1418,1120,1542,1637
77577,-3638,2877,-5746,1523,1950,797
77578,5995,7975,1142,-1399,0,-1744
77579,5329,-7343,-4367,-367,-1619,-19
77580,561,-3603,2392,-1247,953,1822
77581,-7304,7217,3932,1677,311,-1248
77582,1748,7705,4363,1537,-393,306
77583,-4327,-6702,5650,1168,-1774,-1390
77584,7697,-894,-3302,-290,1943,-1180
77585,-835,-2744,-6134,-646,-1586,-826
77586,-3194,1563,-7534,1027,-1406,-1212
77587,-6491,5430,-3859,1656,1301,-1417
77588,6099,5381,-4797,240,1024,1812
77589,3508,1051,2428,-718,1877,-1287
77590,5413,-3723,-1383,1772,-665,1413
77591,4329,-5705,-371,1642,-1447,1970
77592,614,-783,5925,1824,1113,1987
77593,-1219,-7223,-8000,-56,1271,-1681
77594,-3905,577,-3289,-1441,-1868,-826
77595,2391,2094,1684,1485,-346,1289
77596,-2043,-3391,3284,290,-1982,-976
77597,-2795,-5694,1858,-1211,-1413,1558
77598,-6841,1398,6445,440,-591,-1575
77599,-557,-3674,-1042,970,266,544
77600,-1786,-2685,1442,-1852,-1308,295
77601,-747,-6943,1419,1805,-386,295
77602,3157,7600,775,-260,-57,1055
77603,-7320,-7134,-7468,-888,212,-306
77604,-2314,-1799,-4561,1988,1214,1599
77605,-316,3720,5692,-50,666,179
77606,7384,3789,481,-795,1630,742
77607,-2999,-2958,-2976,-1222,-77,1973
77608,6702,2506,6606,-644,-1853,-1752
77609,-3338,4903,-3602,-1880,-523,841
77610,3336,5185,7253,1405,1613,1644
77611,1997,-5615,1324,1708,-905,-856
77612,-5036,-7081,3332,-799,-1216,186
77613,2283,-2728,7456,1015,1942,-1011
77614,-4939,-91,5510,-1168,1219,-1721
77615,3577,4123,7470,-795,-675,-1140
77616,2859,-1577,-7108,473,-1175,46
77617,-7802,6198,1018,1540,393,1825
77618,-432,-4191,-5253,-237,-1530,1965
77619,5521,6262,5906,-1374,574,299
77620,-2481,7705,1801,-670,-822,-1469
77621,-4636,5355,-990,1785,283,-1446
77622,7412,-6642,1518,-1491,19,651
77623,7176,4874,2329,581,1744,-585
77624,-4487,-2747,6825,-1381,-588,-1910
77625,786,-1624,6570,157,1094,-1064
77626,-1475,-965,-4826,1978,385,-75
77627,-4273,-6624,-7499,-1966,1527,1389
77628,1516,6182,6191,-1199,226,1093
77629,409,-5311,5870,-1152,594,-1593
77630,6095,-4897,-5659,1366,-1993,-1497
77631,-6802,-1517,774,-1530,1320,688
77632,-4520,-6786,-1627,582,559,1640
77633,626,3899,7726,-707,-279,779
77634,-7493,2136,-7234,1027,-896,525
77635,-1687,-7328,-4123,1262,-1552,-555
77636,-4442,-7027,992,-1827,79,749
77637,-6007,1306,4310,1441,-1379,-970
77638,7989,5550,-243,-938,-1825,-1295
77639,4330,-6192,2923,-222,-903,-310
77640,5540,-1951,-1233,-1659,1686,980
77641,-7182,-7766,3224,1463,-371,-1536
77642,119,1239,997,-536,1912,328
77643,6177,-7281,40,-633,1873,-610
77644,-7,5089,-6460,-408,1522,1559
77645,-7430,1593,4116,-268,-1127,1510
77646,-5051,-7050,-7446,729,-1145,966
77647,-2097,648,295,1702,-1211,-1776
77648,-692,-2497,4932,-1981,-1106,-782
77649,6858,5946,-7219,494,-1246,-1018
77650,561,5852,5086,1081,-316,-40
77651,2179,-6870,-3964,-976,245,-1780
77652,-7453,-3675,-4620,1699,1043,793
77653,-313,-7994,6419,734,1348,-983
77654,-1280,5173,-3472,700,581,1921
77655,2540,7401,2601,1268,107,490
77656,-5034,-780,-223,-161,1483,-1067
77657,7439,370,-6711,-144,-1164,-1427
77658,2800,1985,6674,-1395,-875,-1340
77659,-2946,-2268,-7476,-1210,960,-623
77660,4456,6566,-3317,1879,-717,36
77661,-5655,-6333,-5290,1768,-189,1533
77662,3902,-165,5959,-1253,705,1985
77663,-345,2198,381,1341,-1052,-1131
77664,-495,-1027,2245,-137,1495,1680
77665,-1712,1642,-6957,-1962,1354,1663
77666,2561,6210,-5178,1344,-863,661
77667,4864,5201,7122,-1894,1189,-1236
77668,-1639,3491,-1066,-1809,772,-1985
77669,-4233,-5720,1678,-28,-432,337
77670,4924,-5470,3126,-1054,-1135,1997
77671,5966,-5684,-184,834,202,490
77672,-1480,5727,-2161,1533,268,-1094
77673,-6783,5213,-2294,-1147,1687,1517
77674,2264,-2789,-1464,1816,-420,-627
77675,6354,-2887,5615,-1076,-1059,1439
77676,-7681,-1208,6923,-540,-674,-1152
77677,-839,-6538,-3423,40,1275,1095
77678,3855,7308,3681,237,-1905,-386
77679,630,-2066,-6747,1866,1972,-1423
77680,-2181,1084,510,-1965,676,-96
77681,6761,-2303,-56,-188,749,-1717
77682,-6341,-6441,-3810,130,118,377
77683,-769,-4841,2292,-659,-964,885
77684,-2702,5931,-3907,-1308,303,1898
77685,-5749,4207,873,828,539,1403
77686,-2149,-2818,-7582,-704,-1662,-1581
77687,-5734,-5262,4362,-1042,-516,377
77688,2539,-9,1754,1049,868,1642
77689,-4853,3943,6041,1993,-1506,1869
77690,-587,7864,7670,274,-1825,-1215
77691,3158,272,-2499,-911,543,112
77692,-2794,7273,2364,-330,1694,-667
77693,2520,4393,693,-1805,-1901,-46
77694,3456,4794,-4094,12,83,823
77695,-1272,6092,-1393,196,-156,54
77696,3578,-4168,373,-336,1810,1185
77697,-5009,-1880,-2564,174,515,1071
77698,-773,6382,5013,-77,-468,-387
77699,-3128,-5190,7004,1759,-973,1436
77700,6859,-7177,-628,-1553,1830,1801
77701,-485,2003,4232,1215,1250,96
77702,5932,-6296,5142,-1653,1109,-1546
77703,-6548,7313,-5480,316,1535,-724
77704,4820,6989,-5668,501,-262,799
77705,6769,6134,-1514,1486,966,-1051
77706,-1698,-7654,-4864,847,884,-445
77707,-3442,172,-3027,-973,222,-1081
77708,-965,7226,-7944,-1343,668,1488
77709,-1919,-4979,-6746,1754,-212,-1281
77710,6649,-1850,910,830,984,-1970
77711,3328,-118,-3510,786,1244,-1843
77712,-4257,-860,-2160,483,-1747,-124
77713,-3929,4031,-7557,1288,-222,90
77714,4119,3759,-2718,-1098,1754,1308
77715,5396,5569,-5843,-890,-539,-1003
77716,-4310,-6597,93,-1140,-917,703
77717,4636,-5489,-3024,1156,-1604,1653
77718,-429,7981,-5886,-1311,1970,-1246
77719,5341,5976,7516,1926,-1639,-828
77720,415,-5999,3071,1664,1029,-1972
77721,-3580,4065,-247,1483,1775,1801
77722,-6982,-4405,7261,-1924,-1662,365
77723,268,-2729,2921,1816,344,-1014
77724,-4328,-987,-3926,-1439,-701,575
77725,6713,-7629,1542,-371,-1862,514
77726,-5471,1383,-2941,1525,-228,1715
77727,837,840,7034,1495,-1803,1711
77728,4417,1471,543,-936,-906,-1453
77729,4873,5975,6359,-1935,-1562,1737
77730,484,7939,-883,-542,-118,586
77731,-4002,372,7184,136,-1292,-1744
77732,-3588,3747,2512,1450,849,249
77733,-5826,1081,819,-176,-1031,1276
77734,769,-7674,2635,-1523,-1612,-1473
77735,-1243,-6400,1471,-1758,81,905
77736,-378,-6170,-6409,810,1702,1270
77737,-2360,3888,-3908,-821,1373,236
77738,3694,3156,-7568,-488,603,34
77739,7960,6643,5421,-1931,578,903
77740,4734,-1871,540,1867,737,257
77741,-2339,3418,-5816,1188,324,-875
77742,284,6553,-4770,1024,-1501,-459
77743,1793,-6302,-571,-683,-1728,1166
77744,-5601,-6381,3997,-1210,312,1857
77745,7888,4652,-3302,-834,626,-1657
77746,-5502,-4014,-4744,964,1241,345
77747,5509,5565,-6721,-531,1185,-603
77748,-512,-2582,-2863,1186,1716,-1181
77749,4643,7606,-1496,1810,-1409,-1125
77750,2674,-1788,6063,511,562,-335
77751,1363,5360,-1967,370,-750,987
77752,6189,-4584,-4558,1537,-875,-1231
77753,5588,-1511,-7132,1781,641,748
77754,-4417,-1983,-1925,1350,-665,-1111
77755,2037,-7838,-7711,665,-729,317
77756,7702,3265,5042,-346,402,-1282
77757,-4373,-7561,5773,-673,-1135,-833
77758,6790,676,-4784,1791,-1086,933
77759,506,3661,-7433,503,-102,-370
77760,-4259,4833,2531,1817,-1232,1976
77761,6407,6639,7921,-2,991,1181
77762,2713,6460,-1721,640,-1869,1348
77763,-5553,1772,-6820,-386,1333,-157
77764,1238,2899,5680,-1058,68,1082
77765,2944,-3119,-6541,952,1249,1066
77766,4537,638,2500,-567,1583,-1274
77767,7018,1652,1724,757,665,-249
77768,4325,1469,-5599,-1666,126,961
77769,-5839,3490,6976,-1061,1883,-876
77770,4582,-1163,-3172,1043,956,1636
77771,7812,-7052,-3953,-1686,547,1544
77772,2532,4822,6513,-530,1314,1227
77773,-5323,-1859,-3694,-839,-1163,1558
77774,7801,-1514,-5871,-150,559,1241
77775,-4859,-5861,2188,-99,-1172,-1738
77776,-6768,-6866,-3175,367,967,-1854
77777,6516,-3693,5346,694,1458,-1603
77778,-1219,6796,523,1210,-1920,271
77779,-5943,-558,-4111,1127,-1970,-1031
77780,-3142,-2266,-1667,-1713,1254,765
77781,-4738,7417,2278,295,267,-167
77782,-7545,1307,2372,876,-890,1629
77783,-2931,4634,-7163,-990,1299,-781
77784,-5384,-1137,2382,1503,980,502
77785,4177,-409,2978,607,948,1738
77786,-1506,-6952,-3519,1756,-1625,1760
77787,-1605,5087,-3306,-1635,-1776,1850
77788,-2494,-5449,-2599,-1567,277,1087
77789,-3274,1646,-28,-81,-183,-1136
77790,4865,-1597,-2644,1835,1321,-57
77791,1169,-3538,-1287,1597,814,-1213
77792,-1666,-2150,-314,-941,1060,-341
77793,-55,5289,-7096,-1493,-1604,1914
77794,-5997,-1256,2492,44,-706,-1018
77795,2063,5678,6829,-1017,1958,759
77796,3171,6727,737,-1369,591,-568
77797,-3476,-3423,-6022,-704,-1985,1713
77798,-7753,3433,-1041,-19,1075,906
77799,-5857,-1982,3435,-1942,-106,-114
77800,4918,485,-1335,-1519,1879,-160
77801,-5768,-1811,5462,-1995,1448,272
77802,-6007,-3362,5779,-437,-1207,-860
77803,4560,2932,-3647,710,-1935,1536
77804,3694,-3033,-4726,-568,64,922
77805,2335,5375,6975,221,-1937,-1701
77806,-672,-7076,-770,1425,-1561,1492
77807,-4345,-2528,7644,-792,1009,-998
77808,-5082,-7231,4344,231,-755,-578
77809,6704,970,680,-1216,1403,1255
77810,2166,-1798,6523,-865,-945,403
77811,-1780,5122,-4095,1082,449,-1730
77812,-1037,320,-7264,-1993,249,-1510
77813,4788,5072,-675,-6,1178,-384
77814,6100,2319,6853,927,1772,-515
77815,1564,677,-6349,704,453,-139
77816,7259,-5703,283,503,-1789,-470
77817,-1468,7809,4643,1882,-701,-88
77818,2965,80,-4234,-1181,-927,-1586
77819,128,-5895,-7565,1739,-1164,-939
77820,4040,-1588,-7544,-179,626,-1465
77821,-3297,-7095,-1056,-1344,1142,-230
77822,-7691,-3633,-5602,-100,147,-1626
77823,6422,5402,-959,-1025,-244,603
77824,5641,-7356,379,-495,-328,-701
77825,7488,1445,5188,-51,854,605
77826,-3318,-1955,-7242,-1479,936,1610
77827,-6389,-1849,-7833,-1912,-1141,-804
77828,1610,2296,-2857,-773,1577,1646
77829,7824,-7090,-3147,-1101,1638,383
77830,3947,3787,-3706,-721,14,-1211
77831,-6955,1491,-6848,-329,-1049,1859
77832,210,-6144,6870,-1470,1379,-805
77833,-927,16,4259,1202,1392,1862
77834,602,-4798,-4499,80,-1702,774
77835,-6463,-405,6479,-1583,-1500,-1083
77836,-3587,-1768,6453,925,-470,441
77837,6282,-3928,4872,1292,1806,133
77838,-7626,4631,5896,1650,1251,112
77839,4471,2719,-3068,-420,68,1022
77840,-6224,4997,-3061,1501,1107,313
77841,-3579,-4913,-4703,387,-736,-1342
77842,-2088,-4312,-5422,1791,1100,-1787
77843,-5362,2428,-4518,-1372,-11,-19
77844,-4752,4384,-2756,-1413,598,1583
77845,-4758,-744,2357,-1799,28,1030
77846,-5959,2305,7132,-508,-1761,-1296
77847,-471,-5115,2403,1314,1730,-414
77848,-5015,-7428,-908,179,-80,1947
77849,-785,-4495,975,-1774,-530,127
77850,-7885,5770,-5216,-736,-988,-1175
77851,7118,-153,-3975,534,-78,893
77852,-2843,3203,-4631,1874,-383,-1379
77853,-1739,-816,3322,1656,1731,387
77854,1700,65,1447,1957,-289,1796
77855,-492,-837,-2896,-1838,409,-609
77856,-7629,-2709,4555,94,1129,-1167
77857,4189,4022,6731,-630,-1410,1735
77858,-222,3977,7308,1195,444,-1910
77859,6554,-1992,-1746,611,-635,-383
77860,6719,-7513,-2326,977,226,283
77861,4476,5070,1483,-449,1971,242
77862,-3516,5885,-1752,-1204,-373,-750
77863,6582,-7832,-3557,736,1203,-746
77864,2967,-930,-3857,-1716,131,545
77865,2757,-1230,-81,-529,-426,857
77866,-5233,7502,1163,-1858,-867,-574
77867,-6582,-2806,3376,580,42,448
77868,-7487,-5681,-1500,-287,-1325,591
77869,2762,5807,2779,1963,-1470,-1127
77870,-4677,5734,-929,1106,-170,-368
77871,5020,6023,405,-521,1749,323
77872,2929,4558,-3484,-711,351,-630
77873,7266,634,5208,1496,592,581
77874,4082,1206,541,-1820,338,1588
77875,5408,-7522,7528,-561,-624,-1248
77876,1350,1094,7664,1321,-23,-702
77877,7543,-7059,2083,-1236,497,1773
77878,47,7276,-6505,1403,-172,1473
77879,40,-2378,-5471,781,-947,412
77880,-2903,6023,-176,1388,-169,-1041
77881,1364,-7277,2719,-157,-1525,-961
77882,2527,4785,4914,193,-742,-1435
77883,-6588,-6744,-2828,-229,806,1401
77884,-3759,-4840,3802,874,842,-1528
77885,556,-3896,-131,-122,-1907,-882
77886,6911,-7954,-4727,1794,1151,-1322
77887,7220,-41,4026,1901,928,-1371
77888,-1589,-374,46,441,-927,-211
77889,6407,-2710,6690,1540,-1810,-1715
77890,5490,-943,4052,-1804,1411,-106
77891,4941,2337,-2466,455,293,-1361
77892,3405,-7692,-3842,1365,-847,1392
77893,-6514,-5818,5676,322,-554,-857
77894,6865,4916,6866,679,1650,1751
77895,6009,-5971,662,-1605,1281,-617
77896,6062,6912,5853,1057,1375,-1604
77897,3044,-5934,7566,-1846,-1903,1280
77898,853,4930,-460,717,-1134,-286
77899,5462,-6682,7522,-1970,1872,-790
77900,-1209,-3017,-4270,-1162,-1492,1931
77901,-2327,-2152,4719,1596,-147,-87
77902,479,-5293,2146,-1941,866,-707
77903,-1398,-4508,-6248,58,1379,1941
77904,514,-1859,1373,-589,1263,724
77905,7862,1457,6347,-1113,-1498,287
77906,884,-6348,-4117,-1214,184,1345
77907,1808,4748,-5987,-263,1325,-1245
77908,-4035,6101,555,1401,-14,-1191
77909,-1200,5683,2471,-1166,1938,650
77910,-2308,772,-1959,1236,1873,1875
77911,5338,-773,-7415,1444,1180,-588
77912,2700,-4392,2899,1955,-1784,-1583
77913,-2773,-3852,7656,1764,1574,-1440
77914,569,-2550,1742,-94,-1789,-1272
77915,-7101,-4940,1036,-575,-402,391
77916,-7134,7064,-6794,-1619,-1317,1466
77917,-1560,4572,3805,-1802,1596,-1183
77918,3611,1114,-5125,-1761,-903,1069
77919,2709,6622,2563,601,-845,-754
77920,4506,-4744,-2204,596,-1812,-1874
77921,-6120,46,-2884,-1647,1597,-1304
77922,7263,-3872,-7328,-428,555,-380
77923,2720,3145,-5269,-1271,1214,-1351
77924,1336,751,-3691,-150,1730,-1936
77925,2247,4519,7423,-541,-768,692
77926,-824,2255,2872,357,1956,-873
77927,7014,-5842,5229,-1063,1799,66
77928,2759,-674,4006,-1498,-143,-446
77929,-3520,-3024,4559,-1537,-935,881
77930,5467,-6677,1339,1008,341,-1591
77931,3564,7502,2024,-1467,-86,-1471
77932,719,1505,2851,1607,-1656,1473
77933,-570,-4328,7986,26,-591,-1995
77934,-365,351,-2340,1791,-527,1889
77935,1892,-2044,-5129,775,389,1612
77936,3901,1148,1177,-1816,1425,180
77937,4935,-6909,-1516,1785,-1455,941
77938,-1890,5154,-2865,1276,1125,867
77939,-5329,708,4712,-348,340,1177
77940,-3080,-1183,-2772,1242,-983,-904
77941,-5075,6059,705,-270,-1647,-406
77942,-143,-5143,1231,-390,1403,-1117
77943,-2007,6069,-4036,676,-1515,1629
77944,806,-7827,6318,415,1219,-87
77945,-6233,7994,6110,1280,-571,-1629
77946,4624,-3916,-5623,-399,-1627,1961
77947,6528,4565,6487,1159,-1637,-281
77948,-6402,663,-6255,-1118,622,1544
77949,-5557,-2375,-2696,937,878,1177
77950,3328,-4113,1243,-1941,601,-1816
77951,2805,-2268,-2492,-1468,-138,-536
77952,4337,-3698,-5093,549,498,1985
77953,1464,-1561,3530,278,-1343,1230
77954,4136,3734,1329,-717,1190,-32
77955,-1749,-5010,-5652,-1676,-1336,-1856
77956,-6525,46,-7778,1356,-1182,-713
77957,-7333,-3144,2372,1724,1036,142
77958,3210,-3633,2737,-1494,1223,276
77959,838,-7325,-3048,858,-15,-685
77960,-4792,-1397,-1617,-671,-160,-1041
77961,-1362,7571,6147,-409,-1492,-992
77962,-2449,5007,3515,1461,661,1953
77963,1584,4894,-7953,-10,373,-344
77964,3543,4041,-672,1530,492,-1000
77965,-4772,-5844,1516,1967,-604,964
77966,-3978,-1820,-6189,97,-491,1475
77967,4768,-4608,-957,4,-236,1289
77968,-5322,-509,-672,-1132,-1458,-484
77969,-2798,3554,-3914,1661,-1807,-114
77970,-4443,28,7929,-704,1305,174
77971,-5684,-6198,-1444,1258,-1991,485
77972,-7364,6407,-6084,1862,-1141,1972
77973,-3226,3067,-753,501,1321,-106
77974,6793,870,6185,-322,-1311,918
77975,-5102,-7690,4973,350,1361,-2000
77976,154,-2430,526,1119,259,-1641
77977,-5944,-2768,323,-1050,1059,-159
77978,964,5240,-1011,700,531,-1928
77979,7909,3757,7328,-1331,390,975
77980,2042,5884,-5338,284,1316,-369
77981,-7944,-7265,-4494,-629,1682,-233
77982,-4638,6767,-3054,1906,1517,930
77983,-366,-3340,-3537,-1965,1233,-913
77984,7093,5411,7917,-1149,-1282,1048
77985,-6708,-1038,3050,1485,580,1117
77986,-7135,-269,1623,-795,1568,1765
77987,7151,7807,7101,-1506,-322,1453
77988,1192,2601,5899,937,-736,-1959
77989,3510,3643,-3308,660,-1370,1174
77990,7298,-6987,-5176,-527,-326,-862
77991,-3001,-3516,-2705,-270,-1971,-801
77992,6621,3095,-3159,-303,-879,-289
77993,-4285,-515,7097,1632,1492,1990
77994,4678,3826,2421,-876,-453,1068
77995,2409,1050,-5,-1371,-448,1097
77996,-2643,3805,2200,-1377,-981,-1055
77997,-4707,-3909,6630,-484,-421,1875
77998,-6608,-6945,-3133,672,-910,209
77999,397,-5246,-962,1439,520,-448
78000,3339,6077,170,50,1813,-1601
78001,-3393,-1632,4290,-399,266,1564
78002,-5732,-708,2051,1907,-494,802
78003,-4129,4200,-5328,-1538,-1439,687
78004,34,-7469,-1386,1348,1650,-1422
78005,6790,2622,5668,1511,1621,757
78006,-5806,2353,-3112,811,1773,-1467
78007,-1920,-4990,-5970,-359,1696,-464
78008,1612,-3944,7766,-785,199,-784
78009,7587,-5338,6871,1797,-1893,1893
78010,2150,6730,4668,1113,-1328,-709
78011,-6108,154,5249,-1607,1006,280
78012,-5875,2376,4852,-156,-1338,756
78013,-4354,4580,4260,-270,-1430,-986
78014,2128,-3573,-7753,-1879,526,1664
78015,-176,1696,7283,1209,504,-1623
78016,-390,2213,-3045,-881,-1324,-1391
78017,3416,370,-5455,636,-1732,-1534
78018,-639,-4727,4851,18,1717,706
78019,-4788,-719,-5214,-848,-795,-288
78020,3643,-4493,5860,262,-669,-1554
78021,7525,7797,3707,132,-810,-1132
78022,-5966,263,6318,-93,57,-1416
78023,-5046,-2711,-903,-890,-1499,1282
78024,5065,-659,-3827,899,1129,1745
78025,-961,4410,-7310,-1637,187,-1218
78026,2582,-973,6955,-12,-1296,-1430
78027,-2250,-6668,-329,1637,-730,-1815
78028,1113,1253,-3401,1856,-453,1526
78029,523,-676,-1539,-1661,878,1708
78030,7682,895,-2111,1416,1940,513
78031,4133,-3149,1502,1867,1210,800
78032,-1211,-6662,-1923,-912,-1105,-137
78033,-1656,7580,-3993,372,1271,-781
78034,-1917,-4486,7875,-35,-1643,1564
78035,-7422,4652,-1062,-85,-1587,1272
78036,-876,5334,-4892,-538,-1651,333
78037,103,-5838,4251,614,-425,-587
78038,-5039,-4372,-4796,-1639,-741,134
78039,1603,6133,6602,-913,1873,-650
78040,-5553,-1719,2600,723,861,1935
78041,-84,-7926,-2918,-495,1567,907
78042,-4784,4312,226,-651,666,97
78043,-2261,148,-2505,-1355,340,1432
78044,3444,6638,-6625,-1273,-1616,1880
78045,-2739,5928,6527,204,1188,768
78046,-387,-2681,5744,1012,378,7
78047,-2668,2623,1011,-118,-948,-1480
78048,6718,-1500,-825,571,1694,1853
78049,3733,-4355,-7305,693,-411,596
78050,898,-2395,-7720,719,-1799,-601
78051,4605,2910,5826,1353,-1812,-1785
78052,3366,5279,-1207,-498,1583,1891
78053,5941,5728,-1716,-92,463,-844
78054,5860,826,-664,-1481,-823,-1431
78055,5550,3517,-899,-1022,652,-898
78056,4286,1876,-7920,789,195,263
78057,2919,-214,-3399,-653,1615,1321
78058,-5930,-5508,716,-1221,1862,-549
78059,7404,-5977,-3874,-1314,1646,-255
78060,6227,-7865,7352,1177,915,1441
78061,-6804,6863,4382,716,466,-444
78062,1143,7051,4174,879,-564,854
78063,0,-1577,-6495,501,-1150,-665
78064,224,5384,-5395,-183,1472,-1999
78065,-6194,4121,2150,-596,920,-660
78066,616,-6778,5801,-888,875,-1456
78067,-1049,1573,-1369,-1370,-413,-1259
78068,-6025,5852,-6488,-1753,648,25
78069,2358,4039,-5163,-244,-345,285
78070,-2347,-7533,-3007,-919,1959,-1136
78071,2785,-1914,271,1181,801,1429
78072,7769,-5553,-1224,1729,-1930,-313
78073,-6073,5741,1990,501,-1405,1618
78074,468,-6214,-2492,716,-490,-910
78075,7635,4932,4818,756,-1868,-1385
78076,-2840,-4337,-1613,1035,-769,-1394
78077,-2127,-7431,-2196,408,372,-37
78078,-3032,3575,-331,-222,-938,1021
78079,-4968,-5913,5869,-554,1201,-1563
78080,3924,-283,1652,-1936,147,-1263
78081,-6040,7535,-609,-1497,-293,-1995
78082,-6056,-7306,-2649,490,-1453,-1466
78083,-6794,-3018,884,471,1714,1520
78084,-7079,2679,4897,147,1764,-1710
78085,-1495,3609,-4829,-482,752,459
78086,-1912,5935,7712,-544,1233,-532
78087,2235,616,4929,470,-1000,-1761
78088,3308,-6282,-1591,1060,379,-1808
78089,3168,848,1129,741,1850,1309
78090,-7953,1344,4679,1347,220,1562
78091,-3516,-4076,-7798,-1137,319,-765
78092,-6389,-4011,-7041,1167,-809,432
78093,-5849,6237,-6382,817,-795,-116
78094,1830,7610,-4943,349,1305,-13
78095,1550,-1459,2863,-937,-1679,1263
78096,596,-1554,7480,-456,1533,-245
78097,-4982,5767,1,-7,583,-159
78098,-3381,5898,-4467,-1955,-791,790
78099,4008,240,-2031,-1151,-2,-1515
78100,4551,-651,-5368,189,-1419,-682
78101,5971,-3563,7430,-910,-587,-923
78102,4802,4663,-5131,-1760,440,683
78103,-3862,6411,101,1823,1839,-1710
78104,5277,7846,-1981,780,1008,1161
78105,5076,-5116,3902,-512,-1632,269
78106,1794,-10,-7062,-1928,794,1451
78107,688,5664,-7861,-1246,-191,1219
78108,-6564,2199,1818,735,-568,525
78109,-5238,4302,-5896,-2,908,344
78110,-564,-7302,4424,-1131,-426,-960
78111,-3597,5168,2101,323,1084,-1433
78112,-1685,-7588,-7602,-844,1,-694
78113,864,-3418,6751,-368,-1175,956
78114,-7273,3495,-65,200,-645,1850
78115,6883,807,2301,-1996,829,1081
78116,788,-2104,4701,-741,-1967,1051
78117,-7151,4244,6862,-1363,-557,1398
78118,-5754,3753,3908,-1144,263,1721
78119,-1636,-6182,4071,1572,-832,-1884
78120,6039,-1945,4015,-596,1463,-944
78121,4219,-7513,3225,656,1131,-1375
78122,-7501,-7932,4615,-1841,-1104,-845
78123,5114,3171,-6476,-130,1164,-1061
78124,-3236,562,-678,987,-1170,-627
78125,2660,7180,1588,460,-526,-842
78126,1510,-6542,-7526,1126,-542,-1809
78127,-4834,-4810,1473,-306,1676,-319
78128,5957,-2023,-6292,1938,1851,-474
78129,-2323,6912,3945,66,-175,-1201
78130,-4868,2283,1545,1761,-1330,-98
78131,3267,5077,-1184,-697,-684,-1883
78132,-5194,5534,3986,939,188,-956
78133,1637,-7779,2100,-1777,223,-1970
78134,-1254,-7260,3057,265,-687,1946
78135,435,4723,-6373,1557,-1441,-1547
78136,6081,4791,3190,-1750,750,-358
78137,5486,10,774,1689,623,-235
78138,-118,7743,-7061,-344,823,-1298
78139,7474,-3469,4791,-1017,740,-1176
78140,-4423,6448,-3443,-575,1000,441
78141,-23,6692,-3174,-1005,-787,1762
78142,-4683,5128,-671,162,1932,1863
78143,-3526,-738,6285,-882,1204,1564
78144,6921,-6044,5778,784,1329,693
78145,-5284,3165,7427,1598,898,-1028
78146,3369,2912,2523,-1943,-468,1881
78147,-7142,-7939,-2204,1187,73,-73
78148,7401,2799,6036,-1587,65,-1059
78149,5717,-2221,-64,1245,-1505,-573
78150,-1389,4308,1410,-1799,1502,-269
78151,-2328,-6562,-6587,-1721,-385,1584
78152,3592,3900,-5536,1590,-1752,-1893
78153,2186,3589,-5913,-1523,-592,442
78154,6054,3825,-5953,-221,773,-1158
78155,1290,-7166,2670,-449,-524,-1329
78156,4690,-2352,5174,-1507,-552,1535
78157,7112,-5595,1940,1779,-207,-561
78158,-2537,6068,5734,1231,1642,-1672
78159,-133,3568,-410,-668,1791,392
78160,7463,-2562,-3150,-31,-558,-1608
78161,-1903,2211,-339,364,1697,-1233
78162,-2127,-7752,5300,-16,768,-1998
78163,-996,-5182,-4582,267,1046,1064
78164,-2187,-3821,-1975,-1135,1813,889
78165,577,-4292,-2687,871,-25,1920
78166,3212,-2951,-7654,-950,1803,1284
78167,-6383,834,-4024,-1689,1478,1513
78168,-2262,-6375,-1947,-486,-613,-1906
78169,-6264,1910,-55,1044,-992,-5
78170,-3533,-5995,-351,-1124,-758,-1301
78171,5403,4915,3410,374,100,692
78172,-1014,6354,6079,1174,-3,39
78173,376,7272,1744,891,-82,734
78174,7741,-1694,6906,-546,-644,881
78175,-3155,6071,147,1800,1480,141
78176,1333,4442,-5282,1074,1875,-1888
78177,2495,-7589,-2545,1706,270,1817
78178,-5645,962,2898,-891,-1462,-1930
78179,-5434,5169,-2494,1963,-420,479
78180,3159,5514,5145,1604,1298,538
78181,6408,-5049,-7184,-1678,-1115,275
78182,-1637,-4697,6450,-1044,855,-1551
78183,-1244,3706,-1852,515,1485,1937
78184,4194,1992,5078,-1511,-298,1037
78185,-4876,-5873,3791,866,-1093,-957
78186,4218,1587,-4609,168,1826,-648
78187,-4925,7437,-2681,1878,-306,-1901
78188,-5318,4995,3192,-426,1887,-978
78189,-162,2006,-3835,1524,1282,745
78190,-3362,2518,4309,1149,222,1008
78191,1143,-5496,-1255,569,-1838,-387
78192,5248,-3256,-1502,-258,1901,-541
78193,-78,-206,-362,269,507,1896
78194,5354,-4985,4377,-813,-1347,-1020
78195,-1962,3452,-1475,-71,194,-1671
78196,5425,1805,6964,329,-1457,660
78197,1849,-1372,-3270,265,364,1806
78198,7653,-7559,-982,-956,-191,-1458
78199,5431,948,11,486,266,964
78200,6580,-6135,-5312,-1677,-1053,1935
78201,5660,-4692,6183,-495,-1668,638
78202,6820,3014,-4852,-1495,1510,1545
78203,-1412,-5070,-601,240,-1025,-1211
78204,-7645,-6113,-121,-1845,-68,1199
78205,-5361,-426,-1184,-1606,401,74
78206,-3310,-2420,-2713,897,-1558,945
78207,-4816,2377,-3073,1150,628,-703
78208,-134,6992,4772,-1364,-79,836
78209,-5117,2277,-3807,1691,751,-1709
78210,-7719,-1343,-2325,-871,1115,1560
78211,4411,-6037,7598,-1488,-931,-1604
78212,6153,2889,-5852,478,-691,-590
78213,144,-5846,-2646,-948,-1677,1737
78214,-2882,4865,-5025,-1057,1340,1072
78215,6428,6696,-4520,-1,-83,-53
78216,6787,4524,-2784,-404,178,1146
78217,-804,3072,6350,1726,-1470,1252
78218,5573,856,1656,1240,-1850,86
78219,5587,6763,6223,1433,920,1036
78220,2327,-3615,5538,496,949,-430
78221,-1865,3985,-5575,-419,1159,29
78222,5724,7575,-307,-1266,-979,-222
78223,3344,-1526,-5274,-1511,-21,-1500
78224,5884,-4348,-6006,1449,1501,-1684
78225,-4960,3709,-601,-260,-796,1878
78226,-7135,-6197,3476,1495,1638,1324
78227,4240,-2604,3536,-1036,1468,-1494
78228,-2081,-7111,5529,470,1886,-812
78229,1947,4207,-2366,-513,-746,-97
78230,6557,3677,3116,1755,-1392,1308
78231,6172,-4481,795,1078,829,1567
78232,-6815,-4959,6228,725,419,1728
78233,-4274,1068,3781,929,-1765,-17
78234,-848,-7165,-4002,-1890,1323,79
78235,5885,-611,7593,1560,-1707,-378
78236,-4796,6658,299,-264,773,-767
78237,-3397,3539,1324,1448,-1820,-1800
78238,-1521,7640,6832,21,-1489,1913
78239,-2393,-7554,2719,918,755,-41
78240,3861,-5069,3751,-1488,607,-1244
78241,4617,-4603,-5842,61,-1300,-1764
78242,2364,6386,5129,-1897,3,747
78243,-6583,-2733,2431,103,-1700,-870
78244,7651,-2404,-4878,421,-1551,439
78245,1939,-1085,-7301,406,1641,-1967
78246,-3069,-627,6010,1732,-706,660
78247,-945,-4751,-1112,1638,-624,537
78248,6637,-1350,-6480,-876,-1986,-1205
78249,6609,-127,-1577,248,-846,103
78250,4033,3813,1209,-1667,121,769
78251,5832,-5213,-1388,1579,1411,-289
78252,1543,4403,2988,-1801,-1235,-328
78253,5471,-7912,5784,-500,909,1801
78254,-309,1049,5981,-188,1835,-1082
78255,2405,-3359,-1997,-1132,1773,816
78256,841,6727,-7671,-1824,1526,-537
78257,-4455,4538,-2833,-1455,10,832
78258,6343,913,-2643,-1542,410,-725
78259,-7170,-1845,-1011,471,-1951,-1857
78260,4327,-5877,-5174,-793,241,-39
78261,-7053,7070,944,-1266,893,1508
78262,-1927,-3435,220,289,1383,185
78263,2341,2570,942,1427,-700,-580
78264,3279,-2091,7956,1346,-914,-414
78265,-1909,-1431,6754,1309,-411,-1251
78266,6302,-4887,-3395,-144,-81,-1756
78267,7647,-5631,4297,1917,-1337,-1181
78268,5554,6997,4950,-1404,694,-644
78269,-416,-7186,4345,1283,-928,-473
78270,5645,-4157,-806,-1856,-1801,1905
78271,6322,7221,4132,594,1360,705
78272,-7235,6842,9,-61,757,-217
78273,7251,-2934,-2257,1041,-1215,-890
78274,2407,-1340,-5472,-19,740,491
78275,-4523,5872,-2438,-260,-984,1234
78276,-3090,6063,-1229,66,-1929,-1791
78277,1677,-4870,1427,-313,1832,778
78278,-2522,-5300,6335,1105,-1153,522
78279,-7717,-4971,-2920,1363,-166,-854
78280,-3572,1179,4843,-1009,1818,-377
78281,3161,-1104,-209,-335,-1489,-412
78282,3170,4900,-3268,1038,236,-1878
78283,-1329,-727,6572,1889,-595,571
78284,-1178,1375,-3273,-1787,1865,-1630
78285,3804,-141,-7820,1281,-770,375
78286,-5837,-1249,-5538,-959,616,-308
78287,5998,7005,2431,-835,416,877
78288,4062,-6183,-5622,34,1336,1827
78289,3894,-765,617,-1368,1897,1617
78290,-6557,4829,-2876,-1578,1874,15
78291,3312,-4584,-6290,-208,-432,-781
78292,-3744,-3781,-121,-789,-897,1240
78293,698,-5697,-2880,1176,1309,558
78294,522,1640,4495,276,531,757
78295,4167,-2778,-3548,1972,-441,1290
78296,-4771,-3299,7432,-599,1707,396
78297,-6167,-1572,464,137,-1718,-157
78298,6266,-2197,-7317,1438,303,1018
78299,5512,-6296,7266,-1313,-883,-1454
78300,6115,-220,1812,-430,-1951,1012
78301,5990,2020,-6580,-80,-1015,-781
78302,2268,1187,7466,1843,-1287,-679
78303,-7807,-3983,-5388,1138,573,-1651
78304,7581,-4897,5958,401,-730,1315
78305,7386,4110,-6328,82,537,-1437
78306,2755,7533,-2245,862,-1805,744
78307,-2295,4024,4274,1877,768,95
78308,2078,463,5737,1266,-875,1857
78309,2209,4759,-5429,606,-947,-751
78310,6705,1118,4892,-1280,1498,466
78311,-5230,7299,3432,-1272,201,1916
78312,-7281,-2175,3694,1574,895,-1458
78313,-2527,-2767,-5416,-1905,792,-51
78314,654,536,-1723,1872,1281,-1317
78315,4801,-2797,4794,752,1132,-1194
78316,2835,-7372,5964,-198,146,334
78317,-296,-1107,-1933,-1383,-544,-1120
78318,-4401,-2515,1346,1045,-1277,918
78319,-4242,-3355,4574,-899,-1482,-1004
78320,2922,5947,3950,-908,-873,1927
78321,1932,-3954,4107,898,-1782,-1071
78322,7375,4744,-7468,-1409,-9,-184
78323,-5456,6351,4370,-995,1243,540
78324,6540,-2193,-958,416,359,-189
78325,-3496,5414,-257,1003,-800,1974
78326,5312,-4392,3803,-1671,1464,1524
78327,4756,3283,2817,-517,-1766,-1484
78328,-5966,1507,-1992,593,-977,416
78329,5198,-295,387,-1611,236,173
78330,2212,-6077,-5306,-639,933,-1404
78331,-4757,-4837,1408,1708,-1415,326
78332,-4992,3629,-7258,287,472,1771
78333,4080,-2392,-2936,134,275,1704
78334,4145,4397,-1812,1536,-1592,-354
78335,591,1532,6237,1722,669,-1051
78336,3983,-2810,7041,1525,-555,-1762
78337,-6578,6203,7848,180,1264,535
78338,7946,-3259,-2386,100,1919,-1863
78339,3358,-3456,4490,254,-1224,918
78340,-544,7669,-4481,1505,-398,250
78341,6651,6295,-65,-836,178,162
78342,-2822,294,4942,-1839,603,-59
78343,-1710,5497,-615,204,1473,-1947
78344,-5627,473,-7679,1272,1449,540
78345,3079,-768,6790,-1702,-838,-824
78346,-83,524,-6303,939,-1803,-1940
78347,-1716,1473,-1744,101,-1416,653
78348,-363,-4806,2783,604,95,360
78349,-662,639,-1382,-1554,1758,-1503
78350,2631,-428,2093,-104,1137,-1425
78351,7318,5527,3139,-1244,-1752,24
78352,-7873,5161,4710,-379,1391,509
78353,-2029,7023,-3519,921,-240,1459
78354,1068,-3621,-3470,357,443,350
78355,-7263,-4779,2042,1069,1374,-1297
78356,7184,6156,-325,1111,-744,211
78357,4385,351,4044,1077,1018,1572
78358,583,-7786,6487,-1884,-1769,-261
78359,3547,-2827,-6928,-1105,418,257
78360,-2941,1762,3732,-29,841,-763
78361,4894,-1651,6079,1461,-1799,-867
78362,6414,3652,-7564,-245,-178,1260
78363,-6414,-7629,-3270,-1522,240,1890
78364,3115,-2568,760,-156,-1571,-1133
78365,3917,-2510,4482,450,808,-307
78366,930,-7152,-231,-102,1022,194
78367,-5105,6395,937,-534,2,1242
78368,-4015,-1724,-120,602,-1755,-1440
78369,1571,4796,-7929,1513,793,-1809
78370,3405,2278,2579,-1086,-656,-793
78371,-179,979,-962,1509,344,-1846
78372,4008,-7078,6144,-883,-1235,801
78373,947,7545,1763,-1293,1035,-1189
78374,-4831,-1903,183,653,121,-859
78375,2864,-7799,-2636,-1195,-1060,-957
78376,1787,-7571,-7524,353,-769,1525
78377,4565,4427,3102,-643,-370,783
78378,-2644,-7634,3274,-949,-1506,1076
78379,-5726,-5537,-489,-1977,1002,-609
78380,-1947,-5962,1227,-1705,733,1284
78381,-6182,6381,7724,-1310,1900,-1585
78382,4733,4444,-2812,1483,-1184,213
78383,-6638,2997,4639,-1398,-899,-1653
78384,-3130,3232,4297,1923,593,-1886
78385,7838,-1940,-4046,383,804,-71
78386,-1776,3182,-5478,225,-13,1959
78387,4337,525,1758,24,-1974,-1430
78388,-498,420,-4023,329,1143,1708
78389,-5180,1729,7508,1640,-1908,1533
78390,2717,-6864,4637,1638,841,1524
78391,1526,-4501,4860,-465,1973,-961
78392,3610,-3386,4292,701,345,-1051
78393,-1421,491,-426,976,-112,896
78394,-5289,7331,1295,-1970,-225,770
78395,-1344,-6738,-515,-1745,-169,817
78396,-3268,-374,-3718,-1579,744,-735
78397,-7606,-6046,-2720,-1512,1647,-974
78398,-6920,2499,-6396,-1311,-206,543
78399,-5078,-3490,3910,304,-653,-1826
78400,478,6090,7698,1953,-1983,848
78401,-5398,5302,-2857,1117,-1875,582
78402,211,-3177,2093,-212,-1777,1199
78403,7078,-4517,6141,803,-624,1098
78404,893,-3265,-5028,1571,741,1387
78405,-3368,2226,-7077,-305,1170,-566
78406,7667,6640,-1153,-1400,441,1124
78407,3875,1142,-3842,-1064,40,-339
78408,-3854,6233,4059,353,-1583,-1509
78409,5761,6821,-102,-806,1051,1225
78410,2059,6457,-5983,957,-339,-1681
78411,-3688,-728,1228,-73,1043,1936
78412,-4897,-1050,-1169,70,-584,-1362
78413,5933,508,5821,-33,-238,-1417
78414,-7802,7564,5732,-1583,820,-1240
78415,-7177,2268,-6960,914,-169,515
78416,-5345,5564,3589,1940,-326,-1123
78417,420,-7695,548,193,-1685,1496
78418,4343,5010,-3239,-1901,103,-365
78419,1961,-1043,5213,410,-1931,1593
78420,1994,-6998,5499,1193,-1669,1511
78421,-1289,1277,7300,-1267,28,-704
78422,5384,2532,3477,12,-693,1571
78423,-91,-7375,1537,-299,810,-937
78424,-695,-1832,7402,-1978,-1260,93
78425,3685,3369,-2028,-890,1090,-1594
78426,4056,4817,3205,-1779,-1570,1814
78427,-4976,7220,-2472,-190,140,-941
78428,3224,7744,-2928,1190,421,-56
78429,-828,3378,-5540,-22,1171,1806
78430,5382,-4974,-4279,1789,-1479,1524
78431,-2539,3099,-444,408,-1079,861
78432,-5866,-2433,-4494,-140,11,328
78433,-1748,6765,3203,-211,-942,-1367
78434,-3128,4513,-4434,-1632,179,-1518
78435,4713,-3140,2369,1772,1228,-977
78436,6096,-1841,6454,-1138,-749,-1841
78437,-7208,-3239,-7222,275,-592,1702
78438,-2372,1567,1294,1765,1356,-415
78439,4486,-5168,-3690,-1253,-1712,1410
78440,-7280,-2627,3564,880,-1122,1614
78441,312,-1509,6835,-1487,1109,-316
78442,7648,6049,-2175,1613,507,1876
78443,-2041,4455,1181,-174,1092,-1364
78444,-2300,6043,4146,63,1751,-1747
78445,1619,3415,5782,-1105,-247,-208
78446,-7733,-3238,-6772,-1538,-1914,966
78447,4184,-3274,-6685,394,-728,-1952
78448,6120,-5431,-4380,880,-1471,1353
78449,-6709,-1549,-1585,164,-1530,-46
78450,7106,-540,5508,-1650,-1477,-887
78451,575,4803,-3247,-836,-624,1391
78452,-5922,2468,4093,1486,-1074,-441
78453,4007,-1831,5931,-184,1831,-1046
78454,-203,-6491,-1387,144,-131,1296
78455,-3131,-444,-3369,-1646,1039,1591
78456,-1084,-770,6433,-1747,-423,-44
78457,7574,-6047,-5665,984,-14,1993
78458,2384,1362,-1421,1629,745,-1803
78459,-6453,2757,-2178,-1820,623,-1452
78460,7191,4597,-167,-1706,1503,-402
78461,-6335,3219,-1933,1885,1156,1524
78462,4524,-2797,-1088,-1578,-1360,84
78463,-1109,-803,-2408,1600,987,1968
78464,3648,3811,-4779,-1506,898,1041
78465,-5747,-411,-3185,606,-667,1168
78466,685,-988,-6929,1245,1267,-1648
78467,-1401,7618,-6969,196,-703,-312
78468,-1911,-6807,-7452,-1570,84,-976
78469,3796,-6820,-523,1730,-943,-1791
78470,5113,-1630,1624,-1771,-519,-1611
78471,-1387,5460,796,-1712,1639,1213
78472,97,-1308,2323,-1022,-1205,-1954
78473,1750,-3167,1706,-626,-1988,-1286
78474,-6345,1008,-4373,1141,-1363,1016
78475,5810,-5548,-3255,-1465,1418,-1313
78476,-2191,5099,-1091,-1839,-1017,1958
78477,-5123,119,-1751,-1242,928,-1403
78478,5648,3097,-3562,882,590,1560
78479,7860,-7875,3621,729,-1043,-868
78480,2732,3313,-1229,1739,-683,-60
78481,3388,3638,3730,-1243,1062,-1225
78482,3142,-2794,-2151,-1411,1793,-957
78483,-223,-1172,-6858,-141,-884,-707
78484,-6887,5231,5866,718,-1538,-1698
78485,-5399,765,5161,-1317,1829,-1122
78486,-5560,-2099,7389,-1165,1352,1038
78487,1608,2494,7110,-53,-1335,-1473
78488,6620,1061,1941,1834,-615,1885
78489,-5293,2103,-2267,600,-1779,1489
78490,7539,1794,-1601,-1827,876,1691
78491,-6025,5625,-4399,-88,404,-78
78492,3639,7940,-4151,-994,-1173,480
78493,-5482,-4904,4077,-1838,1003,1708
78494,2860,6797,2502,-119,646,579
78495,-6750,-1286,6920,1278,-1562,-284
78496,2558,7578,-5631,-1663,727,-565
78497,-5972,373,4835,1100,-1275,531
78498,2086,-3709,6719,-1069,-1128,1040
78499,5666,-4871,-1718,113,-1507,-293
78500,-4280,-6245,2400,-1880,-1548,1334
78501,2705,6357,-569,1245,-89,-522
78502,4275,-7,-3038,228,561,1017
78503,-4755,6560,1401,-1787,1354,301
78504,-3728,-7041,3124,-1067,1240,-1198
78505,6145,-7141,10,256,1048,-1238
78506,-631,-2738,5433,1540,1667,247
78507,-4818,-2785,-3843,1646,8,1225
78508,7053,7044,-3407,-1943,705,1698
78509,-6112,-2458,-6951,-829,-451,-1839
78510,-2479,2203,-5940,48,526,1980
78511,5666,-6024,-7224,46,926,-1208
78512,-4675,-10,7248,329,-1051,1073
78513,-6921,2172,-4617,-984,1316,1052
78514,-1252,415,-6036,1614,-765,-441
78515,-6945,-459,7394,476,-1784,1038
78516,5746,1251,-5056,-830,-780,412
78517,-289,3092,-7829,1413,-777,-796
78518,5601,5842,5981,1187,-270,-543
78519,-5620,-6847,-738,-852,-254,623
78520,-1430,-7436,-803,-77,-959,1610
78521,-5727,-2671,-3069,159,1891,222
78522,-6699,502,2460,-1701,18,323
78523,-3061,3277,-804,-1701,1286,-1405
78524,-3683,-3768,103,804,-29,-1044
78525,-6381,-345,-4526,1417,1778,-1690
78526,5618,-1882,-1283,1717,-1147,257
78527,1715,-7986,2024,1268,-162,1040
78528,3881,-4469,-1149,1127,939,989
78529,-5939,-6497,-5257,1889,1155,1904
78530,2924,5702,-2915,-173,1819,-1368
78531,6969,3200,-6852,-904,394,1404
78532,3499,1732,4629,585,726,-1881
78533,-7788,3315,2535,1286,-1277,1875
78534,1899,-5508,-2060,-932,301,-810
78535,2469,5827,-2267,1706,206,-1650
78536,-6634,5870,-4250,1945,1788,-606
78537,-3707,4734,-3906,299,-1228,-1227
78538,1450,-791,-7093,-431,-1075,-1246
78539,-6863,7938,-2851,892,1649,725
78540,4625,831,7484,780,-894,-1362
78541,-5110,-6181,-6559,1492,-1697,-1528
78542,-2379,-3992,2637,43,1448,464
78543,233,4334,6542,267,1197,-896
78544,1267,-2944,5728,661,512,-1836
78545,4019,-4822,3174,1440,105,29
78546,6044,-1188,7936,-888,-1578,226
78547,2747,-3257,-2223,1434,161,1257
78548,-3155,-4845,5338,1487,1585,-1449
78549,1086,4841,6013,764,929,1273
78550,7062,-4536,6780,1498,-190,1752
78551,5944,2473,5257,1666,1331,-1072
78552,1188,-4668,-5797,320,834,14
78553,6937,-3197,-2080,1758,-739,1694
78554,-5104,2733,6568,-1290,256,53
78555,-4458,-2178,2573,1733,-1643,-1414
78556,-2217,-5727,5704,1831,-625,-1603
78557,-922,1610,-3615,-794,1765,949
78558,6184,-4146,6389,-452,-1771,-412
78559,-6549,-3191,-2109,850,960,1612
78560,5000,-5558,-4779,-1080,124,1555
78561,-4744,6472,748,-625,3,-1633
78562,-2654,588,7884,1000,1708,-771
78563,-2950,-7809,-4186,-157,-1564,501
78564,-3564,-7629,750,-1753,1671,-270
78565,-2563,-3682,1157,-983,1807,1736
78566,4289,-2801,-5181,1547,-1825,1656
78567,-784,-2958,-3637,-826,-706,317
78568,5206,-4440,-6479,312,1551,963
78569,-7081,5759,4329,941,-1182,416
78570,-427,-7274,-1360,-123,265,-1390
78571,2672,-6649,949,92,-1998,1730
78572,-472,6903,4149,-173,349,698
78573,-2138,6047,3431,105,1347,1183
78574,-704,5,-6295,1053,-659,1043
78575,-2061,7059,-4583,90,-1788,1651
78576,5022,5000,-822,-1755,-1488,-1915
78577,6088,-1293,-7897,-1945,-1743,793
78578,4851,3980,5248,100,1319,1026
78579,988,6227,5921,-361,890,-1723
78580,-2666,431,-601,544,236,-1252
78581,490,2414,2145,-1300,-1785,1296
78582,4892,7036,1245,-1939,-276,-1354
78583,-7653,-7568,-652,-682,-1238,-846
78584,3304,-7586,-3372,366,470,-235
78585,-2866,-5164,-459,-1114,-1749,1458
78586,-5756,-4265,3790,-1022,-1138,1835
78587,5950,-2516,-5530,764,226,1619
78588,7894,7370,7883,336,1998,-999
78589,4586,1806,7820,362,815,273
78590,-2827,-4812,-1442,1985,-139,1107
78591,1206,6950,295,511,-1104,724
78592,6299,-4177,5867,1550,298,-73
78593,-3487,-955,5683,-1970,-1420,694
78594,-7993,6788,-725,1380,-1142,-1615
78595,3188,6232,1167,-1134,718,-1856
78596,410,7827,-1875,-1057,1110,1121
78597,4538,1219,6284,21,-463,186
78598,-166,2481,67,-182,268,-1918
78599,-6586,3578,1868,750,-502,-1602
78600,5852,-5870,-2055,1526,1896,306
78601,1446,-4511,6762,238,1541,22
78602,-6449,6591,6404,1525,209,1794
78603,2218,4021,-7957,-1874,708,129
78604,-3932,-2573,-2756,571,-1655,816
78605,3126,-3400,4437,-1901,1135,-1558
78606,4818,-4235,6745,-412,-681,-889
78607,6214,-605,-5488,1182,1642,590
78608,-4020,-4033,7330,-843,932,1387
78609,4921,6955,2802,-16,-934,1572
78610,2436,-4618,-3611,4,1383,-1151
78611,5444,-6900,-7157,-972,1797,1378
78612,3527,-2402,4514,-526,616,-1750
78613,6099,7427,-4819,1291,1605,821
78614,7062,-2357,-7257,-193,-842,-513
78615,-3407,-7235,6166,1147,244,743
78616,6020,3734,4810,-1434,-166,-187
78617,6591,3204,-5812,-585,-890,-22
78618,-2489,-3091,6696,-825,1636,-716
78619,-7884,5234,-3808,542,1005,1466
78620,-1979,6800,-571,-309,1443,-1371
78621,-4119,1371,-7066,1234,444,344
78622,-795,6755,5650,647,510,-1822
78623,-4426,-7380,4514,-194,-1671,-1724
78624,4254,2143,7020,144,-802,922
78625,-6510,-1598,7155,-1596,1502,-1872
78626,-4945,7673,-2128,-1807,-1487,92
78627,-663,-2192,3389,-610,-1043,-629
78628,-7380,3218,-5084,1374,13,1356
78629,1604,-2970,-2168,-965,-1361,-1542
78630,-4391,-4818,-431,1456,-58,1592
78631,7638,-2550,-3370,-701,257,-581
78632,-2720,2007,3949,-75,1051,1770
78633,-503,-3654,7534,-1497,-1684,862
78634,7040,-3419,-4197,-1435,369,769
78635,5059,1291,5802,-1160,1261,1770
78636,6910,-6181,7561,-740,934,1836
78637,-1823,6501,-2794,-437,-1189,1581
78638,5192,-1601,-7424,-167,822,1262
78639,-2820,-2878,-1788,861,-284,-1494
78640,-3940,4884,-690,-1304,1550,-675
78641,3289,-3633,656,1788,876,325
78642,4122,2163,626,1989,-1389,501
78643,-1661,-5969,1296,-1477,-315,1850
78644,7888,4627,4277,152,1953,-1767
78645,5913,4094,-7268,-197,628,419
78646,637,5346,-4352,833,-1,1978
78647,360,6158,-2208,-1804,-1501,750
78648,6134,7689,3898,-1433,95,989
78649,-221,-7727,-4407,-373,-1571,251
78650,-347,-5191,243,-1694,-326,-559
78651,672,88,7098,-978,437,-1226
78652,2331,-3171,-2319,800,-589,392
78653,-5057,-3556,5130,1747,-1801,293
78654,-4301,-5583,-403,-375,1115,1051
78655,6720,1192,495,1823,688,380
78656,7037,-6659,-7283,-635,-195,-344
78657,-6180,3141,-7783,233,1419,-137
78658,1196,-1425,-1206,-1863,157,251
78659,2795,-6205,-5151,1840,-1888,102
78660,7210,-5675,-2653,1549,820,-342
78661,3001,1219,-1161,848,986,-1604
78662,2716,1228,4450,-722,-971,978
78663,-6521,-6399,-398,1144,-917,-1702
78664,-5397,-3480,-2811,-292,-482,-980
78665,-3132,2743,2252,726,-1891,-1104
78666,-5998,-4370,3086,-594,-1233,-1329
78667,-1611,-3587,6005,-1412,-1431,1611
78668,-2931,1260,4049,-1891,-118,1148
78669,-7085,7263,5418,-257,-1643,-1522
78670,893,-6224,2890,-452,1047,-421
78671,250,4601,-5540,139,-1065,-1631
78672,-2485,6728,1100,-495,-1364,989
78673,-2070,5342,-1841,1804,-1227,-368
78674,188,-767,6927,-442,1059,-773
78675,-5135,-7960,4547,-140,322,928
78676,6766,2074,1040,-1433,480,-1579
78677,4570,-392,6136,-796,-71,-798
78678,-2516,-2094,-4400,346,620,-934
78679,7731,-7924,3829,92,416,88
78680,-7505,7317,-4142,1776,-706,-603
78681,3779,5824,7487,37,-1790,1923
78682,-6072,7384,-4461,-904,-1728,-1614
78683,-7368,6932,80,164,-765,-1230
78684,1266,2158,-3545,-136,-1285,-1415
78685,6457,180,290,-742,-197,1437
78686,-6207,-2304,475,-1329,786,-621
78687,3874,1506,2367,867,-849,1260
78688,323,4123,6817,-206,377,351
78689,-5142,6325,-3427,-1834,728,553
78690,3546,234,-50,539,1954,-1584
78691,-3353,-3829,-6540,-722,1203,-253
78692,-2382,-2074,-1657,-1667,591,1845
78693,2617,-7019,1332,963,-815,-341
78694,-4768,7350,5486,1259,1436,-429
78695,-2269,-6719,-3629,-474,381,109
78696,348,-113,-7590,380,-1970,1624
78697,-6464,766,-7499,919,19,1869
78698,5591,-2112,7602,1203,80,-395
78699,-7163,6597,1675,-937,381,979
78700,1986,-4698,-1248,1859,-1073,614
78701,111,-5061,4162,491,-1714,140
78702,4041,-3318,-3819,-1404,103,172
78703,6143,5466,-4439,-814,1248,-621
78704,6823,-2587,-452,931,-1386,-142
78705,-2318,-4123,-4058,-735,1071,-1636
78706,-3237,6185,754,33,-1694,887
78707,-6408,611,3954,-1685,1255,-1054
78708,-2896,5318,-1061,1169,1748,1060
78709,-6196,461,5278,1819,-1088,1765
78710,7901,-7903,-4972,-1484,1883,1212
78711,7401,7887,5246,1547,-519,1825
78712,-4721,-4385,-6192,1891,663,84
78713,-4409,4745,-6958,125,-1679,-1672
78714,-2659,2507,-6880,394,1612,-620
78715,-2959,5352,737,1478,-742,483
78716,1683,7585,2781,-60,1910,-1615
78717,305,3353,-5349,-637,531,1208
78718,-107,4837,-4912,-581,1179,1637
78719,5530,-2986,-1956,-748,95,1385
78720,6480,-1005,-3288,-1682,543,-1156
78721,-5638,1161,4023,1497,1707,-1926
78722,-1982,3908,-1227,1809,-1768,-1633
78723,571,238,6003,-170,328,928
78724,5075,2594,-6917,1186,1215,-903
78725,-6827,4531,-3431,-1746,-850,-187
78726,-6676,-263,7891,-712,-1190,647
78727,3715,-6801,-509,177,1967,-213
78728,-4986,-153,7368,-1442,680,561
78729,6488,3134,-1344,286,-959,-1669
78730,6357,-4680,-4830,1434,-462,811
78731,-3174,-7419,-3390,1951,1998,-1640
78732,4908,376,3393,115,-316,-770
78733,-1678,-5440,-1273,-654,351,1584
78734,-2650,631,-6488,443,159,360
78735,-4984,-5046,-140,-825,1057,-1537
78736,2747,3325,1112,1889,1355,-1030
78737,-3616,-2152,-4623,1626,1886,1720
78738,-4876,-7734,7105,1597,-735,1389
78739,2322,-667,-7389,-206,-497,-1902
78740,3901,1485,-5747,-819,733,1636
78741,-3078,5690,1872,992,1403,-170
78742,6652,1699,541,4,371,-176
78743,4212,1905,-5802,162,351,68
78744,-4338,-6676,-3214,67,-838,1103
78745,4107,-88,-1048,430,-779,-37
78746,-4141,2048,-2557,-635,-590,987
78747,-1583,7182,3421,246,755,-341
78748,-1737,5837,-115,-1814,1552,-1802
78749,6797,-5180,4931,240,-440,888
78750,2039,-2093,394,-1228,1127,-1006
78751,5013,431,1491,-247,-1958,-1471
78752,-2346,-4171,1444,-987,-1468,1273
78753,4864,7003,-5435,-1916,-549,-358
78754,-3620,2164,-6856,-1339,-1173,-205
78755,-6692,-2288,-5144,220,-352,-1707
78756,-5944,-1981,4904,251,74,-59
78757,-6482,2349,4614,-142,-959,-1368
78758,-2559,-7722,4399,514,-1836,259
78759,-4250,-5960,-4322,220,-1580,-1583
78760,-5372,4547,-5415,-1296,-770,-1128
78761,5170,-7532,5167,-1884,-629,-1320
78762,3615,-2491,-2975,-216,-1194,590
78763,-7027,2080,-5340,105,1364,-1976
78764,4470,3364,-6934,812,-950,545
78765,-5710,-4302,-3167,-1825,61,-33
78766,-6855,-4196,-6936,994,661,-851
78767,4036,-3622,154,-986,731,-580
78768,314,-7410,7595,-1578,957,135
78769,1225,-594,1733,-1431,-1370,-1217
78770,312,-787,-250,-1532,664,782
78771,-959,-5623,-3117,1098,1294,1159
78772,-4969,-584,-5233,811,1543,97
78773,4301,-7006,-5653,264,-1053,-1623
78774,-5432,-7987,-4946,-1495,1045,636
78775,5419,-5028,-5102,-1400,1407,-1327
78776,5917,7426,-1703,17,1984,460
78777,-251,-7454,4403,1912,-1009,-1574
78778,6913,3106,-6062,-1684,-689,-1983
78779,6730,-7172,4980,150,1902,1676
78780,-4392,4612,997,-1641,915,-281
78781,-1023,2317,2077,1760,-101,504
78782,3717,4139,91,-1226,-378,73
78783,-2706,-501,7208,-186,-1951,-54
78784,564,-3580,-7440,-1456,53,1388
78785,3351,6191,-5821,767,-1038,-151
78786,-4340,-7580,-2829,543,107,-387
78787,-3088,-7391,782,485,556,-40
78788,5584,-623,1924,-1396,1550,1517
78789,6752,-2808,-3386,-240,1678,-675
78790,-5978,-1717,1769,983,-409,-1940
78791,2156,-6067,1237,1462,710,1005
78792,-5499,-198,6796,1593,1784,-1155
78793,4422,5517,-3023,-1781,174,-1341
78794,-4234,-4028,-4746,-588,-566,-877
78795,4677,1774,905,-964,-1477,83
78796,-4578,-2285,4840,1463,-273,-1328
78797,5487,-157,3739,-126,-1730,470
78798,-2374,5158,-7295,8,470,1184
78799,-698,3349,-4753,1587,-638,1289
78800,-1174,-5655,-5434,-179,1755,1677
78801,2936,-6074,6769,-1743,-1611,-251
78802,-2563,-3964,-5240,-1016,215,1166
78803,-3847,6687,-7555,221,-592,-885
78804,-5916,-3117,-6133,285,-1528,36
78805,-4833,1465,7760,-848,-1321,1719
78806,5135,-7608,7920,242,936,1698
78807,-3648,-5095,-3789,-581,1278,-649
78808,5532,-994,28,-1537,1909,-1941
78809,4539,-4956,-4093,-104,208,-270
78810,3075,452,-4423,-1699,-82,-1204
78811,163,1972,-3823,902,549,1612
78812,4554,-4979,-7450,793,-1274,168
78813,4481,2894,6387,1538,-1940,-980
78814,4794,-2237,-712,-186,-1597,1548
78815,3434,-3206,-3665,1599,595,-70
78816,-4407,-1240,-503,-650,-468,-579
78817,-3288,2475,-4652,-759,-1740,1672
78818,1710,3958,5838,1,-1309,489
78819,5646,4953,-6577,-1757,1988,-96
78820,801,3833,-2538,6,-1052,269
78821,2166,5314,-1945,1374,764,27
78822,1448,-3320,3168,1910,1015,-105
78823,-1098,1693,-1248,-80,-324,-817
78824,1711,-7845,-4959,-1231,915,1118
78825,-571,4922,-2566,-152,-727,774
78826,-2174,5636,3518,1519,1721,-1508
78827,-1868,3359,224,-448,1567,907
78828,791,1141,1084,-895,-1970,1947
78829,-3680,-6946,5658,-600,1051,1204
78830,6715,-1151,1074,-981,168,-331
78831,1124,6084,-3147,221,1148,1710
78832,2340,-7719,-629,989,1346,-1707
78833,-5011,3573,1915,-104,729,-1463
78834,5195,2820,3350,1266,1502,-1607
78835,-6606,3286,-6471,-1563,1412,1802
78836,3938,-838,6187,348,-1043,-258
78837,-4697,3836,726,-1861,72,1675
78838,6797,-6559,-2024,1507,-1369,-178
78839,-7476,-5596,7995,-975,-754,1302
78840,-528,2230,-6856,48,159,-356
78841,4234,-4830,-2454,1090,506,-328
78842,-688,5957,4596,-1170,-1740,1527
78843,4885,3676,-6062,559,1624,341
78844,6082,2766,7601,1162,-1285,-1015
78845,-580,690,5701,740,1302,-28
78846,-2232,-2354,6741,537,976,-76
78847,1815,-6892,1989,177,-894,627
78848,7817,-3037,-6200,-1932,27,1902
78849,-4186,-6543,1662,1066,1209,-1592
78850,2158,-6341,6517,1462,463,751
78851,2775,-1329,-3760,1478,-365,-567
78852,-3739,-7399,3071,1919,-165,1145
78853,4361,-3506,4048,-900,-1334,241
78854,2462,5685,-5114,-604,769,1791
78855,-5590,7165,-6558,1721,-1048,-786
78856,-6471,-5079,6014,-321,-314,1321
78857,-2178,6545,-7658,564,-51,-1513
78858,-1913,-5158,-1583,869,-1337,1919
78859,3045,-6223,-1137,-524,-1423,168
78860,7517,6575,-3353,333,-1591,-420
78861,5474,1137,4303,425,-1958,1207
78862,-5807,742,4429,27,-1048,1077
78863,7423,4048,1736,559,-1748,-1409
78864,-6586,2852,4367,-1321,320,288
78865,7225,4372,2021,595,1688,633
78866,-616,-3307,-5114,-834,-1940,251
78867,-4303,4812,5516,159,-971,794
78868,6017,-2042,-7413,-1844,1750,515
78869,-2893,1394,1310,-1751,1985,-1609
78870,1033,-623,-4368,966,1644,209
78871,5085,-1180,-7284,491,185,1031
78872,3369,7840,-7011,1826,-1715,-970
78873,6036,4205,-3091,1860,-987,863
78874,-6831,-373,-4353,-965,-1282,1188
78875,553,-7128,7367,-1684,-65,-1953
78876,2211,-1785,7294,1018,-1182,1745
78877,-1104,2307,-3774,1866,-93,-418
78878,5992,1214,-1064,1513,-1481,-1579
78879,7167,-217,6955,1640,1923,-1029
78880,7449,-3003,-5957,-1590,-1337,190
78881,-5331,7211,-6500,1760,9,-272
78882,3083,-8000,7175,666,426,-750
78883,-845,-4896,397,-104,986,-1868
78884,-3843,-3161,3492,1188,-1624,-1904
78885,3445,1398,1617,-417,-837,-1562
78886,-5682,-2821,-4895,801,-588,-1254
78887,1288,579,7484,-1232,-691,802
78888,3258,-5748,4551,-1937,112,1051
78889,3418,-5150,-5889,819,1294,1165
78890,4199,-1359,3950,-1594,-1606,-1348
78891,4059,-1020,-4942,160,835,95
78892,-860,3822,-2232,1664,-1419,-1498
78893,-6338,-6856,5922,-98,-73,-1668
78894,-5488,1490,-4678,-921,-101,1891
78895,-4112,2716,-840,-1287,1176,-1052
78896,-7866,-5690,3404,-1033,657,1009
78897,7912,-3289,3743,230,-742,-1506
78898,-1931,-6439,7976,-1625,1557,1699
78899,1325,7201,2808,672,1262,-209
78900,-2739,4909,-7558,-1651,-1024,779
78901,1938,-3748,-6247,1646,1832,-874
78902,4180,-4082,4130,-789,-690,-1845
78903,1798,6676,5382,-61,1237,1949
78904,2295,3121,5344,1962,-1831,-1977
78905,-2681,-3717,7638,257,-572,-100
78906,4133,-2870,-7031,-911,-1332,-1140
78907,7470,3394,6920,521,-467,-1453
78908,3929,-7019,821,-141,223,403
78909,-4892,2156,-2416,-1933,1422,-105
78910,337,393,-6335,-577,533,877
78911,5943,5804,-4756,-1376,-100,-1015
78912,617,-3353,-3841,-68,918,-270
78913,-2023,6100,-5190,-1030,211,-1922
78914,6811,-2642,6036,849,-840,-639
78915,172,4038,-1180,469,112,-1289
78916,-7530,4574,2499,293,-1022,-1659
78917,-7875,6973,7181,1108,1084,991
78918,-3737,3644,-1404,1822,68,520
78919,6965,5446,-3169,1226,53,289
78920,-18,-6938,-3093,-848,-462,-1590
78921,-3680,1196,-1433,1767,1245,1629
78922,-5833,5404,-1289,-1757,1119,-1847
78923,1312,7853,-3830,1961,-355,759
78924,3755,4843,-2430,1973,-485,101
78925,-2123,4837,1173,766,938,-1492
78926,-2921,5989,-4658,848,-1459,753
78927,-6255,-341,1005,-1033,1665,71
78928,-2161,2007,-749,712,-330,923
78929,1549,-5974,3346,-966,1586,367
78930,1166,-2644,4810,-347,518,-1093
78931,7174,-2740,546,-1801,173,-637
78932,-6565,6669,4640,-262,-1459,-396
78933,7046,-4661,-1372,-583,-1522,1815
78934,-4316,2525,4053,-553,983,-276
78935,4870,-6424,-781,-894,1541,-669
78936,-6126,3945,600,-1963,-1986,-1026
78937,-7834,-3473,-6136,-1071,475,-1676
78938,520,3535,7385,-322,-1780,403
78939,-2476,-6257,1321,1848,266,326
78940,3069,-3515,-258,-1923,-1073,-1813
78941,-5654,7974,-4661,1361,48,-968
78942,-2724,-5086,-5604,-1026,979,-702
78943,1599,2435,3044,215,1320,-600
78944,-5134,-6515,-6060,-989,187,-1970
78945,-5475,-529,311,-1747,-1870,-1860
78946,-7236,-4554,389,1684,1227,1978
78947,4590,-4610,-502,-1911,-63,765
78948,-6581,327,4655,-1313,-1702,-1148
78949,-4536,-6995,-7774,-1777,878,-1164
78950,6008,-3076,-6509,-1578,899,-966
78951,-3206,-1358,4844,-1999,-1749,-1837
78952,-3956,2195,1802,1629,-1421,1746
78953,7037,-7047,7986,273,651,-563
78954,536,-2031,-666,1551,-1459,-795
78955,-3481,4464,-1924,573,1420,-526
78956,7186,-7850,-1100,-234,-874,-101
78957,-5288,-6592,-2885,-41,1337,1606
78958,-7966,254,-5648,-1,693,771
78959,284,-7368,-7964,1201,1744,-1725
78960,3495,-4343,6800,1056,-173,582
78961,7180,-1789,7481,-1860,-1291,1994
78962,2963,-5910,-2393,-546,385,341
78963,4313,-73,1167,-1710,-942,-1835
78964,-5147,5970,-3183,1029,-1195,-545
78965,-1881,-7625,-3541,1029,-1112,-1095
78966,2077,4421,5020,-196,578,-731
78967,4301,-7006,2091,1522,1580,881
78968,-5959,3860,-1639,238,1250,340
78969,389,-4783,5723,-746,1013,1501
78970,-5532,-4865,2139,-20,-1731,-1930
78971,-4860,-793,7904,-45,1635,-799
78972,6093,-6316,-4491,1331,-864,1578
78973,-4897,-5281,6942,966,-604,-1360
78974,-476,221,-6889,-1986,1825,-1006
78975,4895,6683,-4729,252,1354,-273
78976,2602,4576,4955,-916,-895,401
78977,1176,4038,-2674,1420,-139,1537
78978,-6161,7251,3788,-185,708,-379
78979,-6610,-5390,6325,699,-1201,-1067
78980,-6142,-7109,3011,-1332,322,-118
78981,-4064,-918,2763,-1602,-1664,411
78982,7560,-4717,-7877,267,427,1829
78983,7755,5991,-3346,267,-371,1192
78984,3554,-6734,-5955,985,1711,-163
78985,2150,4364,-1350,1168,1959,-1092
78986,-4768,-2303,-3209,1334,148,-332
78987,7274,-5747,7268,-1658,-253,1165
78988,7128,-6558,741,444,-1062,738
78989,-5084,5,1292,1937,1602,1449
78990,-1490,677,-7620,-156,1893,-1887
78991,3872,6313,7138,-1241,1517,-1098
78992,2011,3854,1019,-1043,1186,794
78993,-5519,-7379,5437,-216,1080,-1170
78994,417,987,3231,-727,448,-1025
78995,3803,-1245,-5478,451,-511,-550
78996,-3003,-3119,2901,-806,-290,-894
78997,4857,602,-4421,1483,-743,-1118
78998,-5012,2036,296,-592,719,-1343
78999,-4042,6564,758,274,-253,1515
79000,-2151,-7485,-5601,-365,1734,853
79001,-949,-3929,2673,-1800,455,-1490
79002,7771,-1826,941,27,770,21
79003,4398,-1644,-7235,1341,214,1385
79004,7266,-1671,2954,-1157,-1389,-318
79005,-1664,1995,-334,1723,-649,1837
79006,2733,3472,-5071,-444,-945,1985
79007,-4792,-7196,7845,-612,-1174,-1781
79008,-6079,-2171,-3709,917,1243,5
79009,4586,7931,6498,-823,1486,1552
79010,-5077,1212,-2391,-1459,717,-1885
79011,7702,6195,-4384,894,-1492,-385
79012,-1561,-283,-7745,365,1308,-260
79013,3930,5530,4733,-1926,-1140,1561
79014,5614,-4190,2948,1482,-740,467
79015,443,4164,1385,-1249,-1602,266
79016,-4480,3937,7405,1348,1980,-1055
79017,7638,-6050,3423,1426,1728,-684
79018,3858,4882,-6374,724,1994,-748
79019,-5769,7125,947,-1708,-812,1655
79020,7553,-932,2160,-117,-1254,1205
79021,6347,-670,6682,-1280,1889,-793
79022,4518,6121,-1823,1872,-975,179
79023,-35,-370,-595,540,1611,-1634
79024,-5426,-4995,862,1019,825,-952
79025,-1002,-1911,-6228,-969,546,-845
79026,-5231,5927,-6055,197,-709,-1907
79027,5865,-3909,4862,343,-846,776
79028,-1852,4897,-154,1196,-1300,797
79029,-934,-5014,-3749,1576,-334,-1993
79030,-1143,-3131,-197,1256,-877,-1683
79031,-2801,-6617,-5435,365,-727,336
79032,-4505,2526,-1175,-731,319,1570
79033,1966,6501,6003,-1863,-1629,526
79034,-2431,-7076,-4693,-210,1450,505
79035,6051,7322,-5182,-1756,545,-1998
79036,852,-4768,6564,-1976,-1561,-211
79037,-5661,-618,4105,-600,-725,669
79038,4550,3759,1087,1554,-542,1567
79039,-2801,-1367,-6880,-1382,-526,-881
79040,4076,-1729,1205,-1943,-1716,1098
79041,3646,2274,-6868,1705,369,929
79042,2626,-3300,3648,-1233,-188,-1681
79043,-6890,-3243,-7575,1928,-467,-403
79044,1642,-5570,-2390,932,1192,477
79045,-4513,2028,7969,1564,66,428
79046,-5672,6153,-7122,-1464,-838,1622
79047,1117,-3608,-3645,-1595,383,796
79048,-7704,-339,-2340,707,1969,491
79049,3345,2814,6579,1593,91,-327
79050,5492,-3584,-5935,372,964,-529
79051,-7569,6002,-4252,651,-32,163
79052,-7279,6128,-3830,1369,582,479
79053,4098,1841,-6261,679,-1858,1533
79054,500,6967,-1718,-950,-637,561
79055,5412,-2040,4881,-182,1197,1642
79056,-2037,5690,-5133,-1166,1298,747
79057,6729,-4679,-4578,1958,-225,698
79058,-1196,6137,-2089,1803,587,-343
79059,-1949,7554,-4138,-275,1347,-769
79060,5104,1854,2933,1329,-1757,-53
79061,282,1839,2047,1595,-1587,418
79062,-6067,-13,2719,-819,-846,-894
79063,-5014,-324,-2827,-255,-460,908
79064,7158,-3679,-4043,1153,-1441,1393
79065,-6277,6481,-2239,-229,-1247,-241
79066,6762,-2256,-2782,84,-1522,-1662
79067,-3074,4378,-4497,-1688,1324,668
79068,-4799,810,2577,1278,908,1260
79069,-6439,-5084,2212,-1425,495,-1259
79070,6466,-1691,-5190,1393,-8,948
79071,3012,-1737,-1939,1664,438,717
79072,7677,-3041,-3656,621,487,-1128
79073,-2567,5387,-5423,1769,1225,-1422
79074,2430,703,-6657,-1254,1909,-507
79075,-1416,2034,-4366,-1752,1937,-1259
79076,1181,-712,6798,1766,-1370,-1811
79077,-3084,2498,-2173,1882,-1908,1698
79078,-218,5987,654,54,1975,68
79079,7007,-5776,7661,-1181,-775,1939
79080,1334,7399,-1607,453,32,1540
79081,-3105,-2733,1278,102,-1800,1730
79082,3153,2084,-4693,285,1479,-578
79083,2290,-4816,-4266,864,-1277,1437
79084,1911,1265,-2425,1430,-1253,1546
79085,-4991,2855,6313,-664,1604,-1841
79086,2890,5765,2323,1948,-200,700
79087,4485,3578,4604,920,-861,-247
79088,549,-3404,228,1541,1900,303
79089,-6570,-3338,5586,1866,443,1373
79090,6398,6528,3181,-1767,-960,1625
79091,5328,643,2999,1191,-1737,-972
79092,7511,6336,1588,-310,-650,-1085
79093,5463,-6954,-6055,-313,-634,-30
79094,-4971,802,-6928,747,1866,-1376
79095,4335,5589,-4535,1015,1365,652
79096,-3913,5324,868,-909,-1290,1950
79097,-4689,5198,3049,-205,1205,-1906
79098,4040,3123,4406,1575,1974,443
79099,4375,-4596,-2483,192,198,492
79100,1671,2312,157,-924,177,-20
79101,416,-6574,-6051,749,-790,-912
79102,-55,-6224,-3933,-728,1645,-1733
79103,1430,-7700,-6161,674,-988,926
79104,-205,-7947,-6802,-1496,726,-1028
79105,6302,-5020,1936,645,-1456,-1357
79106,-3043,5411,-2149,-1216,1964,529
79107,806,-6893,6648,-707,-4,1434
79108,38,2450,7860,-872,368,-1677
79109,2502,-3610,-7885,-1552,1397,322
79110,2666,-114,-369,-1395,856,1624
79111,-172,4913,898,-1940,1666,547
79112,-7920,-1870,1465,2,997,193
79113,7964,4199,7765,598,1002,1843
79114,-7131,-7948,-5436,656,-824,-1778
79115,3480,-1935,-434,1369,-540,-479
79116,-2261,-4602,-7319,910,-1941,-811
79117,5847,5774,392,-1445,-827,980
79118,276,5952,7654,-919,937,661
79119,1605,1347,-2049,-1207,-578,630
79120,-7461,-3920,-6833,-818,-348,-1034
79121,-2755,6440,-4077,-51,1106,-9
79122,1187,2527,-1275,1396,1178,-41
79123,6735,1299,1032,-374,-1017,73
79124,-3716,20,2165,1988,1830,-212
79125,-6772,2873,-7431,-165,1835,-1124
79126,-6596,-5550,-2587,1889,1302,494
79127,2906,-1609,-1093,126,-1572,248
79128,-1804,-3145,2507,936,-1723,1338
79129,-5678,1716,-6328,1329,913,1680
79130,-2569,2152,-2609,861,-1470,-1789
79131,-5907,-2339,3630,396,1747,1972
79132,3727,-6773,-443,-347,1731,-1318
79133,4506,883,6232,-961,-66,835
79134,-5441,-2657,5067,-1153,-944,1698
79135,-5743,1641,-1799,1870,1891,-489
79136,-1201,-1989,1307,-996,-1398,-1663
79137,2638,3015,3619,-1392,1056,19
79138,-959,3177,4504,-1226,1132,-1540
79139,7692,-1163,6843,1423,785,-361
79140,5016,4467,2738,-935,698,-370
79141,-1027,-7541,1855,176,-415,919
79142,6698,2611,-4612,94,1624,1612
79143,-4872,-7876,-796,1405,1338,-507
79144,-5696,-6490,4045,-256,-377,-1251
79145,-3264,-6728,3602,821,-1273,1720
79146,-1455,313,-1566,-1548,-1529,942
79147,-5205,-5746,-4655,-1804,224,531
79148,6733,-3400,3091,540,-111,20
79149,-5037,-3028,-7028,1689,1984,888
79150,6696,6838,-5700,-870,-1356,-349
79151,-606,4765,-3826,1833,-505,-654
79152,7087,3652,-834,-465,-879,-190
79153,7311,2747,-989,-832,651,308
79154,7001,-3536,-1969,1424,-1334,1391
79155,-5353,4256,-2389,74,-860,286
79156,-1582,-4487,-5308,1085,439,357
79157,2449,2903,3524,-340,1885,-1871
79158,-5169,-7984,-1046,-1844,1307,-507
79159,6470,-4801,-6519,708,703,-1493
79160,5805,2136,6600,-1748,756,-1372
79161,-6397,6006,-7504,-257,-1693,1279
79162,-2133,-4475,-3821,-485,-1414,1704
79163,-197,-7337,-3336,526,-1929,-1952
79164,-334,7784,6229,-1161,1280,-232
79165,2851,-6348,-5984,1763,555,1390
79166,-362,-5775,6892,-393,-117,114
79167,4601,-6307,6290,988,1320,-1909
79168,7486,-3808,7213,-870,180,-1418
79169,-1627,-2040,-2548,1253,-1382,925
79170,-2291,-7913,-3998,1022,-957,-1504
79171,826,281,4232,-720,-1225,1355
79172,2114,4942,-2714,-767,1476,-319
79173,5160,3293,4666,309,1857,143
79174,1643,-6520,-282,-334,-104,491
79175,6551,-4302,6626,-978,257,978
79176,-1444,-1156,-6661,1057,321,-852
79177,-1890,-1810,6107,-328,1882,-1678
79178,-1774,3104,-5910,1769,393,-343
79179,-1228,7525,-5172,-509,720,-1325
79180,-7505,7797,-6729,212,746,1414
79181,3242,947,-2513,-593,-1178,1614
79182,-4626,-1228,-7083,-1467,123,625
79183,5942,-996,-5779,-1575,256,-771
79184,3928,7763,1827,-660,-1100,1265
79185,6269,-7908,-3983,-153,-1721,-1680
79186,7321,5504,309,1824,-225,1140
79187,-7527,-2358,-3632,1834,-1930,635
79188,-5927,2489,-5083,-1481,251,1494
79189,6816,422,-1674,-1642,694,-363
79190,-2397,-4467,3672,1956,-45,1128
79191,-876,5900,-5603,418,1129,-1202
79192,5382,-4205,-3500,-198,1649,-446
79193,-1091,7663,-5456,1713,1084,986
79194,-6652,-6384,3340,-158,-756,588
79195,5713,7216,6067,1621,134,-4
79196,6698,-1680,15,-1388,1276,-413
79197,-5036,2770,-1988,1768,1209,1681
79198,1811,-3164,233,-1624,-1639,-473
79199,5714,6356,6974,-1025,-1672,662
79200,-2257,4616,-774,194,-102,-712
79201,-4171,-235,-1413,716,-1178,1099
79202,-4219,-7910,-6274,24,306,832
79203,-5091,-1945,-6520,681,521,-882
79204,6988,-7816,7042,1190,989,-1468
79205,-5306,1727,3413,-1548,1436,1754
79206,2029,3366,-6782,1998,324,-445
79207,1165,6085,3838,84,-901,-1613
79208,-2842,6422,4327,1513,517,-1961
79209,7326,5863,-7604,1166,1077,1855
79210,-3852,4052,-2887,-129,-1095,1056
79211,3410,-5020,4267,-519,1277,-1737
79212,-2317,-7023,-3549,1999,1831,1920
79213,5329,2051,7903,-732,-1467,1709
79214,-5513,-1457,-473,1177,1969,530
79215,-3794,4343,6002,-1716,231,-490
79216,7395,-6113,-4421,1066,823,-1290
79217,5137,-7667,1119,1984,-1359,370
79218,3269,-5913,7504,897,1484,488
79219,-4927,-7896,4806,1903,1415,-1590
79220,973,2127,1612,1199,-1579,1952
79221,-376,-3847,-2092,-1305,1400,1287
79222,7593,2904,333,1822,1420,727
79223,2935,5694,5105,771,-1864,1008
79224,5741,3094,-5200,-1662,132,1745
79225,-5883,5247,660,138,-1403,574
79226,3903,1281,-1705,-1429,776,1581
79227,3547,6381,5209,-1875,498,1587
79228,-6466,1058,622,-1094,60,193
79229,-6443,6894,1650,-1443,-1705,-270
79230,-3180,-6847,-7372,-1973,-1781,1437
79231,7409,20,4869,1327,1710,620
79232,5166,7710,6374,1935,1607,-1855
79233,-3530,-4321,1732,-672,-1449,-93
79234,-6075,5342,2525,902,-1311,-1361
79235,-7812,-6317,5771,-583,1637,1054
79236,1986,-1574,7117,-1417,-352,-1269
79237,-4256,6705,4097,-166,138,337
79238,-1756,-6580,7119,408,368,-973
79239,1862,6205,516,-230,-1518,-1296
79240,3817,3084,-4253,1178,1861,-1759
79241,615,784,-4864,924,315,-469
79242,4477,1868,-7664,1150,-1839,696
79243,6811,-5046,-2259,604,629,-569
79244,5846,2992,-7501,882,-98,920
79245,6630,-562,-5905,167,882,377
79246,501,-135,-3187,-1666,1404,247
79247,7848,6594,-5886,178,900,1047
79248,3371,-6392,2891,-27,1032,-287
79249,3536,6246,-3113,-916,-167,-689
79250,3928,-1224,-5752,-1926,1004,-893
79251,6894,-2393,1570,-1885,1326,-141
79252,-3772,5032,-5321,1236,-797,1492
79253,2231,7837,-4320,1896,-180,1517
79254,7044,4512,551,207,-587,-1437
79255,4064,4314,-3222,-1344,534,-1512
79256,1075,-4427,4517,-620,688,-1213
79257,1008,-699,-3599,-47,1066,1841
79258,-1990,-3889,-6462,363,-1256,-1948
79259,5977,-4499,5425,-1511,-1402,416
79260,-7526,-98,1972,1736,1682,-963
79261,-1053,-4460,-4159,783,-471,446
79262,-7240,997,5872,621,234,-390
79263,-524,-7202,-55,15,969,657
79264,-3866,854,6988,-551,-1408,13
79265,-5295,3893,2267,1472,1224,321
79266,-3554,2727,-2651,-756,956,-193
79267,2794,7025,-6299,46,-643,1487
79268,5835,3258,-271,-233,486,-1591
79269,1723,-2288,-6499,1210,1461,1975
79270,-2801,1589,-7410,1800,-1680,-1118
79271,-2576,-5012,-720,742,-937,-1069
79272,-4031,7395,-205,804,-1212,944
79273,-1372,-5130,-2340,-1931,1850,1778
79274,6366,-5940,-2234,-811,959,-1140
79275,7829,-6855,7906,-72,754,580
79276,2208,3974,-6893,-1805,819,-740
79277,-800,-4541,-4091,1565,1261,-1955
79278,-382,4666,-2203,1325,874,539
79279,-7897,6398,-6977,121,-269,-489
79280,-4353,-2534,6745,-212,-775,1461
79281,-4850,5307,-545,-367,-833,-1799
79282,92,5558,-4075,-1243,576,-307
79283,222,6382,4575,-1853,-1508,1657
79284,4612,3699,4149,1909,-8,-243
79285,-1326,-2256,2321,732,1446,1086
79286,3348,6466,1045,-1343,-1690,615
79287,-7923,-2895,2167,-41,-780,-820
79288,4662,3204,-258,-319,-1217,348
79289,-6888,-7769,-1797,-1614,51,962
79290,6229,7847,-5767,-1709,414,85
79291,2963,6057,-2570,-634,1511,1507
79292,-535,-4135,2929,1419,-413,-863
79293,2231,-1499,459,1494,-1820,111
79294,2147,-1884,-7618,706,1054,1838
79295,2303,-6644,6782,1287,-1097,397
79296,-7384,-2793,-3677,1738,-384,1443
79297,7607,2528,2523,277,174,-405
79298,-905,3818,-764,1373,633,1419
79299,-1536,-5580,1612,1785,-472,611
79300,-4430,3049,4231,-47,1688,-1342
79301,-6626,4546,-5849,-477,-1458,-931
79302,-5869,-6678,-4369,1868,-1099,-1406
79303,-231,-848,1591,-1322,1578,-1370
79304,4893,-379,5356,1568,-499,-1508
79305,-7671,-946,-5223,1630,1980,954
79306,3684,-7596,-5906,-1216,196,79
79307,-3156,1178,-607,-1492,968,-136
79308,-3445,1392,1248,327,1680,507
79309,3101,-7197,3866,-866,457,-1649
79310,-6097,-5780,2708,-1888,1156,1584
79311,-1770,7148,562,-960,1771,955
79312,-6992,-6555,-6342,1345,-257,1925
79313,6930,-4302,-3248,-1371,119,-249
79314,-6126,-2325,-7554,1153,-682,-845
79315,4551,1930,-3422,-919,1384,995
79316,7450,-1306,1286,1465,1489,1315
79317,1642,7039,-2045,428,379,-1426
79318,7785,-6317,-2690,-601,-1395,685
79319,-7722,6700,2434,512,392,-168
79320,-6214,-5142,2943,-1063,-1200,-1599
79321,546,-851,-3691,1583,1764,-660
79322,1677,-5161,1367,-762,1702,-112
79323,1326,2390,-2833,-950,-715,-311
79324,516,1262,-4001,1828,-926,92
79325,-664,-3970,-1312,-263,1109,-1290
79326,2543,-748,1001,444,-1850,-602
79327,7821,2799,-4472,-74,536,-1834
79328,-7097,5236,-5772,-1399,1029,390
79329,1561,6021,4486,164,-1644,872
79330,-491,2640,5870,-372,-195,-429
79331,3136,-6872,-7328,-931,-1170,-1029
79332,6684,-5280,4573,1220,706,771
79333,-6457,-1641,-651,325,833,16
79334,3997,1421,5550,-1718,-986,1131
79335,-6287,-6539,4421,689,807,-786
79336,2549,-3955,4513,-1107,664,392
79337,3329,418,-3868,1581,346,1990
79338,-6267,-7234,1906,-889,-1666,162
79339,4981,2425,-479,-1680,708,-396
79340,7094,-6459,7954,-921,-1498,-1433
79341,-1134,-1392,-525,-75,441,848
79342,1561,3550,-4014,1916,-1386,1041
79343,-810,47,4776,1959,-774,-985
79344,-2701,-6602,507,-432,265,860
79345,-2683,-7747,1417,1393,1523,-1872
79346,-5656,-1503,1916,1052,-907,-599
79347,3643,1501,-3126,-1945,-136,1579
79348,-4670,5578,-4995,992,538,1734
79349,-2363,-2486,3327,1780,1910,200
79350,1850,914,3931,-1060,-1511,695
79351,-7691,1926,6653,-1525,714,-1929
79352,-3323,568,7494,1281,1825,1300
79353,-1953,2961,6158,-1282,-838,-992
79354,-6032,-347,-1818,746,-899,-1405
79355,907,7658,4481,1715,1350,680
79356,-6667,4827,2415,-610,-1156,1479
79357,-911,-7362,2826,1818,-1809,324
79358,4589,5283,-6383,-706,247,-695
79359,7470,-1568,4131,1796,1321,-718
79360,-2425,6241,3994,1140,-690,-382
79361,5236,-1244,1967,734,-198,949
79362,-1546,1927,2023,1270,1017,-803
79363,6447,-5033,3086,-1462,1075,967
79364,1396,-4084,-4062,-1071,-231,375
79365,2557,5371,-4730,-1788,-1298,-922
79366,7761,687,-7623,664,389,-710
79367,-4290,1090,-2465,1054,-1228,-1951
79368,1663,413,-7654,-751,-803,-964
79369,5447,6347,1921,1953,-1800,551
79370,2133,2674,-585,1911,1238,953
79371,215,5292,-1962,603,548,-1931
79372,-2288,-4905,6759,-1511,-1362,-1908
79373,3218,3122,3651,-339,1776,1738
79374,7972,3677,-6265,772,-36,-615
79375,5654,5277,5289,-1962,1874,228
79376,-5848,-4308,4848,-1905,1554,751
79377,-4292,-2983,-5438,1452,-868,-1930
79378,6074,-3801,-6125,1261,1949,-529
79379,3225,-4671,-2494,1838,663,-785
79380,5043,4281,-2221,-992,-356,1948
79381,5937,-7747,-3536,-162,-1879,322
79382,-5686,43,7316,-5,-962,1078
79383,-2812,2011,5238,1793,-1982,1399
79384,-4506,6452,3941,-903,1298,-179
79385,7152,5090,5399,-1984,1479,-454
79386,2646,-4985,-4276,-1963,409,-1430
79387,7717,6638,3265,327,717,-1151
79388,-5403,2061,-4398,-1410,1507,-909
79389,-4538,-4037,-5698,1650,-866,-481
79390,-1268,1671,-7856,1931,-1611,-1831
79391,6729,-2054,5987,-237,-868,-701
79392,-1533,-2178,3584,478,667,-1670
79393,6334,7023,3683,-941,960,600
79394,5598,-3519,-2549,-971,1875,813
79395,-1797,-1183,1819,-1866,446,-522
79396,493,-47,5579,971,-733,1403
79397,-7719,7150,-2011,-1136,1966,-1833
79398,6872,-5885,-5203,848,8,-1255
79399,-2776,1392,-3065,-1842,1476,-1507
79400,-4859,-5680,-6006,1580,-916,-249
79401,5723,7734,-3253,1918,-1877,-778
79402,-5470,-723,-6353,-734,-1184,-5
79403,-4336,4936,-1771,-1281,1986,82
79404,7850,-4292,-6036,-851,-452,-757
79405,7660,3428,-3746,-1208,-174,1979
79406,-6397,3077,-1954,-877,-862,-350
79407,-2591,-2329,-1265,-1632,-1529,447
79408,1579,-3270,-1208,489,-1053,1528
79409,-1280,2603,-5072,7,-1450,155
79410,3295,-7746,-2482,-1080,1663,-102
79411,3927,4585,-2714,-1604,-881,1918
79412,3141,2277,-182,-808,466,-1649
79413,-7009,-4125,6075,-1217,515,1753
79414,3400,7694,4185,-1780,1971,-84
79415,-1452,2048,-7089,-1744,1551,-1453
79416,2603,-6764,7796,594,688,859
79417,694,4777,7453,-352,826,-1532
79418,-1137,-3309,1862,-1476,-897,1132
79419,-5603,-4435,5124,1093,460,-1538
79420,-2377,2445,695,706,-1597,-1850
79421,4248,7271,78,1749,-1891,1642
79422,-349,-2897,-7473,-1688,-1652,428
79423,-2296,7166,-2171,-1515,1822,-441
79424,3479,83,-2773,-544,1961,313
79425,-2173,-2734,6193,297,-18,413
79426,-3451,7099,-2298,1708,1026,-1293
79427,-6891,6009,282,578,879,946
79428,-61,-2356,-3095,-1634,-301,-1907
79429,1490,-186,1998,-1714,-712,-1261
79430,-298,-1019,-3394,1564,-910,742
79431,7555,-6003,-3644,1693,-1195,1860
79432,7359,6752,-1291,1401,805,-334
79433,-1357,3476,6941,1479,-616,1995
79434,6250,6193,6305,-1649,-529,-829
79435,-2965,-2548,-3602,-1763,311,-1420
79436,-4744,1663,4634,-975,1657,43
79437,6878,-4416,-4624,1214,1155,-1956
79438,-566,5251,-3536,907,-598,649
79439,6404,-6237,1437,-1093,-1068,-496
79440,3678,1823,-635,1084,629,532
79441,-404,-989,-634,1242,1999,-1314
79442,-213,-1805,270,619,-646,-468
79443,1540,3275,5326,-1741,-415,-981
79444,5770,-7072,2384,-1752,-1520,-23
79445,1206,-6783,6616,-851,-615,-1913
79446,6419,-4779,-4525,466,-1917,-1681
79447,-231,7655,3923,-1416,-532,-418
79448,-255,-6705,-3513,-828,-1651,-876
79449,7577,1624,7731,-575,-1916,-169
79450,6080,4959,5557,718,-74,-790
79451,5431,698,-452,1728,-1875,537
79452,4177,-4825,-3802,-628,-302,-673
79453,1055,-6866,-2670,1472,1915,-46
79454,5793,-240,4238,299,800,-1815
79455,-7898,-4520,-2978,-1897,-34,-347
79456,-1386,-2141,-1885,1031,-1747,-1329
79457,508,-5615,-6282,581,673,1980
79458,-2458,3467,5311,-364,-83,1815
79459,6455,-1839,-5399,-1269,-1030,-1191
79460,5292,-1632,7791,461,-71,1442
79461,2962,-4736,7323,-717,-1631,1352
79462,278,-705,66,1478,1764,-1919
79463,-5275,-5451,-2071,-1987,-1313,468
79464,-622,2149,5215,-1727,-412,157
79465,4488,-729,-6668,-799,-1101,1861
79466,-2778,7398,-4256,1057,154,-430
79467,-6403,-7986,6084,-1069,-1332,296
79468,5023,-7395,-7640,-45,-1285,-4
79469,-4419,4917,-3049,-1882,-1557,1139
79470,-914,-5495,6309,1262,1604,377
79471,-718,82,-7853,-860,1126,-1838
79472,6408,2509,-259,45,914,1445
79473,-7018,-999,7559,-120,-1071,662
79474,-7264,-910,4355,1225,1559,-1000
79475,5198,6998,5801,1661,-751,1846
79476,-1278,6884,-1507,-516,1650,-554
79477,795,165,6505,-236,1141,-594
79478,2601,7536,-6021,-645,-1640,237
79479,151,-2405,3469,490,-496,-255
79480,4371,-4172,-6842,662,335,-1223
79481,3050,4045,1551,8,502,101
79482,5228,-4829,5909,357,-771,1626
79483,7013,-1281,4743,1374,-790,-1871
79484,-1698,-6923,-7027,462,1766,248
79485,-1182,-78,-2175,829,763,-161
79486,-7312,1435,-4783,1070,-1371,1351
79487,-7902,-2591,7989,-752,-552,-1583
79488,-5316,2338,-1726,-1584,749,1684
79489,22,5511,1051,-1941,-742,-791
79490,1208,-655,7394,-1451,-192,918
79491,-5064,-3184,2014,-30,-1193,1612
79492,-3057,4960,4106,-1772,1944,-1442
79493,4341,-7095,-2735,742,-1519,993
79494,-4893,213,1365,-568,-1623,-1405
79495,7291,-7025,5540,154,1085,-1767
79496,3454,-4876,6908,1098,822,-842
79497,-2075,-6239,-7032,-128,-1907,-850
79498,2497,154,7329,-1944,1105,7
79499,4676,6088,7932,575,-249,1001
79500,-7791,864,-5257,-819,-1968,418
79501,5789,5810,-4245,-1864,396,1097
79502,3645,-854,7768,344,1760,-1860
79503,-889,-7277,-1834,-1613,-1712,-131
79504,-21,4995,-6633,-556,-634,1683
79505,96,196,-7159,-1367,1897,-1541
79506,3978,6845,4587,1294,1623,-974
79507,5379,7605,4302,1051,1476,360
79508,-3155,7992,-987,36,1563,-134
79509,3058,-741,6292,-1844,-1502,-669
79510,2212,-3397,4500,-1061,1914,1952
79511,-24,5174,4816,1309,-1190,898
79512,-354,4776,-74,-255,-196,1963
79513,-3796,291,-3167,-10,-383,396
79514,-1457,-5038,1049,1592,613,-380
79515,-4750,-7334,763,1399,-124,217
79516,-1132,1724,-5774,466,-943,-810
79517,1086,4148,-5740,-550,-847,-670
79518,-5724,-6911,7694,1057,1547,1951
79519,-960,-5110,-257,-965,-919,381
79520,-1446,3161,-3421,1489,-506,1955
79521,6182,5648,-1114,1233,-1968,1658
79522,7911,-1839,-2182,-1708,1959,466
79523,-4985,5149,7387,-225,285,-1522
79524,-2008,6503,6349,169,-1270,-1554
79525,-454,5879,-5081,43,1606,-43
79526,-5095,-1667,5771,1774,-1453,-503
79527,-2925,-5988,-7344,979,704,-1882
79528,-3031,3248,-4464,-28,439,-1475
79529,-6150,-3204,-6011,1425,679,633
79530,6653,2271,-768,-1307,-269,555
79531,-3073,-5405,7255,-1949,-20,-742
79532,-7844,-777,-3902,1463,-797,814
79533,-2198,-1501,-4869,-539,-554,504
79534,5571,-7719,-2147,941,-1245,-1634
79535,1191,6012,-2799,-575,-1422,109
79536,7355,-4564,239,1047,-1037,-536
79537,-6177,5892,-1921,-1858,414,162
79538,-5276,-4336,-2016,-1318,1184,848
79539,547,1401,202,751,-216,316
79540,5224,1338,5322,-220,-346,961
79541,3008,-4137,-1090,-381,-719,-1680
79542,6068,2109,4666,1025,-1067,-791
79543,6009,-6826,-6545,317,1768,-618
79544,5770,-3985,-6035,-961,-1498,1554
79545,-882,-5736,-5862,887,-1402,-1196
79546,-4370,4484,6931,764,911,1586
79547,-4680,5480,2242,1650,20,1956
79548,4323,-2287,-7136,-1367,1959,1179
79549,6780,-1328,4063,821,-1220,-993
79550,3627,-5169,5191,-1207,-933,-1655
79551,-2904,-1747,-1061,-1855,-470,1574
79552,5763,5426,6162,-1417,-1289,-844
79553,2991,-3883,5490,1631,44,1653
79554,2198,7281,2778,-459,406,1662
79555,-4991,4492,1474,1946,-952,-943
79556,1389,-513,-5181,-1053,1697,864
79557,-4125,571,4335,-154,1526,-1999
79558,-1402,3975,-3471,674,752,1710
79559,5641,-599,4593,-1633,-823,-1100
79560,6373,7303,-262,-1598,1223,1333
79561,-3275,7521,6876,-1157,-863,1465
79562,-1763,-1205,-6119,1688,-1851,-1085
79563,4258,5353,1663,225,828,-829
79564,2464,-2765,-4676,-975,759,-192
79565,5107,-3434,-1136,-513,800,-1245
79566,-7384,-4312,-2209,-548,-1148,633
79567,-4399,-7196,4227,-233,-1760,-1999
79568,6837,-7489,-3489,908,1778,92
79569,-1986,-4992,7598,61,-126,-1598
79570,-3729,291,7582,-485,1946,557
79571,-3721,4055,6931,235,908,-1945
79572,-1876,3681,2944,1984,1707,-651
79573,-322,2709,7333,-1649,1366,-1492
79574,-7617,7414,-1624,-170,-1502,-1322
79575,-3858,3705,4423,-852,-1436,1499
79576,6902,-3379,1281,1809,-1727,934
79577,-3570,21,-1833,-1240,1108,1195
79578,-7143,-5850,2097,1665,665,-1988
79579,1141,-2307,-4461,1631,-1179,79
79580,-533,2463,2046,-1590,-1729,296
79581,7070,-7373,-6836,-1594,-1157,-650
79582,-2813,-7804,2850,274,228,1515
79583,836,3886,2426,754,-305,875
79584,611,-5066,7977,1356,-1303,815
79585,-4452,2991,694,-1862,414,-179
79586,6679,1406,6983,1610,1249,387
79587,-4840,-2971,-4254,1609,1938,1177
79588,1823,6612,-7182,1305,-1074,671
79589,-2109,-7857,1345,-346,-936,474
79590,4187,7660,-109,62,-1062,716
79591,-1860,549,-2082,1250,-1295,660
79592,463,-655,-6575,-853,-1859,-1357
79593,-5497,-5396,-1402,524,-1697,902
79594,7239,375,5649,1262,-374,-2
79595,1301,-5480,-4246,1220,250,-162
79596,-2994,7395,-3452,-1449,55,1784
79597,6407,-7284,542,-2,-668,-94
79598,-4974,6324,951,-338,-863,-1682
79599,4882,7932,-6344,410,-419,-1252
79600,4632,-4073,1141,-1911,1272,1176
79601,2791,-550,5988,-1160,-113,285
79602,4021,4681,-2755,443,1669,-1868
79603,6556,5695,-3612,185,672,-620
79604,4257,2739,1268,1926,-582,47
79605,-7504,-178,-120,-752,-1370,-404
79606,3548,-5406,-7356,714,-1996,484
79607,-305,-4021,5522,-1717,-164,1236
79608,3337,-5788,-6619,1885,523,-58
79609,-4293,-6186,-7872,-681,1303,-494
79610,-448,-2018,-148,197,-1350,1517
79611,5780,-7603,-6197,-1210,1403,1365
79612,-1564,-5035,522,257,-1277,-426
79613,173,5287,-7815,-373,1153,-1140
79614,-5173,-5772,3710,-593,1145,-1411
79615,2912,2871,-2104,1714,812,-495
79616,1542,3584,-6420,235,1536,902
79617,-328,2527,-3910,35,-927,1707
79618,517,243,-5189,-40,876,-1449
79619,-5122,-5968,-1231,-1302,-688,-608
79620,5608,-6997,7298,1452,-934,-1323
79621,-54,1645,-5992,653,1726,-1058
79622,-4845,2005,7062,-963,1039,1917
79623,-1846,4763,6006,1369,-1634,-296
79624,3025,4523,3301,1432,-1402,370
79625,-1792,-2433,-4787,-999,793,1344
79626,4844,-1768,-7262,-1078,-1983,-502
79627,-5643,-6327,5441,1082,-84,-1559
79628,494,4964,-2989,1543,-363,-899
79629,7456,4735,6474,813,705,-679
79630,4937,1362,-6460,-132,1636,-288
79631,6116,-6473,-7982,591,1397,953
79632,-137,3876,151,1719,-1713,-349
79633,-2489,-5690,-1304,-648,252,1224
79634,1524,-1953,-3874,795,1766,967
79635,4957,-7195,-839,-854,-1132,-216
79636,-7543,778,-1223,-1038,1389,1009
79637,3742,-664,7318,-1103,-1964,1178
79638,-542,-6911,3628,328,1485,-1534
79639,2604,-1235,1635,804,-1044,970
79640,-884,4188,-5699,456,1502,744
79641,5579,7544,-5979,67,1275,1671
79642,2073,6828,2141,878,1406,-1035
79643,-5685,-1052,-4853,77,-914,1079
79644,2093,6099,-1993,-695,-1579,949
79645,-3758,-6615,-4364,-742,841,1197
79646,-6270,-4551,-825,733,-273,-705
79647,-6717,5081,1736,-1068,-1989,472
79648,7719,1592,7686,-379,891,815
79649,2741,-749,-3409,274,915,-1828
79650,-4877,-7156,7965,822,7,707
79651,-207,-1513,6863,1644,1097,1339
79652,676,688,-4693,1226,958,-1297
79653,-540,3140,516,-383,1197,1532
79654,-6914,-521,-5011,-81,640,408
79655,-5973,4705,-4224,1467,-1323,94
79656,2098,-3633,979,45,1550,899
79657,-5797,-804,-2194,900,-1172,1927
79658,3041,5309,1155,-1332,-1513,-1309
79659,-1781,-5649,2572,1777,1741,-444
79660,-3832,-560,467,1266,1572,-852
79661,4520,2802,1807,68,-1567,900
79662,-7224,3991,-6769,1407,1708,-1929
79663,2352,-2317,1951,-322,1831,-290
79664,-7222,-7196,7815,426,-1035,-601
79665,6040,-6360,7807,-61,205,-1186
79666,6033,7929,5981,-1646,-1108,570
79667,-828,-6547,-5336,-324,1859,1115
79668,3190,5882,157,-662,1811,-39
79669,1015,-6450,-4320,250,-1131,559
79670,1790,4561,2989,-1087,-1729,-457
79671,-149,2472,-7555,670,-935,-406
79672,287,2065,-720,1709,392,134
79673,-2898,4941,-6969,324,-24,-362
79674,6411,-3235,-4727,1723,-273,-21
79675,-4188,-7796,2772,-1231,1744,-1242
79676,5667,4119,7646,92,-1528,1691
79677,5489,7215,3569,1263,-98,-1830
79678,2863,4915,-3192,358,-1825,749
79679,-3545,-1148,-1168,-1934,-976,-393
79680,3701,-1760,2816,-1390,-1251,-12
79681,-7800,908,-5165,-100,509,1618
79682,3341,3717,4232,1362,-1714,556
79683,129,6761,373,-1386,982,-1123
79684,4937,7828,2116,-480,961,1114
79685,-3188,7632,5389,1086,-1548,-1074
79686,-4080,3189,1648,1817,447,232
79687,-2927,7716,-658,1619,-947,838
79688,6165,-7721,6774,1941,40,-152
79689,-3272,4002,5366,1551,648,-621
79690,88,-6166,-5588,1299,-960,-632
79691,-4671,-2814,-808,673,587,1967
79692,7619,-6436,-4266,-1153,409,257
79693,2152,-6473,-3835,-599,735,-1463
79694,1232,7141,7411,183,1960,1806
79695,824,1432,-5068,-816,-1993,680
79696,4157,3838,-2329,-1145,-543,-470
79697,4066,-140,3323,1410,1542,-378
79698,3295,-3193,3407,-917,1520,-1168
79699,2707,-2538,-4610,1526,641,-106
79700,-7964,-2967,836,440,-1020,273
79701,509,3550,-4277,1593,-1633,1035
79702,6278,-2653,2169,-1000,1848,432
79703,-4248,3279,-1328,-1781,-564,1035
79704,223,-5060,-6892,-1464,52,-1617
79705,-1424,-4678,-3348,1190,-1476,-426
79706,3509,136,-3185,-679,-1058,-293
79707,6752,1793,87,564,-1005,-1324
79708,-1659,263,6364,284,7,-676
79709,-7270,7732,-1033,-931,-350,1087
79710,-1608,2522,-3323,1395,972,-646
79711,5869,-6753,-6708,1288,884,1243
79712,-6367,7657,-1790,1584,1744,985
79713,-4633,-6957,5343,-1807,1902,1292
79714,-3642,-7041,-2808,-1276,758,634
79715,-5489,2904,-4157,-668,71,919
79716,-7302,6178,3241,-1249,30,1991
79717,-5237,-6856,5969,391,1849,-1970
79718,-777,-2104,-4892,-1963,1551,-190
79719,1348,-4137,-7680,1449,-551,-24
79720,-5848,-6983,6194,730,-1996,-997
79721,772,6154,3221,40,1826,-537
79722,6042,296,-5511,-1977,-1361,1739
79723,-1772,4161,-2261,1229,-1586,557
79724,-851,3417,-4313,-1921,510,864
79725,-141,896,2507,-893,329,-1826
79726,558,342,-509,356,1818,1402
79727,157,7298,7506,-798,1612,-571
79728,411,5934,3850,1521,-261,-1914
79729,2315,1660,3815,-1010,-847,-1915
79730,7566,139,-6058,1602,937,1850
79731,3827,-916,1715,-293,-1138,1812
79732,-3501,-1737,-1635,723,1776,400
79733,-3397,4167,-7262,-1801,-497,650
79734,4142,-2717,1439,-885,1424,1771
79735,-321,-3572,7252,910,-616,421
79736,-4053,1759,2291,568,1442,751
79737,-1330,6526,-4971,-1897,-317,-1750
79738,-6567,-5797,-2473,251,683,-759
79739,-3641,3931,4057,905,604,-1551
79740,-7788,-1013,-2307,529,1430,1280
79741,4405,2886,840,1751,-1781,-742
79742,7668,3088,-3980,-450,-405,-1835
79743,-2373,-5781,5286,-1332,-1893,1431
79744,2517,-5724,-2432,-882,530,102
79745,-2032,5187,1550,-551,-1966,232
79746,1579,-4551,-4070,-1821,1019,-1268
79747,-5966,1319,-551,590,623,-1525
79748,-5604,3988,7073,-1054,-1879,-231
79749,-6057,-1788,4738,130,335,-876
79750,-7682,4538,529,144,675,1863
79751,2488,-4048,976,-1581,-479,1381
79752,1237,1127,-5570,-1073,1287,-1006
79753,-1303,4026,4384,785,1747,-1953
79754,-676,-3695,-224,1747,407,1855
79755,6938,3663,6204,-252,-635,-299
79756,7115,-3380,-5816,903,771,594
79757,6438,4269,1456,-442,-197,899
79758,6324,-20,-5225,-600,-9,1154
79759,-850,5766,-511,501,-521,645
79760,1418,-6372,893,1997,-373,640
79761,-5987,7754,6377,1945,-468,1346
79762,-7128,-1978,-6201,48,-642,383
79763,-7157,3462,6206,341,868,1228
79764,240,-2106,-9,1262,-1081,-519
79765,-1033,2364,-7155,1598,-129,112
79766,3930,6873,-5464,602,1158,-1450
79767,3174,-29,-1114,-1958,1225,1356
79768,-2972,3280,-2689,-1539,-1621,-1372
79769,-6730,-6084,-7599,-103,-121,-1387
79770,-1409,-584,2579,1023,-1524,-1312
79771,-493,1327,6970,-1874,-425,1781
79772,-2663,-2868,-6226,126,-1662,-505
79773,-2723,4324,-909,1922,1521,1430
79774,2072,-4288,-4490,-1366,-1233,-1176
79775,-740,1889,4096,246,-1683,-185
79776,2972,2711,-1417,372,1111,201
79777,5763,-420,-5300,776,182,62
79778,-6389,5726,2129,-1169,927,-1378
79779,-4157,1281,-4360,1251,-1893,42
79780,-927,1198,3138,-600,-568,1850
79781,163,-6041,-4253,1270,-1926,-1526
79782,4647,4618,6825,-322,-1069,1294
79783,1244,3725,-7281,-1642,-1812,-1044
79784,765,7605,-1361,-635,1844,1620
79785,-437,3229,1275,714,1977,1742
79786,4748,-26,-5753,-1042,-778,1885
79787,3402,-1372,-6874,-1259,641,303
79788,2084,208,2121,-639,-564,-1034
79789,-6029,5629,-3447,269,989,-1931
79790,-474,-7644,-4878,567,343,873
79791,4344,-2136,4996,1208,1731,1241
79792,3615,-3501,5600,650,1529,-1860
79793,1400,-5409,2563,1187,813,-1451
79794,730,3564,5535,-556,1717,-975
79795,-6439,-7373,6898,-1815,-1125,-1152
79796,7300,-4701,7652,1191,-1374,-95
79797,4456,3603,-2433,967,-327,-1589
79798,4838,5006,-1826,-1832,-1796,-1972
79799,-3938,-3483,6870,-864,-678,-1313
79800,2874,-3818,5835,1863,-181,297
79801,-4879,-2764,5367,356,937,361
79802,-7203,6603,1262,-1325,1922,-233
79803,-5995,-3451,3568,810,-95,-1929
79804,6576,-7884,6376,1374,1765,-738
79805,4402,693,7022,-272,1,1638
79806,-4700,-1848,-520,-1564,-580,-151
79807,3310,-2874,-1378,713,1921,838
79808,6893,4635,-1527,-982,-674,-329
79809,-2540,-5768,-7153,1304,-266,621
79810,4965,-5097,-1540,-1364,-54,-550
79811,7620,-5274,-6930,1300,1391,-1321
79812,-5617,6080,-1134,-16,588,1912
79813,7152,-7185,-1892,397,1451,-989
79814,818,-1431,-1356,-289,895,95
79815,408,6696,5304,-1246,-431,1434
79816,-2724,537,-908,693,233,-1099
79817,-3056,5910,7045,71,-1644,1546
79818,-7477,6895,2898,-849,704,143
79819,-5790,2778,5485,82,-1069,-1852
79820,-4560,-2168,-2588,-821,-1468,-500
79821,1581,5839,-1767,-664,408,-205
79822,-1422,6586,5039,356,-1362,512
79823,4589,281,-2505,-1988,-1731,103
79824,-4515,1664,-1523,-883,-511,-49
79825,-967,7455,988,-280,23,1040
79826,7310,6323,6172,1595,1820,-1641
79827,3938,307,-1188,-1898,264,1735
79828,6094,2851,7165,-151,1186,104
79829,2834,-3923,474,-1997,825,-119
79830,-7069,4376,7498,557,820,-872
79831,2342,-6405,4376,1340,1661,-1325
79832,-3768,4285,-7512,1742,-1676,761
79833,664,-5431,889,-136,490,836
79834,-1764,2505,-7992,1742,-285,-884
79835,-4928,7275,-4701,551,-1358,1885
79836,-6072,1296,-5334,1716,-104,-1015
79837,7187,-4651,5968,516,874,754
79838,-1721,-202,1100,-1820,-951,-1142
79839,-1400,-3907,-7955,-719,694,-1650
79840,-7492,-5386,-3722,-1876,-803,852
79841,-1529,-1791,-555,-716,1309,1350
79842,-1043,7245,-2674,-1717,437,1487
79843,-769,-7295,1257,1649,754,-416
79844,6553,3105,6250,-880,144,-1426
79845,2219,-1600,-6367,-746,-1284,-1803
79846,-4320,3116,-5910,1552,-1029,833
79847,-943,-5347,7591,-1592,1702,283
79848,-3119,1746,4094,424,-1719,-652
79849,5699,561,-2335,13,-265,1253
79850,-952,7996,-7546,1303,1659,1783
79851,-2601,6864,-4160,-1443,-1483,-153
79852,-6097,6491,6538,-1295,1221,336
79853,2214,6234,-7680,1882,1170,-877
79854,2072,-5302,3857,443,228,-469
79855,-7853,857,7009,-591,-1542,-1652
79856,985,-48,-1260,1248,369,1457
79857,-7594,5384,6196,1584,-1185,709
79858,6970,2962,6311,-645,-865,-940
79859,-776,5017,-2397,1328,-508,1097
79860,-3096,-6744,-4323,1917,-1961,1526
79861,1480,7327,-6580,1071,42,-956
79862,-2407,2182,-2035,-1053,-617,1540
79863,-6,-7032,6751,-1641,125,-1220
79864,-4088,-2677,-7491,508,486,-514
79865,-6726,-5266,4146,491,51,1179
79866,2780,-1509,-2548,-796,1646,1751
79867,-6204,4940,-1314,1909,620,-886
79868,-4191,-4928,4264,1365,1453,-1749
79869,-2109,1085,-3513,403,719,1364
79870,6777,-4098,-1805,-1667,-297,1397
79871,487,-7253,-2181,-1652,873,561
79872,2053,2449,-7784,-90,-535,1842
79873,4278,-6696,6323,-1398,-1507,-627
79874,-2354,-4905,-1697,474,-188,441
79875,932,-5690,6077,1036,-504,1551
79876,6847,-4399,-4682,-1728,356,-438
79877,-1062,-5200,-6127,-1854,904,305
79878,3536,6810,7960,-1120,-1350,1819
79879,-4452,908,2959,-562,1309,1627
79880,1742,-5024,2219,325,1390,453
79881,7150,-7041,1458,459,-1661,1800
79882,-7946,-4430,1787,1832,1180,-1077
79883,1060,-6008,4868,1127,267,664
79884,-5804,2694,-6367,-1686,-341,496
79885,1139,-1933,6784,1862,-950,-714
79886,3368,-3302,-5730,240,1637,674
79887,-6364,6375,-4097,817,-1419,1428
79888,-7083,4723,-4068,-1274,-850,1046
79889,-7669,-6757,-5172,1765,515,-680
79890,6707,-4112,7447,1292,-1016,1416
79891,-6075,2395,2134,-1443,-1364,-430
79892,5061,6502,-3564,-733,-998,825
79893,1358,-7421,7029,779,1272,-735
79894,6927,-6452,-308,3,755,709
79895,-1885,-6399,-4108,406,1164,203
79896,7698,-1700,-6086,-1093,-406,-1860
79897,-5807,3714,4852,-1566,-1628,-1867
79898,3270,-4813,-126,1692,-870,504
79899,-3122,2057,-3295,-428,-1493,434
79900,1833,6819,-1258,-1945,-1090,-1776
79901,3704,-7862,2043,589,-1887,-1379
79902,2263,6775,-3110,-1799,-935,-1824
79903,-7129,6008,5102,-446,1174,566
79904,1765,3827,-2991,1574,-545,-709
79905,428,-2565,-5189,-1351,1040,-1715
79906,-468,4401,-1173,871,1293,1508
79907,-5437,-155,-4570,-54,-1775,-361
79908,2059,3318,4766,129,116,-808
79909,7349,1487,7725,-1232,296,867
79910,546,6726,6130,1394,1532,100
79911,6258,7391,-2494,122,1392,1991
79912,-5658,-2045,-3587,-1401,-326,-420
79913,-3520,6088,2726,1596,206,-321
79914,6824,-4333,4957,250,-1634,977
79915,-2003,-2675,-7493,-733,1972,992
79916,-383,-6182,3605,1572,1588,199
79917,-4495,4019,-4262,1823,56,-927
79918,314,-6648,7470,-1176,1097,-1603
79919,199,3318,-4730,143,993,254
79920,-7780,-2610,4113,-1583,-29,1241
79921,3153,-2670,5477,1691,-514,1286
79922,7960,7223,2824,1489,-1225,-1392
79923,-1031,7967,-2711,-1770,1106,-964
79924,1702,6004,4901,728,-828,420
79925,1493,207,-5381,-1467,81,1529
79926,-6255,-539,-4118,-452,-1901,-920
79927,-1373,5423,-4662,1219,1097,1336
79928,-5295,4657,-74,-1801,-1392,-437
79929,-2669,4307,-837,699,1107,-1449
79930,-5334,-4078,-7766,-1564,-504,1981
79931,-5836,-7981,5788,-505,-398,1489
79932,-7612,-805,930,1799,345,-1156
79933,5068,-4994,7054,-1186,1707,1506
79934,-5611,6685,1338,-1312,-156,-1077
79935,6846,4382,-7162,912,1954,1320
79936,4552,6157,6816,-392,-654,349
79937,6714,-4423,1591,1547,297,-98
79938,-4745,6220,2388,-1180,-90,1275
79939,404,6272,-6269,-1632,-1992,1082
79940,-6452,-3095,1267,-1816,1198,-851
79941,-3087,7550,-669,556,-354,1741
79942,-1391,6496,524,1108,-1432,679
79943,-1647,-3930,-7306,1015,-882,-93
79944,1972,-2635,-1413,138,-390,-662
79945,-867,2214,-3852,912,568,1666
79946,7202,-3475,3480,37,689,-724
79947,5240,-4282,-5049,478,-290,-585
79948,-2928,4068,-606,-535,1679,1931
79949,7851,-868,432,-480,358,-1836
79950,240,2431,-2110,1766,-1663,-1838
79951,314,-5930,464,373,-593,501
79952,914,7135,2028,-1125,-1751,-707
79953,-3435,5145,-87,-318,-868,1138
79954,-6005,4954,6372,-56,-1924,481
79955,-1841,-2854,4905,37,1561,1548
79956,-5596,-7769,1310,1182,-1835,1780
79957,-7296,5052,-2129,-533,-621,1007
79958,3706,-3973,5472,-960,1781,-929
79959,4021,2868,-2070,934,-464,-1348
79960,-4086,-4800,-5151,399,-397,342
79961,6760,-7076,3144,1629,1758,-644
79962,-1845,-3282,-2915,-1516,-1713,-596
79963,-5687,2103,-6550,-1959,-1556,-58
79964,674,2869,-2458,-339,305,793
79965,-6882,4295,-5049,-1482,-1724,-1788
79966,7257,-1608,3016,-1633,-1220,1615
79967,-807,1360,-6624,959,196,1256
79968,2809,-5973,6487,1,-1842,236
79969,6877,2584,-7156,1506,1181,-1278
79970,6634,-4505,-538,-652,-23,438
79971,-6389,-3363,3676,1906,-863,1043
79972,-2361,7883,1290,543,387,-871
79973,5127,204,1490,-587,-1113,-1255
79974,856,-3495,-7624,1569,744,-791
79975,-5407,-2562,1899,523,-1507,-1423
79976,1149,-6048,4189,-1505,261,404
79977,-525,-5419,4207,-1361,-1412,-1433
79978,-3619,122,-180,1920,-964,-553
79979,843,467,2783,-639,1004,-1773
79980,-3977,2467,4275,1017,1588,1912
79981,4695,-655,-924,-1852,-1546,-123
79982,-7748,-3924,-1308,873,-1690,1509
79983,3602,6134,7629,1568,538,1630
79984,-2790,3055,-3016,881,-443,1027
79985,343,-7344,7524,-1219,318,-836
79986,2384,6595,5576,-1302,921,-620
79987,-1221,1366,672,402,25,1498
79988,827,-6793,4361,-1658,20,548
79989,-6141,-3358,-7756,-1971,-442,1684
79990,7129,3945,6057,-211,1753,1265
79991,-303,5897,4973,-1260,-393,1339
79992,1610,-2233,-3412,-403,-1637,1105
79993,7380,-1270,3516,1355,947,1137
79994,-5715,2160,-4309,518,484,120
79995,-5103,-2501,5849,965,-122,-1199
79996,-6392,2786,3054,1611,-1512,-1756
79997,-140,7029,-4577,113,1794,1092
79998,4812,1622,564,1506,1587,-327
79999,-5208,-2256,7609,-464,-1801,1003
80000,3199,-2008,-5778,-294,80,851
80001,-1488,-658,-1567,274,-1672,-153
80002,-4345,7327,1266,1956,388,-1270
80003,-4099,-3776,2770,-1993,-178,-1961
80004,4333,3930,3431,790,-928,-367
80005,3353,-106,-2138,1375,1158,-971
80006,-5341,4902,-5327,684,-1634,-775
80007,2894,4434,-1014,-46,-400,-1325
80008,-1397,5603,-7995,496,-353,1628
80009,7917,-699,3786,-1915,-762,605
80010,-4564,4037,-5097,-624,577,511
80011,-1358,282,2817,-143,418,797
80012,3934,4755,2243,447,-942,487
80013,6128,-3188,1661,-1438,-1265,-373
80014,7318,-6242,-5177,1200,-330,-1796
80015,-4296,-574,1336,-1231,-444,-1695
80016,2404,3213,2749,1608,-181,-660
80017,5084,-4110,525,-1760,278,-1269
80018,-2571,-1196,1769,-1685,1912,-941
80019,7513,-7196,2057,-712,-1361,-1126
80020,-1127,-619,-7857,1880,-370,1934
80021,-2412,-5802,-5201,-1929,-529,1660
80022,624,-3995,-449,-838,-107,-539
80023,979,-7257,764,668,-1826,-1895
80024,7698,-2011,4830,1474,-313,1302
80025,-4194,896,5636,-410,-1955,1450
80026,-7905,-4408,-1652,937,951,-1805
80027,-623,3877,-603,1674,-167,763
80028,-3052,-6392,3404,-1053,-417,1760
80029,4933,4505,-4820,-1993,750,-511
80030,685,-1202,-7277,-1425,1105,-1820
80031,1438,2921,-7489,1857,421,1018
80032,604,-1894,-7233,-410,1297,1029
80033,-4800,-1565,-6823,-658,-381,-1410
80034,887,-470,-5933,-342,1580,-1272
80035,1996,2041,2912,557,251,-428
80036,1615,-6345,-410,1509,247,1193
80037,-5182,1105,-4825,-1495,1185,-1160
80038,-7426,6063,7093,-940,-15,-939
80039,436,7650,4380,1938,317,1911
80040,-716,-984,-2739,1047,215,-1147
80041,-1507,-4698,-3450,-1586,-1649,731
80042,-7013,7192,-857,-1557,98,1046
80043,3564,-193,-789,1343,291,1950
80044,6674,7476,-5577,-1251,-1212,1601
80045,5672,547,-5396,-1612,-51,-462
80046,-4346,-4869,77,-186,-1718,-539
80047,6319,-6821,1019,-165,-936,555
80048,956,-1417,4705,-716,984,1887
80049,2305,6035,-5802,1713,1677,178
80050,138,-1171,6500,-328,-1308,1168
80051,-7781,3975,-5341,-272,-740,696
80052,2714,-6547,-1113,-1160,-510,1410
80053,5893,-156,7622,1038,-740,1055
80054,-1147,-4491,4229,-358,600,613
80055,-2840,5482,-6541,-833,668,1688
80056,-6641,-4829,5791,1745,-1348,-1019
80057,-2698,-3893,6951,-1568,-438,1655
80058,-6887,5003,1228,1229,943,1143
80059,-5200,-7404,1937,-185,-604,1678
80060,-4319,-6428,1725,603,1227,-130
80061,-3569,-5352,1354,-59,1409,755
80062,1236,3499,7835,-1044,-183,1489
80063,-6944,-3245,-6228,-1475,-522,-1997
80064,1015,6414,393,1544,-90,881
80065,-4186,-7012,4274,999,-1490,-286
80066,4683,7994,7631,-646,870,551
80067,-4277,5194,-7298,-722,114,-873
80068,2550,-6792,756,1302,-1465,1652
80069,106,-6832,-7213,-1229,-779,354
80070,6690,3899,6756,1868,-995,-1788
80071,6067,179,-7790,-385,821,1474
80072,7674,-4952,-7646,-379,1254,648
80073,-5095,1099,2124,-144,1858,-1070
80074,2738,1038,-758,-1111,-1033,-504
80075,7877,7618,-7201,1613,-1709,1511
80076,3544,4961,6534,-476,1688,-19
80077,7817,5518,5867,1258,1906,-1396
80078,-7445,1669,-4781,882,1394,1919
80079,-1259,4343,-330,1844,-896,1030
80080,-4436,4617,-4433,157,-922,-1433
80081,-7931,-2467,7892,1165,1883,1460
80082,7161,-3668,-1336,-1043,-203,208
80083,903,-2146,-7806,-517,288,1039
80084,4079,7062,-4782,1989,1000,-1473
80085,-4843,6940,6152,-810,-1175,693
80086,2128,-3340,-3974,-1830,1829,-416
80087,5342,6619,-1352,-1980,-76,1507
80088,6682,-4876,3387,1243,349,1244
80089,-1392,2191,691,-1928,-917,-1381
80090,-2238,-5507,438,-561,1837,-479
80091,7003,-1622,-665,-782,937,40
80092,43,5607,5562,-1714,-570,-1878
80093,2085,237,4700,-77,-112,-182
80094,-3039,-6167,2828,1501,-1949,-1983
80095,1031,-6913,4551,-1956,-48,1310
80096,-6972,-5424,-2846,-1637,-345,-61
80097,4116,3979,-6814,368,901,1402
80098,5432,1612,1638,-489,1128,1724
80099,-3372,-1131,3221,742,-1375,-631
80100,1974,-3951,-4014,1956,111,1926
80101,-7745,-2694,1112,-291,-840,-176
80102,680,5119,4660,-308,1909,1903
80103,3680,6673,-1680,191,1416,-1604
80104,-1874,-2065,1513,-1202,419,356
80105,-4560,-2879,2793,449,-1677,-1244
80106,-6074,-4288,1463,-1600,785,-109
80107,3178,5314,-1526,1929,560,-1215
80108,4770,3841,-6888,-443,846,504
80109,-4443,-6001,-6948,-1146,-1049,-927
80110,4345,-3868,-904,-490,-1577,-1447
80111,-2026,-287,-6640,1978,-234,424
80112,-5241,4365,-7695,-1618,451,-1999
80113,-3992,2182,-2354,692,756,-685
80114,-7011,-6061,4821,1334,1186,547
80115,-1260,350,-7932,1255,27,1727
80116,-6137,-1828,2767,1193,1483,759
80117,-3071,480,2482,-730,575,419
80118,4585,-2350,-4984,-710,1575,-329
80119,-4158,-1399,-3630,1991,1890,-779
80120,-1718,5095,4181,-678,1872,-35
80121,5166,-4124,-4238,1305,631,929
80122,-7612,-3673,1774,1112,-1178,1506
80123,-1197,-3555,-4375,1223,1894,894
80124,1725,-2838,-7644,-1715,695,250
80125,6619,2292,-3299,1196,1021,-1075
80126,6969,2920,-3965,1451,90,-1520
80127,4237,7699,513,565,-301,-1225
80128,-2701,5064,-3882,1533,1285,694
80129,-5905,-7424,7756,355,48,-1717
80130,-2644,1747,3120,776,-3,1236
80131,-127,-2150,-7193,-286,1022,-671
80132,142,6112,-826,-1141,1639,1982
80133,7535,5824,-2202,-1414,-1654,329
80134,-7470,-6717,4087,-961,-269,1423
80135,5142,-4099,3730,1659,-1481,609
80136,4992,6538,-1775,-1008,1200,-260
80137,3000,734,1872,1215,-930,-768
80138,-634,-7960,-2227,-546,-606,1047
80139,-1835,-1312,6014,439,86,246
80140,3887,4367,-5103,-32,1944,-463
80141,2085,-6533,4168,-1918,513,-315
80142,-499,-6754,6614,-831,-1932,-314
80143,-1602,-7312,6505,501,762,-677
80144,-5718,-2180,7670,-932,-1717,-363
80145,-3322,-3747,7381,1023,-313,154
80146,7083,4217,2475,-1108,1488,-271
80147,5000,2762,7419,1525,258,-415
80148,2481,1858,-3288,1382,-1852,-1796
80149,-3620,1358,-2965,-916,870,-1051
80150,-1993,-5912,4391,-1166,-1666,-1267
80151,-1538,4831,-4104,1014,1514,1855
80152,1645,3147,-5817,1327,-764,-763
80153,-4008,7717,6715,1666,-42,172
80154,4315,-5060,1147,-1770,640,558
80155,971,5681,5899,-240,-690,1201
80156,-7776,-5204,-583,1899,467,-1813
80157,4237,-6633,3734,-1266,1852,-150
80158,-7890,-2292,5572,821,-79,-21
80159,1632,-2059,-6651,6,1863,562
80160,6973,-704,1110,1076,1700,-1073
80161,5184,-2052,-1526,892,-1958,1944
80162,2408,-170,-2538,-207,1742,-1520
80163,6750,-3440,-5550,534,-992,706
80164,1186,4083,-799,-609,1992,-1634
80165,-1239,5905,2336,1104,-488,-1794
80166,-3732,-60,-6091,1676,1884,172
80167,-4469,7120,-5652,311,1775,-1389
80168,991,-3763,-3284,1576,-1833,-1717
80169,5111,2733,5376,-564,-981,1987
80170,-4608,4117,-5583,-73,-1953,-634
80171,6955,-1559,5111,586,696,1665
80172,-2295,1193,4899,853,-568,1304
80173,-7380,-2422,2984,-1649,1223,1505
80174,1206,-7037,-2415,1749,-1132,769
80175,-953,-5054,3431,824,714,-1373
80176,-6606,-7368,7700,-1801,-105,-126
80177,7410,-4873,2205,40,-525,701
80178,1956,6255,7163,-1993,-1326,-420
80179,-2447,-2768,1551,-181,252,-1428
80180,7988,-2515,-5923,1588,763,-1893
80181,-798,-5122,-3118,1675,-1077,-1265
80182,-4267,7952,6843,-1061,1251,-621
80183,-7539,4532,6847,-313,-173,-1760
80184,5746,2097,-6591,490,-1040,-207
80185,-703,-2978,896,-18,-1140,-454
80186,-7521,3807,-2474,-1687,218,861
80187,-3655,-6299,-7914,-1914,-1426,-1310
80188,6672,6146,-1629,1433,1685,-16
80189,2798,-461,-7093,1400,709,1146
80190,-7264,6885,5467,312,-906,-191
80191,-6128,1575,-7622,599,1292,65
80192,1986,1902,-3496,-1787,1981,613
80193,-6602,-5062,-2285,1515,-433,-79
80194,3467,1092,-1823,-861,498,1889
80195,-411,975,6330,1911,-494,-308
80196,2581,-3863,-3656,767,1323,1247
80197,-442,-2495,-2678,-1017,31,373
80198,7379,116,-7897,-1842,1511,-571
80199,3348,4272,6930,969,-894,-1048
80200,-7592,4480,-6963,-1507,1572,-924
80201,6913,2116,3008,-956,-1746,962
80202,5535,4218,-1523,134,-464,199
80203,-5246,-4737,-7480,114,94,-202
80204,-6885,4152,-2019,843,1402,-1422
80205,5740,-3719,-3449,1182,673,1689
80206,6190,5165,-7502,-784,-419,400
80207,1151,5780,-5725,945,-1133,-162
80208,6646,5360,6838,-887,-1195,1695
80209,5764,4175,6398,478,1305,-920
80210,-5304,-4406,3863,1005,-1311,-1496
80211,7529,7096,2941,-461,-1163,1391
80212,-5357,2952,2727,755,-1758,-625
80213,4171,6968,5399,-1764,398,4
80214,-3883,4573,3522,1982,-1252,504
80215,-4542,7825,-6736,-239,1021,1001
80216,2453,4884,-900,-458,-707,-1483
80217,-3672,-3588,-4731,-626,481,-880
80218,794,1296,-2898,-1247,1790,665
80219,3518,-7269,-4866,-191,-712,-1902
80220,165,-4109,-2948,-1698,707,-702
80221,-7766,5706,-7888,-159,-869,1731
80222,227,3335,3436,-112,611,-1604
80223,760,-5533,-7580,932,-1432,1168
80224,-6838,2564,-3152,1655,-232,-544
80225,-4349,-2736,7560,-1044,1703,1333
80226,-5660,1745,-6250,123,-1679,-1397
80227,-3907,5856,2972,1876,1329,1650
80228,-6669,2441,-3366,-1984,-796,1036
80229,-6134,-4529,1237,-1366,690,1939
80230,-979,6030,2151,87,1363,918
80231,1769,1059,-2165,-1807,-940,928
80232,6796,-6015,982,-325,1082,1146
80233,-6842,-3400,4397,-296,1642,1835
80234,71,733,-7966,-423,55,-533
80235,5095,4162,-5589,-311,1129,-1031
80236,2882,-5706,-5507,430,1929,-1548
80237,-1731,6086,6195,1668,1772,1852
80238,-3988,-4373,-7712,1097,-1363,-282
80239,2293,7691,-5868,-1924,1918,-1377
80240,260,-7840,-3358,1642,125,-1559
80241,-7095,2035,-3326,1004,-1942,1567
80242,-2595,-2369,7935,814,1569,1969
80243,-3560,-4295,-603,-1503,982,252
80244,2835,6311,-4158,604,-1026,37
80245,-969,3251,507,-1644,-521,1460
80246,-6269,4970,-637,1,-1946,-931
80247,67,3860,2973,1288,-758,976
80248,-7714,-3747,3008,-556,-1857,-1912
80249,1780,922,-1311,-1762,-550,902
80250,-167,4526,-6537,-239,-1373,-504
80251,-3653,-4659,-2482,1292,-1528,463
80252,3238,-5003,168,827,606,-688
80253,-5,7238,-3040,-1615,1258,568
80254,3991,-7221,3108,-1624,1763,-755
80255,-5084,5367,3927,-1693,-456,-1489
80256,4542,902,7707,-1417,1016,1567
80257,-8,4872,-2906,-1339,-487,-1853
80258,4727,-7136,-7075,868,-561,183
80259,-7695,3412,1455,1628,963,127
80260,-4478,858,-5840,73,-1033,-1519
80261,-1318,4379,-4168,1394,-667,270
80262,-7251,142,-2332,-1091,804,568
80263,6905,1698,4438,1392,1189,885
80264,-5051,-398,2876,1260,1796,1284
80265,-7135,-819,-1301,956,-1223,-679
80266,-2082,4638,-3169,890,-809,-830
80267,-1955,-6316,-2574,404,-1091,1713
80268,3462,-3325,-2853,-1024,1844,1629
80269,-1471,-2960,-1422,-1801,-308,9
80270,7619,-5201,2967,-443,-733,-1459
80271,-5559,2391,-4889,12,1312,-871
80272,2612,-4964,7459,-1979,1428,1947
80273,5203,3162,2961,500,1153,-1799
80274,5160,-6452,-2681,-38,260,1295
80275,-686,-3121,-7147,-610,-315,1061
80276,-5542,-5881,4795,-318,1803,1819
80277,-3158,-3381,1307,1039,1738,-1515
80278,2812,5050,-614,1436,978,1401
80279,-5137,765,-484,1527,-1830,1921
80280,-1864,-263,-4410,-1090,1363,156
80281,600,2577,1872,1066,-133,-545
80282,-4035,5959,3749,1630,1095,-23
80283,-428,-119,7272,-1656,-96,1836
80284,-5058,7411,-1430,1297,-671,440
80285,2385,5237,-2483,686,512,473
80286,-5968,1223,-5202,1453,-1653,-268
80287,4073,7855,3371,8,993,-1323
80288,7390,-377,-4969,-1479,1020,-1367
80289,-6986,6897,7197,1206,1856,312
80290,-4490,3572,3230,422,1877,1432
80291,-2392,7280,-4060,-126,-1286,-1348
80292,5309,1028,-3167,-17,1520,1617
80293,-4445,-2534,2961,-1091,428,1250
80294,3605,-4597,-7008,35,-1499,1892
80295,1393,-6971,-6438,1374,-1747,1179
80296,955,1192,-3990,1838,1805,-82
80297,-5608,-3372,4682,-235,-1229,1916
80298,6919,-474,542,-186,-525,-880
80299,-795,2575,-7176,361,271,-1219
80300,-2596,5134,-7532,-1373,1462,-194
80301,-61,-1761,6915,-590,-193,-933
80302,-4391,-6243,-690,1822,-1191,662
80303,7594,-1988,-6480,-1948,1896,221
80304,640,-4149,7761,988,377,-875
80305,4002,-3526,-1794,-1993,-136,-937
80306,-608,5360,3136,-1477,47,1356
80307,1718,-7006,6420,1402,1702,785
80308,2430,3776,2251,-1939,500,1900
80309,6653,6780,-3379,-7,752,-1119
80310,-179,462,-161,-313,1059,-1339
80311,4667,4360,-4717,-1224,-1901,-1622
80312,749,-6278,-5283,-102,1365,-464
80313,-6829,865,-557,-409,-1222,574
80314,-3854,3447,-5335,526,377,681
80315,-818,4485,-2678,-135,1613,-600
80316,-7539,-3167,-1192,-1038,452,-1037
80317,6149,845,974,137,-79,-1563
80318,-2522,2672,-3830,-685,549,438
80319,-7099,133,-6177,-706,-1131,1088
80320,-4354,-6485,-5093,-517,-543,113
80321,7135,950,-5478,834,-532,-1753
80322,-5612,2991,-6775,-1709,1240,-1763
80323,1782,1774,6939,163,1337,-898
80324,-7868,-1391,3691,-743,-980,1887
80325,-6290,-7286,-482,-1174,150,-1413
80326,-5052,-1088,3685,-1052,-799,-1254
80327,-2610,-4473,2243,-1286,155,-1302
80328,2742,-811,-2123,1912,1837,-1627
80329,3728,-652,1783,-1367,-1151,537
80330,-2564,-2405,-4596,309,681,-1274
80331,-6393,5604,2948,1011,-213,-1426
80332,3608,4249,4032,388,1844,-1427
80333,-6114,-833,4272,198,-988,1005
80334,-4165,-6,-4734,193,1587,-200
80335,-5641,5787,7082,239,-1761,-1580
80336,6496,-5977,5995,-722,-336,867
80337,-6967,-6391,-19,-274,1904,326
80338,7483,2283,7647,1603,-385,-1404
80339,-3602,-6000,-3902,-1829,748,-1888
80340,-4555,-745,-6719,135,527,1565
80341,7204,7622,-2942,-1830,-986,-173
80342,-3576,6866,2473,-380,-1407,-201
80343,-127,3492,-3245,-1724,-1644,344
80344,-3684,7646,4071,-1235,-951,1238
80345,3834,-3430,3536,-1443,1904,486
80346,166,4559,4892,-1518,-345,-1754
80347,1923,-414,3958,1973,-924,246
80348,-4661,7782,5988,-423,1000,-568
80349,-3098,5450,-2054,-232,307,1447
80350,-6616,6189,-5848,868,-963,-173
80351,5608,-6945,2784,826,-1731,1123
80352,-3461,-4614,5906,-578,1818,-1971
80353,-7416,-6927,4098,-418,-1240,-1110
80354,4897,-7722,6778,1280,583,-143
80355,-4592,1276,-5208,619,-1286,1318
80356,-5914,5467,6547,-1047,1288,-1158
80357,3054,2354,-5749,-1975,-855,-34
80358,2735,4472,4779,592,-273,194
80359,1344,6065,4365,244,-389,1937
80360,-3350,-4140,-6292,-345,-1907,368
80361,7792,6215,-7973,1213,982,64
80362,202,5685,3003,1260,-644,-594
80363,-3753,1567,-5363,-1196,-1233,-98
80364,-2567,3016,-6274,847,1223,1740
80365,3114,6398,-4797,-1379,-1700,1892
80366,-6156,-5926,-2343,-1104,-1417,88
80367,-1202,-6583,-5865,1470,1405,1992
80368,-6408,-6113,3907,594,181,-317
80369,2513,123,-5357,-1869,1033,1702
80370,5282,-5465,-4678,1490,1095,953
80371,-3165,5360,-6818,-674,-389,1905
80372,-3735,-4325,-2322,-1328,-1514,-1662
80373,-7019,3808,7231,-692,117,-975
80374,-5168,-6458,1917,-200,76,1189
80375,-5186,-1133,-1774,-1846,1903,-740
80376,902,3022,-4215,-1700,481,1910
80377,1041,3452,-1971,-1388,1675,887
80378,719,-5781,-7245,968,-986,765
80379,3597,-6286,987,-563,-27,-199
80380,4150,255,1305,-1730,-53,3
80381,3220,-596,-4022,1397,905,4
80382,5246,3603,2086,-1898,1167,1280
80383,3869,6370,-1095,1631,-520,1999
80384,-5654,2346,-6399,-867,-471,1487
80385,4902,1864,1154,298,1920,-517
80386,4914,2793,3756,57,326,103
80387,2393,-5975,1519,755,-519,1446
80388,-3824,1718,2943,-1085,-893,-568
80389,1033,4989,-3439,-1842,209,1263
80390,-4248,4647,7627,-830,-1089,-1810
80391,987,5439,2311,160,-625,232
80392,-5130,2889,-179,1085,1980,632
80393,-5575,2744,-2764,194,324,-390
80394,-7763,1609,-3047,1602,944,-585
80395,-2741,-1728,948,-1972,-1762,-73
80396,-7720,-4754,-4178,1726,-280,-2000
80397,2707,-4175,-7931,-1919,603,-650
80398,7717,1254,-6616,-754,-1353,-987
80399,-5014,-1087,368,640,-1304,-1815
80400,4658,-359,5855,905,-1781,-843
80401,-909,7368,3104,991,-856,-472
80402,-3003,647,4088,864,798,691
80403,3872,-3384,6540,-1565,-797,-494
80404,4649,-4460,4302,1340,-1787,-957
80405,5194,5682,5537,470,-707,1046
80406,-3655,2313,-3761,-1256,1137,1846
80407,-5231,-5971,-6359,-495,-1225,-338
80408,7164,1695,-5903,428,-321,-743
80409,-2645,-5461,6327,-684,474,1746
80410,-1071,-1413,6323,1081,156,-379
80411,-4220,-3744,-4926,-777,79,1281
80412,1370,-5512,5531,644,-729,-272
80413,-5869,6260,-3065,-236,1933,-1606
80414,6665,-4127,-4721,-1946,885,-1509
80415,-6398,2549,-7864,263,1187,213
80416,-1565,-1590,-5988,-1718,420,-1854
80417,-3310,-1425,-386,967,-489,814
80418,-6465,2539,7771,1272,-1225,35
80419,5116,1104,4628,-1409,-1526,1772
80420,4315,-1247,-2481,-156,1442,534
80421,5086,-2798,-5472,-1036,1819,504
80422,5513,3111,491,1392,-898,-1218
80423,2269,-7287,-5920,1175,-1205,-1856
80424,6451,7356,1949,1908,307,-1450
80425,-264,-6825,7621,1341,1492,1498
80426,-6000,5004,-916,553,1006,-125
80427,-4262,-3379,-1464,-262,1405,390
80428,6080,7236,2355,-900,723,-417
80429,3043,2391,3896,1870,905,-459
80430,-2290,5142,-2413,1822,-1546,-315
80431,-6032,-5239,-324,1619,102,495
80432,2951,155,-1009,-663,-346,281
80433,646,-7171,4591,1092,282,1724
80434,-6565,1654,6981,-1458,1759,1890
80435,-132,-1810,-1157,-752,-1823,-1502
80436,-3734,-5399,-3853,657,971,-1578
80437,-7656,2335,838,-1404,-1036,-545
80438,1561,-3022,-2008,-887,1517,1042
80439,3425,4981,7624,-1944,-727,-1630
80440,-2962,-3672,-580,-775,1899,-1587
80441,1308,4235,5917,1632,1394,-340
80442,-961,6349,-2265,-335,317,-1568
80443,902,-5537,-3978,1062,-775,459
80444,-1058,360,-3553,1005,1789,-817
80445,4133,352,-236,634,3,-1571
80446,1315,-1264,4363,-420,592,459
80447,613,-7646,-3868,912,-613,-422
80448,6272,-322,5331,-1199,-600,961
80449,968,5620,6577,718,1757,-1499
80450,6883,1761,-5319,1080,1771,1573
80451,-5482,5702,-6739,401,-1639,-1808
80452,-6410,-6280,6476,-1186,1005,-1819
80453,-4998,-5069,-1740,1320,-966,-1106
80454,-1197,-5238,2985,-1296,92,-1575
80455,-7246,3811,5619,442,1482,1911
80456,7597,5815,-2315,602,-997,1057
80457,5746,4691,988,-1306,-1765,263
80458,-2798,4350,-7134,-1046,-245,-1178
80459,4054,-543,5296,1149,51,1063
80460,-6137,3735,5756,592,1512,263
80461,-5017,5156,1008,-1633,-154,-1852
80462,-6558,-713,1354,1296,-329,1521
80463,-6201,-561,-711,-1090,1324,6
80464,-7022,-2441,7948,718,-1259,-776
80465,-5470,-6506,-6101,1212,-1918,-72
80466,467,3925,-5898,-1278,1075,-1644
80467,-6709,1262,7857,-748,-66,-338
80468,6948,7045,-4819,1779,933,848
80469,139,7797,7785,215,-1100,1621
80470,-7489,1240,3893,752,-324,1294
80471,-2565,4576,-3855,570,1468,-229
80472,5989,1854,-3302,1883,201,506
80473,-4041,4418,5908,688,1780,1937
80474,-5300,-1214,-859,630,-283,1399
80475,-4,4541,-5807,314,1916,1051
80476,2328,20,2636,-390,725,584
80477,-6753,5429,-400,235,1116,-90
80478,7574,-4617,-3915,800,434,1580
80479,-4089,4931,2763,1812,606,1010
80480,-915,5219,7449,-327,-1485,361
80481,-4681,546,-6297,967,1783,-1138
80482,1756,-6719,-1923,-932,1283,-525
80483,7008,-5797,-1827,1737,-927,-606
80484,-2513,-3994,-5119,1958,-571,85
80485,-7575,-2193,-2710,812,906,1709
80486,-5405,-5038,2281,751,1977,-305
80487,-431,2819,-4371,1001,109,1492
80488,3844,-5661,1497,676,1415,-1590
80489,-5091,3550,-2439,-1053,83,-40
80490,-148,6964,5030,552,-1191,1247
80491,6191,-3388,-3494,895,645,-1051
80492,-3659,5467,-2191,201,1184,1494
80493,6401,3477,7457,463,-877,1542
80494,6841,4620,-4453,1284,-382,-900
80495,7399,7661,-744,1923,1210,171
80496,1704,6105,-4407,-1807,-1963,395
80497,6130,-7170,-7895,355,-1231,807
80498,-3037,3193,727,1482,-694,-1236
80499,-1806,7393,2330,-899,1560,-1714
80500,4848,2731,2462,1454,1299,-142
80501,-5506,-7984,4293,-1618,920,-1120
80502,-6913,4812,672,-1190,878,-634
80503,4565,-2758,-6144,-1359,213,-1822
80504,-7565,-6780,4171,1418,1605,-1559
80505,-6626,-4539,7512,-1800,1708,-131
80506,-1996,-6905,-54,-406,1178,-772
80507,4563,5384,-6250,1864,1294,-1999
80508,-1463,-3223,-4188,-1284,974,1052
80509,2814,793,-528,-796,1963,525
80510,3020,7834,-2892,1031,-1077,1563
80511,1457,-1833,-459,-1447,1971,-510
80512,-1433,-4379,4227,-1406,-1747,1275
80513,5648,-4055,4167,-46,-37,1059
80514,951,-4247,-4881,-1852,1921,-1757
80515,-1362,-1168,-5871,-1012,-1070,-1034
80516,7444,-957,2274,601,-1347,-1693
80517,4124,-6222,868,1745,-1445,1649
80518,1659,4626,-2753,721,392,-1160
80519,2744,-7544,-2767,1244,1673,1085
80520,6639,5906,4269,1851,1052,1762
80521,315,5381,7258,1499,-866,-670
80522,5373,7948,-4393,1187,-1293,-1256
80523,2218,-478,-1529,-1897,372,-1676
80524,-3995,-6735,3999,-585,-1307,1374
80525,-2124,-35,1001,-715,-1170,61
80526,3736,6478,4161,435,1549,1623
80527,6831,-7251,6867,16,43,1912
80528,7026,5054,-4530,1961,494,-782
80529,-3955,4112,-6008,-1473,827,-1921
80530,1905,-4442,-3157,125,-1955,1878
80531,-5509,7148,-2589,-1367,735,-1030
80532,5077,2511,2463,218,-167,766
80533,7205,-4417,2612,-1843,127,-1901
80534,5645,4815,-2410,-1376,216,1237
80535,1223,2118,-5925,1467,945,-233
80536,5509,1162,1008,207,-1049,-1601
80537,398,5833,-3675,-816,-1777,-908
80538,-5361,491,-2261,-1623,1823,-1026
80539,-7060,-699,-7289,-1447,-1886,1374
80540,-954,4497,-766,-1745,788,1158
80541,-2722,-5038,1394,34,-1894,1287
80542,7553,1645,-2788,678,1241,-219
80543,-2701,5521,2898,215,422,1093
80544,-4330,-4070,-7815,-119,-609,-1844
80545,7266,-3304,-2336,1728,-1579,-1963
80546,387,-1345,2068,-1038,-1455,483
80547,83,994,7701,1710,1311,409
80548,7280,1474,686,-1562,-1197,-492
80549,385,5307,-1227,-998,1651,-1909
80550,4991,5237,-4678,1779,-1656,-1393
80551,5867,-1406,-5119,1486,645,-1808
80552,4899,-2082,2076,-396,342,-1881
80553,-5790,-3413,-4803,131,-157,831
80554,1801,2803,-4653,774,-170,688
80555,850,-6304,-5119,-172,49,1897
80556,4633,1924,-4383,217,1030,1866
80557,430,-6124,4704,-42,1908,84
80558,4543,-4121,-6184,-408,840,543
80559,5566,7688,7477,-590,114,1579
80560,3405,6499,7785,-316,-971,1512
80561,-3373,-5780,3797,-95,-890,1705
80562,5411,7394,-1659,-499,263,-301
80563,1833,-4513,969,944,1879,-1503
80564,-3100,-311,1576,1090,745,-1311
80565,-352,-7342,7907,1847,-1094,997
80566,-758,7466,-7599,-505,958,331
80567,5042,-7204,-5216,-598,-672,-1237
80568,-5171,118,-1798,-1471,-35,1832
80569,6811,-6313,-5750,-1244,125,1721
80570,-5884,-6381,-6350,201,-1645,-690
80571,3041,-2957,-1443,-1882,1523,1744
80572,-5206,1761,-1183,-1775,1735,1877
80573,7472,-5556,-5095,1809,171,1116
80574,6704,-3715,-3709,-1007,1177,-24
80575,6121,-5939,-7726,1086,686,-1810
80576,784,-6983,-5224,960,1900,-1582
80577,-2343,4822,-5823,1433,880,359
80578,-2460,-4263,3262,1879,-1264,396
80579,-5264,1834,5409,-1852,-500,6
80580,7138,-2486,-5023,426,626,1088
80581,-2833,-2636,-2017,1705,318,-116
80582,7971,1175,1991,-413,497,171
80583,-449,239,3189,1809,-832,-764
80584,4278,5521,7907,605,-1381,982
80585,1427,-7032,2445,-1370,-508,1978
80586,-2719,-2850,7800,-684,1422,1011
80587,-3176,-7970,-873,-1465,520,-637
80588,-2006,-7771,7481,-310,-202,1776
80589,-7774,2466,3008,-1443,-1710,1517
80590,4787,-1840,223,938,1421,1236
80591,-7873,612,3646,182,-177,110
80592,6902,4856,-2212,-410,1258,1678
80593,2549,-6521,4437,-1133,-978,387
80594,-2631,-6393,6674,315,997,339
80595,-617,-436,-7536,-1909,-1190,800
80596,-4350,6395,3229,1034,-1894,-576
80597,7769,6576,-805,1217,1885,-1840
80598,-186,-1255,-6646,-1109,-1345,1313
80599,6534,2343,6265,902,1066,221
80600,-4886,-6685,-1030,-1951,677,-1445
80601,-1618,4753,-5777,-1596,-1941,-1215
80602,506,6524,4256,-606,-1163,1277
80603,-2905,-1219,655,-1137,-470,1925
80604,-1077,4162,-4122,-1991,-681,-1104
80605,5287,399,687,-638,-775,-307
80606,1986,-2880,-5808,1457,415,-223
80607,4310,6942,739,441,1080,497
80608,-6082,-3955,5432,9,-1830,903
80609,-2814,1364,1656,-723,576,816
80610,-4111,5105,-5073,1147,1818,-1404
80611,4144,1336,2174,-728,130,-556
80612,-4216,-1328,-5036,-9,-1320,654
80613,-4974,5752,5204,-1107,1679,59
80614,1241,1953,-7542,323,668,252
80615,6104,4990,1659,-1305,-292,-1112
80616,4842,-3193,-6887,-1109,1991,-1907
80617,3394,3814,2846,1125,1280,-1504
80618,-7603,131,7406,-1785,1987,400
80619,-7247,-4032,-64,1005,647,783
80620,-4204,-5820,1662,113,-621,1328
80621,-3743,5337,4316,-1613,-187,-950
80622,-2164,-3109,-1762,579,-665,1464
80623,-2221,5153,-7771,-406,-1878,-320
80624,-2785,1730,4902,1471,441,513
80625,3379,-1804,5428,-266,-151,551
80626,-6761,-2464,1604,-1672,1298,307
80627,-4049,-7344,-1095,-709,1986,-112
80628,7535,2332,-5437,532,1468,-810
80629,-5253,2165,3425,-1489,1392,409
80630,175,-1173,-3292,630,1154,891
80631,4286,6382,-5720,1629,-125,1747
80632,-3788,-6375,7150,-1932,-925,1588
80633,435,6539,-575,247,407,-190
80634,-137,-7943,1780,959,-297,447
80635,4266,-2824,-238,1152,1594,1612
80636,-1448,6805,-4142,-861,-837,1203
80637,1312,-2729,-2793,-994,252,1820
80638,-425,-5636,7741,-554,-1963,680
80639,5859,-1019,1960,-670,-491,1733
80640,-7257,250,7948,-1313,-1683,951
80641,6820,-223,4570,1142,-1600,-83
80642,1508,-6851,-7754,1262,-170,-1572
80643,53,-2762,-707,506,480,-293
80644,5096,-5230,-5657,712,-308,1884
80645,-1554,-3316,-2813,1647,-687,1014
80646,-4517,-5903,-6055,-1778,-69,626
80647,5408,5559,-6568,-675,1118,1051
80648,6170,-7055,6578,-376,-257,-365
80649,2490,-3747,-6968,1975,-1084,369
80650,-7700,4959,-4726,-440,1108,-647
80651,-2932,1691,-1906,1820,-1518,927
80652,2574,-5159,-258,-1645,-49,699
80653,-5884,-5718,1109,-1785,-1414,391
80654,-4948,373,5879,1130,-1167,783
80655,5500,-5186,-2182,1676,1624,-1381
80656,-6651,-3209,-7654,793,-1873,-1151
80657,-6665,7935,-7484,-1088,-1063,-959
80658,3578,2947,-7308,-1993,-503,1214
80659,5722,5959,-4174,1370,-1913,-554
80660,-7303,-6558,2768,375,1910,1456
80661,710,3224,-923,-1073,-1331,699
80662,-6436,-5947,-7008,-333,771,665
80663,1391,3254,-5857,1438,-1341,-666
80664,-3674,-7999,-2840,1523,998,708
80665,1647,376,-4989,-1499,186,-503
80666,3177,6707,-3378,924,-704,-1770
80667,-2445,-3233,-6845,-1448,-599,-1452
80668,-5112,1918,-409,-300,-36,-163
80669,-4475,-1436,-3341,-92,-710,241
80670,-5663,2875,6525,-814,-243,-1274
80671,5830,-7583,-332,838,-966,-1432
80672,-1269,2186,-2741,-1363,-1712,84
80673,6484,71,-6871,1752,1049,652
80674,-7869,-1241,-802,-817,-1868,-1307
80675,7423,-7620,-4897,-1687,1261,1124
80676,3944,-1673,2998,-1847,-100,156
80677,7731,-767,-3115,896,-1346,-60
80678,6356,7621,4102,-848,-700,680
80679,-4145,-5435,791,-788,-558,-1264
80680,2579,-3739,-2405,-1566,1618,1151
80681,-7763,1532,-872,-1617,1693,513
80682,4723,-5749,2816,247,-1426,-624
80683,4332,-6782,5104,1545,561,479
80684,-4170,-183,3722,-8,-1026,1252
80685,4544,5375,-2692,974,-498,-610
80686,-7566,907,-4533,-1205,-1616,860
80687,-506,6867,6396,-1069,199,-539
80688,2230,2301,-2660,-1680,1354,657
80689,-1307,-5901,-101,1178,-338,859
80690,-2215,618,-269,-620,-150,-760
80691,-7477,6633,21,-1991,645,1073
80692,6677,-2633,-77,243,968,-655
80693,-6790,-5447,2174,1084,-1084,646
80694,5981,-4770,-7497,1341,1294,1498
80695,712,3214,-5214,-766,-781,-689
80696,4751,6048,-6921,1755,1558,-1098
80697,1609,-2413,6785,568,796,576
80698,2261,1777,-7956,1841,467,-325
80699,5671,-6612,1292,1459,-438,-1168
80700,3914,-7043,7399,-1758,457,-1323
80701,289,6159,7348,143,-1014,640
80702,-3063,4062,-3737,1642,1598,-532
80703,-7507,-205,-1238,1403,1826,1354
80704,3218,782,1256,-1906,-924,1652
80705,4747,-5126,2620,-1290,-86,-727
80706,-3358,413,-837,-1140,1829,738
80707,416,1398,-3963,-1753,-1610,-286
80708,4880,646,3022,863,1976,653
80709,3403,-4183,-5611,-1109,-354,271
80710,-6603,165,-3009,-353,-1429,-303
80711,-2457,4942,145,31,-682,1582
80712,-4433,-5257,6256,-303,-831,753
80713,-19,-292,2109,-186,606,860
80714,4982,6083,7574,1566,-132,-1051
80715,-2546,5763,-7010,1463,1455,1212
80716,415,-37,6119,708,718,1980
80717,6118,7472,-7793,-614,1141,1052
80718,-3671,-7530,3080,-1118,-1209,-749
80719,5100,-145,-4865,329,-1636,-1358
80720,-4693,-2896,-2651,-1390,-38,-539
80721,1989,3949,2363,1453,-840,1281
80722,1047,-5319,-4953,-1297,570,1767
80723,-7409,977,257,376,471,-595
80724,-3859,786,-5778,-600,-1489,1457
80725,2856,4940,3704,1404,-733,1754
80726,7406,2739,-6821,-1259,-1214,608
80727,1459,-6376,-3159,-1235,-1007,-1879
80728,-7033,1416,-4610,400,1733,-18
80729,-2097,-2105,-3104,-1776,34,1928
80730,2553,3830,-585,-1547,-683,-161
80731,1530,-7369,2738,713,-914,875
80732,6150,5919,5022,-225,-1604,-1504
80733,-33,3364,4938,1622,-338,-618
80734,-1623,-5459,7224,1618,796,-1083
80735,-1501,-18,4511,-1166,-854,-382
80736,6053,-6396,-6501,546,-292,-1618
80737,-2333,756,7542,1687,-992,-922
80738,-4905,-2331,-7042,624,65,-1090
80739,5848,-1666,-2007,1565,-1340,-155
80740,1319,-5708,377,420,1636,-419
80741,3504,-1855,-1335,-899,-1838,1758
80742,148,1941,909,-831,-371,101
80743,-2542,6542,-4693,-334,848,-497
80744,-2147,-5274,-624,-1608,528,-410
80745,7225,950,-4735,1276,-660,-1441
80746,-290,-4820,-2187,1501,-1904,-35
80747,-7516,-6791,-1256,-1331,-1345,-1978
80748,-3819,-4988,1744,1681,1420,-540
80749,-4529,-1517,5842,324,-39,570
80750,2230,1272,-2027,1978,-835,853
80751,6360,-4387,-788,30,21,-885
80752,7494,5714,5416,-1626,1717,-1773
80753,7611,3526,5381,1814,1702,-344
80754,4835,-84,-185,-1923,178,458
80755,-2445,-338,7634,961,1854,1264
80756,1083,-2052,1032,-11,317,-1565
80757,-1138,3742,-563,-1812,821,-551
80758,-3066,-6125,-6747,568,-1230,489
80759,-5829,5922,-7503,-1167,230,-1467
80760,-4505,7741,-678,-650,1309,-304
80761,4930,-139,-1529,-890,908,710
80762,-510,3679,-5662,-173,965,226
80763,-3020,6610,1246,1716,780,-267
80764,-7975,-2207,-3686,-1298,937,-738
80765,446,645,1470,1871,-488,279
80766,5564,-7344,1382,-1087,1993,364
80767,5173,-619,-177,-1525,-141,1794
80768,3267,-3468,-3608,1493,501,548
80769,5936,-4209,-2706,-133,492,-978
80770,-6193,6384,-64,-718,-1715,-1679
80771,3800,958,5503,-448,-1336,607
80772,4055,285,330,1807,1570,-564
80773,530,-7598,-1893,-1290,668,-773
80774,815,-2434,-7979,-358,1025,-1655
80775,4351,5989,4328,1068,430,-1111
80776,-5098,5690,-3978,-1391,-1287,899
80777,1844,-86,-3147,-179,338,644
80778,-5595,3616,7647,1051,1839,247
80779,-2636,2409,1851,-764,282,-972
80780,2646,-5606,-3777,1605,-482,198
80781,-7060,7748,1678,-1151,1381,1995
80782,-2488,-7676,-610,300,-1258,-616
80783,-456,-3932,-2481,-1006,-333,-603
80784,-1976,-2692,-2093,1820,1699,380
80785,-6037,-6758,-5489,639,-1473,-281
80786,-2315,2712,-2053,-1013,-252,1081
80787,945,-4944,2558,-748,-1228,1702
80788,3999,3170,-1213,1337,879,-1959
80789,6708,4693,-7626,618,-126,-1637
80790,7098,-2039,-3442,-756,1108,880
80791,-2965,7340,-4748,-915,-1174,1007
80792,-4801,-3266,990,731,-812,-1244
80793,-6812,4143,1833,1357,1246,796
80794,383,4978,-3476,-131,1400,-1489
80795,7644,-2411,-955,-104,1110,-1119
80796,2370,7214,6471,1787,704,1503
80797,-6694,2012,-101,-69,-14,1485
80798,4193,-1276,-4975,-947,1913,1860
80799,2591,562,-267,-1782,-491,-643
80800,4294,3956,4782,-319,72,-1274
80801,2011,-5125,2153,-1257,-1137,-1965
80802,2926,-1887,-7899,367,-1585,1228
80803,3971,-2942,-7634,1572,1407,358
80804,2489,5572,4555,1836,863,-1351
80805,-4162,4491,7157,-894,1670,-1207
80806,-5423,-6011,7481,-678,-1109,-33
80807,5642,-1275,7487,-1206,-1915,-1702
80808,3187,-5469,4403,-1511,-1260,1704
80809,640,-6412,-70,-971,1106,-992
80810,-7932,2341,4112,-839,-1069,-591
80811,-3204,6278,-5717,1951,1726,1595
80812,-7960,-4352,4188,332,-1556,81
80813,-2451,79,-7087,-301,-7,366
80814,588,2191,-297,-555,-1392,-1664
80815,3789,-749,4815,-5,-1640,-1693
80816,-6128,3714,3693,1966,1213,1595
80817,16,4010,4495,-149,627,566
80818,2851,-4125,2039,1738,1569,-1588
80819,-1021,2699,4803,145,1907,-1236
80820,1786,499,211,1853,988,-1582
80821,2762,3725,6051,666,-78,-549
80822,-5883,-2506,-6371,642,-1790,73
80823,3002,6010,-2351,828,-246,-350
80824,651,-1455,6641,-1769,-1377,1246
80825,6500,5087,-7719,-980,1880,1268
80826,4622,740,5628,1800,-173,933
80827,-6701,-6571,319,1541,185,154
80828,-6890,879,698,-814,1372,-660
80829,-2632,-400,-2044,-1238,1320,-1648
80830,4773,-6728,-3084,958,109,944
80831,5740,-4211,2478,-1963,-1388,1837
80832,-1212,-6312,595,1168,297,-1246
80833,4307,6974,-6582,1219,314,1158
80834,-3942,2889,4137,-201,-1386,-1881
80835,-4344,-5878,6079,1091,1399,-299
80836,-2549,2089,72,335,-1137,1967
80837,361,-6938,-6059,-1418,-334,-1584
80838,-3461,-625,-3770,1280,-284,1767
80839,-456,-566,548,1997,-1190,1363
80840,1278,-1242,3610,118,1053,-233
80841,-1110,450,7673,893,338,-380
80842,2213,6466,1185,773,786,-1614
80843,115,5862,6982,1538,988,-685
80844,-1705,-476,5766,1974,118,341
80845,-4176,-7861,3749,-753,-1060,-1722
80846,-7566,-3898,-288,-1813,-462,-1218
80847,4686,-3902,-5568,-1455,1871,169
80848,-7896,-7011,-6301,1977,892,-1955
80849,7079,107,-1949,-1871,174,928
80850,4185,7743,3030,1465,964,1572
80851,-471,3268,2210,-1696,396,68
80852,4607,-1358,6619,-282,-362,1235
80853,-6816,4564,1249,-954,1834,-1920
80854,1221,-4236,-2231,-776,-670,615
80855,5737,5001,-4518,-90,-1666,198
80856,7988,-3257,-962,-1193,1439,-880
80857,2166,6464,-7754,-2000,-1276,-1576
80858,981,1898,5501,-1204,746,1097
80859,-4599,-3042,-6693,-1088,-761,-1585
80860,1068,-6835,-78,-1308,-27,-1311
80861,-971,3959,-6667,-886,1769,722
80862,-6478,-4391,3352,1667,-1169,1276
80863,225,5245,-5609,-1791,1617,-1725
80864,5779,-6462,-3264,-1809,655,-1476
80865,805,-5165,-4890,-1580,-1838,-1438
80866,-7739,-4130,5820,988,1432,-1416
80867,4859,4171,-626,625,1724,-736
80868,1860,6525,-6246,334,-1406,-698
80869,-4978,-4179,1564,-1069,870,-539
80870,4438,5043,-5887,1843,152,-544
80871,-1781,6885,468,-848,-541,51
80872,1093,-3635,-4254,-1487,-713,1419
80873,156,-1900,6474,46,1253,1677
80874,7246,-6292,1978,-1021,1834,1966
80875,2430,-1863,1376,-1741,908,1853
80876,2781,3327,3351,1496,610,1016
80877,-3280,4129,-3751,-1983,1394,-1896
80878,-6720,6120,5910,374,1877,924
80879,4644,-7158,-2431,-122,689,-685
80880,6392,1987,-6324,-1618,-851,-1385
80881,2579,-4150,-2146,824,-1101,-1073
80882,-7017,7655,2481,-647,710,-1834
80883,7899,3030,2254,-1887,-1947,-1303
80884,-499,7108,3166,-1283,1155,1993
80885,-5973,7975,-2267,697,1972,97
80886,-5707,-985,5192,74,-425,-1962
80887,1381,-1335,-6354,1738,-227,-653
80888,4006,-2845,6947,1716,-94,-1038
80889,-630,6219,6859,-1224,1176,-1160
80890,282,3111,6026,1409,740,1330
80891,-5084,415,7660,949,-851,801
80892,746,5288,-374,1247,-882,-711
80893,-44,-1946,5468,550,353,-1871
80894,547,-3508,4773,1271,1409,-1792
80895,-858,-3463,3570,1805,953,-880
80896,306,7970,-1579,138,491,-1576
80897,3615,-7945,5420,1963,-1247,-71
80898,-2880,-4019,-7999,-1147,1189,1668
80899,1339,5797,5768,-1336,865,1470
80900,2587,-4281,-671,-1138,-197,-519
80901,-3520,1021,-7860,-410,-952,807
80902,6755,-635,2844,1147,1340,1182
80903,-4187,4272,4292,-90,-1824,-911
80904,6053,-1357,-3249,1749,-1335,1028
80905,-6616,4671,-4316,-453,-490,-1114
80906,-6327,-6257,63,-932,405,-610
80907,-3800,-7708,-4907,-524,1669,1709
80908,-239,4240,-4830,615,-1839,1528
80909,4790,886,-1351,1732,-823,938
80910,-3006,2706,-696,1877,-333,1421
80911,-389,928,-4741,17,-1118,-1012
80912,-4528,-4207,1439,-671,1237,-1698
80913,6910,3803,6195,-949,1100,-1165
80914,1223,-649,2756,1104,-24,-82
80915,934,-511,-4259,-228,116,-1508
80916,4007,-264,-5296,-1181,-841,-1522
80917,-4503,5689,581,-651,1323,1736
80918,378,3773,-1506,-146,-508,228
80919,-6456,-6702,-3648,-824,-1965,635
80920,5813,-3838,6446,-280,-396,1122
80921,-171,2061,-1463,-1957,-1550,1515
80922,847,-4279,-3019,-1384,1082,66
80923,-5059,2145,6787,675,1500,1470
80924,-1687,-2764,-773,-171,1417,-14
80925,7909,2930,2654,741,1737,-233
80926,964,-6150,5032,1441,312,-756
80927,-6637,-3159,-4741,-696,-686,164
80928,-2440,5355,3448,-1228,-111,-532
80929,-7939,5654,2291,1333,-512,505
80930,-1122,-346,-636,667,1281,1763
80931,7322,-2429,-6931,1810,1208,-1677
80932,-7657,714,2786,939,1619,1360
80933,6916,-2909,-6720,1511,796,-1586
80934,6840,7130,2725,507,-48,1969
80935,399,-1263,7880,536,22,-1377
80936,-6711,-4739,-3174,995,443,306
80937,-4846,277,172,1920,-623,153
80938,2669,5588,3405,1752,-1507,-1110
80939,2431,2191,-5332,-177,13,1780
80940,1584,6642,-1748,-1481,431,-1929
80941,216,4975,-2636,-1141,1411,843
80942,7909,-6806,5792,238,-1075,556
80943,2235,-3181,2851,1977,361,-701
80944,3577,2771,-1180,940,-1880,-34
80945,1007,-2035,954,-453,1903,1560
80946,6549,5033,6212,-353,1975,-427
80947,3574,-6052,7138,373,-1320,-1760
80948,1145,7532,-1081,1940,-1690,230
80949,2706,-4861,-1944,923,1958,-841
80950,6693,-7025,7408,-1797,884,-764
80951,6646,3366,-7157,1457,1163,294
80952,3615,-1212,1723,591,1346,1878
80953,4056,-5775,6697,-1451,918,1712
80954,-183,1576,2809,-1808,-807,-1600
80955,-6259,5015,-1340,567,18,-418
80956,2684,5045,-1915,-224,-740,-1487
80957,-6614,-3762,339,-1897,1945,1503
80958,3019,-6689,-1474,270,1339,817
80959,1180,-5386,-3056,-715,-1202,1835
80960,-5330,5125,-1439,1150,1979,-956
80961,-7842,-5244,-506,-520,-1677,1454
80962,-1536,-1475,-7719,-1486,1233,751
80963,6831,-5995,2070,-490,-1101,1803
80964,7427,-343,3777,-1559,-1969,332
80965,2432,2067,6420,-1042,-975,-948
80966,-2948,-1546,-7603,1908,1437,158
80967,-5167,-7372,7271,1419,-1789,1033
80968,6070,-1969,6148,-546,738,-1628
80969,-6814,2997,-5418,-1556,912,414
80970,3126,125,2958,-984,-408,-689
80971,2692,-4689,-3814,-735,-810,1326
80972,2189,-1758,22,1772,-993,1742
80973,-2091,-2504,1224,-803,-1874,-798
80974,127,2017,7340,-797,608,-535
80975,-4652,6131,1185,-557,840,-1426
80976,-793,-3733,6411,-317,403,-1865
80977,-753,-1666,-1284,-474,1457,-707
80978,-5345,-4234,1716,-314,-477,1526
80979,3370,-4015,-4930,1102,1046,1643
80980,6885,-810,-6353,-554,906,-385
80981,897,-4423,-2517,1608,1733,-803
80982,-4274,-1605,5296,1444,426,-424
80983,1521,2615,1165,-1758,-1481,1362
80984,4877,3927,-1924,1621,-1752,140
80985,-2873,5811,-4237,538,498,-979
80986,-4356,-678,-6240,-301,1910,-904
80987,7236,-3464,1713,764,-1359,-798
80988,5178,3135,3358,-237,900,-431
80989,-4119,1653,655,-144,1005,-527
80990,2758,7065,-1158,1947,-1933,-364
80991,2700,-2445,5534,1076,1024,914
80992,-6636,-818,-820,-1587,-1791,1270
80993,3501,3793,3639,994,-661,-623
80994,-7918,6517,-3140,-976,1464,-1566
80995,7985,7232,717,-1511,805,-1233
80996,-5018,272,505,-1793,-1966,-1054
80997,-4384,-3909,-2832,895,-711,856
80998,-3195,1905,867,-1752,282,998
80999,-6188,-5252,-7717,-389,-1913,445
81000,-6989,-1626,2295,-2,-1290,1488
81001,-3312,-7962,-960,1971,57,1624
81002,7008,-357,6166,-1132,218,1848
81003,-6899,-3019,-1584,1006,1582,-1889
81004,-7811,-6289,803,-667,1541,1159
81005,3609,7940,-2574,9,-611,-145
81006,7123,1673,-6603,-614,1731,308
81007,6569,2723,4040,-761,-1903,594
81008,-685,-884,2980,-1674,-667,674
81009,-308,-2395,-3870,1060,1575,-1786
81010,-2219,-3987,-7038,-940,39,784
81011,-4812,-192,3292,-416,1928,-1150
81012,2140,4578,-6257,-1184,1953,-804
81013,-1395,3036,5866,892,-1595,-246
81014,-5592,3464,6385,698,607,22
81015,-7030,-5629,120,1000,1012,1227
81016,7195,94,-5375,1193,-635,-431
81017,-147,-4199,-104,-956,-787,212
81018,-1109,478,-2288,-56,-859,915
81019,1166,-968,-5990,1274,-540,-356
81020,-616,3457,1762,-494,-1319,-1807
81021,3692,-2728,-5553,1892,389,1890
81022,3610,5190,-2572,-1151,630,-1145
81023,-2230,7256,84,-693,-341,113
81024,-1069,-6163,6013,808,1189,966
81025,-2003,7169,4326,-598,-1999,331
81026,5846,-3024,2945,-1339,1840,-1160
81027,145,-2918,-1628,-483,-1291,-768
81028,-5530,-6575,-3443,-1420,-409,-138
81029,-3659,-1061,2768,-961,1479,-1407
81030,4227,2141,1052,1787,-589,1004
81031,3688,4744,-7047,257,153,264
81032,843,6738,5410,-1377,1882,-1852
81033,-1473,-4235,-3520,1955,1266,-1572
81034,-5308,1436,6608,-574,-1956,541
81035,7223,1034,6327,1588,83,-1059
81036,-3341,-305,-4207,-417,241,-1951
81037,-1813,571,-7579,1002,-1373,-1350
81038,5085,5545,-3840,-419,1437,-1837
81039,91,-4283,-5129,-765,-173,-1478
81040,-797,-4216,-1094,1838,-967,-1004
81041,4340,6616,5870,-265,1124,1697
81042,4516,5874,-4292,571,-1862,-1189
81043,-2369,-7767,6503,367,163,1007
81044,-3478,-4017,194,-1714,1405,-200
81045,4091,-2746,-7103,1032,755,1406
81046,-3694,-1847,2185,-194,1680,-1301
81047,-2204,6689,-7523,-195,-1458,-1409
81048,-6211,5260,2085,-20,-1337,50
81049,4097,5455,-5807,340,374,1910
81050,2078,127,7503,-134,-387,775
81051,7149,5803,4435,-1875,1245,-1862
81052,-2531,-7890,2537,-705,226,-1069
81053,3674,-4678,-1959,-533,-1198,1303
81054,-3223,5226,-5144,-121,-963,-280
81055,-3052,-404,1177,611,439,-1892
81056,3016,4047,7225,670,-1041,76
81057,7192,-7804,-2390,1445,-1388,-640
81058,-484,6580,3713,709,-1039,-1414
81059,795,4088,-5150,-1343,-1194,526
81060,-2957,7956,-1135,976,-892,549
81061,4092,3928,3209,-378,-1374,-720
81062,5908,2778,-2961,915,-1429,1405
81063,7035,5535,-2641,1727,-1650,-1673
81064,555,5237,-6489,-1628,1605,1196
81065,-7926,-6262,3629,-1383,-1943,944
81066,-7797,-4580,-5807,-517,-1019,-64
81067,672,1483,-6128,962,1306,556
81068,-1362,1256,-72,517,-64,-1728
81069,1698,-5975,1046,-1214,-20,-986
81070,-2202,5503,5327,1815,-1351,-1368
81071,5768,2158,-581,1162,-1733,-234
81072,-3801,3441,-171,1454,249,1393
81073,-5522,4774,-1058,-922,1522,632
81074,7032,2127,653,-722,690,-1506
81075,1885,-5441,-3470,-1375,605,1994
81076,-6007,5483,-4083,891,-564,293
81077,-4940,3668,-7086,271,-216,912
81078,-574,-6582,-3448,104,-259,-758
81079,-1523,-4693,1922,-1894,-1809,1904
81080,2747,-6621,-6384,600,961,-1883
81081,7819,3506,-6341,125,1643,-1500
81082,-2452,6900,4600,-1944,-540,-398
81083,-4705,-199,6725,290,-945,1922
81084,-7534,4080,-2592,-170,-619,-1818
81085,7726,-6837,-683,769,-1451,1629
81086,-1752,-3387,6175,733,1477,-1994
81087,-290,1666,-3737,-123,-1676,1820
81088,-6210,1622,6360,-671,-1959,1399
81089,-4154,-4799,3992,1747,-1420,-482
81090,3819,-3318,3615,-983,508,-1402
81091,-5705,5252,7061,874,-708,1493
81092,1680,-7482,-1074,-1494,-657,-848
81093,4698,4593,791,894,572,363
81094,-2421,-1283,-1923,611,440,-733
81095,6667,-5336,6046,-1829,-148,-402
81096,3912,-2604,-538,-1762,1416,1522
81097,-806,7302,6073,-789,-1306,1090
81098,7778,7237,-5837,1945,224,1829
81099,2678,7265,1194,1363,-503,-1508
81100,2378,6935,-4582,-354,1648,1222
81101,3779,7826,-6939,1315,-301,-519
81102,389,63,2787,-256,-402,629
81103,5926,-6683,3882,1343,-995,1147
81104,4892,3892,-7277,24,-573,1402
81105,-2934,7005,-2899,-1075,486,-1998
81106,652,-6701,-1614,1615,-1734,-1076
81107,5248,-2885,-691,-1551,-25,1658
81108,-6681,458,4524,566,-174,-1959
81109,-5175,-6022,-7873,1975,460,882
81110,1103,5592,1438,1343,-851,-589
81111,5555,5011,1490,-1604,618,-350
81112,3388,5035,-996,1005,30,905
81113,-6529,-4977,4308,661,-427,-221
81114,-3328,1581,3525,316,-61,818
81115,-4426,3383,-6154,-704,-495,-940
81116,4742,2455,-1218,1100,612,-1516
81117,-2125,1210,-6519,177,573,-1352
81118,807,-2834,1136,655,-1838,-809
81119,-1859,-2741,1343,-284,1598,-1566
81120,-7463,-6018,7614,370,-1759,-833
81121,-2573,6918,-6605,-639,1857,-1488
81122,-6127,-496,5243,121,-749,1277
81123,332,-5508,-4446,46,-1369,-1798
81124,-6180,-5477,-3913,1766,-1613,1124
81125,6226,2032,-7364,221,-1593,1794
81126,1849,-7576,-6293,-1205,-1330,1210
81127,-5698,6670,701,295,593,-1299
81128,3807,-2924,3993,-1573,-1639,-104
81129,-1721,7398,4038,-487,1786,-791
81130,-7586,5679,-5658,-787,-363,-1513
81131,1100,-541,5864,-199,-1554,1131
81132,-2582,2962,-7608,-69,-1432,-926
81133,2533,3467,-3342,-1222,580,-250
81134,-6360,5728,-3085,-1810,649,1538
81135,-5228,-818,-512,210,-458,1436
81136,-172,5873,1880,-1211,72,-77
81137,-4589,3233,-4410,-1062,-848,569
81138,1521,6038,-4389,-1867,729,1641
81139,7283,7519,-2258,-1135,-966,1871
81140,-3765,3811,7627,-155,1880,1409
81141,3772,4717,2396,-410,-1986,741
81142,-4974,-7814,7464,-1420,1476,1478
81143,-1181,-256,3790,1142,-1831,-1809
81144,-3707,-6273,2890,957,-1239,1766
81145,7380,2436,6925,-1557,-334,-1895
81146,1348,-5703,-1860,-549,1572,1455
81147,4415,-7272,1151,-939,51,-1459
81148,4920,7466,-7003,-300,-106,-638
81149,4156,6623,-7479,1288,727,-53
81150,-2166,-7168,5005,-182,-913,-1858
81151,1406,-1786,-7049,1248,522,226
81152,5892,-4232,-2984,594,-1818,-1249
81153,1735,-4180,1798,1330,196,150
81154,3927,4038,3531,1090,-1424,1203
81155,-7070,3010,4357,1030,-1603,-1520
81156,-3336,-803,-5886,246,-190,1429
81157,-1053,7196,7098,1768,-1436,894
81158,-2031,-847,-5587,-99,-1990,-856
81159,4046,-6295,-4131,1647,-239,-1340
81160,5721,-286,-6590,70,1096,56
81161,-6507,5729,1617,276,-1014,-282
81162,937,-6177,-1923,-141,-1698,-226
81163,1992,6635,1091,668,-1554,1727
81164,6192,2418,-1134,1663,1149,1267
81165,521,-323,946,-568,-1488,1181
81166,-2237,5050,4725,-841,-21,-840
81167,-2519,-7333,1822,661,-1014,1417
81168,-831,-3251,4166,624,1840,-1650
81169,-5889,6010,-2064,1047,1560,1017
81170,3115,-6160,-237,-270,-1810,1370
81171,-6185,-1294,5741,-28,869,-1378
81172,6473,-2282,4786,1965,-1396,-344
81173,6699,5806,-3378,154,-1088,-1957
81174,-4190,-7411,-3714,-283,-1539,-576
81175,133,6940,2458,-1069,1713,1652
81176,906,-860,3233,502,-87,48
81177,6472,-951,-5799,684,1411,293
81178,-504,5797,3976,1601,1613,515
81179,4726,7618,334,182,-911,-686
81180,-1062,-3117,-7562,1494,-1123,-1774
81181,7856,6097,1614,-518,321,-767
81182,3368,5726,-4116,-602,-708,484
81183,-6004,-5913,1316,-427,-1259,35
81184,7772,7608,-4073,-835,587,1303
81185,4643,3601,-5607,-1397,-1532,-1110
81186,-4742,7437,3096,-1874,-615,-1527
81187,-1875,1087,-5897,-119,-673,78
81188,-6132,-4727,7161,-1214,35,1399
81189,-1659,1231,-2390,909,1811,-1814
81190,-1164,5558,2955,1295,-1081,-732
81191,-7832,-7448,-2981,-560,1879,-1041
81192,-5892,-5263,4941,-1705,315,49
81193,7919,6867,-6957,1464,-1846,1248
81194,-5542,1735,-5091,1157,680,518
81195,-1900,6641,1865,-734,-1400,1530
81196,-5136,-5872,2938,-1141,521,-1304
81197,-4952,-5383,3392,-738,7,1513
81198,4616,7505,1431,-1493,450,1779
81199,6055,-982,-1258,-665,-1269,118
81200,-6446,7290,1481,1000,1533,466
81201,-3883,-7567,-2893,-1521,950,-729
81202,7653,-1501,-7844,-1990,-1149,636
81203,-422,6931,1651,-1124,217,-905
81204,1581,1541,5683,-1690,1850,1200
81205,-919,6744,-7440,1381,426,-1419
81206,-4876,744,5896,1104,1937,-1136
81207,-5132,5951,3284,-787,1801,-1600
81208,7520,-4815,418,-809,609,961
81209,7643,-2374,-483,1293,511,144
81210,1451,6978,5014,-1647,848,-520
81211,-4445,4789,-2921,92,248,1965
81212,2705,-6703,-4798,1141,-1311,1002
81213,-7416,-6348,5534,719,482,-1904
81214,1708,-7559,-688,1331,597,1328
81215,7138,5926,1052,-322,626,930
81216,7056,5473,-2715,714,-1797,56
81217,1459,-106,-3459,694,826,1643
81218,-5947,1928,6450,1374,1947,1823
81219,-3343,-7828,-2794,166,928,-1426
81220,-7919,2490,6099,-1221,206,193
81221,-189,1700,555,1557,-1844,-1142
81222,-7764,-4432,3560,-1442,664,-1473
81223,4984,6664,-2979,265,378,1625
81224,-2265,-5419,4742,743,1146,1061
81225,1953,3536,2338,1324,1122,-1554
81226,4984,-2100,-7093,-22,-65,1722
81227,-6531,-351,3664,-1746,-448,1760
81228,5146,-7222,2640,-741,992,1023
81229,5572,3601,7257,1449,1999,-1743
81230,1004,-4382,3643,220,351,1181
81231,-3317,5643,7756,7,1723,539
81232,-760,1506,-7936,1696,1190,1827
81233,5224,-3210,-915,-891,-1175,631
81234,-5791,-7895,-2066,278,-606,-477
81235,4121,6735,17,1977,-358,517
81236,-6084,1599,-3785,691,-1147,-1229
81237,7348,3753,3746,-624,752,-1187
81238,-7722,4227,2587,210,1744,472
81239,4,4387,6200,1500,-1381,736
81240,3413,2289,-7264,558,1532,-1077
81241,6722,-4286,-2290,-866,-1729,-361
81242,3939,-3107,7449,1760,-1803,1403
81243,5488,-6906,1711,-431,1409,-974
81244,-5793,-6220,6395,-1879,1485,-1757
81245,-3553,-1369,-2701,1158,-801,-1904
81246,-2677,-7659,782,-1907,-1759,-567
81247,6989,-4909,-6068,1070,1770,-147
81248,-2996,-5376,-4577,-1662,1201,1910
81249,632,-81,973,-1133,-1452,-890
81250,-1332,5526,-408,-812,934,-410
81251,5526,6648,2013,-287,-1498,758
81252,4342,-503,3491,-1869,951,1967
81253,2226,-7244,3264,284,-757,-306
81254,3900,6785,-5916,-1681,-1462,1546
81255,-4473,3831,-1098,-1803,1854,-140
81256,2903,-4892,-3812,1981,780,-1960
81257,-3541,-2275,-749,429,447,-1773
81258,-3280,7758,6221,453,-225,1302
81259,-5887,-2749,1696,291,-1941,256
81260,5986,-2036,-4182,275,789,-1323
81261,-4787,-3565,2460,-478,1032,1476
81262,-721,441,3775,-1468,-479,-1432
81263,7862,2918,-2602,-1685,-958,-1534
81264,-6408,5457,4061,533,1768,220
81265,3045,-3366,1683,-544,-1378,-8
81266,-1619,2703,-2061,-1408,1224,-783
81267,241,-4041,-253,1151,1844,-583
81268,-2188,-6283,1374,1898,1312,1105
81269,6733,7570,465,-889,1562,1681
81270,1317,-564,2701,380,-771,-1818
81271,-1995,2823,3964,919,-1562,-21
81272,-1510,-2330,2049,-741,85,-13
81273,-91,6426,1067,-475,1073,144
81274,-1296,-6002,-2065,1010,1466,-1116
81275,4271,2677,53,645,862,175
81276,6671,-4830,746,1415,251,1320
81277,-801,-3595,2483,1457,72,504
81278,6129,1325,-3184,1338,1608,-1099
81279,-7637,-1816,5151,-1322,-191,-302
81280,-5485,-5457,6103,1333,1558,-537
81281,3164,-3394,4598,211,-910,1784
81282,-3813,-255,786,-1791,698,1408
81283,5212,-6062,-7646,-1490,1434,1858
81284,2472,-4618,-2684,-429,532,-646
81285,7093,112,2438,-313,-1034,688
81286,4834,-5390,3260,-1672,-1170,397
81287,-5353,-4228,-4323,-384,-731,111
81288,570,3900,-2183,1967,1984,-949
81289,2559,-2917,7084,-271,-780,-1544
81290,3728,3426,6658,1724,-1944,-100
81291,2563,4349,-1503,640,-26,-1827
81292,-5055,7575,3084,-1728,-1385,198
81293,-4505,6607,-3777,617,446,813
81294,-7668,5086,1193,-1646,1639,1293
81295,-6678,-4779,-5654,599,-414,-1755
81296,98,1642,-6391,-42,-664,639
81297,4443,-2975,-1187,-892,-1008,796
81298,-5603,-7390,-1659,-1431,496,1878
81299,5934,2537,6089,-1970,-1032,1062
81300,606,-5529,4864,659,-596,-936
81301,-3543,-2352,-1659,-782,1174,-1208
81302,533,6829,-2758,-859,-585,-605
81303,2106,1999,5436,1809,1254,525
81304,-276,4984,4121,1591,1470,1715
81305,5432,510,-6949,293,1237,-1915
81306,2876,6794,-5901,-879,-662,514
81307,-5406,-2826,-7008,1233,692,-276
81308,5553,-1186,-2504,-237,971,1375
81309,2628,6229,-1645,-1713,1529,1852
81310,-7423,-2345,-3154,-629,-1631,120
81311,-2201,-4726,-1549,-270,306,1523
81312,-1548,2811,-1265,1248,1625,-293
81313,4004,-7260,-7316,80,-1233,1414
81314,-5039,-3672,-5909,1288,316,-1904
81315,-5329,-7821,-4824,-1093,-115,1773
81316,-3593,-3222,-5571,1113,589,1716
81317,5885,3182,-7951,-42,-88,1618
81318,-6694,6675,-6730,1866,1138,-1522
81319,18,-5048,-2533,-1824,-1815,-312
81320,-2999,-1416,-2542,-937,-201,-734
81321,-3250,6200,-1045,1414,-1492,1328
81322,-5824,-4319,2995,-1629,1603,1346
81323,2775,-3134,-3930,-630,65,-636
81324,1173,-798,-4837,380,-566,-19
81325,-4798,-2270,-5796,1323,340,-487
81326,945,5281,7429,-1146,-997,-106
81327,485,-2717,-2034,630,1024,1739
81328,-4946,-5069,3927,1131,986,529
81329,742,5273,1914,1961,1337,-1837
81330,-898,5657,3755,639,-1454,-341
81331,1547,-1899,7019,-943,1903,174
81332,-5436,-5539,-4023,898,-512,1588
81333,-6466,3073,-3683,-934,1223,1619
81334,7450,-1749,4519,-556,509,456
81335,6771,4307,-1175,689,1043,-1367
81336,5098,6408,4117,1478,-411,-950
81337,4215,-5953,-5490,826,-1607,488
81338,3068,7479,-6604,897,-1430,-587
81339,-5791,-2636,449,711,-1711,1643
81340,-6740,6318,3818,206,-876,1571
81341,666,-5673,-1792,-872,778,-1926
81342,-1954,2862,-5973,-62,-1444,163
81343,-1930,3484,6355,-134,311,1420
81344,-4435,1571,-4624,108,1567,-1877
81345,-6801,1550,-2601,1429,-1455,1928
81346,-1122,-4687,-7368,1647,1707,-697
81347,6861,-3011,-613,-1586,94,-1099
81348,591,7222,-5680,-491,988,286
81349,7498,-3308,1080,-46,838,1677
81350,6587,-267,-2320,542,766,-1579
81351,-1220,2825,-97,197,-1000,-1067
81352,-5742,6805,-2429,1,303,-1742
81353,457,-543,-799,1420,-1178,-1824
81354,5686,7017,-6429,1508,-483,-1796
81355,1615,6731,-1490,1943,-436,942
81356,-1585,-137,-3809,747,1997,-1743
81357,-3414,3057,-3053,726,-496,385
81358,2459,7551,-33,65,-1166,-998
81359,-1385,168,-2736,-1691,1471,1278
81360,-1715,6340,-2194,-1691,-559,258
81361,-3853,-6052,-5071,1402,1032,1462
81362,5703,7522,-6863,115,144,1899
81363,-701,-6221,-7919,-1641,357,-1582
81364,-728,-2729,790,1640,-14,617
81365,-824,7536,6240,1600,-1686,-8
81366,5328,429,3214,-1075,1527,206
81367,5849,2741,1265,1534,270,-1018
81368,2895,7016,4711,-1391,-1882,-393
81369,-343,-6541,-4854,724,1528,1995
81370,-6223,6710,-3534,750,-556,1973
81371,7647,-1924,-7007,-114,1907,-513
81372,4160,-2658,6444,-1796,478,-1469
81373,-7176,-187,-694,306,-863,-1094
81374,2518,-6414,6205,464,50,1355
81375,3036,-559,-4215,-406,1117,942
81376,-7558,-4686,-6297,843,735,-1879
81377,600,6465,-2094,1239,-1053,947
81378,2776,7623,-1104,-810,1633,468
81379,-5186,395,-4081,1571,-1614,80
81380,2907,4927,7045,-723,1176,1930
81381,5490,-349,-1260,-801,-973,-1113
81382,2462,5069,3119,369,-95,1016
81383,-4374,-489,3128,759,903,-970
81384,7061,-4412,-6163,-1907,1374,1678
81385,-6697,-4137,-124,-1237,1865,-1135
81386,-6287,-6675,-6768,-1834,-518,1664
81387,-6826,-2866,933,1730,1446,1909
81388,5486,-1888,-5225,-1377,-226,-909
81389,-817,4422,5285,1686,1246,-1233
81390,5633,-6915,-7075,67,251,-1653
81391,-1768,5582,2409,-1217,377,321
81392,-6819,-4676,-2351,-1071,-1551,-1365
81393,7189,3115,-7261,-211,-1711,-207
81394,-392,6903,4230,1551,-277,1044
81395,6338,911,-806,-871,-934,731
81396,4953,1442,5455,-483,1667,-1884
81397,2569,-5171,750,-1358,665,-1120
81398,1251,-7606,-4620,930,-1544,-54
81399,-7937,7374,1338,524,-1626,-1859
81400,-6231,750,5991,519,-447,301
81401,6868,-2209,910,299,20,802
81402,5079,2629,7184,-478,-1178,-1083
81403,2625,3457,-6349,-1489,549,1899
81404,4167,6491,-4809,1578,-1757,1797
81405,7606,-2859,-3977,-95,-789,653
81406,-4801,-6030,-4600,-744,1062,1700
81407,3030,-6978,-4215,-595,-815,-1916
81408,2017,-854,-2757,330,434,392
81409,-1162,-265,189,-343,-1238,-950
81410,-3265,1597,-4286,740,-525,252
81411,5542,3105,-5377,14,1554,1808
81412,137,-7278,-2037,1414,888,1755
81413,-1242,3147,-6691,-1625,-354,1481
81414,128,-3726,-1670,918,181,-351
81415,-503,-1175,-5718,1451,-1579,233
81416,-3721,-4415,-5086,1209,1979,800
81417,958,370,1193,-755,-1477,-237
81418,-5861,-7923,-5923,1448,-1901,1472
81419,-4261,-198,-7551,-361,1630,1158
81420,4414,-1407,4253,-860,-1432,1464
81421,2657,7432,-2040,-1505,-538,-57
81422,-6661,-497,7115,-1116,1065,17
81423,6813,1497,-6254,1987,1436,1811
81424,-1962,-763,2046,330,647,1913
81425,-99,-3031,7522,-1599,322,1623
81426,6835,-2094,-7299,761,-974,1177
81427,7432,-3884,287,1680,-1852,631
81428,3561,6812,5565,1770,1603,1102
81429,6252,-3708,6304,678,1876,-1292
81430,5613,5124,943,-1418,946,-1822
81431,-2123,-557,-6573,-18,-1927,723
81432,-4756,-3597,7936,-419,835,-1510
81433,-310,7143,956,-829,194,307
81434,6633,2521,-4616,907,-1100,1392
81435,4619,-208,196,936,202,-1152
81436,3657,7743,-4542,-1696,935,1820
81437,-7,5987,-3577,983,-592,-1046
81438,-3152,4005,-3005,292,1896,781
81439,-1413,-302,-1731,654,416,-1791
81440,6399,6069,3038,-1363,1711,-994
81441,-2153,2845,3868,1555,1167,-444
81442,1468,-2489,1785,-1308,400,700
81443,-4111,-6060,-7379,-1481,-274,-309
81444,975,1989,7406,-1394,49,-501
81445,-842,5201,3967,348,1,1337
81446,2206,-2402,8,1851,873,164
81447,-279,-7775,23,-1294,-935,1404
81448,-3423,6271,-3531,-1172,-696,-1786
81449,2676,4686,-3038,1853,475,-957
81450,-3147,-5360,3069,-604,622,-899
81451,-3853,-2632,7781,1801,-1263,-837
81452,3612,603,-5569,-117,-1795,-632
81453,7564,871,3536,1016,-416,1193
81454,626,5153,-2711,-534,-276,-670
81455,-650,-2699,84,74,1077,-1716
81456,747,3938,6527,1214,-671,-280
81457,7729,1430,-1048,-682,-731,1788
81458,-3668,3401,7190,-1005,879,-1972
81459,632,-795,-5773,-69,456,1822
81460,1756,4698,7513,-17,-1537,578
81461,6543,-4408,-6698,-395,723,-1088
81462,3007,3058,6116,-1938,-1812,1172
81463,7205,-3495,-3269,342,1709,617
81464,-113,-2620,-1446,608,-216,-1976
81465,-5988,5360,-4840,791,1894,1013
81466,-3767,-7756,4392,90,-385,-1817
81467,6606,320,6376,-623,-49,825
81468,-501,3161,-2850,-1550,-1443,-1728
81469,-580,-370,-1310,433,-726,483
81470,4915,4732,-2166,-646,-1870,1560
81471,-7847,3781,-4645,1472,1834,804
81472,-2150,2537,2910,805,-1769,1408
81473,7608,7153,5911,-1128,1888,-221
81474,1923,7488,5019,-782,60,414
81475,-3216,-1269,-7617,354,-521,-201
81476,-2641,-979,6148,747,-272,1923
81477,-607,6720,4484,-371,227,-236
81478,5988,-6355,1291,941,1325,21
81479,-1675,7469,5417,1139,-1329,-1204
81480,-2515,-537,2013,-229,-1054,-638
81481,-4651,-5170,2094,-620,1379,252
81482,-1251,-3761,-3692,-377,-1711,-834
81483,-5486,3280,-7651,-630,566,-730
81484,-6988,-5146,5249,-366,154,-401
81485,-1209,447,3684,1021,246,-958
81486,321,2301,1325,1844,-50,-1980
81487,1344,1255,1443,291,895,117
81488,2015,-6596,5091,-1820,-985,-336
81489,6696,-6550,741,-1946,1759,30
81490,4953,-5749,5338,1445,-1453,-725
81491,-1708,-525,-7018,875,-308,-1351
81492,4785,705,-84,1336,-1533,-1056
81493,-4419,4734,-6792,1133,-232,17
81494,-1416,-5915,-1326,511,1185,692
81495,-7209,-5846,-7936,162,-1370,1976
81496,6270,-3626,-1825,-265,-607,-1978
81497,136,5846,-3103,-214,-1358,1600
81498,-535,5618,5237,1521,1266,1448
81499,-781,-4346,-3620,137,-1426,-1672
81500,249,5184,-3266,-88,-1903,1788
81501,2546,2767,-1500,-731,-1046,922
81502,411,-7409,5808,815,201,-1996
81503,-3793,1859,2087,127,1431,-1667
81504,3426,-2613,-3989,-716,-1464,-1088
81505,5201,1599,388,1891,-1292,-297
81506,-1390,3643,4780,-457,1938,-312
81507,3786,5800,-1243,-450,-1064,-427
81508,-3863,7911,6392,1640,1731,-711
81509,1611,-815,3460,1554,603,-1094
81510,1605,-5281,7720,-1602,1674,-431
81511,-3537,-2839,-7206,53,847,529
81512,-2930,-2916,113,221,-1969,1829
81513,-5065,560,-5222,1983,-1897,526
81514,5826,3529,3786,-97,218,1429
81515,6141,6114,-6207,-1825,320,-622
81516,-2045,3799,5329,-1819,1380,-1437
81517,-2753,-3059,-3669,1725,430,-1649
81518,-1975,-2278,-6842,-1683,-648,1150
81519,-5226,-1528,3985,1316,1899,-1109
81520,5377,6063,-3574,-1219,1327,-1329
81521,-4224,2213,-7615,1184,1045,-841
81522,4410,1283,-4660,1017,-1050,-238
81523,-5018,-401,4724,790,1393,1438
81524,-3036,-5462,-2041,-289,1969,-661
81525,39,-2149,-3986,-121,1239,912
81526,1973,2786,-2258,1503,415,944
81527,4264,-4619,-273,860,-640,-1309
81528,-1019,3744,1639,341,1040,-1396
81529,7833,-3596,5266,1171,-1133,-1945
81530,1171,3373,3610,133,-878,19
81531,-2424,-4598,7356,-560,-1887,-327
81532,5962,-7758,2452,-1849,-1075,-302
81533,4370,-6980,-6606,1986,-593,-1269
81534,-4116,-7780,-5266,364,190,-65
81535,7226,-5452,3608,-1018,-1486,1691
81536,-5608,-5775,-2381,1244,-585,1294
81537,-2984,6961,-5560,-1461,-1055,-701
81538,1140,-4165,-1806,-965,-105,1775
81539,2102,5375,3160,1739,-45,-1586
81540,-6618,7067,4300,1549,-1244,1046
81541,-5147,-3250,7087,1011,-196,-1629
81542,-6596,4199,-581,-1311,972,-1412
81543,2245,7825,-7916,-458,372,1476
81544,-7259,842,2405,855,1852,841
81545,-5362,-5105,2815,1477,-1669,359
81546,-3301,2822,4563,1572,-1157,798
81547,-3858,4588,4652,-505,1536,-817
81548,6826,2157,-2063,352,458,146
81549,6433,3757,-2280,-1423,-1652,912
81550,4697,1351,-4894,-1855,1115,-1627
81551,-2795,-1446,-3551,-1021,1519,-280
81552,5227,1833,-6779,-1450,973,-1638
81553,-6197,-4321,1850,-610,-1001,-236
81554,-2829,-5889,2495,-984,132,-264
81555,-297,5059,-7441,1149,-980,-1665
81556,-2830,6856,-735,1659,-1898,-284
81557,5666,646,6697,245,-1994,883
81558,4567,-4092,-180,-139,-590,-597
81559,6686,-5364,3226,-235,139,1390
81560,1660,-4394,-2553,685,-1754,-1982
81561,-7799,-6703,-4046,-1755,814,-856
81562,4191,-111,1143,-1663,219,-1393
81563,10,6110,3014,-1026,-870,-501
81564,-4196,-2648,2735,-1553,-1499,251
81565,-335,5506,-752,-527,-2,-829
81566,2881,-457,-3846,-1012,1669,-1441
81567,-4979,4767,5973,1008,1168,-1697
81568,-72,-2272,6568,-651,-1202,-643
81569,1335,1671,4132,699,-122,684
81570,-5100,-2470,-7239,823,50,365
81571,-1130,-328,1175,527,758,1928
81572,6712,-451,-5441,90,1894,-1416
81573,-1280,7559,-3922,1820,-1520,1340
81574,-2906,7872,-3480,1282,1761,-1542
81575,-6394,219,7017,-1010,1808,-716
81576,-682,5583,6151,1042,230,-1360
81577,4501,6141,5660,-1392,244,1826
81578,-405,5025,2449,-1601,536,609
81579,5901,-1484,-4276,1639,1956,-1557
81580,-4082,-4678,3618,1209,-1443,-1390
81581,2720,-4501,-1788,398,-392,-421
81582,2653,2795,-680,1458,1916,-1637
81583,2544,-3224,2330,1221,385,-291
81584,-520,-6824,-4379,1584,1297,955
81585,2579,-2284,-7780,-455,-1933,1490
81586,-5505,-5983,-7349,-375,-385,1653
81587,-1044,-5778,3090,1064,1295,126
81588,-2842,-4584,2346,-1376,406,1964
81589,770,2585,-1003,607,1876,-451
81590,-6918,312,-4984,-1973,-1244,1281
81591,655,7660,456,-311,1390,-426
81592,7937,6552,1823,1453,1939,-1459
81593,-7671,-7216,-6573,-1707,-546,84
81594,-7936,5469,4038,400,1018,613
81595,-505,-3955,6969,-945,-186,1958
81596,48,-6196,6381,-1497,-1167,-1635
81597,4098,84,6904,-1661,-1001,-749
81598,-217,-402,-6391,1,513,1614
81599,6701,722,1166,512,120,1796
81600,1779,5411,684,1019,1982,-196
81601,-453,-6375,-7971,1222,1275,-436
81602,5378,611,-3659,-1819,1494,-1881
81603,6764,5653,1341,-27,-387,-1562
81604,5609,2332,2017,-959,1401,662
81605,6888,4157,4145,-467,1716,-1589
81606,-4609,4388,869,260,182,-703
81607,7705,4203,4724,456,1382,-961
81608,5834,-1419,557,551,-1743,877
81609,-6400,-5196,6151,1763,1291,782
81610,1371,-5359,6094,-1311,-697,354
81611,-495,-4296,4706,1099,-324,-334
81612,2187,7266,4587,-305,805,863
81613,6018,-4698,7741,-891,-573,-200
81614,-1464,-1980,-1837,1623,-1978,-1471
81615,4986,2773,3674,-1400,480,1261
81616,7871,-2267,-5968,-315,-944,-491
81617,4285,-795,2386,541,186,-1036
81618,-6052,3148,-7084,759,-840,1593
81619,-3445,4456,5776,-858,802,-1402
81620,-5166,7451,-7357,-505,-1117,663
81621,-3349,901,4528,-27,-503,-1812
81622,-30,7507,2016,-703,1150,176
81623,931,-3572,-2379,-419,-1908,-967
81624,-930,1567,-4283,-1716,1265,-1232
81625,3451,-3674,5444,1297,-1832,-1958
81626,-4113,-251,1200,-110,-1211,1627
81627,-4025,-6184,3852,-719,-131,-137
81628,3761,6403,7933,-1930,257,-948
81629,-1831,-739,613,1796,31,707
81630,7203,-3744,1816,-1820,1573,-1932
81631,1212,-1276,-2462,-691,-272,-1240
81632,7649,3708,258,1673,-1404,1044
81633,-7615,-2035,-3117,-604,1595,859
81634,-6493,3959,-843,1354,1925,-559
81635,-7023,-122,6064,627,1586,1517
81636,1125,-7152,856,-1231,-1759,-36
81637,-5958,-5748,2432,1327,436,-628
81638,6494,-5434,-5694,-35,1890,-441
81639,-921,-1118,4601,1957,994,1031
81640,-3477,-4363,-1991,1633,-817,-1658
81641,-895,-4231,-5489,177,-702,-936
81642,-4202,1777,-1388,-401,-1561,-760
81643,5721,-4821,1351,-1343,-1269,-264
81644,5432,-5574,5558,753,204,710
81645,-2627,5386,-6241,1650,-389,-375
81646,5739,-6830,-6731,-159,871,679
81647,6536,3713,5679,-1286,-1579,-1981
81648,4581,-7806,3474,-257,-1213,1300
81649,-4134,3765,-3552,-59,-257,-1609
81650,-7182,5375,6661,-1584,-595,454
81651,-4019,5491,2465,-120,-879,-1591
81652,1437,-7908,-2241,1385,-133,-1090
81653,-1135,6373,-7841,-115,-1097,-1731
81654,-5854,5308,841,1575,863,115
81655,7497,-5295,-4152,1302,-1921,-1891
81656,-6563,-2023,1990,1381,479,1219
81657,-4294,-1905,-365,-422,-992,49
81658,-4685,4254,-4155,82,1552,-1591
81659,6510,6944,-6508,-1212,-805,887
81660,6981,3938,-6537,388,1715,-820
81661,-3050,4721,7140,-966,-1249,543
81662,-3351,2275,-445,-693,106,1360
81663,2254,4498,-2437,-1404,1330,375
81664,-194,-5590,4111,-1262,-1764,-131
81665,-1511,-2386,-1538,-1842,268,-187
81666,-5604,1394,6306,1615,301,-341
81667,-2668,3870,-3056,823,1060,458
81668,5442,6271,3889,860,1740,-927
81669,552,6364,-4954,305,1765,1630
81670,-1438,-138,-5401,1720,1992,-614
81671,2240,6772,7834,-917,557,978
81672,-1296,3094,549,234,804,-159
81673,2978,7883,4236,-233,704,-1028
81674,1351,6363,-84,-871,-297,448
81675,4069,-1508,2721,-1137,-1705,1246
81676,-2046,5204,-6472,-253,-1257,740
81677,-1616,-3882,-514,1747,1420,450
81678,-3374,-5548,-7472,1661,691,1416
81679,5425,3876,-6084,1918,-604,215
81680,-6813,-2394,-359,473,-905,1061
81681,2660,412,7243,1996,-469,254
81682,5063,-6249,-1780,-48,-322,1167
81683,4693,-2792,-854,-548,1292,-957
81684,-2347,5399,-776,-414,1137,188
81685,4612,3743,-6128,402,1000,552
81686,4469,-3542,1419,827,975,364
81687,4764,2802,3730,-287,-1519,-1464
81688,6785,-7558,-905,-710,1220,-1520
81689,1068,-144,-1829,570,-1659,-1260
81690,-6901,-5609,-896,1528,1761,1076
81691,3342,-712,2680,1127,209,1763
81692,1422,3829,192,424,-1144,1732
81693,7893,5539,-983,106,277,1994
81694,7503,-611,-80,-606,-1714,-1202
81695,6474,-4441,-6671,-933,-70,-615
81696,1315,1205,2629,-62,237,1052
81697,5714,2007,-1033,-769,929,-1811
81698,2277,7091,1380,-1569,-1677,-1673
81699,6715,4725,-2143,1540,-777,520
81700,-5267,1952,6873,-453,-1548,-1420
81701,-3122,-2064,7382,510,894,1179
81702,-4370,-2378,-3,-1788,130,1418
81703,-1296,2927,4611,-366,-1005,785
81704,5478,647,3847,316,1811,-1976
81705,-1797,-3720,-5914,144,688,1416
81706,-337,2896,-3417,-857,-522,-1442
81707,-2973,-1942,-2595,-1521,-880,-1265
81708,-6259,-844,7047,1533,-1274,-1960
81709,-2524,5795,7533,924,-379,-329
81710,-3084,7451,-649,-1560,1328,523
81711,7051,3143,-7150,-199,-40,370
81712,-1055,-1117,4912,-421,1718,-891
81713,5915,4771,-6950,974,1205,1349
81714,2798,-3341,-4265,-1914,-734,192
81715,3821,-3395,775,43,-272,415
81716,-4045,-5766,2244,244,-1318,-1156
81717,-6641,2812,2506,1251,52,700
81718,-4133,-6144,-4366,-266,1704,-1262
81719,5202,2668,-7444,-1361,-868,-1221
81720,936,-7201,6375,-1571,-1857,-902
81721,2047,6915,705,208,1180,-1289
81722,-644,1480,382,-208,-1437,-1473
81723,6496,17,6980,-1064,-1389,-1712
81724,-549,-3009,767,1426,-878,1512
81725,-6971,6265,6068,1001,1464,1792
81726,-5059,-6437,6281,17,-612,1513
81727,531,-2377,-7006,-573,907,-508
81728,3679,-2997,-4652,-933,1312,-610
81729,-7247,2631,-7704,-375,-1093,1801
81730,6111,7487,-2292,-256,-277,-491
81731,-7507,-5927,-3239,-580,-1668,-597
81732,1064,4966,4799,1459,-1084,1189
81733,3494,4935,-7101,-471,1723,-1771
81734,-3466,3595,7129,-1501,142,638
81735,-3178,1467,3940,1118,-358,915
81736,6486,-878,1801,-1077,-602,-1331
81737,-5351,-1329,-5658,-1377,1732,-1903
81738,5072,-5348,4031,-1237,555,1153
81739,2764,-733,-4668,-1475,-540,-743
81740,4312,-4634,3072,-1540,-1631,890
81741,1124,-5228,2408,588,-30,-56
81742,7418,4232,-5850,-222,-1851,759
81743,6730,-962,-31,-1757,-1977,627
81744,4726,-7814,3801,53,240,-436
81745,-4763,-226,5262,301,-1005,-246
81746,7916,-94,4603,1769,-977,327
81747,2324,480,3303,-1986,-1380,302
81748,-2663,-4947,-5216,376,483,-240
81749,1672,4427,-3952,-1462,1553,-1928
81750,6384,-7260,6032,1206,-604,-898
81751,6612,-5268,-1130,1002,1315,1723
81752,5750,5236,6250,13,-110,758
81753,-6029,5124,3571,-1329,1150,-1966
81754,-5290,1829,-7179,120,-856,-822
81755,-201,-1564,-6013,172,-1935,-79
81756,7152,4842,5391,1250,-795,276
81757,2604,3559,-6084,1687,-623,-828
81758,-2000,-4191,-1620,1420,-900,-605
81759,7211,-482,-7513,512,-24,565
81760,-5009,7774,4357,776,662,-1816
81761,2070,-5961,-146,1354,1642,-1002
81762,-1527,905,3528,-1606,109,966
81763,268,7300,7812,26,-1683,-1096
81764,6292,-4351,-2684,614,-410,160
81765,-2733,-1209,7866,1097,-1612,384
81766,-3517,-6993,-94,244,-740,-318
81767,5175,6519,-1690,34,459,1691
81768,2827,4398,-1062,1065,218,1695
81769,6701,7062,-3382,-1566,568,576
81770,-5294,-3474,-6365,-770,-410,866
81771,-7799,-2654,3468,1583,883,-1259
81772,-6503,7321,-5579,1970,1682,-1762
81773,7954,-341,-4428,1424,1393,-357
81774,5872,2453,6639,1249,-195,-990
81775,774,-5965,7212,-355,1717,1117
81776,4108,2325,5255,-929,272,1464
81777,-3361,-4663,7305,1875,527,491
81778,-1593,-4523,1250,1441,-597,-287
81779,-4405,-5291,1069,-1037,-1301,1095
81780,-1718,-6600,-4611,733,635,-1707
81781,-7959,4887,-7170,-637,1353,-356
81782,-7826,-7125,-5451,167,599,1314
81783,-5763,-5357,-878,978,1951,1658
81784,7718,2393,-2711,-1738,-1489,1315
81785,-1223,2780,-3098,1619,1934,1795
81786,1075,2999,-1097,799,-568,-667
81787,-1183,157,-122,1562,1880,1484
81788,5465,-6446,4694,1316,1030,80
81789,1843,1981,-6533,1643,-1292,-1050
81790,449,1567,3317,1090,-908,-978
81791,816,-2466,4874,0,1774,666
81792,7424,-2243,2763,1950,455,-1170
81793,-459,4590,4981,1174,914,-1253
81794,-5891,-3525,-1242,-1662,-740,-928
81795,-3332,187,893,1717,217,1058
81796,5893,-6817,598,-289,-1950,-126
81797,-697,-7331,-5020,-1696,1855,460
81798,-6697,2675,5325,1933,-1873,-176
81799,-5366,7150,-6791,1436,-1001,-567
81800,-5278,4493,-72,-709,913,-44
81801,-5315,-7718,3297,-3,-1261,1226
81802,848,-3489,-5551,961,-1691,1372
81803,-4733,3148,-7122,440,461,358
81804,6450,-6768,2797,1278,-1967,1897
81805,1461,-7340,2932,694,-1598,-1782
81806,-6413,7219,-1016,1003,-536,-1589
81807,-2073,-6943,-5361,1775,865,59
81808,249,7862,-44,-1555,304,1581
81809,-5993,-929,-441,507,831,-1508
81810,4931,1918,-3428,1089,212,1341
81811,-4094,-987,1579,-1440,1245,3
81812,-3557,3341,-7053,-1817,-1,-1261
81813,-4063,-1352,-2822,-1463,-1115,993
81814,-1555,2410,6987,-324,-969,334
81815,1310,6723,-6912,-1102,321,-528
81816,2349,-5928,1923,572,-1989,-51
81817,-3690,-367,7129,-1757,959,-958
81818,-6446,5622,-3188,876,327,-1533
81819,96,-2528,3572,1473,288,1463
81820,6628,4809,-7941,-79,-1138,-1384
81821,-7407,7598,-7398,-985,1091,1198
81822,-4658,5234,4128,1231,59,-1994
81823,3220,1799,7432,-916,1426,1825
81824,-4458,-3090,-6137,-1728,-1144,974
81825,3362,3490,5756,1729,1782,-1607
81826,-4087,443,1677,1165,-1472,1559
81827,1913,7691,4073,1770,-923,-1859
81828,526,-7216,-311,-1608,-830,-913
81829,3978,-7757,56,-403,-159,292
81830,4269,6388,7843,-25,-457,1772
81831,3581,-3040,6662,37,930,1978
81832,-1454,-3208,-3767,-1798,1972,1347
81833,-374,-5072,229,-342,-1517,-1423
81834,5847,2606,2915,649,-1023,-753
81835,5501,-6745,1645,-811,570,1288
81836,-1805,1176,2655,1466,1278,951
81837,-6377,-775,-1837,-1328,926,1178
81838,913,5035,3063,1957,840,-804
81839,4194,6421,7075,-1363,-1384,-444
81840,-1272,219,-4518,-764,1443,780
81841,-7059,-7327,-491,-1974,1330,-632
81842,6430,4716,4899,1762,-1521,454
81843,-4408,5563,-1620,571,52,-1078
81844,7552,5922,-2041,-247,46,-1646
81845,3639,1008,4047,-756,583,794
81846,1883,324,2641,-1895,-1657,-845
81847,-5873,1974,-3275,-894,1075,-1325
81848,-6638,6132,6679,1459,643,-439
81849,-1876,1223,4080,1118,791,589
81850,3917,-2384,-6164,472,-193,-328
81851,-5206,4543,150,1085,-437,-1583
81852,1772,-12,6534,1873,-1171,1732
81853,-7646,-5571,-7110,1849,324,-805
81854,1852,3454,-1465,-1268,-1807,799
81855,807,2999,5610,804,127,-1498
81856,5389,6154,-2154,424,-258,-337
81857,-6490,-1550,-3602,-1134,-1880,1314
81858,3013,-2344,4991,1163,-1049,-511
81859,-6589,-3210,329,1941,-707,-1874
81860,4067,-2882,-51,1327,758,233
81861,6815,5560,-1899,384,1757,-1750
81862,-4858,-5208,-2492,702,-1765,1183
81863,-6292,-3808,-7330,1910,133,-239
81864,2949,5038,-1032,1652,-1633,468
81865,4637,-2135,-6065,-348,-23,1090
81866,-4294,353,-5711,-1432,154,354
81867,-1882,6623,-2857,-1501,1800,855
81868,2998,-7421,-4312,38,-939,-1728
81869,-880,-3797,7599,644,-1514,-1573
81870,945,7059,-1726,-309,-550,-1676
81871,708,5376,-4913,-279,-836,796
81872,-5569,2863,-4482,544,1327,820
81873,7770,3840,-795,-758,1960,-103
81874,-3642,2572,-5425,-762,1066,-266
81875,-6081,3296,1276,-1256,-1817,-199
81876,-520,-488,-711,431,240,195
81877,-6044,5706,5822,1923,1374,1990
81878,4051,7509,-5929,-1314,1063,1060
81879,-2465,579,7878,-383,-1341,-1474
81880,6336,-811,-1292,-1398,-1331,486
81881,1912,-7879,-1752,686,1654,1170
81882,-1655,6048,1903,-418,978,-205
81883,-85,476,-5624,467,-1664,804
81884,-1812,-3241,-7271,-918,-1831,1007
81885,5300,216,-4010,-903,-1684,-1742
81886,-2492,-6371,4580,-1897,-955,-984
81887,2271,689,-4736,-4,-1232,-562
81888,-3993,-5424,-2281,-484,-1609,390
81889,6818,-1095,5338,-1449,1837,-159
81890,-501,-4919,3919,-212,401,128
81891,-3405,2905,-3789,-1292,-1772,-1428
81892,7330,-3727,-4878,-482,636,1094
81893,911,-2041,6759,1681,-1924,1798
81894,6308,7891,-5281,931,-1986,-426
81895,-1399,1771,3791,1379,1985,-489
81896,160,6604,-1786,-735,1906,-1070
81897,3223,7897,-1897,1276,-183,1915
81898,-3461,1966,-3518,1966,-1790,625
81899,-863,2944,-7752,-1098,-1081,-282
81900,-1931,2087,-2437,1099,1144,-568
81901,7358,4294,4811,-118,-233,-607
81902,42,4890,-1238,410,-642,-121
81903,-2753,-2842,-7522,-1058,-705,115
81904,-2768,-6514,-6012,1254,-869,466
81905,7602,130,-5074,-634,1643,-391
81906,-2666,-2681,-3825,1015,636,403
81907,-4117,6439,3701,-1123,1103,-1162
81908,-1392,-201,1534,-414,1414,-194
81909,342,3664,3103,-1537,-1598,-470
81910,-4173,-5444,3665,1162,-1099,755
81911,4471,4091,5500,-949,1012,1552
81912,7782,2358,-1677,-1083,129,-1625
81913,3060,2838,2014,260,692,440
81914,1127,-3003,4345,120,454,1869
81915,-2487,1087,4337,-1093,297,-330
81916,6260,4984,-1577,638,-27,754
81917,2427,2690,-4227,-815,197,1399
81918,5963,-7845,-1151,-953,-1734,-1583
81919,3301,411,-6635,-1084,-676,-1439
81920,-6474,-2170,-607,911,1493,606
81921,-4291,-2592,-971,-375,-711,318
81922,6206,2770,3473,-1766,-1818,1957
81923,6606,1273,-3578,-1741,-1784,-1822
81924,-7020,6053,-3347,528,388,-805
81925,2614,7640,3672,-510,1235,831
81926,3541,6974,-804,296,-950,967
81927,712,848,778,-12,-1181,-92
81928,-7676,1989,-6940,971,-1029,-537
81929,4815,2027,-6082,-943,-288,1639
81930,6535,2517,-6794,-1102,1176,809
81931,-2834,7219,7442,1936,-1490,319
81932,1076,-7900,-2896,-1901,559,1023
81933,1294,-2595,1657,649,-1122,740
81934,584,-6161,1420,1560,-1812,-1188
81935,-2910,1706,-3748,261,1007,-1861
81936,-4625,-6728,3928,1906,-1557,-1690
81937,-7229,-7205,2471,-609,-1834,1938
81938,5250,-4580,5880,655,-384,308
81939,2572,-1068,4179,1008,186,-1256
81940,-1448,-5496,-6076,-1218,1536,-729
81941,6921,3657,-6325,-866,37,1267
81942,-3859,1036,-5550,-1066,1285,-1831
81943,2890,-1412,482,-917,949,1723
81944,-1680,-573,-3554,1269,1015,-1978
81945,1048,-5072,1562,577,-15,601
81946,-1881,-3560,5072,987,689,204
81947,5634,-5883,-3746,-391,881,1024
81948,6787,-2903,6747,876,-1886,1955
81949,-1688,2004,-3239,1327,578,-1711
81950,-2543,1496,-1945,1001,900,305
81951,2609,-6054,1122,1672,1034,-1790
81952,1062,-5805,-2330,1441,184,-1903
81953,-845,4626,5382,-657,-1425,-1178
81954,-7258,3251,-3840,-738,-1826,-1935
81955,4730,-1400,-7375,-1064,840,-1746
81956,6319,-7708,5397,1551,1485,663
81957,-3367,-7349,-66,-208,-1729,263
81958,-3948,-7749,1534,-1499,-1647,776
81959,2314,-7781,-5427,-1691,958,-124
81960,-40,-4764,7956,1714,1732,-339
81961,-7122,2245,-6135,227,-187,-1593
81962,2451,760,-3271,532,1856,-648
81963,-972,-375,484,1163,-440,-1022
81964,765,6629,-4511,-630,-1037,-592
81965,4327,-2061,-5526,555,1542,-840
81966,-5910,4786,2651,1752,-1609,-42
81967,6689,1500,1528,-1290,177,-1218
81968,-5387,3323,-6590,-1148,982,647
81969,3196,-1637,-7895,333,-1755,-1360
81970,-3924,3556,654,-1258,-393,827
81971,5546,6794,-4412,-1778,1098,1856
81972,-7957,-914,7144,-1778,-908,-1535
81973,7403,-5749,-6893,-692,-1447,-1774
81974,-4028,-5347,-4709,-1731,-153,840
81975,7328,-2455,-2468,418,1786,1136
81976,4344,-3629,-4398,-373,1839,900
81977,5805,1481,3525,1302,1020,940
81978,-7164,7130,764,-1375,704,49
81979,-6661,2600,-5683,1964,-448,436
81980,-1855,6146,-3401,1763,-74,-349
81981,-2697,1484,7616,1771,-515,-804
81982,-3431,-7486,3216,-1132,-1878,297
81983,4349,-2503,3597,-1577,483,-1749
81984,-982,-702,-2878,-1523,1687,-365
81985,1307,-3834,-4462,-1275,-84,1093
81986,-2937,-4442,-6951,386,-708,-1274
81987,-7860,2331,-4844,6,-469,-1122
81988,-3057,5875,3676,930,-1836,1429
81989,5543,29,-6407,1360,-271,105
81990,5978,5604,7349,-956,362,86
81991,-3863,7107,439,-1192,754,-1605
81992,7237,2654,704,-1622,1819,388
81993,1851,1169,-3613,1584,-427,1219
81994,-2658,-6634,3365,-195,-677,-1126
81995,-7064,5577,6385,-615,-1132,-1490
81996,2438,3566,223,1137,-355,457
81997,6919,-7907,6572,1834,-352,-1209
81998,-6224,-4717,6352,39,-1526,-1436
81999,-6655,-5863,2442,1803,1823,-1664
82000,6052,97,7505,966,-1019,1821
82001,-2927,4596,-5420,-860,545,-1280
82002,-3530,-6856,-5796,-1223,1824,-1847
82003,6759,2896,-3851,-900,1952,980
82004,-1836,81,-2493,-1747,-350,1921
82005,4181,2621,6099,-1148,-302,-66
82006,-1590,1979,-6847,-1759,1363,-1047
82007,2987,-6657,1967,1886,-1142,-34
82008,-5186,-7174,3910,-1368,750,1033
82009,5705,2901,-3823,1278,-472,1006
82010,5018,-7632,-6523,-904,-1496,530
82011,5685,-4962,-2412,419,-1753,-893
82012,3722,1620,-3340,-789,1058,-1345
82013,5844,-4949,5558,-1189,-1203,-829
82014,-4805,-3882,3764,-132,-655,1692
82015,2658,-1224,2019,1720,-303,559
82016,-3494,-6711,27,-480,654,340
82017,6206,-7300,-7181,1903,858,1007
82018,-1833,-1455,-2398,138,-119,-22
82019,1560,-2105,4908,-511,1062,496
82020,3818,-1751,-718,1725,-1226,-925
82021,5295,-4470,-6103,-715,-458,-1857
82022,-999,-3297,564,-204,-1563,867
82023,7307,5610,4539,1078,241,-978
82024,-4508,4951,5206,1200,1235,-275
82025,-5651,-2514,-3773,1850,1016,1139
82026,-3612,-7013,-3199,-331,1780,0
82027,-2644,-5536,-4442,-1948,950,1371
82028,3079,3486,-2230,1783,-1873,1199
82029,-6890,-4152,-2209,-347,787,-448
82030,4841,6064,5134,1472,-1094,-443
82031,-1651,-245,-5378,1574,1942,-1346
82032,2710,4427,3182,247,1219,-1869
82033,-1036,7261,6974,-1552,-1828,-948
82034,291,-1306,3596,-786,-1062,1740
82035,-2124,-1868,2932,1519,178,-767
82036,560,1213,-2453,-1181,1974,-1284
82037,6221,6917,-1251,-1527,390,-978
82038,-7628,-1120,-1156,988,1819,1610
82039,6595,-2743,1219,-999,-1606,371
82040,703,1214,5857,-1,-70,571
82041,3544,2816,5577,1448,1570,275
82042,2163,7123,1319,647,1552,1546
82043,5482,-3178,-1139,-1065,-1316,746
82044,1814,4214,7481,-1242,436,1452
82045,-903,-785,-6205,-655,-1811,-1998
82046,7488,-6679,5298,-1345,-1280,714
82047,602,-1333,3040,1815,1227,1804
82048,-4505,-919,-7954,-842,1884,-1818
82049,-2145,-1780,2301,1745,752,-1583
82050,-3124,2993,601,-1168,663,-1168
82051,326,6641,6434,-797,-144,-650
82052,5700,-6798,-7977,-67,1190,1844
82053,-5344,-6221,1390,-1557,1818,-1400
82054,-3157,-6102,-4385,-858,344,-1324
82055,158,3830,-2438,76,-1907,43
82056,-5408,-7630,-4843,1640,-1812,-680
82057,-4668,4949,-4505,-1110,1715,143
82058,3846,7591,-3456,605,-1298,1588
82059,-362,-1686,-1247,-1178,901,1306
82060,816,-6556,7837,-204,1463,105
82061,-3662,-7560,4401,-1916,713,-1771
82062,-5778,7520,5202,1363,992,370
82063,3295,-6009,-1209,785,-1921,1864
82064,6474,-6225,4487,-241,-1453,1911
82065,168,-5690,6967,-1378,-242,77
82066,-3232,-5492,6038,243,388,1012
82067,7818,-5599,5572,-1939,194,-1149
82068,-1657,-4562,5113,1367,1908,-440
82069,4552,-7640,4202,-238,264,-272
82070,7488,7939,4668,942,-207,-136
82071,-1020,-6688,-2439,-1605,-1996,-1870
82072,-6351,2292,-7271,-1607,-1654,1932
82073,1278,-279,5651,-1338,289,-1101
82074,-5886,-76,-5483,1305,977,-1873
82075,-143,7718,-3401,225,-1682,-615
82076,-3883,-1508,-2847,463,699,-620
82077,7125,-2389,-3451,1299,411,439
82078,-2303,-3876,5537,-1324,-437,1598
82079,-5014,4973,614,1507,1283,-1548
82080,-3639,-6399,2387,1859,-1571,661
82081,-6041,-6058,5906,398,-1737,-1498
82082,-5972,962,1608,1886,-1821,1750
82083,4520,2949,1907,-1131,-361,-1910
82084,-6208,-1159,664,-1987,-1752,-1783
82085,4507,1703,6450,596,295,476
82086,-1899,-1290,1770,-783,1288,78
82087,5,-7542,776,-903,-1347,653
82088,3007,-5390,5992,-31,-967,552
82089,-6466,6774,6277,-1410,903,1192
82090,4016,-6767,-2620,1304,1650,1925
82091,4167,3434,7820,1574,1556,449
82092,2142,5688,1364,1648,1256,1581
82093,-5198,-4550,3527,-1070,-1544,208
82094,-1753,6913,7736,456,654,-1600
82095,-519,3803,6702,1803,836,132
82096,2942,-6270,418,1696,-908,1246
82097,4448,2389,-2187,-889,-1234,161
82098,-3442,2337,-4233,-772,102,1439
82099,2329,2828,-4726,1534,-623,-1336
82100,407,344,-6846,1249,1393,-228
82101,-3700,-5477,4169,-110,1519,-41
82102,1938,-3269,2328,1028,-1904,-1133
82103,270,-4881,-3309,1846,2,271
82104,-5770,-6601,-3818,-1913,-580,-1255
82105,-4235,2744,-6223,-915,1663,-816
82106,-107,7506,4139,-1710,-1616,1089
82107,-2659,-2614,4229,674,602,-1547
82108,-5061,-218,-1652,1787,-1948,888
82109,-6465,-5742,-4219,-429,891,1165
82110,-7411,-2527,-4769,1169,921,371
82111,4026,-3166,-4438,-1643,-601,-1463
82112,-6825,5318,-29,166,-251,1214
82113,7736,-4307,-5547,1659,632,-127
82114,3453,3558,2357,1572,1395,-593
82115,-1153,-3025,-7808,-535,887,-89
82116,3665,-6670,-7230,950,-943,-1813
82117,-2960,-6303,-6195,-1759,-439,1844
82118,-876,-5993,4462,1976,1542,954
82119,7013,-2680,-4166,-1296,-1101,-757
82120,-7936,-7857,605,1827,-751,1713
82121,-5648,-3693,286,-431,1711,-1260
82122,3426,-1946,1720,-1172,-1986,-653
82123,-242,-4993,3366,735,-299,-590
82124,-1129,-2650,-7646,-1451,1567,-1531
82125,6089,524,-4625,1616,-1491,-482
82126,4400,5089,-4671,-1033,1634,-271
82127,-6820,-980,-1413,1268,1572,1764
82128,-5986,3189,964,-1175,-1763,626
82129,-7757,-4801,1801,-349,590,-1535
82130,-2344,6223,2726,-727,1007,222
82131,-3654,-825,-6949,-1113,-1945,1075
82132,-1991,7733,-4702,861,903,-760
82133,-402,-5093,-2426,1003,-25,-1539
82134,-1888,3675,7776,848,-206,-456
82135,-7168,3463,-6855,-1528,879,-207
82136,-1591,7670,-6398,-387,-1000,-738
82137,-5754,-2040,-1252,10,-645,-937
82138,4027,5587,-5441,619,177,787
82139,7503,5727,-1951,-346,618,849
82140,-1574,6799,-7579,-433,-688,-1873
82141,-4015,3553,5308,-29,-870,1179
82142,7969,3987,-4642,161,-151,1715
82143,3787,-5993,5467,-1569,-373,-899
82144,7726,7663,-1306,1940,256,-1712
82145,-6929,-5585,-5556,-1736,-1675,-494
82146,6212,-6604,-3488,1507,-1084,-1171
82147,-5875,4770,-3460,994,854,-704
82148,-1065,5753,4332,1092,-1735,-1924
82149,-2240,-5252,-4672,526,1257,507
82150,-1567,7353,-6151,-144,1911,-1261
82151,-5173,179,5588,-1876,367,942
82152,-6991,-7754,-372,-1337,1821,1244
82153,-6797,1441,-7272,786,1380,-1893
82154,-794,7679,-6713,634,-905,1403
82155,-3018,2794,-6245,1387,-1338,1911
82156,-5288,-5315,-602,-1238,197,1459
82157,-882,5666,2957,1646,775,1926
82158,7207,-388,-3005,272,-1000,370
82159,-1448,5315,659,-1681,-1157,1850
82160,5343,4126,-848,274,681,-529
82161,627,-3423,3433,535,-1870,994
82162,-1186,-5866,1132,-20,-97,1636
82163,1475,3988,6084,1858,-204,1623
82164,2999,-6800,4518,1564,976,1211
82165,3232,-5162,-6014,-1889,-1744,-106
82166,-3753,7870,-2938,807,-1486,-549
82167,-6670,-1889,-5864,1249,-785,1092
82168,-7701,-3589,7,-332,744,-1312
82169,-227,4986,6311,161,-1586,384
82170,903,2543,2463,-974,448,-562
82171,-3776,-6444,-6082,129,-142,1660
82172,1699,-4590,-4699,864,-1650,-56
82173,-3024,-4486,5029,-483,-724,-794
82174,5371,2327,6237,1805,-1479,-818
82175,3372,7821,-2330,1297,-154,-1531
82176,-5174,-405,4189,346,-1923,335
82177,1337,970,6195,1242,-816,-1085
82178,4580,6918,-5449,1017,380,-1351
82179,-6254,-5216,-73,1357,-1891,1798
82180,7479,1265,-550,7,-160,-1056
82181,-4893,656,-1875,-389,-225,1233
82182,7777,7049,1906,-1713,-217,-494
82183,1775,2739,6910,-1061,840,920
82184,6872,1200,5536,706,1262,1649
82185,-3966,7142,-5604,541,-52,463
82186,-540,4813,-7397,1517,-184,1977
82187,-6311,4113,686,-687,167,1569
82188,2329,7514,5202,-1751,1188,-1754
82189,-266,-6880,5193,-1626,-359,1565
82190,-5560,2339,-4957,52,-1160,1524
82191,-3433,-1438,131,969,-934,1132
82192,457,7597,800,-794,17,946
82193,5860,-6825,922,-626,588,-817
82194,-554,-4623,-5910,-1030,-1981,-1439
82195,6239,-5804,-1493,1518,770,958
82196,-6210,3410,952,2,-76,-1264
82197,4609,-7913,-2170,-1543,1676,-1503
82198,-3379,4482,-3074,1658,1714,-923
82199,4391,-2335,-7282,-288,-1242,-1339
82200,-5581,1874,3578,-579,-533,-1807
82201,-639,4512,4141,1753,-480,-24
82202,2885,4834,2688,1610,801,116
82203,-1662,5191,-3489,1916,1825,143
82204,2022,2656,-1929,-1981,435,-800
82205,-828,-7962,-1794,-374,1196,-1796
82206,-176,-1462,-4444,1997,996,-1304
82207,-2977,4310,-2939,342,1741,-1442
82208,-2948,761,6602,1863,1393,-362
82209,4410,-4725,-7584,-406,-1221,1583
82210,-7048,-6928,1101,-1567,-1098,1405
82211,5713,5725,1842,-1857,1443,-1585
82212,-2040,4074,-7078,-386,-423,-489
82213,6712,5723,3854,763,454,116
82214,-3111,2933,1629,1467,931,-847
82215,5070,-4464,6809,-1046,991,558
82216,725,-2328,-4375,-1304,-993,-1822
82217,-5841,-1940,-5089,1192,-64,-1347
82218,1167,-5591,6414,-964,249,-500
82219,3332,-751,-3236,-1714,1179,-1991
82220,290,2139,3948,151,-170,-1242
82221,-94,1194,4630,1210,1247,-945
82222,4233,-6001,-1221,937,1590,1347
82223,-5903,-7770,4259,475,-763,705
82224,2396,-2538,-7048,-1475,466,-523
82225,7261,6506,382,117,-726,-502
82226,7075,5217,-6130,-1398,-469,-701
82227,4147,-1622,6907,783,-1100,-439
82228,-6039,-1992,4418,1499,1026,793
82229,2258,3199,429,1609,-103,-532
82230,3396,2126,2034,1690,254,70
82231,-7277,-1388,7508,129,1015,531
82232,-7819,-2134,7148,76,1076,1312
82233,-4295,187,-2682,1620,346,616
82234,-3997,2449,677,-311,-1800,-600
82235,7135,115,-3602,-431,1217,1638
82236,-4787,-5216,6329,551,-1881,150
82237,-7265,7256,4607,-600,-1053,1354
82238,720,2258,6806,697,395,1724
82239,-4565,5209,2376,-1577,108,378
82240,-6421,-7971,6437,-1420,536,396
82241,1929,3408,7346,1959,-154,-531
82242,6004,3083,-7103,-1034,-1889,-1062
82243,-315,-4270,-1390,-1979,1453,-164
82244,-3015,6388,5775,-1683,114,1044
82245,-5450,-7472,-6496,-1941,-234,-1031
82246,-1642,1094,5333,-63,-973,-769
82247,5908,5725,2762,1559,1147,1772
82248,2312,-4842,-1851,898,-1574,-95
82249,-6033,-3223,6834,1034,1073,568
82250,7063,-3641,-1115,1211,1406,-485
82251,-7329,3044,7466,-1559,-1702,-367
82252,-3056,2658,-2691,1777,1399,-850
82253,-4805,3615,-1454,-490,-627,-1192
82254,-5235,-6796,3107,-440,-368,-757
82255,-5515,-3279,-3708,-534,-1160,242
82256,-7051,-2,1407,422,-936,-1235
82257,7859,2748,716,553,1527,-271
82258,-5279,7994,3691,1582,-1728,-968
82259,4487,-5433,3480,409,-850,1647
82260,5238,6322,4991,1865,-557,0
82261,-4169,-3408,-535,774,1308,1627
82262,-2881,-4216,5256,1723,-66,1379
82263,-7434,1399,-903,-904,-24,1846
82264,1176,-1858,7227,-1295,1656,1165
82265,-7000,4991,-7834,-1687,-1599,1939
82266,-6802,7211,6732,1151,-101,-1550
82267,-5916,5666,-5983,-398,1649,-1275
82268,-4018,-2027,-3817,-754,-688,1657
82269,4122,7477,-7704,-350,-580,169
82270,-949,-7345,2051,1306,-523,-887
82271,1072,-3191,7092,-648,-1529,-1907
82272,-2726,7525,6848,1070,-92,1460
82273,3501,-308,-4112,411,-1402,-69
82274,-7835,1596,1046,1649,808,644
82275,-6234,-7260,-4383,-1071,698,164
82276,-7050,7614,6605,-1359,1255,573
82277,3145,-3601,-905,-66,748,1557
82278,-4998,-1183,2663,-1439,1235,-1670
82279,-6210,-5849,4198,-1178,1300,107
82280,-4923,3553,-448,-1424,888,-588
82281,1006,6117,4345,-131,485,-1396
82282,-6858,2010,-4868,-199,1189,517
82283,-340,-698,5926,-1114,-1934,703
82284,6159,-7645,-272,-1380,-327,-1268
82285,983,-6186,3836,299,-218,1022
82286,-5618,3104,7015,-379,1218,-606
82287,5299,-6786,6808,1791,611,-969
82288,-2720,-701,147,-204,442,1162
82289,7704,-7187,3321,-127,-1345,1442
82290,-2700,-2532,-40,-656,-1779,1656
82291,7919,-5003,6657,743,-1634,-1352
82292,-4387,3797,-6767,1469,-30,261
82293,-6539,5011,5030,1687,-1200,-315
82294,6533,4191,3007,-240,-608,-1887
82295,2904,5903,-5932,1324,1394,1436
82296,-6055,6518,-2061,741,121,1206
82297,-2861,-2273,-2437,-1212,-1084,-1862
82298,-355,4711,993,1392,1746,-333
82299,5390,4482,6236,-1821,1485,-93
82300,-572,-4528,5781,-1195,1704,-566
82301,4708,-990,-560,440,583,657
82302,60,4122,-4092,1357,383,-1283
82303,3525,5294,4539,112,1027,-70
82304,-5152,7363,-1861,130,1151,145
82305,3231,-2106,-5999,1492,1851,-1814
82306,-3403,4800,1438,966,-1972,-690
82307,573,-3716,-1441,-273,-787,-1939
82308,411,4229,3546,-1928,-1338,1593
82309,6950,-4599,-535,-342,1874,839
82310,-5996,1142,3246,-923,-776,-364
82311,6977,1203,2275,642,-133,-495
82312,-1608,-4371,-4495,1215,1129,-276
82313,4036,6563,271,479,-1412,-1045
82314,2042,-1783,-2083,-631,-30,1074
82315,3892,6327,5771,894,897,887
82316,7663,393,307,1435,-1068,-722
82317,3107,4761,-3143,1170,952,-850
82318,5031,4920,4238,366,-1379,1676
82319,2083,6828,-3309,-1014,-454,-1795
82320,-6039,-5911,4891,1758,-1730,897
82321,7205,-1162,634,509,-872,1644
82322,6656,2844,2672,-1784,-182,1550
82323,-1666,5922,2402,1286,-1166,-1882
82324,6155,538,-507,-1160,627,-648
82325,-7997,3670,7101,517,-1880,1682
82326,-6613,-4821,-4516,-841,-505,-1359
82327,-1771,2406,-5693,-412,-221,-1833
82328,2125,1846,4193,-320,856,1257
82329,7297,-6371,-5122,1340,-1918,1252
82330,2665,7254,2576,111,-917,883
82331,5297,-6312,-3360,1391,-1141,1523
82332,2790,213,4721,-1893,-1998,1567
82333,1976,-4683,-7376,60,-396,1850
82334,-5381,131,-45,-1210,42,1576
82335,-201,-7444,-7875,-646,-873,-39
82336,-7860,5135,-186,-916,-574,1356
82337,-5510,7107,-3504,1557,-1886,456
82338,3650,-6624,-6999,863,1825,717
82339,-5804,-5142,6798,-462,-1260,-1364
82340,-2510,7223,7097,82,-1327,-1537
82341,-2094,-947,-3511,-1899,1421,844
82342,-1987,3501,-4199,-65,1126,1147
82343,-2958,7276,-6322,396,1175,-1072
82344,62,-6404,596,-89,-329,1952
82345,1775,-6956,-4373,1873,-319,-410
82346,1675,3631,-6615,-1229,1162,1818
82347,-1941,-4758,-2865,-1914,150,1017
82348,-162,401,-4415,1582,-1857,-770
82349,-4327,-5424,-3754,-50,-1279,-702
82350,-2069,4460,-99,-1628,306,-823
82351,7058,-1808,7022,-1750,668,434
82352,-193,1406,-7480,-1088,-849,1686
82353,6422,-3217,959,-674,1464,-727
82354,-7142,408,-5563,-1601,1107,1961
82355,-4934,2742,-6721,-1307,344,-1366
82356,-2747,-2875,237,-401,-1733,-82
82357,2064,-5609,-6170,991,823,-56
82358,4725,-6176,889,-791,-400,1692
82359,-556,2251,-2300,-242,-22,-201
82360,-4192,7040,-4235,1578,-547,-1354
82361,-3738,-4440,-5387,-1616,538,-1551
82362,-5232,6533,3399,-909,-1875,-1669
82363,-3203,6428,-98,1910,1035,-29
82364,-5055,7001,161,-1561,-549,892
82365,5084,-1927,-6108,1252,-1700,-818
82366,-814,-4901,-7473,1330,1191,-1360
82367,24,1021,4997,-1661,-1683,1678
82368,-4550,1102,-6431,1419,-1641,-891
82369,-1621,-392,1039,1226,-1803,-1210
82370,2685,-4147,-1640,-1572,1399,-1359
82371,-4218,-6710,-6954,-1571,-436,1527
82372,-2292,-3936,2310,1307,1987,1766
82373,5104,7730,-2878,453,-1174,-1030
82374,406,-5035,-6034,-64,-1736,172
82375,-7719,6342,-2131,-425,154,-837
82376,-465,-5103,7377,-394,660,1171
82377,6514,411,-2812,989,387,-649
82378,-2664,-1872,-6022,-463,1814,1041
82379,-5439,4650,5144,814,-1093,1312
82380,5620,-7997,-7069,1604,1039,-1910
82381,-7282,-112,-571,-342,-1051,-926
82382,5133,-1007,-7746,-1781,1165,-343
82383,6261,2815,7698,-268,1734,440
82384,-217,-6278,-878,-1385,1854,-199
82385,5522,-931,-2398,-400,-1362,889
82386,-6720,-3988,-6643,-436,1197,1757
82387,2020,2334,-2494,1258,1107,1670
82388,6126,517,6896,-912,60,-1895
82389,-4303,318,-6559,1393,-330,210
82390,-2789,-2134,5966,-1635,-998,-1360
82391,-6208,3456,1032,-1088,1082,-1802
82392,4908,-4854,-5702,553,-174,795
82393,-384,-6361,6356,-513,1960,240
82394,-7347,-5755,-941,1411,-1027,-298
82395,-5442,-6230,3510,-1784,416,-1392
82396,-1498,-7821,6078,1456,1510,1729
82397,-3012,-2789,7719,-1905,-1589,51
82398,-7826,-1883,6289,-639,-757,-914
82399,7132,5606,-5176,-1985,-380,1713
82400,6462,7596,5448,728,-422,229
82401,-7736,3645,-3872,975,1834,-1758
82402,-936,-6051,7202,589,1666,120
82403,-6911,1706,391,916,-1389,-1515
82404,1196,-7904,1489,-801,-127,1242
82405,-5044,-6055,-7061,1162,-809,131
82406,1900,-3688,1425,727,110,305
82407,5011,-2309,-1713,-504,-999,-1193
82408,-5176,255,-5856,-1883,166,157
82409,-6724,-7629,23,-95,-479,-1902
82410,1211,1639,-2045,834,-1538,-1620
82411,-3588,2476,7834,-1293,-1374,-1997
82412,-5951,6293,-2631,-399,-545,-746
82413,7952,92,-799,-447,-1615,1255
82414,-6110,-5040,4178,1174,1853,-314
82415,-265,-3408,-3500,-1124,587,-1921
82416,1256,7387,2635,-128,-301,-1834
82417,1140,-1834,-1739,-1037,-1235,800
82418,6658,-3584,3467,-1841,1554,-502
82419,-3464,1610,5650,-1181,516,1884
82420,-6455,7981,-5374,-1104,837,-1978
82421,204,6331,-5317,32,-472,-1108
82422,6042,-5106,4995,-160,-597,-66
82423,2439,-6967,-92,1011,781,-1504
82424,4534,-7382,561,747,-139,-1459
82425,-361,-1288,6551,1799,1647,1188
82426,4608,4870,6478,-82,1720,1925
82427,-4823,-914,7552,-1160,-39,1656
82428,7045,-5252,-3554,-1117,-234,-155
82429,-5109,7804,2014,1076,-1362,1625
82430,-2779,7960,-3834,322,1189,1308
82431,-2216,1130,7250,416,-906,713
82432,1313,-2700,-5468,1178,782,387
82433,3752,6653,-3678,1371,1175,1689
82434,4946,-1344,3022,-796,-1995,-521
82435,-898,-7034,-5282,690,1257,-990
82436,-7364,7700,3710,1072,842,924
82437,7726,-6391,-2490,1821,1925,157
82438,-5525,775,2544,-1686,393,-1074
82439,-4154,7362,-7876,318,1028,1811
82440,-4349,-6774,-5174,-1294,-1746,1282
82441,7068,-5528,5270,-1149,1534,584
82442,5761,-1907,7218,627,-875,-1014
82443,-5188,7346,7730,-283,747,164
82444,4756,-38,-6844,764,-1098,-240
82445,-2887,-2340,7032,1424,1161,1469
82446,6237,6817,-4716,1542,1541,410
82447,-513,2345,-1661,-1663,1550,-861
82448,-1445,-5023,2300,-1057,353,899
82449,2593,609,-7590,-1541,-1815,1131
82450,-2593,4764,-4858,-676,1794,69
82451,-4281,-1753,6297,-1219,1767,829
82452,-4802,5713,-5519,597,-220,1063
82453,-2954,-5266,-1752,-999,1619,952
82454,-5954,-6735,-4141,-560,1350,-1095
82455,888,-6957,-4993,-1939,-552,-288
82456,-5152,-6915,-5220,-1979,-1137,1739
82457,-7096,5388,-5743,17,1924,1985
82458,-2770,4274,-2163,928,-1876,-556
82459,-5611,4804,-2308,-1008,-240,-774
82460,3065,-259,-3396,1050,-1660,669
82461,-3626,-2136,724,1189,-146,-1073
82462,3709,1560,526,631,1138,796
82463,-2965,-1020,2565,-890,-1767,-501
82464,-3881,-7987,-5323,1126,-174,759
82465,-2765,6631,4973,1946,1053,-567
82466,2567,-7384,-3052,-1009,403,-98
82467,3720,2579,6503,653,-1773,-1960
82468,6200,1771,-7183,-757,187,1851
82469,5069,7393,5332,502,-536,-849
82470,-264,582,-6565,162,1770,-1331
82471,-794,1533,1621,612,681,-1752
82472,2997,7331,1308,203,-374,1666
82473,5693,-2754,3063,-418,-1044,97
82474,-6952,5960,2024,390,1729,1508
82475,-6922,1492,7300,-969,-1187,217
82476,-2612,1,253,1958,-1045,-1398
82477,-1610,-2476,-3327,1060,1067,-1771
82478,4728,-2884,-293,82,1901,-1548
82479,-641,-20,3863,1250,371,-133
82480,2916,2319,7418,1660,-1744,-111
82481,-6698,-1771,3745,-374,434,-989
82482,-7412,-1934,3314,-914,-947,873
82483,-5499,-1860,-88,54,-777,1022
82484,-2355,2345,-5679,-196,-835,-1265
82485,-1779,2313,-3206,-357,-289,714
82486,7534,3168,-6092,-162,1637,473
82487,2456,-7990,-1188,1218,1273,-1067
82488,1982,7262,5699,1909,1291,-846
82489,340,3952,521,1790,59,1449
82490,-198,-972,-1490,302,-380,1242
82491,530,3038,3083,-1505,-1397,1251
82492,-4528,5237,-6988,-1911,1627,-1186
82493,-463,-5933,-7191,1601,608,1556
82494,-5635,-6221,-5916,-1965,-85,345
82495,6873,-4560,-4264,250,-1546,1390
82496,1760,6841,405,-1793,1513,-1388
82497,4747,5173,-924,-801,-1464,1963
82498,5697,6648,3945,-1044,1388,-1415
82499,-3615,-7732,2771,1623,-403,-634
82500,-7453,-3459,1868,137,-407,774
82501,-1315,3356,-4807,-1186,-501,-1781
82502,1044,-1798,6475,-386,-573,654
82503,-701,-821,-161,414,-1579,1894
82504,7235,7996,-397,-118,1664,-856
82505,690,-200,974,314,-1570,-1662
82506,6983,3125,1473,-1118,446,-691
82507,2510,5077,406,-549,-733,-1886
82508,6424,6995,-2063,1601,-295,-132
82509,-3307,5234,-6183,-843,1851,742
82510,-6706,2749,7751,240,-248,-1413
82511,5555,-7715,4300,-676,-745,1395
82512,5331,-2405,1756,1739,1798,-1988
82513,-4689,-6398,1929,-756,-8,-1760
82514,-3114,5232,7136,986,-1590,-1158
82515,1346,-2971,5561,-1405,-1712,-1370
82516,7704,2363,-6605,-1423,84,-8
82517,-1890,3181,-5045,-1406,-1743,1246
82518,-66,1832,-3569,1450,109,438
82519,1160,-6383,4056,-678,107,-851
82520,19,5416,-4845,1980,-1937,-1948
82521,-3720,452,6942,-450,-1922,-371
82522,3679,-1289,6054,1723,-1247,1926
82523,-3078,3005,-1291,26,1919,-1157
82524,-7515,-6294,1416,1861,625,-989
82525,1943,-1189,-3220,1036,1038,-1687
82526,4136,4973,1804,-746,1437,1644
82527,-1789,7920,-2502,-908,-961,214
82528,4296,838,-1664,-955,8,-506
82529,538,1250,-5732,-432,929,-237
82530,-3420,-693,6851,720,108,-1581
82531,5352,-6452,-5245,-599,1328,299
82532,2298,-5091,-1565,1177,-108,-1427
82533,-2884,-4499,-3996,940,-1660,133
82534,7620,-731,728,-1276,879,-1691
82535,-122,-4750,6009,1593,461,-26
82536,7389,6450,3198,951,-797,-772
82537,-7736,7001,2813,-1761,129,1105
82538,-3101,-756,-6576,-288,-804,-1023
82539,2445,2955,5598,-232,117,-1132
82540,-7486,-1206,7214,510,1891,-441
82541,-6589,-7183,947,604,1088,-1934
82542,-3136,2758,-3798,-640,499,-1116
82543,6919,-7373,-1131,-1139,1204,1343
82544,94,-3634,4744,-673,916,1062
82545,3869,-6931,3728,1602,-726,-1020
82546,5230,5192,-2664,-413,-1618,384
82547,-5708,-4604,-3206,-489,631,1972
82548,3710,-2555,-3311,105,1091,-1111
82549,5647,4152,-4302,1804,-1256,1335
82550,-4375,3268,5637,-1585,-856,-712
82551,-7605,-5688,-575,1994,1120,568
82552,2079,2222,-1821,-107,721,-1619
82553,7753,5218,-439,734,483,-1423
82554,-1092,122,-574,-1270,1122,1107
82555,1291,3682,-920,1173,1341,-1482
82556,-6676,7113,4939,-1712,-556,-590
82557,-3238,-5903,6845,-426,1272,930
82558,2986,7137,2417,-1365,1716,-380
82559,4959,4188,-379,1513,-445,1291
82560,-239,-3936,6079,1671,-1019,-1926
82561,3453,1880,2144,-508,1411,-1027
82562,-1911,3703,-3898,588,-467,1526
82563,3108,2712,-4454,510,172,-1495
82564,4696,4988,2059,1712,-1208,1315
82565,4800,4120,1995,-1620,-867,-759
82566,1860,2820,-1765,-314,-1141,-637
82567,-4497,4497,5284,-1018,1660,1675
82568,-1306,3803,-6844,602,771,1848
82569,-2370,-6718,7676,-776,1251,-1235
82570,-813,-1730,-1565,-1851,3,-15
82571,-571,349,415,-1786,-759,490
82572,4071,-293,-4688,-119,1525,1362
82573,1166,-1786,1990,409,-29,522
82574,-5213,68,-5485,-1105,614,424
82575,6684,-1372,3590,-1338,141,-264
82576,7068,6847,-3910,-1891,-599,162
82577,-1760,5568,-7527,-927,882,244
82578,-6603,4311,-4502,-1431,1954,-570
82579,-1690,1539,-2739,-1738,-1947,-1368
82580,3892,-6268,-7848,1901,-136,717
82581,991,-7214,-5687,60,-164,1422
82582,6959,3590,1155,1957,392,781
82583,-5606,-787,-5193,1307,1792,1191
82584,-1226,-6767,3814,557,1678,-406
82585,-2879,3629,-5844,-1710,830,1545
82586,-6540,-3458,-1648,1123,-654,1441
82587,7258,6990,-7517,641,1360,-295
82588,-1052,796,-3171,-1287,376,-707
82589,3574,-6667,7222,-1730,-1754,-852
82590,3559,1161,1834,486,549,-441
82591,5083,7011,1046,-523,1184,1670
82592,-6429,83,-7994,-728,-1207,-1661
82593,-6965,-1323,580,-1238,-29,-434
82594,-6897,-5790,58,-1226,1533,-363
82595,5561,-5894,-4708,1764,217,-1190
82596,-4666,4490,2987,1270,690,469
82597,-5024,3198,-5788,-541,26,1788
82598,1931,5671,-5685,87,-1113,-223
82599,-4529,-7323,7268,1495,-1067,-1686
82600,-1388,7810,-2178,-944,-1864,1467
82601,-3951,-2717,-5405,-887,-518,1702
82602,-2170,7474,-7018,1459,1239,1305
82603,-1450,-4539,3440,595,645,-1241
82604,-879,1913,5312,800,978,128
82605,7046,3297,-4200,-1706,-1676,1085
82606,-4498,1461,7527,958,-191,641
82607,-46,-1784,-1948,-1855,1435,74
82608,-6842,-4028,-4663,595,1526,-108
82609,-962,5698,5705,-1473,-804,-1791
82610,-7530,-4954,-749,1047,320,150
82611,7725,-4769,6525,1098,-1379,1323
82612,-4381,-5074,-4665,-1684,436,-1749
82613,54,-7868,4561,-1667,715,646
82614,-313,-6023,-4549,428,-1214,-504
82615,-1242,-559,6635,-690,301,-1131
82616,7844,4675,-3389,-551,477,-246
82617,1848,-3733,-2247,1940,1722,-1027
82618,6893,5937,-5749,-1611,-1503,-881
82619,-5213,-2477,3107,-620,1155,-1266
82620,-2859,-1743,1594,-90,-1296,-1210
82621,-2144,5217,2630,-360,-276,-1701
82622,7330,-458,-7174,-1005,1802,1102
82623,-1663,1001,5919,1152,171,332
82624,-186,-7064,-2830,142,-1475,-1588
82625,5657,-3167,-6372,487,338,1978
82626,944,6128,6910,-837,1759,805
82627,-3557,-4133,-4519,1891,565,-1276
82628,7985,7552,2036,868,-610,31
82629,6728,2162,2837,228,-515,398
82630,3840,928,-3321,-827,83,257
82631,7750,5607,-880,-1081,216,1765
82632,3939,-7195,7899,-1623,-173,617
82633,5944,-3334,295,-26,827,-714
82634,4743,-4656,-3619,-1916,1419,-244
82635,4489,4971,5059,987,1531,889
82636,2126,-2510,-2239,-177,1363,668
82637,-5273,5733,-4714,1778,538,-1425
82638,3084,6652,-6386,565,-1792,737
82639,4312,-6998,2946,-1506,-618,-531
82640,1200,-297,-350,-1422,-1916,237
82641,599,5611,-7236,-419,1029,1062
82642,3768,7906,3413,-733,1071,-1687
82643,-5501,-1437,-3128,-1161,1706,117
82644,2160,680,1521,-42,-1478,61
82645,-2497,-4100,2046,1753,-452,-1772
82646,3143,3125,-3891,-168,-78,1944
82647,-59,2127,-5856,-1851,917,-1138
82648,-1291,5557,6977,185,-202,-1761
82649,-2281,-6553,2482,-299,-587,-993
82650,-2419,2198,-2861,1539,-1472,558
82651,4337,-813,2861,1017,-1829,127
82652,7436,478,224,1021,900,566
82653,-1352,-7861,5528,-1041,-1353,-1935
82654,-6967,370,-5564,-285,-1438,1103
82655,-472,1555,-3466,-1007,-1460,129
82656,7840,3845,-4265,1978,838,1115
82657,-1334,6743,5409,378,473,807
82658,6599,-421,6502,1065,-1035,1319
82659,-4777,702,3425,-919,-659,1766
82660,-1536,-4143,3494,-370,648,-1042
82661,-3524,-7318,2374,-1881,1058,-1762
82662,-5124,6293,6711,197,92,1911
82663,-3285,-4362,-6932,-123,-1583,642
82664,3412,-3504,-7490,-920,419,-1105
82665,-3214,-1928,-900,1761,-458,353
82666,5669,-236,-3574,1407,754,-1850
82667,4898,2523,-7236,4,-740,779
82668,-6033,-6244,-1811,-170,1799,1574
82669,6119,4677,3576,-1948,791,1380
82670,1616,-823,1027,1686,772,-1004
82671,435,2684,-2491,-1349,879,519
82672,-3813,4991,5994,1752,50,60
82673,-1109,258,7737,221,-1374,1896
82674,-4434,5128,4369,-328,1254,-1784
82675,3374,-5646,-7235,440,-963,-1300
82676,-5009,-1010,6782,-945,-825,-781
82677,3555,-5704,-4399,-1638,417,1176
82678,6261,-636,-851,1602,-1839,-1863
82679,-3339,2295,3428,-1862,151,-273
82680,-3208,-3749,5698,-1621,1363,901
82681,1584,5152,-6218,-913,886,-491
82682,2442,-3570,521,-1500,-696,-1577
82683,662,-152,-435,49,-1346,-901
82684,1806,-1167,6516,1709,-183,1141
82685,3296,6783,-3870,344,-639,-978
82686,4526,-1474,-4586,-1427,-1019,-1813
82687,5367,935,-3483,-1054,-631,-1953
82688,-6205,-6576,1836,371,1318,14
82689,-869,-7443,4750,-1143,-1709,-1894
82690,-2579,-2011,1382,565,654,1094
82691,-719,-5463,-3869,823,-311,1537
82692,2894,7786,2820,-791,3,-1029
82693,-3672,-4155,3612,1416,-634,1938
82694,1209,2394,-6110,540,-605,-968
82695,6450,1907,3528,-605,971,-459
82696,4794,7892,-7626,-1891,-1197,366
82697,-4974,887,-6970,-1647,1280,945
82698,-4763,-1438,1978,1203,1741,722
82699,901,5238,-7516,1866,-1139,1573
82700,6285,-5093,4385,138,-1358,-696
82701,3534,7732,-2854,176,16,900
82702,1681,4185,-1039,1289,-368,-648
82703,-2138,7960,-2824,-289,-526,-321
82704,7882,-1146,2121,-1102,1378,1330
82705,-4579,-3228,1466,-316,1438,1226
82706,3684,6764,-7805,-734,1881,1631
82707,-5566,-513,393,263,-1195,1880
82708,1046,4512,5696,776,-896,822
82709,-5521,-5419,5167,-1307,1961,1944
82710,-3490,2539,-4598,-128,-5,-244
82711,-5744,759,2569,-1822,-842,932
82712,5297,-7255,6616,-1280,1198,873
82713,6971,-2929,1077,-541,-703,1539
82714,2185,2794,6254,781,-948,1126
82715,5197,-2717,7592,-1279,-974,1149
82716,3006,-2156,2747,1177,1874,-1797
82717,990,-6637,4975,1803,1814,-511
82718,3628,-2243,6361,-447,-468,-1731
82719,-1818,-4543,3163,-1477,1357,197
82720,-1352,7017,2919,1180,1282,529
82721,6494,-5976,-5703,638,1703,-735
82722,7851,-3703,-2029,1562,-1803,-1235
82723,3819,6505,-2573,234,565,-377
82724,4671,6984,1439,-1409,278,700
82725,-7128,1102,-6525,-601,-918,-781
82726,5310,3716,6732,-810,-1421,1522
82727,-7483,-4598,6600,-1746,-855,-1369
82728,4197,6073,-1603,263,98,-1502
82729,4834,-704,-5130,-922,-704,770
82730,1814,-554,3843,1270,-758,674
82731,4077,490,6800,-909,-623,-1601
82732,-3780,-5076,-3668,-1126,-1155,708
82733,5869,2038,4099,15,-1764,1070
82734,-7556,-141,-93,1671,-1403,1500
82735,-4134,-1207,-5941,-503,60,-1489
82736,-1227,4673,-2421,-434,277,-232
82737,-2735,2970,248,431,1541,-197
82738,7057,-1427,-5485,-1481,-120,1489
82739,-2517,-5173,6786,33,260,322
82740,-2263,447,-2207,428,-280,240
82741,-1884,-7958,6579,130,-1274,-823
82742,-7929,3758,-71,1068,-868,1490
82743,-7388,7510,-3478,-484,-927,1927
82744,-1791,1385,-6089,-39,734,797
82745,6050,7237,3041,525,358,1022
82746,-2524,1353,7540,386,-851,-1965
82747,-1446,-4898,1166,-272,-1666,1868
82748,-3923,-3653,7012,-1524,1854,-1141
82749,-5634,5021,-1398,-342,-1398,-1241
82750,-6517,5550,1551,-561,500,-1643
82751,4306,2787,-2780,-75,47,114
82752,7835,3742,1425,1396,-79,-1951
82753,1760,-402,1181,-1476,-1452,-1085
82754,4835,-2096,6964,-49,1983,-424
82755,4621,-2305,4093,485,778,-810
82756,-718,-940,-124,-349,-1930,1214
82757,-5056,6953,-5186,-1883,642,58
82758,-2930,-5159,-6521,-869,870,67
82759,6447,-3949,-3204,913,-1361,737
82760,-1901,4083,-1761,1549,1365,-260
82761,6376,-7829,-346,250,-62,202
82762,829,-2258,-565,1536,1973,-1201
82763,6302,67,-5190,804,1257,780
82764,336,-3023,-406,126,-1217,1228
82765,2359,-4537,-3838,127,-733,-961
82766,-6970,-6978,1181,-1620,-492,-754
82767,-6955,-3331,5969,-182,1959,-1818
82768,-2376,-22,5085,-135,883,-1811
82769,-4047,4808,-4922,-1977,-1434,-878
82770,-2132,5216,-4532,1878,812,-19
82771,-2313,-6208,-2376,-1399,-457,1407
82772,-4967,-1376,976,-1264,-1186,-527
82773,1632,666,-4990,1145,-985,-619
82774,473,5589,544,1930,-1942,-1555
82775,-7263,-5357,-1686,743,-1690,1779
82776,-3467,129,7577,-1050,-1547,-1323
82777,911,-1647,1075,-403,1323,853
82778,6253,1791,-4224,281,901,1545
82779,-4654,1620,-5640,-1484,-336,1998
82780,-2291,6868,-982,961,-1836,440
82781,5627,-6113,3062,-1002,-208,-1937
82782,-6675,-5011,301,106,-1679,1859
82783,-1949,2020,-6866,-1757,-1015,1272
82784,3432,5187,-6716,-1154,-1854,-318
82785,5068,937,3574,640,882,-391
82786,4946,827,4476,-520,-190,-449
82787,-7458,7739,-876,1342,-251,-922
82788,1631,-6279,-2400,1893,415,1321
82789,-1868,3721,-814,1023,-483,305
82790,503,3594,-7794,129,1585,406
82791,6154,1779,-2332,493,269,-1712
82792,-335,-4807,7369,992,-1601,806
82793,4058,-5295,6803,-1046,-1833,619
82794,3642,-282,-6045,-1761,-1437,-973
82795,-4088,7514,881,-935,-1145,1524
82796,755,4375,7231,126,-201,-378
82797,-5765,3733,1989,-1158,397,1114
82798,5278,6429,5097,1652,1122,-862
82799,3785,1054,402,-326,594,-1043
82800,6573,7483,6785,-989,-1562,-1756
82801,2659,-5608,-2317,-582,566,-157
82802,-5678,3025,-3947,-1632,1412,1233
82803,-4295,-54,-5758,667,-266,-1465
82804,-7467,4908,-4775,579,964,1386
82805,-7838,-521,1085,-609,-747,-1369
82806,-5159,-2070,7907,661,-762,-397
82807,-4761,-2596,-7598,1456,-1726,734
82808,145,-1736,2165,1196,-495,-1919
82809,6686,5550,-6786,-92,581,-1355
82810,-2060,4733,87,-581,1977,1434
82811,3272,-4841,3444,1214,-1179,-891
82812,-6087,2165,4054,1230,-1358,-1149
82813,-6930,3434,-4510,-422,-1828,439
82814,-431,1187,5191,1706,711,-1172
82815,-2316,4552,-5222,-300,-1832,772
82816,1589,2223,4842,1083,925,-610
82817,-1536,-4535,-3006,944,-335,-1211
82818,7858,736,-1169,1623,1323,-1290
82819,-6222,-6412,3158,500,-352,-973
82820,-2694,7593,2572,1229,-1488,-81
82821,4205,-2918,4240,-1754,-1789,-1845
82822,-6323,5748,6700,-422,-1578,940
82823,-1376,-1808,2022,1629,-824,702
82824,294,7103,3412,78,772,282
82825,-6813,-6269,-6862,307,-666,-546
82826,1820,7692,-7974,641,-1238,747
82827,3369,-6981,-6031,-1128,-224,547
82828,-3500,1384,-785,794,-1420,-1155
82829,2647,-7570,4247,869,978,-540
82830,-2575,-3545,-2551,-539,1834,-1949
82831,-5497,4589,-6405,205,726,887
82832,533,-3049,3718,1625,-1161,-102
82833,5331,-4935,-2697,-378,-1708,-360
82834,-7804,7113,-7739,1237,-322,1256
82835,-5350,383,4405,1847,-482,-823
82836,2809,-888,-4140,-1180,-1389,-1027
82837,-6737,-7399,1314,-234,-941,-1835
82838,-844,-597,-6100,567,818,1318
82839,-4226,1710,3395,1828,-754,-7
82840,2157,-7838,-17,1568,-445,1104
82841,1714,5711,-345,-124,91,-826
82842,316,5634,-4145,-1683,866,222
82843,7646,-963,54,-106,1266,1256
82844,-6438,3473,-3836,-1988,1603,-694
82845,3746,1464,-6865,-718,195,1812
82846,3019,-5971,5306,-247,682,874
82847,-6608,-1114,3888,-1512,-1013,-1977
82848,-8000,5534,-641,708,-322,1504
82849,5532,7584,-6117,1261,340,-1739
82850,6744,-4500,1451,453,-572,1516
82851,4268,2833,5154,-1809,1818,554
82852,-7141,5891,-4114,752,1674,195
82853,-6929,-3099,4581,653,-651,-735
82854,-95,5287,5973,133,-1519,672
82855,-3170,-7524,978,540,-1281,-705
82856,2476,-3099,-2810,-696,-404,-993
82857,-5702,6683,-7687,1595,925,-330
82858,-1936,-1197,-5644,-415,78,-609
82859,-2154,3506,-1752,1474,-836,-192
82860,1691,-1187,-4340,-1179,-1350,939
82861,6084,4135,-7379,1488,-1830,36
82862,-3217,-4451,-4962,1306,-1668,503
82863,933,-958,2131,184,-1172,-1416
82864,-2257,1598,7285,-1422,1681,1632
82865,4461,-7960,6207,-21,-1040,-458
82866,4404,2244,4993,-404,642,669
82867,7984,2986,720,334,601,-805
82868,-2772,3457,4413,-1596,1036,206
82869,1586,115,-2701,-1644,-1848,-1131
82870,6531,3865,-2776,-731,-715,466
82871,-6442,1694,6210,330,-1403,1924
82872,-4392,7917,5417,-133,-1181,14
82873,3857,6318,-1886,1443,-1938,923
82874,4361,5347,6938,-715,-1942,1857
82875,3871,7336,-3374,-777,373,1087
82876,-361,1411,1029,1494,326,-1657
82877,-3937,1316,4594,1201,1145,955
82878,-500,262,2070,-756,13,-819
82879,-5010,-4999,-7995,-296,407,1194
82880,-3403,-4595,-2040,77,-1171,-1648
82881,1099,-6421,-5256,1936,1408,434
82882,107,-5707,2922,-228,-1804,-1359
82883,531,-1712,7242,-333,-1230,-397
82884,4397,-4759,1677,849,-1075,-1094
82885,2306,-1318,-2240,-1533,735,-1875
82886,-7987,-3894,2092,-120,1037,675
82887,-3857,-237,1689,-1517,-1884,1417
82888,390,-538,1682,772,-1133,-1689
82889,-59,-1098,-5104,665,-1324,-1167
82890,-6433,839,7603,624,641,830
82891,-1365,-133,7904,302,358,243
82892,5795,-3588,-1060,-903,-483,-482
82893,-7137,4485,-4785,24,1485,671
82894,1600,-1267,-4390,1963,-260,1694
82895,-5609,1283,-4216,1987,-151,1055
82896,-6895,1721,7998,1556,1722,-70
82897,-911,-4116,-3219,-149,53,-1156
82898,-7263,4800,-673,-974,947,1374
82899,2653,-2481,5366,-876,406,-206
82900,7745,-633,-928,717,350,-678
82901,-3033,4077,-1020,-324,-138,61
82902,-3362,2438,1483,1781,955,-1789
82903,-3063,-7451,6083,99,-329,-1230
82904,-4237,-3430,7317,-320,-942,-1092
82905,-7292,7323,-6587,1961,-99,-676
82906,-2005,4787,5754,-207,329,-1977
82907,-6460,863,-6957,-1281,-616,-238
82908,-2732,-5325,-3868,-1376,-971,1742
82909,-6506,507,2355,-978,161,1347
82910,-5638,1658,-5557,445,433,1424
82911,7026,2986,6445,-684,353,759
82912,-2544,-3780,1674,82,51,-556
82913,467,-6273,-6383,463,-855,-7
82914,-2460,3054,-5470,991,1251,-1408
82915,3205,6575,6661,1026,-447,949
82916,-2296,498,7113,-56,-305,-11
82917,1336,7466,-5589,-491,-12,-849
82918,7292,6000,5767,-331,-1853,579
82919,5140,1592,3483,-238,1865,-1389
82920,-7636,7721,-943,-1745,-465,-1446
82921,4505,389,-7779,-1688,-1171,478
82922,-1301,-1669,-1931,-269,-1881,1338
82923,4661,-3759,-5231,1704,688,-573
82924,7638,2068,7526,327,-1903,1478
82925,-3485,-2087,5980,132,-1730,-411
82926,-6878,2274,-2426,996,-1420,26
82927,-5734,-3686,-6329,1577,1498,1505
82928,-2129,2928,1559,452,1725,-1893
82929,-5610,6215,428,1740,-1284,-1018
82930,2234,7498,3098,-1390,-88,193
82931,21,-976,-5271,-1703,969,1044
82932,-4948,-3392,-2628,359,-1214,884
82933,3606,849,-2788,137,-80,321
82934,539,1528,-1433,-677,-1807,-896
82935,4606,-926,1273,766,-1029,780
82936,5002,3243,-1257,-1305,-1391,114
82937,-3990,-7980,5841,-449,-905,376
82938,-5110,3509,5896,588,1772,1349
82939,-4729,-3912,-3317,895,-751,47
82940,3139,6467,-1236,-889,1595,1071
82941,-246,-7183,-6114,-1544,1317,1203
82942,-1210,3255,-3318,-427,358,-1087
82943,-7277,1168,7108,-622,-913,-1497
82944,-3869,-2834,2511,1178,1080,1587
82945,-7086,1081,7380,-1563,-1839,116
82946,-2015,7022,4065,827,1663,-1311
82947,7621,-7095,7633,-168,33,1476
82948,-5780,4673,6214,-69,-685,-1511
82949,-3456,7260,4890,-1126,1965,-1270
82950,-7388,6553,-2449,-1818,-353,-1519
82951,553,4854,-785,-618,-935,442
82952,149,6633,-5289,-1831,1067,-734
82953,-1678,3898,1480,58,-801,255
82954,4373,7886,-1133,664,-219,213
82955,-1397,3,1895,1357,-839,-1745
82956,3182,-1091,2963,-1121,554,426
82957,4090,-700,3353,-1567,130,822
82958,-6198,6962,1096,-142,1420,-1330
82959,3750,-1312,-7824,906,455,-1500
82960,3208,6718,-6218,-441,878,1788
82961,-4086,-2695,-3909,1221,-385,-13
82962,816,-7541,6784,1127,-1873,1524
82963,-2087,-760,-300,-1213,-1283,1927
82964,-1321,-2776,3794,-1786,465,-377
82965,7427,-602,520,-672,-1364,-839
82966,-7166,-3422,6825,-51,861,-623
82967,2070,7773,2946,1082,-1343,797
82968,3303,5882,-771,-1450,1593,1512
82969,-1803,-994,-7678,-1526,1342,1375
82970,-2601,-2872,-509,-1102,-28,1012
82971,-2982,4451,6578,116,1462,1143
82972,2087,5560,-7247,1801,759,-718
82973,6615,-4808,-5871,-1103,281,1099
82974,-2414,3857,2484,204,797,1277
82975,7780,632,-5529,-1644,-78,156
82976,-7641,2089,5740,158,1308,-953
82977,7946,-6269,-636,21,891,-1131
82978,-7100,5734,4203,231,-1780,-1892
82979,-5092,-2822,3191,608,1836,-1826
82980,6473,3732,4749,-1385,797,501
82981,6695,180,-3978,-1473,-27,-290
82982,1246,-5199,-7369,1309,-1294,699
82983,-3624,-6321,-1429,-613,1134,-1503
82984,7490,-4444,1938,-1432,-1340,794
82985,-4456,1791,5360,378,-949,640
82986,-61,7682,-2032,-1927,-1833,575
82987,-2308,3878,1266,1557,-694,252
82988,1613,7957,-2732,1847,1573,930
82989,3517,-3383,-1068,134,-1110,-653
82990,-3488,4480,-4833,-389,1101,-1504
82991,5342,-6,6224,-1001,-767,-132
82992,-1656,3605,-6490,1346,-829,-1380
82993,-3450,-3910,-4029,1239,1571,-773
82994,7576,-1551,-6605,-1700,54,1116
82995,6056,2234,-6137,80,520,1547
82996,2170,-6678,-1410,1580,-1279,-1559
82997,7116,-485,1178,261,1659,1798
82998,-5562,7382,-1159,475,-409,-1641
82999,-7160,2858,2878,-39,-313,1818
83000,5584,-4059,-2283,-742,1307,1968
83001,-7091,5630,-5390,392,-317,-1127
83002,-4686,-6587,4678,579,14,-1170
83003,3243,2644,-2457,1511,-789,284
83004,-7889,-2757,-4951,1059,402,-1249
83005,-2646,5319,-7591,715,-663,995
83006,-5072,-7232,5506,-167,-1703,-1505
83007,-2769,4543,-6049,-1815,693,-494
83008,6898,-6085,6929,-1869,774,-192
83009,-6013,5929,4457,723,527,-922
83010,4567,2606,7093,845,129,-750
83011,-3659,-7163,2487,-589,999,1894
83012,3693,-785,7179,1978,1296,107
83013,5187,-2063,5408,-1412,-1415,-1266
83014,-3116,-2734,-6954,134,-1474,1409
83015,-1892,-7530,7164,-244,-1223,-537
83016,4459,356,4619,1062,-793,-421
83017,1683,857,596,-1684,-540,-642
83018,-2219,-1576,-2585,-114,-755,-1153
83019,-1340,7882,7655,690,1461,1988
83020,-1620,-2349,252,-139,1283,-467
83021,-5447,3153,-4414,258,-292,-502
83022,6304,-4158,-1588,-1144,-867,1283
83023,-6675,6521,-5274,-50,-218,415
83024,4909,6712,-5028,-1132,-1637,-737
83025,-387,1007,-6879,1442,-1568,-1416
83026,-920,1429,-6905,1640,848,-1219
83027,-6232,1812,-156,-974,-465,1484
83028,-1677,-1632,2234,-1006,646,1985
83029,6273,7976,-2901,629,668,-781
83030,-5931,4440,7715,523,-1736,774
83031,-1032,-505,478,142,658,832
83032,-5398,-2109,-6098,54,1181,-1637
83033,5590,-1826,3593,334,-10,-910
83034,6283,4127,-7179,1072,927,910
83035,546,846,-886,590,1355,1608
83036,-6395,5588,3169,1786,-791,179
83037,-67,-3558,-3573,219,1604,216
83038,-6034,5454,-4020,-1458,154,1532
83039,2181,865,-446,1355,1497,-1743
83040,-2787,6879,-2412,-921,1600,-683
83041,7134,6820,2464,335,377,336
83042,-3313,-4006,-1413,-1156,-1455,483
83043,3662,4471,6297,168,524,-1142
83044,641,1120,5907,912,913,-1594
83045,-4293,-4413,-1741,-20,-1575,-94
83046,-1582,-7672,-1617,1394,-1122,1750
83047,-1967,-7380,3151,1118,1800,1041
83048,-6620,-2253,6090,1549,1831,804
83049,4464,6350,-3484,1269,-1584,645
83050,308,4306,-6511,842,1498,1300
83051,6402,2876,798,-1461,-910,-1210
83052,4657,-678,-5810,-1896,240,375
83053,4064,3663,7782,298,-1808,1246
83054,-7846,3429,5331,-524,1633,1845
83055,-245,1885,4344,248,-381,-1292
83056,7627,-5831,4658,676,-1306,-797
83057,-3182,-1930,589,268,-157,-1263
83058,7986,7510,-706,-1854,1002,-1513
83059,-2863,5429,5301,-482,1151,-1
83060,-3093,1678,2677,1928,-833,297
83061,1881,6945,-1098,-699,1781,-21
83062,4120,7062,5400,-1875,-34,1663
83063,-7998,4471,-3682,-1312,-276,-1346
83064,5884,-6184,-75,-1752,-1757,-439
83065,-2014,-661,4544,1689,391,839
83066,-1517,-6065,-4338,-206,-1532,477
83067,4560,1244,-6862,180,863,17
83068,-4761,-6932,4271,1137,-1218,-86
83069,-7537,3450,-4603,1336,-739,681
83070,-5524,-1748,-3442,514,617,991
83071,-5129,2004,275,1808,1401,486
83072,-2347,6904,7178,-1705,-1540,597
83073,422,2068,6849,-1464,-1540,-317
83074,2442,5298,-7336,-141,-1101,-1417
83075,-5040,-1928,3915,1192,273,-1337
83076,6359,3241,-5714,-856,819,910
83077,-1658,-3187,-6614,-1136,198,-1222
83078,-1836,3769,2486,181,1155,-1921
83079,-3367,-1345,2629,446,-1102,105
83080,5595,-3762,-5243,-667,-769,1512
83081,4243,-6902,-2171,-1444,1176,-1973
83082,-4766,5862,-5286,-1766,1058,946
83083,4474,-5664,5916,-1611,-971,429
83084,-6361,6703,406,-931,748,-1400
83085,-7504,4138,-3600,-1677,155,-1737
83086,3251,-2397,-3839,-8,1625,556
83087,-1668,-4838,6792,-1691,-101,15
83088,-5514,1360,-4168,1378,1437,240
83089,-6462,1206,4304,-698,-1247,989
83090,-2591,-1563,2142,1727,1009,984
83091,1603,5945,5859,514,906,1832
83092,4925,-496,-2061,1481,-52,-763
83093,6557,-4820,-7308,-809,-536,-660
83094,4300,5925,6220,-1019,1429,1913
83095,2691,2596,-4022,-980,419,-1269
83096,6507,-3620,-7455,1226,1155,-837
83097,-6158,-5336,-2311,1735,-423,1928
83098,101,-4985,-7281,806,-631,605
83099,-3025,1460,-397,-167,729,1285
83100,-3563,7972,-731,660,-485,-575
83101,4000,4718,157,-1915,1998,86
83102,-5640,5603,-3112,288,-1961,471
83103,1106,-6575,6627,-1740,499,427
83104,-5993,1692,-5948,971,1201,-597
83105,-599,-708,7873,-1350,961,203
83106,1206,23,-1671,-1569,61,13
83107,-3852,-6878,2947,-1838,-1627,-685
83108,-5815,7402,1199,-1635,1961,-1161
83109,1924,4115,5133,1983,-1391,97
83110,-5436,970,4378,-81,-584,1346
83111,6251,4744,-2189,348,1293,641
83112,7157,3644,-3289,-1062,868,256
83113,380,1596,-377,-1588,-1733,-758
83114,3647,1942,-6627,148,607,-690
83115,3007,-5133,-4952,1586,1844,-1208
83116,7074,-2391,7317,590,1479,815
83117,-3256,2342,3175,1847,1925,-1854
83118,-553,-2046,-2278,-1127,1063,-1865
83119,2228,-5627,-7568,1252,11,1234
83120,2694,-2992,-4342,1212,1690,-635
83121,7595,-6355,51,153,-647,-1994
83122,6,-3803,2539,-281,-294,565
83123,-6292,-3053,1419,758,276,-1280
83124,4486,-4233,5836,-1227,1032,60
83125,4326,-3728,935,1354,-1107,1184
83126,-5303,290,-2694,-439,-943,1491
83127,5213,1809,858,-1129,1432,-1240
83128,-7071,-3833,-3524,-535,-745,390
83129,-3167,-4248,4804,571,489,-155
83130,2340,3231,-6425,-269,726,-1855
83131,-470,-4818,-617,-483,-1714,1427
83132,753,3500,-3681,143,668,1075
83133,-7807,-3139,1941,-2,779,691
83134,7794,1739,2935,912,-398,-1029
83135,2929,1223,1832,439,-1045,1758
83136,-6740,-7065,2580,1558,910,-302
83137,-3074,2,252,-480,-693,-602
83138,-5706,2339,2198,-1130,162,-1057
83139,4292,2867,3209,1563,-1147,-61
83140,-503,2160,-7576,-1340,218,421
83141,-6997,3811,5720,440,1698,475
83142,4481,-7631,2886,104,1640,1921
83143,6657,-1158,-2057,-1852,954,-1959
83144,-25,4898,-4824,1105,1454,-558
83145,-623,1578,1444,1199,-323,997
83146,-4099,4251,1248,-234,-347,1719
83147,4665,-3176,6550,1593,1698,-957
83148,-4538,1416,-4721,-1430,786,-1930
83149,-1156,6986,2971,-603,1602,1862
83150,-4605,2554,-121,-118,142,732
83151,2656,-117,6931,-1090,-1596,1897
83152,4479,7910,-5633,601,964,-146
83153,-2271,4424,6677,882,1546,528
83154,3524,2429,-1508,296,-172,243
83155,-5692,4080,5788,338,500,588
83156,2821,2133,4287,564,-669,1340
83157,7324,-319,528,487,116,-854
83158,7132,-5528,522,681,1022,953
83159,7426,3790,-1288,1513,703,1665
83160,3292,70,2713,1638,1364,1990
83161,-4119,6199,-2931,-1541,875,-795
83162,145,-6973,3286,1666,1137,-34
83163,6997,1278,4807,1799,949,399
83164,-5408,3477,-4444,1224,770,-1263
83165,6406,-2886,3870,-1090,1209,877
83166,-4021,2149,-792,-1030,1860,-779
83167,-4235,-6313,-5417,-1823,14,-1426
83168,-3292,5447,3815,-64,239,19
83169,-7601,3026,-1748,1199,751,1602
83170,-7332,1951,1549,-1145,-1946,-1421
83171,7992,2037,2298,-77,1666,-136
83172,-4267,-1770,-5717,-1998,-735,-566
83173,3718,7872,-7030,1092,-1395,1206
83174,2014,-741,-3754,990,-1325,-146
83175,4250,7753,-7465,-739,-1852,710
83176,5730,-2335,7763,-775,387,-1480
83177,-5388,209,-5687,1089,-1323,-62
83178,-1772,3163,-4606,1118,-1381,1606
83179,7941,2045,2534,-1119,439,1679
83180,-1688,-7587,-469,755,-1139,628
83181,4708,-5329,-5367,-45,-1761,-891
83182,6799,7832,6383,-1556,-736,1137
83183,218,-1972,6764,758,688,1997
83184,-4443,6567,-737,226,-1551,-934
83185,392,2800,2071,549,-1197,302
83186,3914,6948,5234,-102,-437,676
83187,2153,5541,1717,1368,-1415,512
83188,-5051,-3259,7675,-1921,1059,1634
83189,2345,-6586,4454,-1384,41,1815
83190,7969,-6978,-5564,-934,1463,1538
83191,778,-3912,1772,-881,1447,-368
83192,-466,-6409,5856,-552,-165,-1666
83193,4014,-5939,-3087,-1310,-733,-611
83194,-6003,-6046,7445,-1963,-1924,891
83195,-2182,4408,4235,-1895,-1548,-1410
83196,-75,3846,-446,-1098,-1862,-1770
83197,1824,515,872,438,942,107
83198,-5580,-6915,2397,1357,770,-1504
83199,-4934,1176,4302,1605,1331,-1735
83200,3344,-2338,1417,1641,-253,508
83201,3521,2501,3595,1161,759,1872
83202,-5187,666,-7052,-1455,-1349,902
83203,4125,542,-6864,-1875,99,-302
83204,-3066,1723,7692,1062,-1214,717
83205,-4739,-2411,-4113,1925,-493,-259
83206,1855,5230,-4125,653,1766,1176
83207,1448,-1925,-6853,1267,-1127,525
83208,-2052,5479,6298,1951,170,1924
83209,-7151,-6494,5448,1893,1157,-408
83210,6414,1649,5182,-572,1067,1441
83211,-4822,7004,-1764,-483,-1369,-1248
83212,3079,5973,996,1287,1644,1061
83213,1691,-3403,6089,311,217,-971
83214,-7835,-1858,5051,1365,-500,458
83215,-2499,-4195,591,-1571,-240,1595
83216,2491,-2360,3775,662,-964,1098
83217,1544,3930,246,423,-76,-1605
83218,-4709,6239,7793,-1608,-69,1203
83219,-2279,2809,-3399,-1323,-964,177
83220,2093,1492,6324,1142,365,1384
83221,4659,4419,-3177,-1660,1174,141
83222,-7869,-7018,2450,1579,232,1705
83223,-2982,-7886,-534,-754,48,786
83224,-5687,-2443,3380,1588,-1893,-1810
83225,3404,2276,-6843,-1048,-955,1555
83226,-6156,5631,-5797,-130,1733,-562
83227,236,-2365,1634,-1696,1715,-364
83228,-6150,5388,-7885,-1544,346,-156
83229,-882,-111,-6582,344,1821,517
83230,-1988,-522,3524,-106,-888,178
83231,4988,1076,-1521,1473,1695,-778
83232,3707,-6121,6858,81,773,-1842
83233,842,3574,359,1861,1073,1690
83234,-6004,1910,5241,1613,-1028,-1101
83235,-4180,-879,4684,1599,-937,1995
83236,-4786,1099,3009,803,-702,1557
83237,6754,5880,-6306,-88,-1905,-156
83238,-5992,3694,-6038,1172,-1984,485
83239,5845,4290,6698,-1231,-919,-350
83240,913,-5830,-6438,-1999,1153,-233
83241,6675,3363,3448,92,-772,1064
83242,2104,4481,-1490,383,1483,288
83243,6170,6832,2638,-749,1519,1240
83244,-2396,3889,-1932,-1175,-1880,776
83245,3855,-2719,-3302,682,68,-1353
83246,6366,719,-4142,969,-1001,1600
83247,6400,2178,-282,-604,-1165,1284
83248,5921,300,7652,1708,-851,-1511
83249,3172,-2198,6037,-784,346,568
83250,-3854,1400,-6880,1496,-1425,-188
83251,3701,1105,1480,1083,636,1154
83252,4948,-2799,-5922,-381,-1774,-207
83253,-4451,-2719,-6152,-230,-1014,-1142
83254,2180,-5892,2400,-158,-1309,109
83255,-3954,3567,2357,1491,1226,-328
83256,-6736,-2696,3326,-640,34,481
83257,-2006,1994,3905,-1442,608,1001
83258,661,-3559,5416,-1556,-1403,200
83259,-4067,4936,7369,1355,-877,410
83260,6084,4783,-2916,-1838,1419,-1482
83261,-2856,-3014,-4761,68,227,-1523
83262,6126,6172,6528,1804,1196,1385
83263,3217,-517,-5717,-1336,1140,-607
83264,4375,4307,-4850,-332,-1705,-230
83265,4567,-3755,-741,-849,408,-935
83266,779,-5170,-3474,-428,-1648,-793
83267,-2718,2512,2814,700,435,-802
83268,-5577,697,1113,-1425,-565,656
83269,-5059,-6405,1643,-762,-961,245
83270,-7611,-7145,-6636,1871,-37,-751
83271,4246,-6524,-1935,1056,1291,128
83272,-7639,632,-447,-487,-1743,754
83273,-1578,5404,-6594,-1402,-1211,1040
83274,782,7135,-5258,-1495,222,1263
83275,7431,3598,4328,-780,-703,-1467
83276,-1671,847,2435,1047,883,-494
83277,5890,-7623,2509,363,-1073,-1928
83278,-5253,7920,3918,20,1788,-1890
83279,2097,4842,-5212,-495,93,210
83280,3396,3404,6887,-211,-248,-1319
83281,-1581,-2968,-3236,792,849,1925
83282,5164,3568,-4260,-1111,276,1367
83283,-2823,7563,4445,-499,-96,-1762
83284,-1436,-1513,-273,1711,-427,440
83285,-5443,6714,1820,503,-1253,-1178
83286,-1268,-6628,5318,1260,-1890,-1264
83287,-6034,-7586,2680,168,-1638,92
83288,2595,5655,7014,-1572,-1449,-1788
83289,-6671,3154,-5646,-1653,-874,218
83290,6523,-2794,-7434,-1254,-741,1631
83291,3590,-5123,-1841,-1906,1708,-989
83292,5810,-2663,2120,421,1926,-1708
83293,-5691,5780,-2596,-558,-1002,1147
83294,-6311,4292,5026,1921,-754,1015
83295,-3033,-1776,1028,784,791,1314
83296,5774,6925,3758,-1243,-709,1563
83297,-4249,5337,-3937,66,1104,-910
83298,5116,2795,5737,-1337,-1944,1676
83299,7134,127,-6497,-753,1329,-1334
83300,4351,3589,-971,-1363,1271,128
83301,-7892,6629,4764,-490,1738,-201
83302,6310,133,-4548,94,-1569,1563
83303,7928,-4335,-4572,329,1621,626
83304,-2616,-1991,7198,1472,-414,1127
83305,-2475,3022,-1178,-1668,-1399,-1758
83306,2361,3953,-207,-1057,651,423
83307,-7785,3841,-1796,-401,237,-1503
83308,4014,-1024,-7298,1241,-138,430
83309,762,4917,4278,868,1592,-1985
83310,2273,-3940,4315,-1214,-835,1555
83311,3799,-4237,-3210,-1732,-1099,-477
83312,1384,-2611,-3240,-256,-1221,1138
83313,135,7769,-3425,-447,1491,-1287
83314,379,-4124,-2674,1546,-1887,-1934
83315,-3635,-1653,2130,-1393,305,852
83316,-7744,-7077,6833,-1657,750,-216
83317,6731,5336,-1338,1732,1893,-719
83318,1152,6542,-561,1636,-647,-728
83319,-6790,-6832,4319,-747,1305,8
83320,-4010,3922,-4072,922,136,-271
83321,1495,-6538,-3981,-540,-1990,-1444
83322,5981,-5615,-3953,1473,-1582,-559
83323,-292,-7012,7412,-172,357,-310
83324,278,-890,6683,-228,975,-664
83325,3546,-2527,2821,-1344,-1323,292
83326,-1233,-7880,4691,-809,-460,-1417
83327,-5231,-465,-7148,-1379,-1655,-137
83328,2685,-1916,731,-219,-775,-129
83329,917,7236,3689,407,1498,-1735
83330,5364,7007,-7269,-402,593,579
83331,-5412,577,3581,1990,-1213,-1340
83332,3800,1742,-3325,-219,-235,-1815
83333,1841,-4003,-392,1720,-808,1796
83334,4664,-7824,-7232,-1760,224,-971
83335,-905,-1840,6344,-803,-370,332
83336,3779,559,1930,1757,-1674,-363
83337,-4600,-5132,-6127,156,933,422
83338,6963,-7496,-5487,-221,1042,-1801
83339,4073,7688,-3097,-247,218,-1240
83340,-7463,-1204,-2428,1623,-454,975
83341,489,437,-7240,29,-12,1524
83342,-760,-537,-2758,245,374,1660
83343,6848,-5845,7020,-1288,-1283,79
83344,-2622,4244,2680,-832,1056,664
83345,2800,-1590,-4567,-1594,1686,4
83346,5490,-5567,-266,-1687,-1840,1592
83347,2822,-44,-7400,897,749,-1884
83348,3349,-2497,-2237,-1238,-798,1018
83349,-7316,-6347,6421,-1887,1054,376
83350,6944,-5585,12,-204,-1526,1012
83351,-6348,225,-5811,1676,134,-553
83352,-4555,4678,-5286,1528,1542,994
83353,-6508,4218,-5572,-162,1817,-1371
83354,-4773,801,324,830,450,946
83355,3010,-2279,1484,213,782,117
83356,-999,-4409,-1589,1663,1002,1672
83357,6968,-7421,3171,1026,-1001,-274
83358,5125,-3648,-7995,1492,-593,-730
83359,1347,6656,1869,-1905,1196,-693
83360,5176,-5374,-1723,-1317,406,1160
83361,-2323,-4991,-390,-1619,843,1278
83362,-3137,-964,-4417,643,592,1525
83363,-4715,6949,-6492,-1574,-280,-1086
83364,-921,-7994,3393,-1361,1892,-887
83365,945,5112,320,-1697,1568,-715
83366,-5208,4536,6993,-1395,1596,847
83367,-4607,-635,6304,-527,1687,1192
83368,-2298,7969,-238,-1180,1739,489
83369,-3163,-1171,6592,812,1737,-63
83370,-6574,-5009,7710,1371,-222,149
83371,-5203,5064,478,415,758,-1977
83372,-5036,-7049,-3501,-480,344,-682
83373,-1228,91,1923,-979,-401,-836
83374,877,-3980,-3549,1984,-522,-695
83375,-4124,2460,-1769,722,1844,-1223
83376,-2189,-2254,-432,1782,-1428,376
83377,6299,-6042,-1713,-930,-550,-1837
83378,2469,-2341,-4662,1101,1942,-76
83379,5933,-1004,1268,1076,-252,-1353
83380,2397,-356,-4444,-1128,-1776,-795
83381,-222,-3580,7769,-1138,-824,488
83382,-1018,6418,-7046,-1124,-844,-113
83383,-2429,-259,-3583,285,1756,1477
83384,-4769,6704,488,160,219,-1352
83385,-2345,-187,6211,-1933,1520,-602
83386,7196,-894,-6334,-1138,1557,-33
83387,1368,1068,-7598,1341,1045,-569
83388,-506,5470,-5834,-557,1838,-1891
83389,-5242,-4243,-7194,538,1044,-683
83390,-6130,-4846,-4123,-492,1679,-1951
83391,3087,-59,275,-1889,1309,-249
83392,-1060,-2640,-7790,-1497,-1576,162
83393,-2721,-2997,7494,-1452,155,-1005
83394,7618,-1966,1552,483,1172,1162
83395,861,7422,125,-63,1853,-44
83396,3493,4203,-4173,309,-1508,-307
83397,-5630,3545,6676,-1425,21,-776
83398,-7414,-1120,2222,1649,806,240
83399,5957,5293,-1906,-1254,1616,-769
83400,-5993,3825,3112,305,630,1771
83401,5975,7387,581,1313,1704,-1014
83402,6522,1688,-1700,-915,1300,-1900
83403,-3388,-6452,3300,-1006,1064,1451
83404,4993,3334,-3777,841,1524,-1152
83405,1290,-4008,-435,1855,-663,-83
83406,5409,1768,6754,-1016,-416,-124
83407,2569,7154,-2099,-1784,-1581,-1614
83408,-4311,5880,2338,474,317,-1423
83409,-7968,2127,-1325,413,921,866
83410,6404,-3593,1339,-330,619,1545
83411,-4233,-3017,6623,-972,-1325,-188
83412,-2148,-4107,804,830,-1967,-168
83413,-4611,3985,-6899,-1585,-1845,-1163
83414,-1445,-1127,6210,-501,1179,1212
83415,7909,-6615,3649,-418,-706,-1022
83416,3104,-870,6525,-1155,538,1989
83417,-2273,-4407,-2116,-183,76,67
83418,-2951,-473,1796,1769,-910,-1289
83419,3630,-7938,-7579,-1429,1702,-1287
83420,-5080,3743,6586,1612,-1410,1251
83421,82,-5020,82,-705,-572,-1187
83422,-6864,-3963,1583,170,1234,-1375
83423,-1906,5413,4637,-691,-311,1113
83424,1526,-2227,6112,-334,430,257
83425,-6661,136,-1697,-1519,856,-259
83426,5387,-660,1477,1456,665,1401
83427,1745,-2902,5994,1947,404,-1691
83428,1805,7533,-6179,1294,-1585,-1332
83429,1908,6253,-7559,1924,220,490
83430,2756,3842,-4658,-126,706,320
83431,-6581,1412,7469,475,-1443,300
83432,-3852,-972,-3370,-44,-1709,-1281
83433,1420,-7764,694,1837,-49,567
83434,-353,-85,3249,-1721,-1428,-378
83435,-5108,-2411,7353,-599,1699,-1157
83436,1535,5450,-5740,1957,624,532
83437,7931,-2110,-1643,1999,-1570,1182
83438,-4656,-5863,7010,1195,-1341,429
83439,-6072,-6367,441,-1274,-1543,-184
83440,-3621,-5686,-6108,-888,1216,-603
83441,-59,-6881,-6518,-1648,1881,1199
83442,5393,-7688,-1391,-544,-1023,-1527
83443,-4055,-420,-5988,-908,1578,-325
83444,7932,-1824,6837,301,-678,332
83445,-6908,-533,-1743,500,1514,-562
83446,109,-2587,-7252,-709,503,-1828
83447,2337,5532,2757,-1346,-1015,139
83448,-1464,-5338,-7640,-726,-1459,-423
83449,2554,-1649,3722,-655,-1905,1858
83450,4363,-6002,-1171,-350,546,1794
83451,-2521,-7206,-1994,1029,1378,-312
83452,-1832,-2225,-2432,-842,-72,1269
83453,-5807,-2386,-2231,-1630,-1331,1952
83454,-6226,-6831,-769,957,803,-969
83455,4685,5300,336,-405,-46,-1988
83456,-7458,-6693,-5513,-1408,-1454,214
83457,7944,3246,-7732,166,312,1528
83458,-2285,-1531,2969,1412,-647,1278
83459,-2513,-5465,113,164,-1841,77
83460,-1162,-1052,-6471,1132,-50,275
83461,3892,-1287,7492,-428,532,-1202
83462,4016,4520,802,193,1026,391
83463,6186,891,-169,1572,1601,-860
83464,-4972,6431,1384,157,-1178,-1798
83465,-5910,-1137,-5465,1982,1800,1792
83466,3848,-2258,-4164,1167,-1147,-1355
83467,613,-436,-6885,1331,1996,1016
83468,7509,-3456,-6021,1720,447,-766
83469,7381,-5742,1408,1868,-1960,-928
83470,-1782,6582,-2153,560,1056,-505
83471,6064,6824,3573,145,-807,161
83472,4335,-5746,3340,364,-776,-415
83473,7569,5311,-5372,-1375,-1497,-1590
83474,7324,7744,-2491,-1215,1802,47
83475,5749,7211,5535,176,1704,-1328
83476,-1612,-6615,-6500,1865,-272,-1135
83477,848,7956,-1257,-653,-1287,-1586
83478,179,-4321,-5817,-1673,1201,-516
83479,-7465,7721,7282,787,-998,-1804
83480,1338,5557,3872,864,-1026,-65
83481,-3152,3568,-3400,675,1900,46
83482,2441,-895,-4223,1103,586,378
83483,3167,4805,1641,-1440,-1936,-865
83484,7800,-4372,-1499,-563,-871,1048
83485,-4661,424,5402,-934,-200,352
83486,956,-4804,-4807,-664,-1310,-50
83487,271,-3325,7672,-17,-1852,64
83488,-5943,3226,942,573,-301,1794
83489,-2799,-3125,-5979,786,1840,852
83490,-4650,-1427,5998,-1596,-559,741
83491,-5267,-5193,-7259,282,-1948,-331
83492,2272,591,-4134,-1558,-1810,1137
83493,5916,-5454,186,-888,-1886,-1548
83494,-6456,-1222,706,861,-1283,-332
83495,-1439,197,-3731,-580,513,409
83496,-83,-6921,6171,-474,511,-730
83497,3969,5555,-3222,-1655,-1646,735
83498,1602,2418,-7721,-115,-1864,1239
83499,3480,-4,5485,-349,-1264,-349
83500,-3340,-5075,-2709,1843,1870,-192
83501,575,4693,7128,-1457,-360,278
83502,5781,5495,-1178,-1163,800,-772
83503,1336,463,5648,-612,142,-333
83504,-881,-5981,3982,1630,1576,-1629
83505,-4040,-5545,7644,1952,-307,869
83506,-2026,-2146,7758,561,-608,1777
83507,2073,-6153,1429,1299,-100,1150
83508,-60,-1827,-2152,-1565,-1420,-1787
83509,-3288,6286,5525,-1928,-941,-587
83510,-4525,-3694,-4190,-928,877,-1214
83511,-4891,3539,7776,1969,1763,791
83512,-3554,-7871,-1416,1232,-1842,-143
83513,1846,-2752,-6933,1667,576,-1498
83514,526,1188,1683,-557,-1116,1463
83515,5412,-3860,5845,910,1004,-82
83516,-6121,-1899,2200,587,1090,1655
83517,-4496,-7123,-6622,1875,339,-1553
83518,5185,-5288,-3440,321,-1066,-1008
83519,3606,-6354,4092,-692,899,-1602
83520,2243,-5154,4492,-754,361,1272
83521,1048,6330,1730,1906,-838,-1355
83522,2730,-7931,-3483,-803,-527,150
83523,2718,-5919,-5224,-1807,-683,1482
83524,3196,6731,-3785,-269,1150,1269
83525,-2291,2871,3454,1529,1173,-1922
83526,-1833,-730,-1508,-691,-842,1908
83527,1340,7302,5094,794,1496,-1804
83528,-3707,2411,5249,1537,-752,985
83529,-1581,-5110,-776,1382,1826,-62
83530,-7388,-6944,-21,-796,-878,312
83531,1666,-3281,6563,-1356,-306,-557
83532,-1595,2534,-607,1500,-1273,-1062
83533,337,-6209,-4441,-1303,1984,-379
83534,3620,4972,-5382,1865,1193,936
83535,-5292,-181,-2005,-1591,978,1883
83536,3734,3920,4524,182,-306,1046
83537,7015,4306,-6595,-1922,1944,697
83538,-2541,-5234,5070,1458,706,-453
83539,-2477,7310,7871,-241,738,1503
83540,-2393,299,667,-1626,1546,591
83541,6161,-4017,-2154,212,-423,-1669
83542,-6914,-6287,-6628,877,295,1000
83543,4499,-5761,1143,468,1289,-1253
83544,-6421,-6611,7161,729,-614,1613
83545,2907,3737,-5240,-1066,1446,276
83546,-403,-6765,6001,921,-804,-190
83547,3843,-798,3215,146,-1054,783
83548,-635,-4387,101,-1656,-669,-28
83549,3084,634,1041,245,-898,-471
83550,7858,6513,446,1934,1122,286
83551,-3510,7993,7450,-1327,-195,324
83552,-4663,-6637,-416,-1608,-571,-209
83553,641,-7445,6442,1846,1099,-1921
83554,3965,3862,2099,915,-147,-773
83555,-742,1689,3512,-1336,1671,1955
83556,6971,-4404,2515,-6,1853,-401
83557,3381,3979,-5375,1391,1573,991
83558,1642,3897,-6340,1841,653,981
83559,4988,6294,-3725,557,194,1141
83560,6842,-3171,829,264,1186,1596
83561,3425,-1324,-7463,418,-197,316
83562,2992,-2225,5906,-1756,587,-1864
83563,3300,5193,3320,-519,-1280,133
83564,-4797,-2190,3041,-1037,-1530,1005
83565,-4490,4840,-1353,-1519,-549,-1040
83566,5600,3493,-3809,1848,1918,-1943
83567,-3653,-3274,-3269,207,-487,1250
83568,5965,6151,-5639,1220,1154,1107
83569,2232,1728,4121,1451,219,1450
83570,-5888,3801,5163,1840,-1683,1753
83571,334,-6608,3467,1942,-1190,198
83572,-7813,5346,7623,-59,-854,1227
83573,6524,1611,-7449,1474,-1793,739
83574,5232,-1839,5245,92,1283,-508
83575,-6557,-783,-5155,-1992,584,42
83576,2574,3405,-5304,-152,-1726,359
83577,-2697,6928,5948,-677,-965,518
83578,-121,-5824,4353,-1648,-729,266
83579,-4066,-3179,838,160,-638,-1982
83580,-5546,-483,2261,-647,1473,-1701
83581,3756,-7219,-4659,1022,-1476,391
83582,-4502,-3443,2837,-151,-932,-1905
83583,4802,7470,-7636,888,207,184
83584,21,7531,2917,-1975,1035,-756
83585,-6752,3038,-2524,471,-1083,437
83586,-6213,1597,6385,-1565,-12,1375
83587,2368,5888,472,-1274,-1913,-979
83588,-6203,396,6746,-1675,-1345,-973
83589,-4105,-7430,6584,1178,848,-1634
83590,1955,1167,-1681,-1768,1515,25
83591,3028,-4893,-2318,1401,1832,745
83592,2680,-2003,-1744,1360,586,-1168
83593,4387,1391,7295,1877,257,-1751
83594,-3559,3597,-7778,1842,-86,-387
83595,-1894,-5400,-7059,-1173,-1929,1098
83596,3105,-3530,3153,407,208,-953
83597,4331,-4864,-6460,592,-1568,549
83598,-33,814,-6873,1607,-1852,-464
83599,-336,3051,-2789,-1331,-1326,330
83600,6668,5584,5552,-872,-755,-1683
83601,-4229,3191,2468,-676,-652,-1829
83602,-276,3035,1753,-1426,457,453
83603,5216,3390,3814,318,1060,99
83604,3666,3280,2105,651,1870,258
83605,5328,5545,-7947,-461,25,814
83606,-7734,3294,-7860,1184,1702,-295
83607,4444,6055,-1597,-1485,-1222,-35
83608,-2343,-5337,4207,-1816,1340,-1308
83609,-2488,-2787,5350,1131,-1331,-1889
83610,4198,-3289,-5304,349,-736,1410
83611,-638,-4495,1147,299,-1896,-1193
83612,-3805,-5671,380,1648,-1141,1588
83613,1689,1557,7700,1102,1095,-215
83614,4205,1346,-69,-292,912,930
83615,-1989,-5780,3169,-66,-1319,-773
83616,-6184,-3165,-1519,690,1025,-1152
83617,-6229,-6677,7010,-528,-1762,-20
83618,-702,-5476,4464,1000,-670,-1089
83619,1486,-4369,-7716,-689,1877,-1784
83620,4136,-6775,-522,1919,-861,1371
83621,2751,912,-2149,-844,-1222,-1578
83622,-1323,3421,2213,524,1721,-1005
83623,-3293,1880,-5013,-1564,-46,-1836
83624,-674,2497,-128,-1098,1617,1191
83625,7613,-4155,3491,-1431,-1835,-464
83626,-331,6224,3176,1629,140,518
83627,4070,2842,-5046,-1216,1603,-1244
83628,-7258,-7453,-6556,-992,-1428,935
83629,4879,6008,2725,-376,1156,-804
83630,549,1394,-3051,-987,-1873,-1596
83631,751,-2380,-6219,628,-1006,-996
83632,-2527,6040,6878,-1728,-851,-669
83633,7986,-2327,56,-1565,1428,1092
83634,585,770,2207,-1613,731,1831
83635,-1953,2128,611,426,1571,-920
83636,1958,-550,6382,-1629,819,-540
83637,-7544,-3294,38,513,193,-1068
83638,-7914,6930,-7032,-664,1141,-867
83639,2503,-1671,-6079,-125,-207,556
83640,2633,-4701,3147,-1126,-1238,1720
83641,-824,-3789,2078,-23,-730,-1812
83642,4713,-6844,5399,-922,145,-1970
83643,-3085,-6215,270,428,-1482,-1294
83644,2990,-163,1559,-1888,-622,947
83645,-4090,2683,4780,-609,1589,-1674
83646,-7428,-5263,-7615,-989,1766,-318
83647,-5829,-7142,3415,-63,-135,-570
83648,4352,4311,-1060,1341,-912,779
83649,4949,2606,-6404,-1894,-1757,1923
83650,6222,6964,-81,386,-1135,1485
83651,7669,1936,-6755,-1765,-1198,-1823
83652,-6009,-2914,-3415,1795,-1928,1888
83653,-5559,-2278,-7128,-813,601,-1716
83654,-5290,-5728,-1691,1238,1269,1147
83655,-2014,2266,-7957,-22,1911,1128
83656,3430,-2910,-6204,1390,1655,284
83657,-3458,7383,-1122,1083,1921,-782
83658,5782,-6228,-7005,-1124,-830,-695
83659,5804,-6405,-3289,111,1379,-474
83660,-3671,281,4951,-167,-1457,1579
83661,3881,772,7513,-1941,-1839,-1558
83662,-5558,-3675,304,591,-1901,-1190
83663,121,2798,2771,-1347,1107,1644
83664,110,-3735,3714,1030,-866,-1633
83665,-6181,4592,-3037,693,769,1002
83666,-6320,-6159,-4082,123,-968,1305
83667,-7780,2111,1078,524,-1969,-1706
83668,218,1444,6180,1096,-884,312
83669,-6953,546,695,3,423,1809
83670,-3996,2691,-752,-1711,-1655,-693
83671,1207,-7998,-2740,961,-1634,412
83672,-4057,7798,-3983,-857,-775,1603
83673,6794,-1297,513,286,-1432,113
83674,-7220,-4903,5715,1345,312,-1279
83675,293,-5061,1404,-409,1115,-1432
83676,-5860,3119,-2029,287,95,186
83677,-5148,5515,2740,1450,338,1886
83678,-1759,1412,1881,33,833,717
83679,-4893,4946,-1588,-1766,-672,1548
83680,-2693,1352,7360,313,1755,936
83681,2197,5705,-1081,319,-1388,-1992
83682,-7561,6411,-2828,-1524,-1591,-164
83683,-1666,2751,-227,1574,1258,-1801
83684,5794,-7370,-5229,360,-835,-1558
83685,-7584,-6898,5574,384,765,-1904
83686,4022,-1035,-6805,1179,358,853
83687,6632,5618,-7924,1584,1704,1935
83688,2659,-6257,-5493,-1793,823,-1385
83689,-6724,-3744,-397,-533,1492,277
83690,805,5537,7930,-72,-929,987
83691,1049,-2556,-6456,1379,-1551,-1404
83692,3473,5223,5363,-1577,1378,1983
83693,4463,1927,4872,-339,-1248,310
83694,-3146,-6764,-4667,986,-532,714
83695,2369,-5053,-5476,366,-1862,1182
83696,-245,2056,-7832,1383,-821,930
83697,-2400,5937,-2571,-309,683,-1779
83698,5328,1801,-5572,1927,-1867,-1389
83699,-7958,-3624,-2489,1555,1690,367
83700,-2176,2198,-7614,824,-927,-200
83701,-2935,7490,-7021,-1402,1746,-1384
83702,-5254,-6447,7638,1011,848,1983
83703,1852,5368,7436,965,-249,-1263
83704,-1759,172,-5901,738,-37,490
83705,-4466,339,4424,996,771,962
83706,-4218,2690,6122,-1964,-1236,1399
83707,2073,-3827,-2272,-1809,1726,74
83708,-3254,-5679,-5098,-412,1931,-1573
83709,-6979,-1581,7955,1067,-893,-1708
83710,-3455,-5423,1662,1814,845,-153
83711,-5952,-5317,-4665,1653,1220,1172
83712,-6843,-3010,1008,-541,-1432,1883
83713,1374,6768,-364,-647,848,810
83714,6363,7078,-4787,-947,-717,603
83715,-7183,7809,-4987,-1481,-38,536
83716,4551,5561,2570,1306,-1041,-1614
83717,5049,4172,7758,491,-1669,1448
83718,2417,-1079,1422,245,1984,-136
83719,5481,-6607,-3434,861,-1624,-1826
83720,-6324,3785,2629,1769,1711,-1416
83721,-3880,-7304,5475,-460,-724,1686
83722,3479,2939,-2391,1467,1803,-1995
83723,-1232,-3968,-2935,-1844,-165,-371
83724,526,3874,1495,1908,-450,-326
83725,549,-7027,-5841,-1289,1318,-814
83726,-7914,5765,-4891,1467,-1637,-758
83727,7948,2205,-1725,1327,406,1855
83728,1679,4979,-7374,-488,1890,1379
83729,1346,-3342,4218,-1127,-1361,-1976
83730,-1813,-7041,5555,-1013,115,-861
83731,5175,5788,-305,732,-992,1088
83732,300,2178,-403,-1835,208,881
83733,-4089,-7704,838,29,1379,598
83734,-6911,-5129,-1209,1184,1786,-410
83735,2625,5170,6054,683,-1995,-1156
83736,-2104,3114,-5295,-1994,-861,1690
83737,-3882,2087,4696,-970,-644,1583
83738,5414,3418,-1914,1669,1632,-717
83739,4471,-4743,-2874,903,1095,897
83740,6832,5970,1908,1309,1549,-1856
83741,-516,-4774,2320,-182,-1175,403
83742,-1696,7164,980,740,-1298,-723
83743,-2866,7523,-7406,-108,-1949,1711
83744,-5137,-1511,-990,1907,-135,407
83745,-3941,510,-2457,1420,1265,1072
83746,168,-3107,-3453,372,144,1032
83747,-2232,3084,820,-1643,1214,1508
83748,-193,-7082,-7466,-111,-1249,-1835
83749,1034,-7762,-5551,32,556,978
83750,-2243,838,-702,184,1389,1147
83751,-3309,5751,256,-1870,660,1742
83752,-770,-7990,-4808,1966,-456,-725
83753,309,-6133,-3701,22,527,-1177
83754,2229,-376,5486,-360,-1047,-1060
83755,-2607,235,-3170,-187,1665,1599
83756,4919,5044,-432,975,437,1464
83757,-1773,6482,-2576,-88,77,708
83758,3990,6723,2402,360,-1193,482
83759,3874,893,7710,806,-414,78
83760,1368,952,1476,-1765,1341,986
83761,-4620,3850,4877,-795,1250,-13
83762,-1766,-571,7902,-362,-1930,-206
83763,2635,992,-3997,-236,117,1761
83764,5940,7599,-478,1983,1999,-1528
83765,2047,-2585,2562,-1400,-1381,-659
83766,7937,5723,-3624,1453,-19,1742
83767,-3465,6799,-6290,-1095,172,-403
83768,316,-2450,-4227,326,1556,939
83769,5616,3188,2619,-453,917,-246
83770,-2079,947,-1540,-1911,-88,-1360
83771,1829,-832,486,994,-149,1914
83772,-6254,6205,4426,92,-928,-1302
83773,7209,-6326,6165,-280,-985,1876
83774,5687,2481,6311,-1074,-55,-203
83775,-6625,-4751,4765,475,-995,273
83776,-81,210,6400,-565,83,-607
83777,-1567,3622,-3937,-454,-486,-632
83778,4272,618,2438,-1591,-429,-280
83779,1631,-1077,797,-1841,-1629,338
83780,6808,2118,6709,375,-1721,-1099
83781,7097,-7898,-2229,1092,291,3
83782,5309,2287,2524,1714,-193,1011
83783,1453,-5966,-5038,114,1245,-342
83784,-3623,-2933,-4558,-1681,-1680,-1498
83785,-6426,-7329,2696,468,131,1270
83786,5452,1008,2807,-593,-944,434
83787,-2317,-4258,-5153,250,216,607
83788,-2425,-3594,7535,-1746,-1296,-334
83789,-2705,-6162,-5108,1110,75,-644
83790,1263,1681,-299,-473,-757,509
83791,-3114,-2842,5734,1248,1352,-1389
83792,-3758,-3418,5880,-397,-1049,-848
83793,-6856,-7557,156,1399,1818,-650
83794,5751,-3759,-7414,1134,1271,247
83795,2674,-6520,2316,1240,-24,1500
83796,1936,7968,2568,-1608,1220,-1335
83797,4574,-4006,108,-1145,1836,757
83798,-7025,6471,2269,-214,1467,861
83799,-5627,-1996,1697,-1115,826,263
83800,3507,578,2282,1014,-1118,-1230
83801,2438,3613,6395,119,-1649,-712
83802,-1274,4094,-3703,1210,1781,-1380
83803,-7695,-3545,3040,-1307,-606,-139
83804,5825,-5194,1723,-478,-1772,518
83805,943,7036,5559,570,1467,-1206
83806,5897,-4761,-1055,-154,-237,-686
83807,4995,-1681,-3394,617,-1376,512
83808,-1957,4799,4829,1545,174,1466
83809,-5081,-7327,-7497,1557,-1779,-1421
83810,2912,6172,3822,1957,973,-1259
83811,-7921,7755,2520,1184,436,-1756
83812,6428,-2495,4517,-769,123,-1509
83813,-4551,-1551,-6590,-705,-1976,470
83814,-4135,-6769,-5097,801,-198,-903
83815,-1110,-6494,4098,-572,111,-1828
83816,2592,-7638,-3649,-1991,-32,-1186
83817,1528,-258,4472,804,-1029,-964
83818,-636,-6026,7748,-738,970,849
83819,-6548,-2380,-1663,-1489,821,547
83820,-399,5402,6911,4,453,-313
83821,4925,6519,406,833,1428,-1086
83822,4381,-1558,3902,-1114,-238,1310
83823,2592,3791,3441,-332,1981,425
83824,-1413,7704,-4412,1304,29,-41
83825,-4132,5140,-4093,-190,-1413,-73
83826,2799,6229,-6297,-856,-971,1432
83827,6525,-5251,3015,1811,1948,-1041
83828,5873,7245,-6526,-1604,-1318,1445
83829,-4183,5872,6762,474,-73,1906
83830,-5929,1791,-4670,-1909,-1951,-194
83831,7026,7725,819,1565,-422,-700
83832,-2400,-579,-5822,1428,724,891
83833,-4577,5683,6547,-1658,-1272,-216
83834,5270,843,7390,-697,-224,1710
83835,-102,7073,-1271,-582,685,-1283
83836,7738,5182,-1590,394,1311,-1103
83837,6608,-4754,-7599,-134,912,-249
83838,3621,449,-4072,-596,382,1179
83839,7435,-4220,-4505,-1865,1916,964
83840,508,-701,1241,1442,177,560
83841,1701,-2230,-4506,1308,1170,1081
83842,-5610,3008,-2987,1746,1261,-981
83843,-6559,883,6576,1302,-1840,-659
83844,-6140,7978,-7331,152,-1818,1935
83845,-563,5336,-7353,275,622,-34
83846,-5140,-1146,-5078,-1679,-1510,-573
83847,2488,2194,-6094,-665,-1737,1636
83848,-2524,2091,-3937,-394,-343,557
83849,-7065,7836,990,-1199,1552,-1195
83850,544,6056,-80,1483,-829,-1159
83851,-5156,2140,-1642,-1552,1813,1000
83852,3966,-2687,4344,-860,-531,-1078
83853,-5201,4418,-1575,-304,790,107
83854,-5640,6135,3241,-1785,105,279
83855,1112,-3492,1601,33,-141,-435
83856,-4156,-4247,-1529,1312,-178,270
83857,7631,3027,4191,-1993,1559,-755
83858,6784,4123,1169,645,-950,-1669
83859,5587,-2631,3201,373,-144,337
83860,6107,6190,-1899,-465,1450,762
83861,-5036,6824,-5676,1476,-846,1538
83862,4380,6033,-7228,-117,1505,218
83863,-7019,-6876,-4054,-648,1666,1872
83864,6211,-7391,7119,-741,783,1300
83865,6130,3154,7509,511,527,654
83866,-2700,-6221,378,-683,-1824,-562
83867,-3408,1881,377,-1940,-3,-792
83868,-6442,-2219,-4464,-1259,379,623
83869,-2678,-7095,-3456,1110,766,-37
83870,-2040,-7330,2456,449,-1770,-818
83871,712,2710,-257,-177,-346,-181
83872,4759,3346,6546,-586,408,608
83873,997,-6955,-4443,322,-1213,292
83874,-3527,5352,-2171,798,-1938,-1443
83875,-799,-760,-4102,1124,-1841,1281
83876,-6382,-4730,-5754,-841,733,482
83877,76,3073,-2355,-1831,833,315
83878,-4331,-7654,-2466,-1784,-636,-1717
83879,4184,-2966,-7080,-116,-682,1056
83880,-5778,651,953,1019,-277,1845
83881,-4537,-4611,1664,-564,947,-1258
83882,1897,-5075,-3803,-394,817,988
83883,1712,6186,4460,1720,-1322,1745
83884,-4483,5197,-5558,1837,1468,1281
83885,4094,7600,-314,1010,-1288,1457
83886,7987,4012,4795,842,-1312,43
83887,5231,3609,4743,440,-724,1118
83888,-3429,2763,7026,-178,-383,-752
83889,-261,2371,1087,-631,-96,-1390
83890,-7074,-4788,-1797,-1077,-924,98
83891,207,127,-1217,-414,326,-431
83892,7516,6755,-3964,-97,-893,625
83893,5109,5795,4917,-1951,1280,-1447
83894,4902,-5255,-2498,287,-1847,989
83895,-6713,-424,-2926,761,-1567,1542
83896,7483,3773,6918,-1369,-1054,1073
83897,5288,5068,-2647,-500,-624,1885
83898,-7367,-2114,3611,1991,-1987,1849
83899,5882,-3037,-6317,-1175,-1194,-1861
83900,577,-224,3071,-703,1976,1950
83901,-1319,-983,-580,-1559,-1742,-1658
83902,-4361,851,-6186,603,1960,116
83903,7409,1541,-7628,-470,1568,-1857
83904,330,4231,2469,-1914,-1159,526
83905,5398,-581,-5076,-1821,-1573,513
83906,-2369,5435,-2642,835,-1901,-676
83907,2274,3018,-7910,-209,158,1532
83908,6284,-1231,3294,-420,-793,835
83909,-1646,3368,-1494,-575,914,1329
83910,-848,-7873,-2014,1438,-769,-1752
83911,-4596,3886,-5471,-63,-696,-690
83912,-1297,6279,2444,1947,-1778,1721
83913,-1660,-476,-962,518,-580,-521
83914,-4820,4552,-5575,-1553,-872,931
83915,5726,3323,3336,1959,329,484
83916,-7750,6315,-6546,1835,-1173,-277
83917,-5397,4569,574,-293,256,1634
83918,6225,-6936,7982,-1954,366,1391
83919,766,-7067,-7897,78,1199,-1433
83920,-6905,3315,1637,-380,725,-1131
83921,-6154,5015,-7227,1490,997,15
83922,4378,-3380,4290,-489,-1104,1558
83923,6246,2572,-453,-900,1379,321
83924,-6353,3568,7977,-471,1974,-659
83925,7276,6105,-1652,-470,664,-966
83926,-734,-3039,-6887,-950,-1199,-1060
83927,-5634,2377,1867,-1500,-1038,1939
83928,3157,7973,5701,767,1859,-823
83929,-442,-3687,3856,1439,865,-490
83930,6542,-6401,5048,-1752,1656,1941
83931,-7532,7647,575,360,-917,407
83932,7964,-216,4027,1530,-345,1595
83933,-5381,-2368,4001,650,496,-630
83934,1334,2138,-7805,-1129,-657,787
83935,-338,-4177,-2956,960,-921,-1533
83936,944,5173,7659,1966,-1261,1600
83937,2140,-5721,2006,-1332,1264,663
83938,498,-6612,-2326,1011,1174,293
83939,-6839,4017,-4704,33,-539,1690
83940,-7582,-7211,2283,666,-867,-1600
83941,823,7272,-4551,-390,945,357
83942,2175,2770,-3928,-1731,-1588,-1761
83943,3292,7154,-6870,-72,1641,1476
83944,-4903,-1707,-7106,-875,44,1699
83945,3621,-2570,1818,-591,116,-1823
83946,-1892,-5377,-1216,-660,1421,310
83947,-3286,3153,-6970,-262,-647,-886
83948,-2887,-4971,3050,730,1156,149
83949,-206,-3366,-5045,937,1244,1711
83950,3054,-2278,4389,-548,760,-320
83951,6725,-1333,-6065,1808,932,-770
83952,-3665,-610,-6410,52,1431,-944
83953,5860,-1997,2906,1513,-1544,-1012
83954,7068,5195,-351,715,1698,238
83955,2918,-5237,-3554,-1377,-1270,994
83956,696,-404,6590,-904,408,785
83957,-504,-4521,1258,709,1057,-1101
83958,7028,7550,-5076,1767,-942,-60
83959,3123,3728,-7272,1910,-1505,-908
83960,-1690,7147,-3319,-771,-1145,-484
83961,7830,295,-5481,399,-1866,529
83962,-1897,-5208,-5711,-7,-1904,1452
83963,843,-3183,1454,1572,-1853,821
83964,-4608,3448,-7829,1242,-87,-1868
83965,7968,7636,3052,-1928,1855,131
83966,-3149,-2944,6670,-686,-1579,1393
83967,2084,377,2848,1735,1109,335
83968,7672,414,651,1377,1382,1017
83969,-6849,7246,-7186,137,-1774,-1299
83970,-1368,-4237,1324,459,-619,1157
83971,-1450,46,-7009,-544,409,360
83972,-2229,6448,-2772,-136,-298,-972
83973,-6826,-1104,-4337,1816,127,-221
83974,-6152,5389,-723,1299,-1950,-1425
83975,-6059,-1830,7659,-1400,1034,29
83976,-6092,3971,-2961,-1081,222,-1038
83977,89,266,-4736,1902,-1878,-908
83978,-4694,-6347,-5890,-149,680,-739
83979,4285,3990,-6,1754,-1935,-1581
83980,4549,5996,-7122,-807,1627,1840
83981,-6738,5123,-6965,1054,1531,1142
83982,-2179,999,859,-1162,-1537,1111
83983,86,-7085,5935,1149,492,1328
83984,-5603,3007,-1978,362,1457,1696
83985,-978,6806,-342,-1096,-937,1591
83986,-5856,-2422,-2016,1867,408,1347
83987,1502,5721,1179,707,-1881,-831
83988,176,27,-6257,1706,1960,-567
83989,-2618,-2814,-2148,-984,1498,1956
83990,-4556,5591,-4647,-687,1960,-1416
83991,781,-331,6044,1865,-250,863
83992,3080,-3432,-4275,1788,-1268,307
83993,173,-7829,-1653,988,-188,-1263
83994,-5915,-2706,6864,1448,1753,1070
83995,3116,-2606,-7985,40,1252,-367
83996,6055,-731,7099,1990,-831,753
83997,-808,-6613,5381,676,-254,-598
83998,7818,-3143,-5376,-1688,887,565
83999,5668,-655,5086,-68,-1881,1385
84000,6200,3965,-5770,1288,483,-1679
84001,-298,6401,-778,1140,-990,1533
84002,739,4505,546,-1496,-880,-21
84003,4982,7891,7897,-424,256,394
84004,-1203,1064,4747,-353,-936,-238
84005,-6627,-5066,-5411,-381,879,1347
84006,-2770,2304,-5060,-599,98,-335
84007,4517,-4001,-4710,-1898,679,-1834
84008,1121,-649,-3020,1636,1499,-890
84009,4788,-5817,-1371,1790,1650,-1390
84010,-1924,2530,-5906,-1851,-1750,-369
84011,7553,-7389,-2764,-326,-796,1482
84012,-33,-470,1202,-751,43,156
84013,-518,-4289,3781,-359,1201,813
84014,-6059,134,-7672,-1362,418,-459
84015,2669,-6484,3908,876,145,-1255
84016,-2593,295,-816,594,-1050,-1720
84017,-6418,5061,6165,1181,-1329,1171
84018,-7681,-4935,-3588,390,-711,120
84019,7260,-6933,-31,364,-537,568
84020,-2278,-3834,-486,1704,-1509,640
84021,1833,-5149,-5772,967,1883,1766
84022,-5249,5364,-2560,-1796,193,1850
84023,5601,3026,7601,815,-1399,-1697
84024,-5132,2765,-5748,-1018,1583,21
84025,7948,-1459,-554,1251,223,-1274
84026,-4150,7985,7951,-1179,1217,917
84027,7817,2613,-7731,-347,-569,-449
84028,-1440,-3474,-3034,-808,-1741,-1785
84029,7355,4009,4048,1756,1949,692
84030,219,3631,-2951,109,-815,-228
84031,-1972,-5900,7503,-1344,-1397,433
84032,7348,5957,-5431,-10,470,1000
84033,1799,-3735,1815,-932,-984,-111
84034,-2147,-5517,2713,-1905,1781,-1535
84035,-3739,6472,5912,-987,-1543,-1968
84036,-5979,6481,-3077,1351,1185,-1028
84037,-736,-2460,-4199,851,967,1411
84038,6696,-2206,7981,1560,1351,-926
84039,-7375,-3664,-2199,-124,52,-1860
84040,5380,-300,-306,-246,-647,-1488
84041,7062,-4669,7204,-755,-1599,1794
84042,3770,-4571,7187,-1979,-848,-705
84043,3244,-3667,4355,-1905,1452,493
84044,-3276,-2707,-2029,-589,-650,-1173
84045,897,3174,7226,1463,123,-1190
84046,6739,998,3901,-732,-322,90
84047,-5143,-4960,608,-1826,-1295,-435
84048,324,5419,3674,1585,1432,-310
84049,-5851,4326,-5583,-152,1509,333
84050,2050,-4733,-3761,-894,1330,1788
84051,-6192,-7642,-7097,431,-101,-366
84052,601,1883,7890,-328,-1401,-1353
84053,2220,-792,-5780,1155,-783,341
84054,-1936,-673,-792,1314,1289,18
84055,-6045,-3509,-2490,507,-1249,1060
84056,5473,4269,-1066,-1430,1581,-1542
84057,6617,-937,-473,-1974,1420,1580
84058,6239,6294,7988,-913,-1362,1914
84059,6641,7638,-615,503,988,1346
84060,6854,7092,6218,-562,-1841,-1200
84061,-226,7205,-224,-367,-1694,-26
84062,2067,-4096,854,-186,-1119,-245
84063,495,-5157,3777,730,-1286,998
84064,-3140,-5762,-3361,-296,-41,1986
84065,4981,6715,1607,-940,1882,554
84066,5077,457,-376,-785,-638,-713
84067,5559,7443,-1518,-1098,-557,1352
84068,-4838,2552,-3810,1457,-323,-561
84069,3068,-133,-3587,974,686,1879
84070,3581,-7611,5360,-1286,1298,-634
84071,4207,-700,-7294,1930,288,1848
84072,-7263,-4830,3044,266,-38,-1240
84073,7978,4181,145,-719,-234,1408
84074,-6442,-6727,-1632,1274,-1664,-192
84075,159,3252,-4993,766,1150,870
84076,-7997,7672,1812,-1759,-1278,-623
84077,-3890,2128,4705,-166,1148,1082
84078,-756,1626,6321,-139,-905,540
84079,-3291,-3300,-2985,463,-1471,-192
84080,6575,5092,-1388,1678,309,922
84081,6702,7836,-2874,-1153,-1605,-925
84082,-7181,5734,1821,568,-1226,651
84083,3742,2201,410,-1901,-1887,-139
84084,-3036,-1454,-4893,1163,-778,207
84085,-2136,420,-5087,207,491,-1254
84086,-7129,2959,-4832,-1714,876,1566
84087,-4328,-7271,7871,1,-87,240
84088,-5108,-6130,-4553,1133,1411,1561
84089,2811,-3068,7622,-17,1517,-577
84090,6382,247,7387,-1109,839,1104
84091,4088,2382,4073,-544,1220,-1422
84092,3415,1130,7506,435,-140,1681
84093,-6519,-1352,-7336,1639,-1270,1383
84094,-1956,-1594,1987,954,-293,-1475
84095,7714,6668,-1024,1358,-1068,1170
84096,1717,-7952,-2269,-1660,-798,1388
84097,-1448,-3508,-2795,1375,887,826
84098,-2852,-3132,-2833,-1211,-322,1982
84099,7262,6586,2936,1809,58,-382
84100,-7988,-5370,-518,1897,-619,-1633
84101,2531,6450,4205,-1384,-1823,-703
84102,-1080,238,-5839,-994,-243,-833
84103,-5592,-5147,7576,674,1230,-1322
84104,1103,6640,5831,118,-1144,345
84105,318,-1746,-94,-1048,-500,146
84106,5550,-2674,-4048,-1068,-1622,-359
84107,-3680,-311,-364,-1236,725,1778
84108,6012,3204,-3095,950,-476,895
84109,-1687,7394,2283,-1915,-1207,834
84110,1939,-6421,-4381,-76,-529,576
84111,7372,-2145,1979,1125,-1669,503
84112,4323,-5322,2076,1771,486,74
84113,1598,-1165,3324,-1844,-190,-849
84114,-1934,-6844,3473,-1469,662,662
84115,-7438,-5832,-1666,1327,1112,-1349
84116,-45,-7199,-2383,-1416,-151,-862
84117,6732,6025,6338,-1368,776,-770
84118,-4299,5611,2746,-679,-147,-761
84119,-6063,-7000,-2878,1953,798,42
84120,1861,-5125,-5746,1993,1209,1751
84121,2320,-5565,3507,-425,1399,813
84122,-681,5727,3916,-411,1514,-1109
84123,165,-2171,1047,-671,-1186,-491
84124,7190,5327,-4408,1087,243,910
84125,7103,1495,-3507,1881,-45,1768
84126,2772,-7027,5919,-1093,-624,-1787
84127,7692,4714,5673,1626,749,-110
84128,4683,-7222,-1149,546,183,1871
84129,3828,-3518,-499,972,-377,609
84130,6096,-1068,5568,780,1616,-923
84131,4562,-7665,-2932,1619,1855,207
84132,-5136,-874,2518,1999,45,-342
84133,4320,7568,-2908,1497,-338,848
84134,-1677,-5393,-3410,-791,186,-143
84135,1720,-98,-1933,-152,-203,-492
84136,-4421,-2462,-7023,-1140,1242,-889
84137,5979,-7957,2734,-735,540,695
84138,7375,-6891,1952,392,-201,-1080
84139,7800,1481,-1060,1961,-754,-542
84140,-6143,6419,-3520,77,-221,-1192
84141,-6655,6350,1005,408,1455,-779
84142,6741,-742,-6905,-70,-455,1470
84143,-933,2851,-7264,744,1134,-241
84144,255,133,6027,188,-273,376
84145,-3694,3559,-4396,1732,330,926
84146,6078,-1994,521,-756,357,-1857
84147,-1429,358,-5461,802,1511,267
84148,6771,4744,-5737,-230,1191,167
84149,-6247,-2637,7438,1461,-879,-903
84150,-5715,-6629,-1812,628,-843,-1675
84151,-2290,2629,937,399,-1199,1922
84152,5,2197,4608,-509,1534,-953
84153,1904,5342,-1015,1280,-1878,-945
84154,1647,176,-7567,1562,1645,-1493
84155,3601,-3023,-3861,-71,317,1999
84156,-4724,-7108,1950,-269,1187,135
84157,6737,-6916,-5952,1480,979,794
84158,5951,5278,7710,-1564,-1538,-400
84159,-4119,-6150,-3422,1890,138,632
84160,-866,6841,-4551,-647,1162,-1233
84161,4645,3845,720,-164,-1645,867
84162,375,-6426,2968,1306,-195,-398
84163,-3339,1045,3794,454,-628,-1531
84164,1736,6530,855,1865,1328,1526
84165,-2292,4374,-7920,1862,667,1166
84166,-5228,-2316,6665,662,-1994,-831
84167,-6871,-6582,5352,284,1303,141
84168,-6284,-6145,-6440,-546,407,1262
84169,-7056,2910,7455,1089,669,-381
84170,-4606,166,-664,268,-1767,802
84171,3713,-7198,-1044,228,-1748,1083
84172,-7674,7260,6504,-47,-1897,1054
84173,6,4190,-7202,-324,1158,-191
84174,-1810,-2854,-2750,-1589,-1282,853
84175,-3299,-137,6335,1016,-849,-1452
84176,-3431,4775,5459,-1589,-429,-733
84177,-940,-2964,2748,-1047,653,1247
84178,4975,-716,-4050,717,1005,-1194
84179,2257,-6526,1456,314,723,-1495
84180,3301,-3166,-4464,1288,1068,1788
84181,7376,-3879,-6267,-1419,1645,1870
84182,1376,-5505,-4521,1702,435,1798
84183,-3534,-5983,-6641,-631,886,-288
84184,3363,-1370,-7212,-449,440,-381
84185,1240,6761,-5708,1631,-103,1285
84186,-4202,-6673,1297,-13,1769,-935
84187,125,1049,4804,1332,-1848,1026
84188,1732,2991,2963,388,1116,-481
84189,953,-4724,786,-1103,-969,1936
84190,4643,1924,33,-1655,-421,1993
84191,5135,6738,-5503,1144,505,-1863
84192,364,6368,-6324,1876,-1633,-67
84193,-6723,-6993,544,-1427,-779,880
84194,4637,3673,-1024,-1206,1290,196
84195,-1650,6240,3982,-160,733,327
84196,3145,3287,-4830,445,-149,1324
84197,863,6809,-7239,1040,1047,762
84198,-7594,-7475,-4120,1824,565,-743
84199,7103,-5822,2292,1477,-1372,914
84200,-3385,-5058,-624,1742,-1174,-467
84201,-4519,-4469,-7491,1901,-1724,748
84202,311,3236,-7806,-921,-268,-1245
84203,7412,7261,2362,900,829,127
84204,2468,-180,-6288,-783,-1296,533
84205,-2119,-1748,-5846,149,861,-1608
84206,-6451,-6304,-2487,712,-351,1746
84207,5298,4778,333,-1720,189,1727
84208,4334,6171,-5682,416,614,450
84209,-7203,-6268,4448,-1451,124,1790
84210,4842,6917,5860,-1483,-470,-426
84211,-705,1267,-1933,1234,631,-1076
84212,-6,-7721,-3593,-1232,-687,-88
84213,-1634,-6449,-5101,620,-1249,-1437
84214,-254,-7726,-273,-286,-1559,135
84215,-5629,-6849,7106,-1067,-1451,-167
84216,-2504,-2412,5567,698,35,-1144
84217,-1222,309,945,-629,1576,-1606
84218,7831,-6670,358,-321,1420,710
84219,-3068,-4503,6795,-1961,894,-468
84220,1385,-5042,-5460,1891,1242,698
84221,6742,-3864,259,61,-263,-1725
84222,-5606,-6751,4972,-1687,804,-1449
84223,3357,-3693,4679,1196,-46,1901
84224,-3253,-4511,4069,397,43,-391
84225,-6500,3235,6861,656,164,-325
84226,-6860,-5964,-3751,-185,1231,1628
84227,-2267,-1096,5966,-311,1688,-444
84228,-6086,3004,6289,166,1560,1827
84229,4934,4119,6066,-767,134,-1688
84230,-4996,7750,-5353,1173,-1283,-712
84231,-3306,1466,-4965,90,466,606
84232,-6741,-1637,2954,1420,-273,-791
84233,5635,2757,898,1354,-1728,-702
84234,3622,-37,-550,1174,-419,-76
84235,-5319,973,-5253,361,1849,-310
84236,3159,2638,-4728,1397,616,1382
84237,7042,-7452,5562,-767,-1230,1330
84238,3822,-1041,-5789,1551,-655,1016
84239,-2550,-458,-6667,178,1765,-1517
84240,773,-1772,7403,677,1831,1051
84241,-992,-6549,4558,29,230,1146
84242,-6409,-1452,-3589,-1856,-499,1943
84243,7236,5719,2137,-705,1671,-1009
84244,4593,256,7371,904,-1077,-1559
84245,-446,3205,3005,-1889,1455,838
84246,5806,-7051,-6285,1998,1479,-145
84247,-4838,1065,-7367,1615,1030,1229
84248,-860,4347,1682,-1488,1616,-1240
84249,1221,5970,-1446,837,-55,1932
84250,-5908,1795,-2178,1277,1650,1459
84251,-2663,-5038,-7558,247,-782,-357
84252,-1270,2249,3343,-1489,766,-1368
84253,3430,-6708,-4964,-1229,1316,907
84254,-3198,-7380,-686,-473,-132,-1641
84255,-2092,-5924,551,523,-1036,-15
84256,-1618,-1198,-5030,-682,-496,315
84257,-3318,834,-5187,1926,-584,1739
84258,-6568,6943,-3304,-351,-1903,-1962
84259,-4697,-4394,4379,-245,1354,-1505
84260,-6883,6364,-5291,-1710,-419,-1672
84261,6969,-6655,-6026,622,-674,-1525
84262,7916,303,-442,-791,1207,-1525
84263,-545,-6754,-6405,616,375,1948
84264,3331,-2213,-3619,-1777,515,-781
84265,-6497,2473,-3222,1890,-1511,-1359
84266,-7244,-2003,-1869,423,1934,-246
84267,-4893,5177,2747,1067,-1920,-79
84268,-3974,-6049,4782,-579,42,-140
84269,-7848,-5545,-1872,1773,1287,957
84270,4466,-6493,-7143,-660,-681,1970
84271,-4751,2363,5507,-482,-158,-129
84272,-7909,-5116,-2110,1830,1326,137
84273,-2886,112,-7738,-1879,1085,-1921
84274,3413,6077,3064,1163,-811,-685
84275,-3369,-1123,1336,-371,1418,506
84276,814,-6455,3599,-394,112,1029
84277,4937,-5473,-2318,-976,436,-680
84278,7677,-3236,3772,-649,1475,-1597
84279,-91,-331,-1229,-72,377,1323
84280,-6373,4526,1631,-1491,-533,-1872
84281,-689,5178,5529,1059,-495,-1715
84282,389,-6840,-5923,-1259,-946,-353
84283,-469,5761,3197,-63,1271,1505
84284,3749,-4169,3465,748,1471,435
84285,-7220,7663,1547,-1143,-1051,1991
84286,-697,-4186,3359,1170,-758,563
84287,-3667,5087,-363,-104,-1595,510
84288,7375,-5963,4051,-167,1408,-561
84289,4075,7440,6180,1120,-252,-184
84290,-7244,-5145,2322,772,-740,931
84291,5952,6626,-6004,908,-1073,412
84292,4088,-5231,-1715,1169,411,297
84293,-6680,7772,-6976,-1780,1354,418
84294,-4472,-6899,-1490,-399,1400,1611
84295,7099,2295,2433,-1228,-538,-1039
84296,71,4490,349,-1877,1777,473
84297,-6635,-4950,7715,164,919,1670
84298,6903,-881,-6874,455,-729,1086
84299,-3051,6746,-6644,-593,1996,-1572
84300,7948,4430,3368,-1039,-52,-111
84301,2663,-3430,2406,905,8,1383
84302,-5272,-220,-4686,-319,989,-406
84303,-6022,-6474,1838,1770,-236,593
84304,2719,1721,5314,1811,1893,1104
84305,6345,9,2241,-487,-1227,143
84306,-2255,5074,5901,-1181,543,1194
84307,-1555,-2970,-7178,1046,1010,-904
84308,4783,1683,-63,1433,-181,1359
84309,1521,-1239,-197,384,-1368,310
84310,864,2525,3239,-22,580,114
84311,2110,2256,-7825,639,-1772,640
84312,5171,-5339,2799,156,321,-1471
84313,5142,1612,-4890,-677,-397,1152
84314,-6307,4383,-6714,-1862,-1080,884
84315,-7335,-5514,6932,-597,1190,-966
84316,1430,-774,-2170,-1932,-1591,1901
84317,-6039,6890,7300,849,565,-1759
84318,-1677,3030,-3384,1305,1910,882
84319,4836,7179,4331,-372,-1520,-254
84320,-7155,5471,-1155,1599,654,748
84321,-4219,-7463,-2058,816,1198,-178
84322,3439,2746,-3915,448,-158,571
84323,3190,2934,5800,520,-1741,-648
84324,3746,6492,5356,-1101,1360,601
84325,7555,-7496,2403,-948,1776,147
84326,-7063,3524,-6935,300,693,-1370
84327,-822,-1427,4587,479,166,1773
84328,2707,5012,7060,990,982,-22
84329,4517,6012,-5713,161,-294,-1168
84330,1547,3940,-185,-987,-231,279
84331,1500,1103,5706,-13,-717,1136
84332,-7178,4984,6669,-1232,754,-1002
84333,-2051,5312,5900,85,-472,1572
84334,7394,5485,-5104,795,-148,1773
84335,-114,-6529,-1097,107,1731,-927
84336,-1476,-4669,-2690,-1303,276,49
84337,-3540,-2975,-1967,-1493,1454,-1796
84338,6253,2633,-5605,-1256,1330,1887
84339,-3305,186,6493,-1826,1013,-392
84340,979,-2179,-2295,197,865,-952
84341,3188,5355,6517,-1251,1910,1902
84342,652,185,7519,-1707,1891,636
84343,5755,-2545,3,1336,83,-579
84344,-2463,-2426,-2273,1693,854,1523
84345,7992,3418,-502,-642,1564,304
84346,-2624,-4602,757,1285,-1686,-1732
84347,4719,-5342,5487,1505,-51,-1982
84348,-6699,-2789,5587,-964,690,-1138
84349,7596,-2128,6824,-1198,1987,-1997
84350,-576,-7835,-5635,1647,-1281,-1972
84351,4477,1498,-4747,584,-460,226
84352,-4429,-3296,4960,-127,-602,505
84353,-7666,7618,7111,1860,-1438,1093
84354,4298,-1569,4522,938,-1048,1741
84355,3675,-7200,-7121,-1741,1644,-1790
84356,-5902,7578,5593,1569,-404,-301
84357,-5408,3790,-5536,-1714,-1832,-1858
84358,-1841,5373,9,1911,-1722,1385
84359,-7051,-7512,2024,-1996,-700,-637
84360,1240,-618,6639,145,1030,227
84361,746,1663,6625,-1341,-477,1344
84362,-4429,-2446,-2534,-1827,-1141,-267
84363,174,5492,-3127,-1360,1479,513
84364,-5557,-4773,7895,-515,1703,-1851
84365,3293,-2662,-5621,612,-1495,1039
84366,7929,4346,3940,-1394,-1269,-1332
84367,-6799,-2171,1539,675,-1074,-1308
84368,5986,-3856,-4580,-1740,-553,1410
84369,7970,-4377,4634,864,-1470,59
84370,3600,-3036,-1423,1777,1034,1128
84371,-1120,1051,137,-1555,1693,1875
84372,4718,1398,-6616,374,-1281,1070
84373,-1920,3393,2923,-318,1041,1564
84374,7341,-1709,7279,105,-971,-563
84375,6801,6994,-6648,1683,-347,-89
84376,5483,-5536,5916,-176,-413,-1682
84377,3237,4324,571,1933,1403,1368
84378,-3181,-175,-5720,1691,741,627
84379,-4887,6034,-3757,1209,293,-1958
84380,-2813,-3329,1754,1824,-78,-58
84381,-4956,3740,3981,1245,1932,216
84382,1239,966,4395,-113,-486,1623
84383,5456,-1623,7045,-1223,1916,377
84384,3471,620,1172,244,657,-890
84385,-6905,701,-7230,1404,1602,-395
84386,-1314,4966,-7789,193,372,1438
84387,-3914,4491,-729,-1162,-1647,1835
84388,2119,6048,-5206,1108,1783,681
84389,3136,3176,-3787,1768,1136,-1617
84390,-4592,5165,-5035,-618,1894,118
84391,-4433,3868,5916,246,1126,654
84392,3157,3228,-5822,393,1990,-1947
84393,-5566,5372,-7567,467,-481,-667
84394,-7980,-5430,6075,1570,-1947,-242
84395,-7173,1854,-3146,1232,-625,1972
84396,-4116,-6746,-177,-1004,-1801,1449
84397,-4284,5013,-3270,-1413,553,-296
84398,-7337,561,-923,1358,1669,-1086
84399,-4373,995,-6446,-1307,419,-764
84400,4415,3618,5027,-1375,-1454,247
84401,-2391,-911,6622,774,-1817,245
84402,1348,7909,5342,-1811,765,-1847
84403,5695,-34,-2310,-362,-1874,1906
84404,-562,-2063,-2692,-1403,-1346,-1815
84405,-5889,-6104,-6193,772,1790,63
84406,-1948,78,1120,-1076,-1281,-1569
84407,867,-1635,-5654,-41,-816,-1309
84408,4113,-4629,7637,490,-695,1096
84409,3786,-956,-1055,-258,1869,1579
84410,2802,497,-3319,-746,-1189,1014
84411,-6964,-7413,-766,-1222,-1618,570
84412,-787,5291,3685,-439,-1157,7
84413,-6202,6991,4646,-562,452,-701
84414,7188,-3996,2959,1789,167,345
84415,4825,4720,-1882,-698,-361,1635
84416,-4479,2664,4171,-1776,-1108,893
84417,-4924,444,-4344,231,-1657,-320
84418,-2726,-2439,-3070,1978,1668,7
84419,3429,-5141,1283,1607,516,391
84420,-2221,-2841,244,853,-1562,-1100
84421,-6396,-5695,1455,-1621,1528,-426
84422,5399,941,-2935,1582,688,806
84423,4449,3436,-1723,-242,1454,-1440
84424,1995,-1013,6553,1793,1300,-861
84425,-7300,4337,-6810,26,79,-532
84426,-255,7635,-6159,-225,1014,-913
84427,4592,5884,-4296,173,-1775,838
84428,-2818,536,-3679,-1653,-509,-136
84429,-1284,-4393,2395,-457,-1362,-1789
84430,5502,7823,-1827,-766,1139,53
84431,5128,3016,-689,-1238,-365,894
84432,-7912,-7185,-3265,94,692,-1462
84433,-7840,-1820,299,-756,-1449,512
84434,-1869,-4319,6779,-1096,1765,701
84435,7794,-5362,5301,621,718,1117
84436,-5677,-2622,3279,1528,-1202,-1290
84437,7753,-6674,2230,1579,-1759,1656
84438,-2608,-7124,1688,-367,-309,-1429
84439,1583,1800,898,-1909,1905,168
84440,-1167,-7146,-6460,-1981,-667,23
84441,2419,-582,-3945,1396,1534,-609
84442,4809,-5824,6436,-659,-42,1352
84443,-2787,-2339,6539,-1359,-1019,-1270
84444,478,-5352,-2217,213,-307,-87
84445,-6426,-4645,5769,-1468,200,1684
84446,3373,-3821,6618,629,1313,-184
84447,3833,-7058,5967,297,1622,-102
84448,-1106,-6338,-941,722,-1051,287
84449,-4689,6121,6493,-1779,556,-1576
84450,2832,1286,7208,-1892,697,430
84451,3657,6717,-5679,-1641,-264,1958
84452,7217,5391,5126,523,-1700,225
84453,-1322,6566,750,188,-1110,-1705
84454,5752,-2886,-3151,1998,-390,326
84455,6540,-6735,-6938,1288,981,-158
84456,6668,4103,-6642,-1065,1127,-853
84457,5258,-4572,5002,1237,-1268,536
84458,-1542,3312,6663,-317,-389,-87
84459,-1213,1484,-5777,-1872,981,494
84460,4781,5456,4408,1259,1811,-470
84461,2188,7544,6370,1843,180,-846
84462,-6573,4008,5597,-89,-1657,-885
84463,3162,90,-5996,-1561,1952,396
84464,5263,-351,-3343,1086,-622,-898
84465,6107,-3556,2351,-389,1947,-1307
84466,-7692,2037,5796,437,-310,1742
84467,3115,-3283,1320,-27,-963,948
84468,306,1745,5789,1434,-1728,537
84469,-172,2337,-6909,586,1409,-93
84470,3658,-5308,5760,1683,807,-916
84471,3410,96,-4885,-552,1038,985
84472,-2139,-545,5074,608,468,1257
84473,-5061,3740,6042,1452,-924,1520
84474,-7754,5136,-5023,-467,-1579,1502
84475,7123,-4086,-3510,-1250,213,-1909
84476,-6312,-1574,-2182,1546,-1236,197
84477,-6101,-4166,-7350,-218,-395,126
84478,770,-7097,1384,1532,-18,26
84479,5779,-322,-7618,-1110,869,1815
84480,7981,6065,949,1264,-811,-1021
84481,1468,-6482,-18,-466,1749,-1684
84482,-1837,4293,2998,-1932,872,283
84483,-7633,7353,6501,-539,-1678,-1957
84484,4300,-2217,-6227,483,-347,-126
84485,-7349,-4268,4543,854,254,-1703
84486,-7876,4848,-1969,637,-941,-950
84487,-3241,-3620,5844,-746,-189,694
84488,-1674,3175,5312,-625,653,-270
84489,4696,-3285,3831,1510,-991,-444
84490,-1991,5201,1062,-394,1944,944
84491,4512,7553,-5362,-132,-1087,-173
84492,3091,-5697,5908,-1685,1348,1385
84493,-6061,-4199,-4888,1252,-1438,-945
84494,-6037,-5881,-3765,-311,835,-1923
84495,-3463,5211,188,-509,-1061,-1364
84496,823,4106,-4347,956,-772,580
84497,-4472,61,4524,-412,-1787,-92
84498,6769,7303,-6022,1723,23,-1199
84499,5619,-5470,971,-434,1792,-900
84500,6554,-4634,-7656,-413,558,321
84501,-6605,5621,1309,-1153,352,449
84502,-7230,-2329,-7318,1302,-1834,458
84503,1309,-723,1091,-1390,-940,-1365
84504,2947,330,7506,-1154,-954,638
84505,317,6351,4345,1358,632,-1837
84506,2106,-628,3864,-1804,-812,186
84507,-5237,4561,7097,-1620,1201,1440
84508,6496,-7638,809,-1562,106,1338
84509,-1693,3441,-2636,1149,496,-1930
84510,5272,7887,1207,-759,-1616,349
84511,867,-2088,-1893,1301,-1212,619
84512,1432,5566,7804,-1968,325,-824
84513,6994,-5924,5432,336,-903,-1699
84514,5670,7330,7954,-475,449,1536
84515,-2301,300,7052,1489,-1590,-841
84516,-3060,2355,-2103,-1436,-116,1417
84517,-4032,-890,1823,1236,593,514
84518,-97,-780,6664,-1102,-1422,-78
84519,-5989,6392,-7612,630,-1424,-1169
84520,-3283,-1602,7160,-931,-979,-822
84521,5731,4211,708,-1731,-281,-1562
84522,-2677,2433,-2656,-1515,1425,-1606
84523,-7205,-1078,-7393,-590,86,-528
84524,1347,561,-3735,1456,1789,1577
84525,-7630,-6937,916,-1771,-1127,97
84526,5592,6654,4478,204,767,-1963
84527,3497,7435,-1637,1958,-1516,-960
84528,-4651,2101,-582,1460,-83,-171
84529,-2973,-3842,-340,1604,1550,839
84530,1304,2054,-6469,1515,-163,-268
84531,-4360,-6379,1951,-1469,1640,-1446
84532,-4541,6482,-7061,-956,-184,53
84533,-5106,-26,-5126,1914,-1975,131
84534,-4357,-7199,1429,-82,1715,-1245
84535,4658,-5227,-3777,-58,-1497,890
84536,-7923,482,5231,-863,1462,1181
84537,-3643,-117,1496,444,1611,-667
84538,2254,-6237,-1892,-1387,-967,-903
84539,-7240,-5030,2967,-231,-1205,-1663
84540,-304,-2309,-1667,-1667,1110,-1318
84541,543,5695,-6468,-1780,1744,1380
84542,5871,3817,-3858,-1133,-456,-552
84543,-4693,2686,3518,-653,-168,1743
84544,1440,-7115,348,-46,-1733,1779
84545,7406,-79,-2052,-613,1879,-1769
84546,2554,-604,6252,769,-1279,-1990
84547,-7796,2397,6239,81,1240,-1986
84548,-3694,6387,-1983,1585,-799,351
84549,-339,7080,1247,-118,1909,1378
84550,5769,807,3521,1931,-1519,-645
84551,-4772,4066,3505,378,431,80
84552,-7245,-3424,-1548,-24,-1497,43
84553,7867,-829,-7011,1832,-793,-1205
84554,268,-7945,5430,-1575,-257,-69
84555,2796,-1940,-5687,-142,-369,-1089
84556,-7135,-6952,4340,-79,218,-1556
84557,-6184,2454,-3933,264,-878,-168
84558,-3538,2672,201,-950,-1220,-933
84559,-7432,-4518,5981,1211,-104,-1830
84560,18,-4975,-5595,-501,-132,1315
84561,-7215,3673,5841,1612,478,318
84562,-748,-5256,7344,-325,-225,190
84563,-32,1631,7878,175,-1073,-325
84564,-5275,-38,-4300,-74,-940,-561
84565,-2719,-6482,7184,695,0,-1502
84566,-5463,-1111,-6558,-1969,131,-1399
84567,-2008,-5017,6426,1055,-707,-745
84568,-7041,2466,-1892,185,-472,398
84569,-1158,-4667,5075,-1115,387,-1301
84570,-413,1551,-2869,1003,904,1111
84571,-1625,-2843,-3217,338,-1443,1690
84572,-7006,-6335,-4426,1937,-1782,1401
84573,-263,2124,6369,1740,125,-635
84574,-3412,-254,-6445,348,-633,1196
84575,-6704,-2901,-616,1940,1463,815
84576,7093,5266,-7641,-1753,629,-801
84577,-5899,7282,6624,1786,-789,451
84578,5115,-3033,166,-603,-284,-1252
84579,-5930,-1766,-4473,1940,502,-1029
84580,-6348,-4633,6372,-1321,408,122
84581,-3946,2540,3998,481,523,-3
84582,2611,-6362,-6022,335,490,1054
84583,-5407,6226,-6809,1497,-167,-215
84584,60,3885,-3475,1311,105,-1268
84585,-2842,6046,-5375,-1320,287,1770
84586,-5461,-4661,-6785,-1860,-742,1994
84587,1628,-7589,-442,790,-1402,-1819
84588,778,5874,-4798,365,-1007,-1523
84589,-155,2776,1582,1687,-1242,-1651
84590,-4554,3684,2616,1301,-505,492
84591,4145,-4392,-1127,1957,663,574
84592,5660,3086,-6811,-1361,-1105,-1487
84593,-6355,5832,7600,340,-1116,1988
84594,3933,4306,116,-131,-595,1937
84595,4334,54,4945,1211,1139,-622
84596,-7330,-3194,-3383,1166,1852,-496
84597,-1846,-6416,889,-862,121,373
84598,-3294,-2350,-3954,-695,-1280,-140
84599,-1732,1776,1552,514,-1688,819
84600,46,-3536,4420,107,-1955,-45
84601,466,-7598,6288,-550,-1210,-1083
84602,-818,4471,3949,165,1568,1467
84603,-5980,-2934,-4330,-1803,-1463,1978
84604,-939,7852,5579,-1078,-1716,1949
84605,-7294,-4494,7070,1244,652,1337
84606,-7845,2338,-1763,1668,1601,-46
84607,4067,-4039,-1238,-1963,-290,-623
84608,4122,-4913,1328,-396,-1067,-1780
84609,-7955,5382,5184,-772,-1542,65
84610,63,466,6352,-1569,237,1803
84611,4859,3026,3779,-245,1413,1070
84612,6439,436,-7894,-1607,675,558
84613,7628,-1359,-7420,132,-1161,-907
84614,7781,2853,192,1601,147,1988
84615,312,6137,-1904,-1465,-1222,-1897
84616,-4375,-5500,5043,-872,-551,1522
84617,-3708,-1269,2999,955,-551,-1074
84618,-3569,6211,-1067,1098,-1247,-1408
84619,7915,881,4964,-1679,1589,1175
84620,1861,-909,2592,1120,822,1413
84621,-1659,7563,7293,-866,546,196
84622,6648,-3561,2405,-909,1757,-452
84623,817,-6546,-2842,-1396,1923,-1132
84624,6920,3818,-7187,1822,1105,164
84625,-917,7443,-5490,1651,159,1450
84626,3738,2393,-1565,877,1676,-1269
84627,-3331,-6713,2323,-531,-573,-231
84628,3981,-3246,-2486,1680,199,1116
84629,-7556,182,-1214,-1625,600,-525
84630,254,1646,-34,1268,-345,1543
84631,3605,5219,-4134,1967,1836,-92
84632,3758,5815,7256,316,-1106,-1115
84633,-5488,3337,-864,-541,1431,-353
84634,-3413,-2168,2146,1080,802,1443
84635,6326,-437,-7693,1275,-1618,100
84636,4505,-4282,-630,1054,1142,-1729
84637,-1431,1945,-1699,626,-1776,911
84638,-375,-5496,2252,1455,1463,-1237
84639,2373,5967,-3536,1034,443,1945
84640,4476,3519,-453,-548,391,-89
84641,56,-5924,-1766,862,-1064,-1125
84642,892,-2271,-7789,1033,-394,-400
84643,-3998,-3348,-2059,-1976,804,-1078
84644,-4824,-6155,-1594,1106,-881,-316
84645,-5771,-6793,7658,909,-206,501
84646,5238,-6942,-7425,-1810,768,486
84647,2370,145,5128,362,-157,1241
84648,-3595,-2242,5895,71,-1703,918
84649,-3996,-1413,1769,-916,1416,-1458
84650,4934,7520,2821,1742,-1525,-1910
84651,4656,1383,-7446,1705,-1266,353
84652,2169,5096,3763,1106,-1670,1634
84653,-5226,-3485,-3380,-1977,2,-1147
84654,-6803,2041,-2528,937,-783,477
84655,-5535,-5879,1711,645,1042,-1670
84656,6808,7582,-7706,-837,-1811,1089
84657,-7253,3366,-6152,320,-662,419
84658,-7216,-2983,-5185,149,-740,-199
84659,212,-5561,4583,-553,651,1571
84660,3788,796,-4242,-1458,-1379,294
84661,-3973,2841,-3725,-499,-637,-967
84662,7980,-6901,-7513,1077,1416,-1513
84663,-183,4578,-7166,-768,582,834
84664,-6355,-6922,-4389,-1809,735,1743
84665,-2754,-3558,-4731,-1542,-1542,-470
84666,2901,2226,7180,-1667,1581,979
84667,1503,3067,-4433,859,1658,1372
84668,7821,-4156,7338,-1249,1950,-557
84669,7754,1092,7648,1792,1502,535
84670,195,6529,-5724,528,-1716,73
84671,-7146,-5163,-3122,-184,1320,186
84672,-7173,3712,6924,495,-933,-1569
84673,5316,-6479,0,-853,-1748,1645
84674,-3331,4929,-166,-278,1649,-1447
84675,-4189,824,-3080,319,-640,-863
84676,-952,7959,-5019,-1343,317,89
84677,-5005,2529,5276,1973,72,1726
84678,-901,2425,-1034,1880,-1479,357
84679,-6527,-5722,-20,-465,-1435,-1320
84680,1680,-6957,-4624,825,129,-1444
84681,259,2578,-7456,-1138,-1141,500
84682,3574,-5611,6673,1952,1528,1589
84683,7346,971,-5447,-1044,-1941,1232
84684,4543,7243,6294,-813,1972,-1264
84685,95,-5666,-4726,-1090,-994,-1671
84686,-152,-3307,4161,116,-121,174
84687,7774,-6133,3821,444,868,-1770
84688,-6730,-905,566,973,1850,242
84689,-2221,-3233,-7761,-1009,644,1603
84690,865,-4851,-7766,46,1828,242
84691,-845,1954,5141,-405,723,1283
84692,7148,-7403,2797,754,-1821,-1186
84693,-3497,-3648,-1786,-1380,-427,-1322
84694,7459,2255,-5718,-908,-704,-1194
84695,-6269,-4666,-7272,1676,902,1371
84696,-550,556,6785,-767,-540,-95
84697,-5645,-4580,-2693,-632,426,1941
84698,-4682,1709,4981,289,-451,1092
84699,4696,121,-424,-1695,-1892,-817
84700,-3895,469,-551,489,1456,-133
84701,6920,-7143,-6252,-782,334,683
84702,1281,-7945,5414,60,-1007,-708
84703,1760,6410,-7990,-1012,-1943,-181
84704,-1842,4692,-6799,-1185,1132,-1820
84705,-7696,-3628,3140,-98,613,-573
84706,-5332,594,-2461,1585,-1173,1294
84707,1820,7598,7047,1234,1451,-1162
84708,-798,-1583,6875,1308,779,-1844
84709,-254,-3814,-6940,939,1398,786
84710,-7088,5227,3221,1369,280,-1047
84711,1312,-2105,6479,-974,-854,-1672
84712,1300,1409,-7599,-1860,826,212
84713,2721,6345,-2185,-894,1104,-269
84714,1738,7907,-1704,571,-1308,-1245
84715,1951,-4403,-3286,1513,1504,708
84716,5963,-6469,657,1244,492,-1641
84717,5329,-1758,-6546,1223,-1742,634
84718,6086,-2148,-5615,-67,-453,-1533
84719,7767,-245,3903,-1328,1477,95
84720,7298,1117,-4439,770,-1967,-1276
84721,540,808,1151,262,-868,-1255
84722,-7036,352,-852,-1913,-534,651
84723,-4254,-3413,-3779,-1613,-1485,964
84724,4685,-2800,-2759,-121,-1821,473
84725,-2515,961,-3564,1038,268,1985
84726,3271,-7974,7780,1757,277,-637
84727,-110,-7915,3345,-1585,-880,1042
84728,6987,2955,5733,1563,-558,-852
84729,4926,5756,-2438,1063,-261,1177
84730,-2645,-7300,-3392,273,-225,-1987
84731,581,-4342,-4896,1724,-947,1568
84732,-4929,2574,-493,724,-1846,1945
84733,2199,1378,-534,1887,-812,1294
84734,-6462,-6580,6157,-1977,1995,1723
84735,-1736,5943,-4350,-105,-1690,1639
84736,6073,-3559,2954,479,1857,544
84737,1324,7754,1176,-1782,-1399,-1115
84738,-1354,-3231,1145,-459,1365,-102
84739,-6310,-3468,-5996,-1844,-891,-258
84740,2773,5293,-5696,1763,948,597
84741,-4983,5457,215,1101,-1229,-30
84742,7941,-6949,-6030,-382,1357,422
84743,3648,-2700,-5947,295,-492,-1433
84744,5341,1449,2083,461,907,-1315
84745,4424,2894,4755,884,-472,-1264
84746,-4854,-1622,-3527,-796,855,659
84747,-2514,-3991,421,-1473,1899,-1603
84748,6588,7250,-4186,-1453,383,-1650
84749,-1956,-1703,-4927,-1915,-1598,-176
84750,6977,2473,6221,-1784,-132,-368
84751,1610,3450,1387,127,1405,-1009
84752,-5918,5179,2543,-1698,1033,230
84753,-1019,-2915,-529,1723,663,-27
84754,-6816,6927,-3495,1400,-1081,-1809
84755,-5439,-640,-1117,1551,962,-710
84756,786,-495,3675,964,-435,29
84757,2650,7212,2438,1046,1959,-1774
84758,4538,-2867,0,-1971,1746,881
84759,5357,-7951,2641,712,-989,1008
84760,-698,-5791,1858,1271,121,1734
84761,3548,5012,-2520,-1898,-900,1952
84762,-1570,-4189,6722,1035,-1036,927
84763,7797,1273,1588,-1831,1919,-1007
84764,-6575,-2467,1130,1645,464,-1757
84765,-5571,3762,-7479,-1197,1475,-284
84766,-3118,-1120,6705,378,1528,-315
84767,5764,47,6590,1804,1948,594
84768,5599,1240,5368,-1320,395,1305
84769,586,786,6701,-146,-1459,-1726
84770,-1551,-588,4711,-1956,206,-1071
84771,4597,-1323,-6922,1857,997,-234
84772,6782,4815,5827,-1548,-156,-1633
84773,6387,-7203,4103,1556,1249,1483
84774,714,1938,-2359,-370,-203,-465
84775,-3462,5803,-6159,624,-1437,1133
84776,-3597,4253,3742,91,604,-923
84777,153,573,5945,-887,-1831,1983
84778,-7414,3510,6481,-1653,854,-735
84779,-6275,-3472,-6167,-1328,-387,-1209
84780,6229,-233,-2106,1619,-791,1474
84781,1807,6085,3996,1628,934,-335
84782,-7290,3858,6299,-1462,-303,-1270
84783,5575,-5446,-5181,1863,307,1643
84784,1249,-5591,-3691,609,875,-1143
84785,7977,-461,-1795,1918,-1509,-275
84786,-4513,3198,5934,-218,-624,-686
84787,-6222,-7120,-493,-72,1953,-1280
84788,-2901,-5172,-2336,837,1531,-581
84789,-3744,5172,5942,-1604,476,253
84790,-4485,-1797,-7200,593,-1022,1900
84791,-3853,-2695,-3581,-1014,-566,1685
84792,729,-5795,3317,368,-719,29
84793,5946,-1247,-1778,-1298,-290,1828
84794,5275,-4398,-7506,1375,339,-1002
84795,6260,1989,7000,-1268,1338,-1814
84796,-1080,-5602,4112,1272,-1300,370
84797,-7459,3578,-6552,-538,-1785,-427
84798,4852,4651,5957,-288,-890,-862
84799,-5091,7034,4709,190,1720,96
84800,1200,-330,2950,-509,1512,-585
84801,-4661,7092,4153,-999,245,1924
84802,-7792,3948,3376,-526,-1342,-940
84803,-3332,7780,-2680,-1452,-478,1999
84804,-7229,3323,-6714,625,-1211,-1771
84805,4817,3570,-4709,297,660,-1184
84806,2734,6910,-802,-704,1283,1035
84807,-5471,3056,-4866,-641,710,340
84808,3470,2277,5479,1330,608,-1362
84809,6287,-1732,3371,1583,-1221,-976
84810,4685,-3251,-4619,1238,1805,-685
84811,-4909,-6401,-5740,-1327,-1398,-1634
84812,663,2562,-3398,1974,1529,1501
84813,2234,3038,923,-1882,1956,1658
84814,7393,5837,2552,-477,-1453,-416
84815,-3461,7343,-1277,1209,967,-1947
84816,4690,-4420,-5452,1556,1036,1335
84817,4521,7011,5408,-1916,-1465,-1053
84818,4984,52,7718,-1687,90,-33
84819,-2469,-6638,7344,108,-735,-518
84820,7751,7931,-2576,63,1994,1734
84821,-6640,-6794,7612,587,-1755,170
84822,6431,-5295,1601,-1452,-1722,-726
84823,-1320,7224,2416,430,1769,1636
84824,4129,4723,-608,817,-117,1495
84825,-3094,-3276,3411,125,1078,-1437
84826,6277,5891,1533,286,1546,-1920
84827,4091,-2788,-4947,-1665,-110,819
84828,-517,-6878,-4641,-1180,-1447,1879
84829,5862,1328,7464,-519,302,-1242
84830,-3975,-974,7074,-633,123,-1153
84831,5433,589,-5224,-1140,502,458
84832,-5746,-7436,7034,336,1410,522
84833,6612,-4769,3255,1486,-784,1283
84834,-1177,-3006,4550,-777,-632,1053
84835,-6350,129,2521,-1706,240,-1230
84836,6311,-5419,-7909,747,375,-1654
84837,4446,4176,-1672,-1578,-759,77
84838,-7777,4156,-5403,140,-1723,-329
84839,-7094,-7552,-7395,-184,-1421,-414
84840,3663,240,-5923,68,62,907
84841,-1707,1108,2951,-1731,1096,385
84842,6546,-1994,6713,1134,-149,-1596
84843,2572,-1658,-1950,510,1022,1632
84844,6268,-4075,-3071,688,-280,894
84845,-2170,4539,4207,1769,-227,1914
84846,-7118,6490,-4711,-1684,1176,-839
84847,4151,-523,-2450,39,-1049,439
84848,36,-5014,-118,-518,693,-1702
84849,78,-3856,5117,1979,-1131,-1787
84850,-404,-5685,-4089,563,-1094,-1181
84851,3030,6366,-433,-1481,-456,-1970
84852,-7019,975,3644,-1037,-1498,1863
84853,-1766,7885,-7679,1444,755,-1023
84854,5381,-5596,7560,-598,-587,-1422
84855,1598,6721,7240,-129,719,-208
84856,6356,-1091,-5091,1566,552,-934
84857,-6211,-4785,147,-259,1274,-1943
84858,6987,3091,3072,705,479,-1643
84859,3,-1059,7588,175,-1377,4
84860,4053,-5030,6141,-362,358,-802
84861,-4640,6172,5921,1895,-630,1278
84862,7560,2987,84,-750,-1177,-117
84863,3996,-7369,5106,1152,908,-1324
84864,7967,-6196,2934,779,1846,-1136
84865,1713,5211,7896,802,1945,-589
84866,-3170,-4519,-7923,-1264,-1196,99
84867,1003,-6456,25,-114,13,1443
84868,-943,-3740,-7089,-1539,712,-868
84869,-7298,7968,1418,-864,-1378,1066
84870,-3444,-3082,-5689,1859,1533,426
84871,4343,-619,-2000,-414,-59,-1852
84872,-1879,3008,3045,355,-1294,977
84873,-7173,-2614,3814,-1219,-1371,-1973
84874,7042,264,-3853,729,-204,527
84875,3412,-2538,-3970,-883,-1422,-1267
84876,4577,6391,-1830,557,681,321
84877,-398,-1133,-2308,1503,1044,-1518
84878,-4906,2041,-2393,1475,-697,944
84879,2658,-5334,-4142,-1619,-1597,-1247
84880,-3366,184,-7555,-168,-1761,1570
84881,-7525,2864,-1129,-1323,-516,351
84882,-5370,-4488,1701,932,105,640
84883,3462,7783,5255,-1931,939,1276
84884,-7661,-2588,5503,1166,160,623
84885,7434,3313,-3598,-127,-66,1617
84886,1951,-5197,3564,1102,1035,363
84887,-4679,6010,-7661,1664,1850,66
84888,-5177,-5847,-1995,120,-592,76
84889,3713,2599,1916,-981,-78,-23
84890,-1519,4752,1941,1601,345,1552
84891,3417,1833,7443,-534,-1481,-723
84892,3005,-3498,4910,-617,1297,850
84893,973,-3028,-3964,1046,1622,-584
84894,-1870,-3844,-7529,1101,248,1228
84895,7501,-1725,-4973,895,-1047,1949
84896,7118,1639,-1336,2,-859,95
84897,-3709,-228,-58,-246,-1485,-509
84898,-140,-7825,-4731,1108,1173,1256
84899,1631,2310,-3762,1146,-1819,-1543
84900,1848,-1337,5504,-1759,982,773
84901,1061,6299,4937,-219,207,-1142
84902,280,1020,-4387,-990,-1502,-1029
84903,-7190,-2965,-1741,-1109,1946,1545
84904,6836,-4992,-2689,-182,815,-389
84905,4671,-3545,3250,-1588,245,-1881
84906,-6435,7763,-5456,-928,-825,580
84907,-3291,1051,7937,124,325,173
84908,333,4706,-2804,-484,-1974,-1992
84909,5226,-3513,-2266,-960,1610,-1376
84910,3458,494,4430,42,625,-748
84911,3352,3426,2235,-1610,1700,1246
84912,-7526,-7522,-5713,1785,350,-631
84913,-1887,2541,-5832,-120,-1149,-1818
84914,-5290,2385,2123,330,-194,944
84915,-2781,-1330,2191,274,-494,1986
84916,-5582,3063,1442,-1713,1072,-1215
84917,-2728,-6455,5799,558,1058,179
84918,4414,-3517,1883,-1963,1016,465
84919,-3119,-3130,3564,-1570,552,-1613
84920,3398,-3771,2076,473,1390,1293
84921,1134,5466,4441,1731,-886,552
84922,-5588,1626,-4665,979,-507,-281
84923,-4326,-5628,-5499,-17,1399,-1106
84924,1604,-7707,2039,-692,1525,1912
84925,3455,-4802,7838,-1149,-1780,-960
84926,6705,270,-236,908,-800,-453
84927,2019,-2903,-4762,1943,1323,-1694
84928,-1803,-538,-3701,1082,778,-287
84929,-2028,-7480,6416,-1371,-10,1234
84930,-7982,4632,1370,441,-1375,-1947
84931,-1444,-486,5934,1551,-803,1278
84932,4842,4644,7179,-620,463,437
84933,-2172,5209,-2313,778,597,308
84934,3218,-3245,5609,1443,767,-1630
84935,5034,3557,7407,1917,-1755,116
84936,1162,7341,-246,-1919,-841,1207
84937,-4704,-3966,-154,-544,-860,432
84938,-4935,944,-6255,-1774,-227,315
84939,-3031,-6993,4067,-458,1471,1439
84940,-6061,-3877,3353,804,-1141,-583
84941,470,-4632,2103,-1344,-254,719
84942,-6169,-2839,1533,-465,349,-262
84943,2484,-4173,-5984,1621,161,-742
84944,-5369,-4588,-2559,-778,732,1151
84945,5063,7308,-2429,1685,-1147,29
84946,6696,-3184,7971,1374,-1160,-1464
84947,5165,4097,195,1678,-925,167
84948,2678,-5379,1596,1519,1721,1701
84949,-497,-7202,2080,-411,121,1788
84950,5813,-1051,-1402,-456,799,923
84951,3777,1827,7756,-264,-1189,267
84952,7427,-2895,3469,959,1308,-307
84953,5374,4805,1501,21,1921,1007
84954,-6204,5087,7469,939,554,1612
84955,5698,2475,-1662,-156,111,1444
84956,-7400,-257,-1997,1171,-1145,-118
84957,-5136,2668,2114,-1984,-376,-344
84958,5180,4888,-533,-1019,82,-1076
84959,-450,-4913,1850,-86,-1657,1995
84960,4215,-4993,-4909,396,-1483,1932
84961,3704,-3695,5886,-1825,1182,-752
84962,2310,-1927,3148,1682,97,589
84963,-4352,5658,-142,247,1477,-1689
84964,2605,-76,-660,-1766,1540,863
84965,-3093,-1191,-7926,-1858,-280,239
84966,-425,6687,-6461,-1916,1716,-519
84967,-2870,-2267,-7233,-756,-1633,-439
84968,-5360,-4396,683,-447,-503,673
84969,1421,6539,-4843,-1744,31,-741
84970,5101,-1953,-139,248,1861,657
84971,5709,-7337,-712,-648,964,-1040
84972,-3290,5444,-1912,-815,-839,1181
84973,-6333,4697,-7827,1152,-1374,-1347
84974,-1464,-4103,7915,1436,376,1279
84975,-1822,-4528,646,-1366,-1587,-1879
84976,-1081,1944,-1026,1441,-1230,-822
84977,4521,3341,-7747,1753,-592,-1560
84978,-7481,4074,-4202,1456,692,1534
84979,2704,5080,5694,-56,-164,1697
84980,-4081,-4315,7791,-1016,445,-842
84981,-7726,-268,3854,-490,-1409,1328
84982,4073,-1926,-568,-1735,850,958
84983,-1654,-4160,6234,1188,1813,-1913
84984,-6421,1796,-5606,-636,-1899,1514
84985,-5221,5501,2522,1858,1678,276
84986,-7728,7680,-3712,437,-1381,5
84987,4679,-2340,-5017,1512,-964,887
84988,1286,828,-650,-1009,-11,1826
84989,2399,6294,6464,-978,861,-620
84990,4675,-812,6476,-176,700,-659
84991,-3752,3060,6067,-1279,1854,400
84992,5805,7199,-1749,689,1932,324
84993,4101,-4013,-4477,693,1948,-490
84994,-5966,-4034,6574,-294,796,-1088
84995,6486,6951,-3768,93,141,-1101
84996,-3328,5569,5888,1646,-1607,-1736
84997,-3666,7264,1910,-1037,-568,-1297
84998,6425,3314,2561,-1984,1410,-866
84999,7363,6541,372,-971,1900,-1935
85000,-807,5480,4500,530,888,-153
85001,-4097,1705,-1719,1387,77,308
85002,-7208,5407,-1673,-1795,-816,837
85003,-4812,6741,-241,1125,1144,1240
85004,-3406,-6543,3167,1508,1687,1331
85005,-3777,4095,-5935,75,-149,-275
85006,7576,3216,2770,-1459,1854,-726
85007,-1739,1495,-4929,229,-414,1371
85008,6071,-2277,2534,260,1630,-1062
85009,-5493,1799,3887,-473,1953,-243
85010,-642,-51,-1939,-1782,929,1866
85011,2278,885,7664,-1219,-1818,1759
85012,2791,-5620,-4998,-611,1035,-1468
85013,-1639,3660,5414,-1826,610,-228
85014,6052,5200,1627,-890,1441,-502
85015,-821,5762,-2728,264,-184,58
85016,3358,-5816,-6856,-1744,1796,-1282
85017,7784,2716,-873,-1529,-376,-1143
85018,-2753,4782,-5124,1556,784,-1088
85019,-2217,-83,4256,-1364,-1917,1175
85020,-4056,-6190,5597,-694,-1675,-2000
85021,3155,-2814,4186,-270,874,1308
85022,-5319,-2559,6080,497,-308,-251
85023,5481,-1222,-7180,-1137,1639,-1054
85024,-6902,-3632,-1959,-445,-1997,-1194
85025,-2930,-5533,-4554,-1259,-1681,-943
85026,-7165,2400,6294,-1547,1034,1086
85027,-3809,-6333,-1350,-1718,-1959,-447
85028,-6933,1398,6619,343,-1298,-1052
85029,98,-981,5378,633,-1246,261
85030,-303,-596,-2644,-1201,-67,-1076
85031,3316,-3356,4563,-695,75,-888
85032,3514,6491,3869,1705,1186,-895
85033,5867,-7733,-2985,68,848,25
85034,1379,1871,539,922,-821,-734
85035,4393,-7950,-4636,291,-461,1137
85036,-2621,2166,6723,-1349,1858,-1629
85037,4181,-6824,-2850,1653,-1520,-1893
85038,-1341,-2240,5348,814,1951,-1593
85039,7313,6790,3609,-363,-1397,-1665
85040,-2824,-6057,3782,1683,-1423,-1789
85041,-4230,3253,-108,-414,-135,-1958
85042,-4548,-6975,-7928,1449,442,1236
85043,-3756,7815,-1449,624,747,480
85044,5756,5116,5468,-1903,649,1300
85045,7027,6985,-2219,-1784,706,1435
85046,-4152,1330,5750,1297,-1459,191
85047,-1951,-4590,7416,-1293,247,-1429
85048,-7849,-5836,6053,59,1796,1874
85049,3438,-1396,-5546,449,-141,-884
85050,-4920,-5851,-391,-1016,-15,-919
85051,944,-2561,-2424,669,1159,-257
85052,-2608,-6891,-2044,1938,1710,1994
85053,-1874,-6410,-1134,106,1550,447
85054,50,212,6286,779,-1053,-1295
85055,-6899,-595,6834,-1161,-689,408
85056,-6742,188,-1499,-966,-57,1330
85057,-2846,6227,-2472,-1341,-1060,-522
85058,-4888,5829,2121,201,-44,-659
85059,-6810,-5678,-6138,-1129,122,726
85060,-5105,7696,-7310,-1845,-1281,1458
85061,4173,5984,-6162,774,1045,-524
85062,6795,6080,833,-434,-613,-1312
85063,-1796,2527,2276,897,1807,1744
85064,-3825,6179,-456,-1838,-1151,259
85065,4765,4177,3237,-1887,-1991,-1611
85066,6538,469,2183,18,-653,1336
85067,3704,7774,2795,778,-1544,-1511
85068,2649,-4250,-3714,1291,546,940
85069,3835,1783,-2443,-1558,-1073,-304
85070,-5298,7380,1648,290,92,704
85071,2083,1756,-3583,1595,-493,1467
85072,-436,-6763,1377,1771,1096,-1619
85073,-421,704,1216,-797,143,-749
85074,-6440,-6554,4999,-1503,1236,1471
85075,-1203,-5253,-3375,-303,-1116,273
85076,819,7265,-1053,-929,992,-1741
85077,2127,-1185,6287,-965,669,-1704
85078,2407,-2752,-3968,-1028,1240,973
85079,2152,-7657,2037,269,-576,-1131
85080,-3805,5139,-4150,95,1286,984
85081,6060,-6318,6967,669,-802,-980
85082,2961,6210,-1569,-1350,1134,1900
85083,-4203,-1896,-2426,-1965,543,-1120
85084,-558,-436,2421,-410,1085,-312
85085,636,2884,3049,-427,-1185,1228
85086,2205,-1150,-1885,227,1528,435
85087,6636,5456,906,1004,780,1775
85088,4315,6150,-4343,-409,-1624,-489
85089,4965,6592,-2377,-833,-1077,-1099
85090,-5831,2382,-5184,-1935,1553,-968
85091,-5063,165,726,1441,1239,561
85092,-3366,-1373,6006,1591,-63,394
85093,7104,-5067,-1883,440,-45,174
85094,1829,-67,-4539,-1297,-1609,1797
85095,-313,5026,704,-1344,-1590,-413
85096,-3657,1938,-3877,-1989,-860,-1689
85097,-7900,-3245,-4938,-380,-342,1002
85098,4744,2724,3896,1544,160,391
85099,-2551,-5596,-542,-1839,1220,-789
85100,-613,-1145,-6996,979,247,821
85101,4177,-2766,6430,-947,1381,-1809
85102,-1757,-4496,-7647,202,84,-186
85103,4310,7478,-3882,1091,-1507,-1820
85104,-2925,198,-1668,-397,104,-1148
85105,6661,-2400,6963,-84,1421,-1618
85106,6156,-2569,-704,1180,607,605
85107,-5615,-3820,4108,1940,-1053,1390
85108,4996,4724,-7970,1417,-1340,1306
85109,-358,6843,2119,-736,-1317,-1595
85110,7668,-5155,1572,-692,975,609
85111,-6304,3852,637,-2000,-675,-78
85112,-56,-3504,-5481,766,-446,1228
85113,3713,6836,5114,1602,1281,-1309
85114,-6747,-6014,2302,-145,673,-1256
85115,6262,-5163,5050,77,847,419
85116,-162,206,-1402,911,-909,-1140
85117,4483,-5617,-2347,-1620,-722,1832
85118,-3359,2205,4069,1872,468,-1089
85119,3715,4854,2083,-8,-1645,-817
85120,2398,-2553,7329,-772,-1016,-1862
85121,-3421,-1809,1113,-1585,110,734
85122,504,5582,3539,1033,1078,1936
85123,7319,-7122,-3084,-180,963,1496
85124,2657,-886,-172,-1725,-653,88
85125,6782,-7897,-4775,-512,957,-1719
85126,-4020,879,-5619,1674,754,338
85127,-4506,2531,1271,1943,-1791,-568
85128,-799,-7312,-2989,349,-1288,1177
85129,-638,6308,4021,717,-156,2
85130,-3738,6837,-745,1095,-445,-1007
85131,-2695,6571,5003,1061,-1658,1758
85132,1763,1811,-2608,-1932,-1195,1765
85133,-7292,-5534,-4762,-1456,-1090,113
85134,-7902,5937,-1408,-1287,-1835,-1543
85135,-4454,3840,-403,-18,-1269,1503
85136,-68,4622,-3872,627,1935,-1152
85137,-2965,-4883,-980,913,-416,1565
85138,5347,1526,-5897,-948,341,-1536
85139,-1432,-13,-5962,880,1242,1120
85140,-7344,4159,6254,776,-1628,1592
85141,399,422,2259,-1015,-1024,1012
85142,-5962,-491,7490,1006,1657,1403
85143,930,3628,-7917,648,-323,1193
85144,1353,387,5664,-547,1214,638
85145,7424,6619,-5493,17,-773,-1563
85146,1084,-5301,543,-319,-747,119
85147,-5946,3447,6146,699,1021,-1534
85148,-4182,4516,-3401,-928,1305,-142
85149,7758,5816,-4641,1857,-1879,-1165
85150,5926,5241,-7693,-707,39,-1772
85151,1371,6032,-215,1221,1243,1
85152,5518,-5954,5974,-1409,-577,574
85153,-6068,1644,779,1006,-1178,-74
85154,-5434,-5545,-2612,1956,-939,-743
85155,418,-7730,-482,1527,1332,71
85156,3675,6402,1907,1803,1771,1168
85157,-3155,-495,592,1901,1722,1736
85158,2107,-1116,4607,205,-1644,-587
85159,738,5954,-6629,1541,383,-1483
85160,-7689,727,-3039,1430,-842,383
85161,5254,5784,2103,-1260,-1500,349
85162,-7296,3682,-3750,265,-650,-1713
85163,7868,3383,-4808,-881,1909,-7
85164,978,-1290,-5374,697,210,-1585
85165,7575,1706,-6057,-1710,-413,314
85166,-197,4789,5803,887,-1598,-143
85167,1436,-3158,-119,-138,789,-1685
85168,-6123,-7969,7940,1151,578,1673
85169,1744,552,5390,1669,-186,-33
85170,-3690,-214,6588,1805,1719,669
85171,7885,-5603,-2053,995,804,1058
85172,2269,676,1418,-310,-1370,-601
85173,-7502,-5329,5166,-237,-92,129
85174,5693,-7769,-351,-171,-1449,1270
85175,7647,-7962,-7660,-1537,-841,755
85176,-4580,1288,7611,-1133,735,634
85177,3921,6707,3791,-806,992,-336
85178,6876,-3450,-5899,342,-1581,1100
85179,-4238,2280,-5896,536,1585,353
85180,2785,3082,-3401,1237,658,915
85181,-4106,3270,6548,-1105,621,-1438
85182,4178,-450,-6779,1965,1734,-113
85183,6590,4892,-6240,248,223,-954
85184,453,-3202,-4984,-460,1616,914
85185,-6773,-1815,-6198,1639,141,698
85186,4161,2176,-7661,1366,-1772,1238
85187,-5799,-2245,3985,-1004,-1740,-116
85188,2668,7401,18,1101,-1819,558
85189,4625,-7559,5980,344,-536,273
85190,2829,-6125,-2381,-161,1397,-1670
85191,4307,3090,2297,1759,282,1946
85192,-1200,-253,-6471,640,-1447,161
85193,1738,-1268,-289,701,1627,1708
85194,-7711,1065,-1331,-1833,-1442,1534
85195,4645,3617,5888,-592,-1202,-1471
85196,-426,6042,-5028,-449,-818,1064
85197,-62,-5533,-7248,1436,1485,-930
85198,4704,-7089,5993,1565,1258,644
85199,-6352,5142,-4142,-1431,1136,156
85200,-4662,7012,-2748,-1325,-545,1811
85201,-1769,-7099,-3917,1791,837,605
85202,-838,-6195,4918,-708,-116,860
85203,5724,6720,5005,-1160,-885,249
85204,2053,-1505,-7321,-588,-978,-270
85205,-7488,-2607,3238,1154,-725,-1446
85206,-3425,-4433,-1623,-1562,234,-433
85207,7394,528,-2601,1633,1442,-1440
85208,-5972,4899,348,976,1544,712
85209,-1359,-6895,6556,815,1012,-211
85210,-1205,-1590,-1706,999,101,1216
85211,1648,662,3963,1241,-1634,-920
85212,-1498,964,-4785,840,335,1036
85213,4257,-6079,-4480,-1145,-1755,1654
85214,148,4612,-3643,-1095,1880,-1032
85215,6783,-617,-7802,-1249,1584,-569
85216,-4534,-3368,-1279,-291,-1491,-555
85217,7206,2652,4914,-288,-802,-1917
85218,-3104,5781,-2104,-514,281,1662
85219,6885,-3752,-3782,1336,689,266
85220,-7490,-1705,-261,-697,1301,1072
85221,1911,-5974,7569,1469,-278,-550
85222,6534,-6849,-5641,1892,-52,1846
85223,4208,6384,3299,1725,1530,-490
85224,3983,-2836,7675,-448,-127,-1618
85225,-7626,4033,-2097,812,-749,-949
85226,-817,-4490,-4254,558,-1961,-1584
85227,-3842,5000,-5978,-1405,1131,-1087
85228,-6952,-899,-6421,1974,-585,-241
85229,7418,-3738,4041,456,231,-1347
85230,4542,-5544,-1473,866,-1387,-143
85231,-6154,6756,-353,951,-1410,-1459
85232,1850,-335,-2473,637,1619,547
85233,2252,3034,7295,352,434,888
85234,1485,29,-465,-597,-604,-1947
85235,-6509,-1222,-4658,-1644,-1429,554
85236,1731,2995,4354,1073,1985,-275
85237,-2806,4435,1433,-205,-557,1603
85238,-6056,-2244,-4069,-441,1145,1314
85239,-6657,4313,3200,1746,-503,-528
85240,4875,4459,3789,-345,584,1810
85241,-1401,-4397,-3223,490,1789,1187
85242,2366,-6167,3848,654,1296,492
85243,-3885,4572,-2140,754,72,375
85244,5813,-715,2449,1504,-1986,447
85245,-4029,2640,290,975,1638,1218
85246,-372,1287,286,1701,-324,330
85247,-261,1950,-507,1008,493,-562
85248,-5418,-4878,-34,1080,-1624,1055
85249,-5253,-6599,4496,1546,1050,-931
85250,-3156,-3203,6361,1499,1066,563
85251,2189,-1577,5818,1777,-1581,-950
85252,-4735,-379,3770,789,1782,581
85253,4692,4542,7185,-395,414,-703
85254,-2768,-1264,2424,342,1622,-75
85255,5689,5469,-29,-1718,-654,-1622
85256,5994,-3724,7356,-212,678,-1044
85257,7888,-4232,-2433,743,14,-988
85258,6784,-6273,-5860,831,-1712,1928
85259,1386,-850,-6242,1558,1667,1344
85260,-3892,-3172,5322,-225,737,-735
85261,-2145,-5982,-661,-307,-1742,-84
85262,-2265,-2701,-6719,-1577,-1757,262
85263,5194,3500,4768,1085,1835,933
85264,-6848,-772,1053,1579,1563,-1071
85265,6423,-7162,6745,1844,923,1180
85266,-5635,3492,-4440,1281,158,-442
85267,2750,2870,-7476,-1488,1058,237
85268,5266,3954,885,-1206,859,-232
85269,3961,6332,3430,1803,-1155,1993
85270,311,5416,2514,1754,477,-779
85271,-1871,-4795,6238,-1106,-296,1786
85272,-6414,-3721,7058,1866,-506,1723
85273,2453,3240,299,-902,-416,-851
85274,-7479,-5270,-1893,-687,98,371
85275,716,-4592,-7449,1750,-1305,-101
85276,406,-3685,-1423,-1127,300,1993
85277,-102,1741,6519,1887,-971,363
85278,5196,-7967,6944,-1798,961,-1847
85279,4483,5330,1499,329,-478,-159
85280,6846,-5306,4692,699,-952,-272
85281,-6091,-1650,-5986,1209,-1689,-1777
85282,-2446,7536,-5984,1048,1418,753
85283,246,-4556,381,387,1495,1043
85284,908,3143,6563,-1286,1465,-1817
85285,-6381,7066,-1443,-376,1181,810
85286,5782,2475,-247,-573,1652,-2000
85287,-3329,2341,-746,-1510,427,213
85288,-7460,-6757,-253,-818,1533,-1857
85289,-7600,5586,-4429,-1193,-1883,1626
85290,804,1305,4305,-1255,-9,506
85291,7101,3768,-5821,568,1178,1186
85292,1136,-2819,7901,830,1179,-724
85293,7599,6314,-528,-1,-336,-303
85294,-2522,3736,5551,107,1009,-1299
85295,7901,7198,5552,-29,1343,-1677
85296,5757,-392,3306,-563,-741,-441
85297,-7912,-2997,-1794,-607,-1062,-1241
85298,-1545,-7251,981,1652,1522,1684
85299,6399,665,4828,866,1319,-90
85300,907,-4908,-5782,1521,924,-785
85301,-3399,2739,1181,992,633,-1844
85302,7786,-5662,-3291,1227,-239,-113
85303,7513,7257,4236,143,273,839
85304,6337,-7806,-5129,1868,-144,1522
85305,6594,-5675,898,-633,-505,-596
85306,-1299,-3658,1892,-1112,1902,1531
85307,-3593,5344,545,225,62,-980
85308,-7887,-4738,-5241,-1895,-524,578
85309,-6234,1608,-87,-1037,1966,1850
85310,-4566,-808,1449,-1605,664,592
85311,3566,-1322,2722,541,526,-1406
85312,-1684,-5724,4305,1506,80,1979
85313,-744,7629,-451,-783,-1266,868
85314,-7506,2225,439,-1398,1266,1589
85315,-3297,-5379,2521,1568,69,-867
85316,6891,-1638,5393,-1151,1975,314
85317,2362,-1964,1322,816,-803,-1833
85318,6223,2999,-678,1098,1458,526
85319,1258,-2157,5094,-1440,-623,766
85320,6791,98,-3161,1252,186,339
85321,-5041,-2567,2922,849,-1106,337
85322,-1668,-2375,-7405,597,-1753,-452
85323,4736,-2920,2029,-1010,155,-992
85324,6507,-1973,-2270,-1620,-1126,1376
85325,4447,5233,5039,1662,741,-502
85326,4793,185,-3637,779,1295,-958
85327,-6889,7121,-1173,1813,1031,1914
85328,2252,-4393,-3502,1908,-1588,-540
85329,-6080,4034,-2373,-356,-613,-1245
85330,215,6402,6750,1229,849,-1949
85331,7128,2543,7114,1771,295,-1465
85332,1074,3431,-2755,272,588,561
85333,-1919,-371,1106,-1588,1504,-1274
85334,-2035,1868,-1824,199,221,1636
85335,-1175,-4422,4478,-702,1075,-288
85336,5635,474,7199,-1151,268,-1968
85337,-6030,-4833,-5920,1378,615,290
85338,-2473,-4362,-2033,1721,-1249,-1989
85339,-6567,-4743,6281,1533,-1439,1812
85340,-7014,4856,5394,1658,-1048,-942
85341,-4893,-862,-293,488,-1558,-894
85342,-4105,6164,2836,-1011,-315,1600
85343,-1072,4981,3649,196,45,-1008
85344,5783,-5671,4827,-114,332,-1435
85345,-6049,7317,-1935,22,-1836,558
85346,2679,-3375,-6929,-1863,-1465,-444
85347,6649,-2249,4888,1393,571,1983
85348,5099,-4981,7467,913,1668,348
85349,-5607,-154,-3924,1657,-1143,-1563
85350,-901,-7642,5570,-74,-1824,1883
85351,-2795,-1069,-3948,-1417,1961,1314
85352,5355,6902,-3210,493,1524,836
85353,4023,2499,-6282,-780,1047,-1588
85354,-4268,4837,3653,-404,-1936,696
85355,6498,-6660,2982,-893,-627,1936
85356,3373,1146,-2397,1909,314,-677
85357,-362,-5016,-2187,288,872,21
85358,916,-5665,-3474,417,-1092,-1497
85359,3218,-6142,1259,186,-673,1802
85360,-6479,2521,-3535,1742,-808,-252
85361,6629,-4201,-5771,-413,435,1305
85362,-3427,-6046,-5304,1251,1193,-250
85363,-7155,1192,-6378,1470,-1277,163
85364,3123,337,1438,1947,378,42
85365,3548,7804,-7494,1112,-671,-696
85366,6960,-3566,-3591,-310,1022,1036
85367,5546,54,5172,1945,-224,1984
85368,7900,6620,-4918,896,1029,-1765
85369,3190,-612,5494,1420,1003,1131
85370,157,7709,-1050,-201,-723,-1190
85371,7636,-7378,-622,-1306,331,-1013
85372,2170,-6379,-2007,-485,1282,231
85373,4944,5943,-3208,357,-740,1267
85374,3537,360,-197,1197,-13,-227
85375,7029,3630,314,-1133,170,-913
85376,-6769,6178,3034,1285,-1552,1592
85377,1333,1349,2700,-632,1996,942
85378,6095,-4373,-4353,-1487,-1382,-593
85379,-4846,5342,5750,-828,-1399,-482
85380,-2337,-7913,3704,1275,331,-1965
85381,-1634,7418,827,1944,184,1397
85382,-4101,1187,6579,-1715,231,1833
85383,5622,2905,6818,1012,879,1844
85384,3807,-3585,3784,1731,-1272,290
85385,1484,-7108,450,1944,836,-1776
85386,3752,6523,1371,-1779,-1182,1231
85387,461,-3614,3991,-1472,209,308
85388,6946,-7529,-136,-1615,73,-1561
85389,1748,-386,4176,727,1499,-919
85390,-7887,5522,-3571,115,-1443,1578
85391,3051,-5483,-7761,-319,1310,1361
85392,6004,-788,6181,-850,1058,-643
85393,7182,586,-7092,1736,1242,-1281
85394,-7830,5376,1979,238,1404,703
85395,-5236,-1476,-6486,978,167,-853
85396,2678,3885,4187,-1470,1321,937
85397,41,341,6095,-1620,-428,1206
85398,-1947,-2674,3256,1202,-691,-1770
85399,5243,7356,-779,854,1919,-1019
85400,-711,2467,6694,-1678,-555,-908
85401,5134,-6321,3073,286,656,-1929
85402,-2691,4781,-2944,-1037,-606,307
85403,-5219,-4387,2780,-1984,1759,1103
85404,7025,-6646,-5841,570,-1972,993
85405,-3787,4559,-4758,-801,-1805,-1141
85406,3368,-4733,2695,225,1524,-1811
85407,-2746,-4365,726,745,1660,-964
85408,5043,-2422,-7010,1670,-1376,727
85409,2630,-1650,-647,1791,-1402,364
85410,-3838,-3967,-4353,-1671,313,49
85411,-990,-4931,3434,679,551,302
85412,-3947,-6184,5807,568,1212,-44
85413,5046,-2840,6229,-716,1455,-1268
85414,5236,5456,463,293,1015,-178
85415,5225,3292,-2407,-811,1029,975
85416,-4796,-3250,-3979,80,-83,1840
85417,-897,3886,-3036,-1294,954,-1337
85418,575,6897,1196,-1737,-620,287
85419,1489,5200,-772,-602,1268,1585
85420,3579,4586,-5476,-1997,-1987,-735
85421,5253,1440,7279,485,1689,-1567
85422,-594,-5631,7597,1992,392,1838
85423,-1235,2144,7782,251,-342,1874
85424,361,4178,-715,670,18,-155
85425,4307,-5037,2687,-1764,-1370,1469
85426,-3826,-7099,5274,-1285,-1598,-1251
85427,-6033,3366,-3571,-1393,-1453,-1654
85428,7838,-3062,3101,448,-608,-1680
85429,-7513,398,1797,916,-82,119
85430,-3335,-7846,-1389,1271,-355,-278
85431,3584,-6505,5611,1653,972,1873
85432,2127,2715,-2215,674,1850,-1487
85433,-3969,5445,7553,-242,1583,932
85434,-5857,-3982,4229,-1696,1545,1290
85435,7177,1309,-4062,718,959,1127
85436,6657,-5505,-1096,-1484,1300,-1752
85437,2174,4255,3126,-1026,404,-1306
85438,-4975,-349,-1083,1418,1323,304
85439,4594,2283,2820,-176,930,1889
85440,-4172,2786,5297,-41,-518,-534
85441,1131,7849,-6164,-804,112,-555
85442,-996,7950,-6284,1953,1838,1471
85443,5927,7497,5422,-105,1771,1290
85444,-3639,1307,2400,573,-122,-799
85445,3090,7019,-3988,-1102,-1439,-1162
85446,1197,-3288,7450,-1726,467,-1503
85447,-6272,3602,1030,272,-572,1396
85448,-549,2404,7720,-1625,1885,1468
85449,-4581,-5705,-1961,-540,-1028,425
85450,5979,2761,1423,1724,-1415,-283
85451,3584,-3579,-1989,-1404,1076,1069
85452,5575,-7725,4650,1228,80,-1182
85453,-1066,405,-5735,673,-778,-1458
85454,2285,-3160,7116,641,1961,1130
85455,-3760,-4859,-5973,863,-848,902
85456,-6533,1719,-7046,1414,-1823,1101
85457,6411,-5768,3398,-17,1959,-618
85458,3644,-1866,6201,210,1104,1680
85459,-572,-312,-2091,-475,-631,-1585
85460,6323,5581,-4594,-1513,-347,-762
85461,1852,6512,-1924,-1939,948,-1798
85462,83,-6280,6046,-507,1082,-1775
85463,2016,2904,-2474,-298,1223,-356
85464,3416,-3875,2105,-1808,-1010,-1598
85465,6500,-1032,1090,-644,654,-937
85466,2349,-6076,689,-1928,1801,848
85467,-6883,-1681,-1044,-1231,-1138,-1056
85468,7111,4052,7904,-1853,1070,554
85469,6359,7385,2100,659,-1846,-126
85470,-6696,7989,-7485,1821,-1188,77
85471,3954,4753,-3022,-477,-781,-1420
85472,-3793,4035,7018,-763,536,-646
85473,7968,-4396,33,-1778,665,-988
85474,-766,-5415,-1400,-1902,864,-748
85475,2180,-251,719,419,894,-58
85476,5204,-4309,-639,-578,-1868,-491
85477,3445,3478,-2958,558,1026,-1006
85478,1857,2870,2405,-1873,-1145,1170
85479,3289,6665,-3646,-1422,1806,-592
85480,-7902,6652,-6769,-1543,1109,1932
85481,-573,6178,6882,-1182,717,1607
85482,-1452,5629,-7269,1273,-259,153
85483,931,5738,7514,-1338,-1711,353
85484,-373,5839,-6531,-384,812,245
85485,-4022,4674,-4224,1308,1968,1568
85486,-1042,-1105,-1596,286,1544,-1596
85487,-4297,-7962,-877,1696,622,-1984
85488,2408,-2771,-4633,-1190,-1632,-1914
85489,6104,7402,-2777,1424,-754,747
85490,-453,3656,-811,-763,-888,1841
85491,-5522,-7266,6125,-786,408,-41
85492,-7891,7843,-1530,-1062,1165,1556
85493,310,-6754,1466,-560,1826,39
85494,-7922,3973,7391,1716,-1203,432
85495,213,-1176,6489,942,272,-1179
85496,7158,-6296,4907,-1215,-306,825
85497,-2827,-755,6370,-1272,-1157,831
85498,2539,-722,1364,1438,415,-508
85499,-1636,1720,-2532,-948,1534,-178
85500,-4998,-5841,-4050,1465,-568,959
85501,4488,-3912,401,854,1972,-1743
85502,5631,-5851,-1219,1179,1364,448
85503,4423,6743,-6852,85,-1986,1644
85504,4596,-4209,-6518,714,1582,-178
85505,226,2707,-2385,1888,-656,796
85506,5556,-4757,-4144,-1134,85,-1389
85507,6286,2342,-5553,-335,1878,652
85508,175,1631,6783,-1264,1368,-1727
85509,-2747,4442,-5969,463,1399,-74
85510,-4243,-7040,-7293,-216,1671,-1650
85511,-902,1254,-4777,1055,1059,-66
85512,-4017,-6795,6002,1646,-708,-71
85513,-4909,-5910,3825,-904,-283,-1510
85514,2848,-7873,6669,-1299,690,850
85515,4668,-7943,-4653,-265,1188,-757
85516,2713,-1223,2676,-1329,397,1449
85517,7451,5532,482,-476,-1388,1350
85518,5337,-63,6442,-1882,-417,1508
85519,9,2417,4927,463,-1438,807
85520,7054,5544,4749,1031,1875,1970
85521,5568,-7746,2169,-1079,496,-1532
85522,-5051,-1348,-6368,1236,-796,1425
85523,2993,-5753,-893,-1494,1778,1940
85524,-346,-5408,3928,1848,-1453,-1162
85525,-5865,-6526,418,-1817,1400,-434
85526,3038,-6210,1141,689,483,729
85527,-2561,2462,-7782,421,193,-272
85528,-7020,-6071,91,1016,-1182,-1706
85529,-6199,7973,-7780,-1450,-1205,968
85530,5981,-6931,6611,1894,1139,-804
85531,-6688,7114,-1315,113,-907,988
85532,2685,-3645,6859,-1018,1120,-182
85533,-4280,2682,5115,1712,-1981,-174
85534,7750,3123,-2729,932,-662,-441
85535,-7684,6804,7162,-1480,-1955,1724
85536,-4078,-7652,23,1915,1352,-1656
85537,7524,-94,7343,778,1555,-289
85538,7105,7899,-5252,384,685,654
85539,-6446,7348,-4845,1234,-1472,173
85540,4880,-4777,-4439,-827,-1957,-1486
85541,-3470,-3669,2438,-125,1747,1366
85542,2343,7088,1103,734,83,889
85543,-2148,1898,-1702,-1769,579,1252
85544,5660,3425,3064,318,1073,-1387
85545,7265,-53,7698,1049,-200,776
85546,2714,-1242,-5861,1196,1902,-676
85547,2766,-1110,3980,931,-949,1037
85548,-3249,-7319,746,1989,-1326,566
85549,1221,-670,-4439,-1612,1551,253
85550,3820,-6662,-3551,-406,-1609,-1360
85551,6016,3041,1122,-961,-480,1615
85552,-4737,615,2411,-1677,-969,836
85553,203,-6956,3442,-492,-761,-877
85554,-1482,1468,2911,-794,1549,-479
85555,5945,-4429,-2477,-1293,77,1540
85556,-4473,3505,7945,-1348,17,374
85557,-3661,2636,-6578,678,777,-1207
85558,7801,2633,330,1093,1690,-878
85559,-6777,6526,-7017,-559,-143,1370
85560,-159,1302,-5071,-1033,1613,1489
85561,-7033,6587,-3949,-1426,-1769,1931
85562,5329,6821,3592,39,-1349,1764
85563,4925,-2521,218,770,-1631,-1377
85564,5558,3260,3886,-1688,-1427,-1163
85565,7151,6774,1846,-1770,-994,-253
85566,-3239,4507,5495,-1125,1762,1088
85567,-6047,7491,-6267,-1328,1912,1852
85568,7286,-4359,1360,629,1109,-795
85569,-4500,-2446,-2299,1607,-726,345
85570,-3297,-505,6407,151,1364,1415
85571,4713,1534,3998,-1854,-407,1544
85572,-3757,827,6358,-1761,1084,69
85573,5965,5827,6328,-1041,803,393
85574,-3648,-4637,-3370,-821,431,908
85575,6101,-5703,3469,-1151,1597,-1557
85576,-7449,-5879,-2764,-1119,-1031,295
85577,-4202,6102,5110,401,1924,819
85578,-2116,6557,-5921,19,729,1700
85579,4172,-4339,1488,1397,-1503,330
85580,-5621,-3563,-998,-552,-67,33
85581,3318,6407,-6538,-1782,-1595,908
85582,-6249,5330,3254,1465,-902,292
85583,-447,7627,-6752,-1290,152,935
85584,7634,1533,-2052,-1362,1278,1748
85585,7825,7739,2778,-242,-856,-319
85586,1788,1064,3437,1617,-1299,864
85587,5710,-3208,1638,1472,0,1639
85588,1356,1839,-3905,-234,-1445,-213
85589,279,-4744,-2077,1144,1999,-1607
85590,-4622,-6716,-258,-1163,-1569,-748
85591,627,3436,-7518,-1717,187,406
85592,7316,862,7755,-1738,1902,1446
85593,1027,6233,-7490,-1806,-784,749
85594,6599,5723,-2456,-1298,-14,-941
85595,-5510,-531,-5412,61,-1784,-1073
85596,351,-26,-6803,-1324,1459,1622
85597,4965,-1030,5509,-846,1444,-674
85598,109,-7797,-5178,120,-1882,1465
85599,6432,-7595,867,1669,-1880,-1407
85600,7547,1229,3323,1137,384,-1248
85601,-3739,6066,-1372,-633,366,-1911
85602,5817,-1731,-2322,-1562,122,-327
85603,3782,-5240,-7387,412,-1023,-1565
85604,-3385,800,-5012,646,-1013,-798
85605,879,-6532,2008,1090,281,1511
85606,-3287,541,-7752,1738,1274,1115
85607,-6050,1802,-3240,1870,724,-1577
85608,4558,-4577,620,-290,1467,-301
85609,-6245,4768,-7275,1515,-23,1486
85610,1919,7744,-6386,1809,1710,-607
85611,3187,-7496,-2931,1010,1160,551
85612,-2759,-2076,6647,-1420,-1428,-1660
85613,-2390,-1734,5429,9,908,1078
85614,952,-6668,4420,-1375,1387,-1031
85615,7700,905,4366,1129,-1986,123
85616,-1149,354,-26,-330,1851,1512
85617,-4494,-438,-1877,-625,-1909,103
85618,4157,1383,-6367,-1971,1603,987
85619,-3704,-644,-6472,-1326,619,1990
85620,1919,-1542,2614,-348,-189,-291
85621,-3803,2037,-6834,-769,714,-566
85622,5297,7014,-1511,1619,-691,-1282
85623,-5473,24,-4110,-990,-847,621
85624,5650,2727,2991,878,-1202,-1426
85625,-559,2447,-1563,1160,1054,1543
85626,802,-2662,6013,-1496,-1273,-1093
85627,5841,3145,-3429,-9,881,1023
85628,-4684,1074,-1279,-164,1124,-1373
85629,4796,1956,-534,1331,1695,-830
85630,593,-3184,-3465,109,1292,1115
85631,5799,4794,-2140,-1749,-1091,1405
85632,-4596,4467,-6835,-1220,183,-1563
85633,5995,-4190,432,-1186,-1523,1980
85634,-936,-3699,-3799,-1628,-421,1659
85635,-7850,2014,30,661,-1448,1625
85636,5666,-1089,3519,-260,-1126,-323
85637,7948,3381,-6352,-1091,-623,323
85638,-4045,-6555,4876,-1290,460,337
85639,-6024,2113,47,-912,1970,-235
85640,-5708,3581,6537,451,-237,1614
85641,-3090,-1870,5374,1926,-1524,-1692
85642,-970,2929,3499,-1635,1562,524
85643,7124,-5136,4973,200,-1932,967
85644,2870,-1551,-5137,1986,96,-996
85645,-365,-1481,4505,846,877,-1303
85646,-4458,6079,3284,645,-473,1725
85647,-4234,361,-6151,777,-231,1033
85648,5219,1903,-2755,-365,-975,971
85649,7368,-6907,-1585,-1198,-923,418
85650,-3457,1562,6131,-1598,1810,-533
85651,-1495,6034,-5525,-1692,-1675,1766
85652,1111,6777,-1024,-1106,1219,-906
85653,-1730,-5603,988,-1627,-150,957
85654,7611,-7612,399,822,1419,1676
85655,-2399,1164,-7468,535,-705,-157
85656,-7883,-7226,-6518,1512,-1859,-1217
85657,-2849,7137,5505,-652,156,1318
85658,-1762,-5350,-4540,-1574,-519,317
85659,-4332,7312,7674,-506,-1926,-1077
85660,7525,1593,-2858,1545,249,-1649
85661,720,-4016,6329,1429,684,-1386
85662,5335,-5628,3770,369,1838,-938
85663,-5800,5595,-1555,1262,1951,999
85664,-1262,3873,3419,95,-1655,1251
85665,-1043,-7019,-2849,425,-1761,257
85666,7144,-3260,4529,-1204,-1424,947
85667,4770,3865,-5472,-389,377,1406
85668,-1881,3580,-2636,-1335,1786,-186
85669,-7160,4183,3663,-883,-781,-1618
85670,4859,5836,7879,1158,-144,-1521
85671,1918,5281,4263,1667,1257,827
85672,6993,-3437,-6080,1021,-1345,-841
85673,-7603,5851,3560,1491,1283,813
85674,5454,-5639,-2240,1087,-469,1236
85675,3561,-2977,7494,-830,1007,1203
85676,-4342,-4946,3813,-103,33,-599
85677,1169,2525,-2119,1109,617,1700
85678,7795,-2113,201,-1504,608,531
85679,2131,-5974,1496,-1704,1263,1389
85680,-7139,7840,7537,1871,377,-1798
85681,-1189,-1173,2240,793,444,1767
85682,-2402,-6644,2517,-465,1136,919
85683,-4024,3733,5605,1146,-164,1613
85684,7907,-3964,4645,721,417,998
85685,2583,3368,-4214,1144,827,1122
85686,857,4954,-244,-1725,772,-604
85687,-107,6574,7439,1116,658,1030
85688,-5479,-5484,-5677,-1247,518,523
85689,3453,-4319,3882,1146,-1941,-1158
85690,-7942,-7594,-3718,-12,-108,986
85691,-2677,-5714,-3223,969,-476,1268
85692,-7373,4462,5389,-256,856,-626
85693,765,335,-7703,1062,815,1634
85694,336,-6751,-222,-1089,-1381,131
85695,-3519,-3110,-3520,-1599,-393,-1425
85696,1770,-1301,-510,-1589,714,-1994
85697,-7107,-5541,5203,-1424,-426,167
85698,1472,-6912,6690,-136,-259,-1815
85699,-7592,-1194,-1568,-1253,219,-1188
85700,3127,2890,-2894,-1442,1597,351
85701,5519,644,7211,1906,-139,1332
85702,1984,-5367,-3190,-433,-358,350
85703,5902,5457,1804,1998,1377,1272
85704,-2208,-3213,-5913,-244,-1224,1405
85705,1902,2987,-5215,1340,184,-283
85706,-7623,2173,-7665,1979,-667,-225
85707,-4807,-6464,256,116,1914,449
85708,6040,-5761,-3267,-1153,39,1840
85709,-305,3896,-4450,831,1481,-801
85710,467,288,-7516,-803,1967,-806
85711,3957,-4473,5836,-941,-804,690
85712,-364,-3028,-7516,79,1988,478
85713,-3581,1429,5307,-231,1194,1324
85714,1774,551,494,-513,-1525,1532
85715,-4732,-6433,-6870,-1499,-627,-1243
85716,1266,-3917,-6848,-1645,1654,-929
85717,4864,-5522,-3870,-713,-616,1568
85718,-7420,-2354,-1721,-1841,891,1207
85719,7629,-2811,-6155,1759,929,212
85720,3207,5539,1389,1236,1637,-1585
85721,-6496,7097,4937,-370,494,1772
85722,-4721,7459,-6797,693,575,1488
85723,6077,-3131,-7101,350,-1844,275
85724,-5003,-7923,3599,315,-259,910
85725,7474,5837,1901,-1714,-1052,-251
85726,7330,-2694,904,-1880,300,1936
85727,7352,-7479,-6739,-1791,118,-1017
85728,-2372,6361,698,734,1495,-567
85729,7571,-4281,-6599,-405,-953,-459
85730,3111,-406,-38,745,-589,-647
85731,-5268,479,-1285,-1260,-81,-2000
85732,-7909,1401,-214,-69,1843,-684
85733,-2467,-10,6766,630,659,874
85734,5169,4180,-1001,1220,-413,1647
85735,4091,1321,-1549,414,822,-1190
85736,-1946,2998,-1153,306,889,-1815
85737,-56,-2885,-1571,-1144,1607,127
85738,-5277,1980,-6086,1474,-1442,159
85739,1600,-3939,7664,167,1385,1179
85740,-2258,4709,5576,-66,-618,-1968
85741,-3679,-2266,-7368,1153,-1187,1124
85742,-4752,5195,-7897,-266,-1317,-999
85743,-7338,4572,-4816,-1190,-735,-288
85744,2393,1072,3652,-676,-1468,-1498
85745,1568,2292,-341,-314,1976,-280
85746,5981,6280,-1010,-1835,-833,35
85747,-3369,-5382,-6191,-1329,1366,119
85748,-1020,-3592,4825,-1550,-84,1155
85749,5706,-6434,6210,334,-30,239
85750,-7027,-4089,6344,-385,-1918,1689
85751,1419,1923,5723,-1884,1015,1204
85752,3213,1093,3292,610,103,1499
85753,5342,-5092,4284,-117,-388,774
85754,4407,4392,7325,1109,-1503,658
85755,-4015,5456,-5807,-916,-1819,-1368
85756,-368,-6604,-1890,-1514,1056,-320
85757,360,-3729,2618,-1038,1862,-296
85758,-1325,-5463,1491,621,915,-623
85759,-7004,6990,5819,1233,1679,-936
85760,7899,5619,-7355,-1957,1079,1911
85761,-521,-1248,-6596,1809,-417,1049
85762,-7292,7312,-3471,448,-555,1540
85763,-6493,5573,-4551,513,172,-927
85764,-7450,5981,5506,-703,-1569,-89
85765,-4766,755,3233,117,218,-155
85766,-5349,1745,4475,-112,5,1691
85767,-2508,-5954,-2237,402,-128,-1944
85768,-3152,1305,-7914,-1945,-1652,1515
85769,1434,7951,5817,-1665,283,-333
85770,7542,-3014,-7560,-1544,755,1106
85771,-2233,-4621,5661,-277,-399,-1531
85772,-2897,1953,2084,-1881,88,-1915
85773,-5088,951,4267,871,1132,-356
85774,-1167,-4609,-641,-377,-768,-500
85775,-6863,278,1336,1825,66,-1783
85776,-1185,-4925,4114,402,-1949,1162
85777,332,-6239,-4094,-1401,-1556,1399
85778,3472,2447,-6907,977,195,-1385
85779,4032,-3211,-1778,-574,-1768,-903
85780,-6943,-6286,3909,1817,-1329,-699
85781,529,5127,2253,-378,-1587,-380
85782,6093,-6325,-5142,-190,-1801,-1176
85783,-3155,1822,-3335,1128,-1311,-1643
85784,4233,-5297,4862,-62,-880,1875
85785,-212,-6078,-5652,1708,-301,-1778
85786,3051,-768,1643,-660,-448,301
85787,-7106,6585,-6723,-1182,42,-297
85788,1466,-4377,-3711,-511,-1717,-1247
85789,-777,-6508,-4667,-1121,-315,229
85790,-5590,-3778,-1960,-1797,157,1863
85791,-7204,5864,1171,-1750,1314,-249
85792,-4735,-1242,7126,-1197,1729,-12
85793,-4616,4309,-45,-383,390,-1852
85794,-6857,3312,4048,-1032,-1970,-326
85795,-2182,1660,-7294,992,1708,50
85796,-3580,-5221,-2044,-769,685,-712
85797,2426,4431,6028,1549,-1101,133
85798,-1612,-673,-7158,1804,1333,-1238
85799,-1247,6384,3940,1903,-816,-1532
85800,-1151,3839,-3225,-346,-1659,-1740
85801,2226,-7591,-1273,1580,1747,1893
85802,-3585,2420,2816,1791,1152,-1368
85803,4307,-7945,2106,1218,-1670,106
85804,1181,-3086,-450,787,546,-767
85805,4624,1721,7983,373,1546,715
85806,6748,-3549,385,415,777,-1804
85807,-7674,5910,5254,474,264,897
85808,-162,2757,7073,-1617,-1493,-1888
85809,-5515,5972,-6590,952,1875,-1717
85810,7953,-6178,2004,1811,1997,-277
85811,5896,-7033,1195,-698,771,-470
85812,1898,3406,936,-658,1043,1817
85813,-7240,2846,5800,1636,122,-1903
85814,7612,-3018,-1276,603,-1717,-906
85815,6349,-3063,170,1463,-1698,118
85816,-2589,3753,-5926,1704,-428,-989
85817,186,-65,5114,938,-1907,654
85818,-5453,-1014,-1757,-1748,1010,84
85819,4071,-4698,-1452,1537,261,783
85820,4315,4950,-3955,417,-1418,1408
85821,-4198,6091,3112,-1277,-806,412
85822,2730,-5352,-113,-1428,1223,528
85823,-2434,-7560,-2674,1453,600,-1611
85824,7025,-4293,6789,668,1213,84
85825,-6920,3812,-242,1028,695,-1419
85826,-2953,4091,-813,776,728,322
85827,2688,4241,5193,-1267,1178,-544
85828,-7313,-2426,7931,-1246,-819,108
85829,425,-3609,-578,-313,1261,-990
85830,-2972,-5292,7354,-628,652,36
85831,3590,-7596,-6368,1442,586,1628
85832,2876,-6704,570,1843,-1324,-1143
85833,-5722,3922,-1551,-1788,-890,570
85834,-6854,-317,2079,-425,272,1065
85835,-1647,7116,-6462,-208,1533,401
85836,3770,-2412,-419,-272,-760,-1911
85837,-7289,-3882,-3906,1419,1241,-1537
85838,-2340,-5363,-7347,-1372,-1432,584
85839,5459,5917,-7839,-997,-1441,-1463
85840,1398,-3266,-7836,801,-909,1016
85841,-4039,7422,-4865,1183,-890,-1924
85842,-630,-4332,6612,260,521,1367
85843,4535,7225,4184,324,1086,1817
85844,2064,-4577,3853,474,-1423,343
85845,-2671,4114,3655,-907,-557,-1001
85846,1710,6424,-1734,-1071,-181,-895
85847,-1079,652,6285,732,-1889,-219
85848,-813,-2873,199,1582,-1576,461
85849,2162,-991,1865,131,1223,1894
85850,-6130,2439,2947,-1521,-319,-694
85851,7303,1350,1654,936,247,-209
85852,-1167,7865,4777,-800,1026,-520
85853,-3021,-114,3594,276,246,-1124
85854,4457,3784,5799,756,277,1273
85855,2346,-2255,7538,1821,-1164,676
85856,5199,-5721,6950,-164,443,1556
85857,-7253,-1773,-4573,1349,495,72
85858,759,-5430,-6561,-929,-1046,-1729
85859,-1275,4576,-7792,1262,-1030,4
85860,-7515,-810,222,-230,-1634,1551
85861,600,2923,2346,298,-1605,-1730
85862,845,-7938,5515,-764,-1992,-39
85863,2390,6847,6368,601,296,515
85864,6654,-7972,-546,965,182,803
85865,-5479,1922,-4365,-1851,1747,1058
85866,-2691,-657,-907,660,754,-1485
85867,5103,-6345,-7314,506,260,353
85868,2406,2257,-6481,-179,-976,1937
85869,7422,-2874,3379,-1035,-1311,-357
85870,-7915,2222,-1617,-1298,-1053,252
85871,5180,2808,7845,-1191,368,-1239
85872,3808,3037,-609,1062,272,519
85873,-4521,3814,1649,532,-970,-785
85874,5817,-1294,-5191,-1170,1285,1904
85875,3680,-679,-4937,-845,-1380,-1659
85876,2778,-2742,-2632,-1554,-652,-800
85877,-1685,428,-2719,1103,-370,-1972
85878,584,6139,252,941,-1504,1070
85879,6346,7446,2920,1016,-1607,290
85880,-6734,84,-2749,1084,-292,-145
85881,-5642,7904,-3515,1311,671,1722
85882,-6468,2375,-7427,965,735,748
85883,6913,6893,7754,-1599,-379,1989
85884,-6884,192,-4199,-1341,119,-975
85885,-2822,7204,-6119,-11,-862,197
85886,-2536,1008,-1596,-1844,-1758,295
85887,6742,6606,5192,-1480,-857,1495
85888,5688,5903,3825,73,-491,630
85889,1906,5296,-7930,349,925,-830
85890,-3197,-2925,310,-1190,1074,-500
85891,4512,-4467,4675,1397,-1317,-959
85892,-4046,-5530,5661,1057,-101,-1972
85893,-3970,5859,-5072,-425,-1126,1493
85894,-997,-6383,5848,-576,-1227,522
85895,4042,5926,6665,-1129,-1374,-871
85896,1347,424,3156,1529,-1687,521
85897,-90,1121,2602,1892,-1250,-964
85898,-6942,6342,-4144,-1448,-219,697
85899,-5645,-3350,942,447,-58,245
85900,-402,389,-4528,788,-1066,-80
85901,-313,1273,-5700,1405,1217,1919
85902,6150,6523,-367,1087,1773,1987
85903,-669,-6878,2104,-459,317,-1404
85904,4658,2775,-2002,1637,-1744,735
85905,-5821,7790,4793,1361,-638,-823
85906,1031,609,2435,-847,1017,-972
85907,5804,6826,7256,1507,-1868,-712
85908,-3175,443,-3591,-8,1526,467
85909,-608,-2082,-5866,338,1102,-972
85910,5426,6314,3446,433,1100,-146
85911,5530,286,-4174,319,-84,1108
85912,-6945,6824,-3751,1255,1243,-942
85913,-5515,-6999,-2358,524,324,-1650
85914,-6665,-798,522,-308,998,-361
85915,5501,6430,6299,32,-722,1318
85916,-5031,2862,5848,249,1577,-1697
85917,1912,7518,1823,1825,93,-1923
85918,5283,-6971,6463,-1424,-1416,97
85919,-7490,-1066,698,-753,-114,1265
85920,-6843,1954,3452,-1571,-1421,903
85921,5694,-678,7899,404,1086,-569
85922,6280,-7054,-7598,371,-1355,1705
85923,6822,-5405,369,1222,-467,1621
85924,-2108,-3150,6617,387,-425,1744
85925,5702,-5301,3192,-200,1241,-340
85926,634,-6211,5106,393,-885,-1735
85927,-7449,1289,-2635,-1929,1528,1938
85928,6356,4324,-7197,-1222,1765,897
85929,-4073,1012,-1783,-604,-1758,-1704
85930,-5485,1631,1400,-1298,-1793,1063
85931,-2146,-7706,6067,1299,406,1375
85932,3999,5230,7693,-733,-1068,287
85933,-7248,5232,-574,-943,1038,-1429
85934,544,3094,245,-672,-508,290
85935,-7732,7674,5906,-218,-1756,65
85936,-1556,5274,-3150,-559,1825,-551
85937,-1958,-7328,-7531,-1928,301,1800
85938,-4223,-3200,-5878,577,-465,-747
85939,-1539,-510,-3726,856,-1719,1973
85940,3739,1607,4489,1132,-493,442
85941,7718,-4664,-5427,-1510,-1725,-68
85942,5745,5817,4239,14,-822,122
85943,-9,-4969,-5778,-154,-715,-1363
85944,-2723,-1275,2609,-641,-1,1014
85945,-3966,7681,-6578,1941,-1010,34
85946,-5785,7367,-5142,-1627,1357,386
85947,7257,5146,-7014,511,234,229
85948,3994,-4390,-6961,387,4,-1335
85949,3854,-2865,1819,307,-973,-1846
85950,4314,-182,3315,-1901,-1655,-1006
85951,4491,-7800,-3264,1311,-45,-1203
85952,3478,2364,-3955,886,752,-767
85953,2772,7769,-6004,-840,1028,-1594
85954,-5853,5748,-402,1076,15,-197
85955,3764,-5757,-6883,1825,-1814,1931
85956,690,739,-3867,-1405,-371,1834
85957,2705,5460,-3686,747,-1013,1478
85958,-6343,4123,416,-530,1881,541
85959,-3015,7275,-447,1437,456,1919
85960,7793,3595,4234,-226,267,1812
85961,-521,-4723,2720,103,-1952,-1072
85962,-7659,-7312,-2146,1584,-549,-1009
85963,-2549,-128,3487,-440,1655,387
85964,3939,-6104,159,-1453,142,870
85965,1986,-7008,-43,263,14,-351
85966,5888,6709,3976,1179,-1539,-247
85967,5713,-142,1437,-943,1016,-176
85968,1208,-3591,-1171,20,-1131,794
85969,-4817,-7078,-3742,867,-591,499
85970,-1954,6352,2157,-1760,1062,1849
85971,3419,5109,-7053,835,-1749,1077
85972,1973,993,-3055,812,491,1681
85973,-7552,6166,-1738,1143,-759,1451
85974,-7391,7880,4895,-1839,-1541,310
85975,7384,1239,1206,-684,1915,-1980
85976,4472,5634,-7712,-1259,1509,106
85977,-605,-3013,5483,771,-397,772
85978,-753,1503,5289,554,666,1542
85979,7481,3103,-4212,-1544,745,427
85980,4811,341,1427,1798,-582,-260
85981,3117,7133,2931,-1262,-965,-1309
85982,-2971,-7911,3991,-1053,745,-481
85983,242,2653,-5542,-234,1408,-239
85984,2909,-6634,1657,-520,-1504,446
85985,1112,-2482,-7127,-1937,1426,1209
85986,1275,-194,-3139,-719,58,1108
85987,1607,272,5722,-751,106,1417
85988,-6538,2472,-659,-932,-1902,905
85989,7671,-2309,5224,-544,-833,1776
85990,5876,-1074,4849,1262,-768,-7
85991,7777,7378,-5549,-1542,-1425,946
85992,2094,6401,-4220,-722,730,721
85993,-3495,-3440,4359,-190,61,875
85994,4917,-4954,5419,345,-1139,-1029
85995,2695,1056,-3171,1362,-1422,339
85996,-5555,-476,-5674,157,-1940,266
85997,-2630,-4788,2083,-1079,-87,-916
85998,6348,-26,6259,-781,195,3
85999,-3754,6093,5112,-1887,-591,-707
86000,-2011,5472,-6613,-588,-1906,1355
86001,-5344,3576,6655,-1694,-106,-1464
86002,5637,-6802,3407,499,528,873
86003,861,-7554,130,-1329,386,-1877
86004,-7802,2910,-5015,-29,-506,-1448
86005,409,-7429,-3214,-1104,-1809,418
86006,5724,-6376,940,-559,-1925,-377
86007,7176,4047,1158,1589,-1900,-819
86008,4487,-6545,4170,497,-1592,1417
86009,-7338,-1038,-7774,236,-339,612
86010,-1341,3602,-6322,1665,397,-254
86011,928,-3152,6996,1217,409,-294
86012,4868,2553,6696,-1731,-932,1959
86013,4417,-4797,-3260,-647,369,-609
86014,2307,-2303,-625,843,-1253,1667
86015,-415,3250,296,1908,-1044,1678
86016,7171,-6729,7606,1611,-1863,1364
86017,6528,-5083,3217,-1574,-1489,-812
86018,-4653,-3169,1828,-548,-1417,-1480
86019,945,-5060,-6788,-1452,1499,590
86020,7303,472,3185,-1614,235,-1039
86021,3506,3043,-906,-1973,1974,-1111
86022,7322,3572,-7794,1389,790,-360
86023,-2344,-5783,-6018,1776,-1007,1858
86024,3279,-3593,5633,-812,1575,1176
86025,1360,2207,7557,1570,-81,723
86026,4421,-1867,7729,-1546,1266,-1305
86027,5161,6104,73,-201,545,418
86028,6205,-4053,2488,828,1019,159
86029,6939,7031,-763,-40,1970,-1306
86030,-3269,4246,-2909,905,1359,1162
86031,1482,-1463,1050,-1470,1615,549
86032,-3237,-7099,-6818,-1015,424,-1271
86033,584,2671,2383,921,-1045,302
86034,6510,6862,-2280,1175,-1004,305
86035,-6229,3249,2063,-1626,-1034,1270
86036,-3181,-2107,-3006,-1217,951,-710
86037,5972,3978,5592,441,-1861,273
86038,3471,-5998,-5255,-649,1345,-1347
86039,259,7912,-7524,-1369,-334,-679
86040,-2187,-370,668,201,-1822,879
86041,-5931,4485,-7031,-1012,-1451,537
86042,4387,-7100,5825,-198,1818,-1379
86043,-6201,-6958,-6194,-1359,-634,1314
86044,-7551,2694,-3000,-1598,-759,-1849
86045,-5912,7842,-993,-895,-1797,-941
86046,2818,336,893,-1366,1859,1426
86047,1222,2280,5277,1198,-838,1697
86048,-7635,-1273,-6147,1943,1249,-1959
86049,6158,291,5025,-1889,-1922,675
86050,-312,-3745,-1045,582,-183,-563
86051,2189,5866,-821,1631,-285,-1373
86052,4514,6189,-4381,-266,-15,831
86053,-6162,-3955,-2008,139,-93,64
86054,3065,2423,5306,-1212,6,-1234
86055,4804,-7886,-3209,-1136,1190,-1079
86056,-3168,-2860,-3913,1017,-97,-1976
86057,7823,3527,-7608,-23,-1085,-1500
86058,-3504,5165,4283,1385,-738,-1234
86059,6884,1430,-258,-1506,821,-1220
86060,6426,3166,-2944,960,-1990,-1204
86061,-7113,-7081,-7649,-615,-946,-753
86062,7562,-763,5295,600,-50,1181
86063,-7496,-7051,1065,1043,-163,-208
86064,7848,-529,2349,-1964,-698,-459
86065,6363,-1601,-7974,-324,-558,-1998
86066,591,-6849,-2463,-230,1513,-551
86067,-7866,-4437,434,-1332,-401,-911
86068,-770,-4892,556,1757,1542,1009
86069,4775,6973,-3944,-338,-1297,-798
86070,4770,1759,-2798,-1028,931,-44
86071,-1590,671,-3649,-1430,-317,-1864
86072,-7622,2322,3685,1852,-1399,-1587
86073,453,-5853,6315,-1157,1485,-706
86074,-2015,5843,-4858,-2000,-1476,-963
86075,7044,4977,2878,-192,-1160,-1224
86076,4893,-1601,-1700,1881,-1471,1688
86077,4222,-1217,-2568,-816,-1824,1844
86078,-1765,-1286,-5536,-200,-598,180
86079,-7677,1509,148,694,-888,-1198
86080,2657,3443,-4889,1493,549,-447
86081,4005,4343,-2533,1157,728,-1566
86082,2728,-3916,349,-1578,-1192,-919
86083,-4662,-3725,6275,1691,-1119,-474
86084,4188,-1852,-1735,-820,-1334,1936
86085,5033,1101,6820,1463,1945,-1306
86086,7969,-5412,4039,-1719,660,1189
86087,203,7679,527,-784,-240,1519
86088,4553,3803,-5089,197,-818,-568
86089,-6997,2736,1420,421,0,-1428
86090,-7861,615,-2899,-1794,475,-906
86091,2148,2065,-6985,357,-1627,-1121
86092,5962,-580,2889,1908,1159,-1662
86093,4366,-3004,-4220,-1282,-1801,842
86094,-2391,-3010,5090,993,-1317,-1589
86095,2780,6047,-80,-1514,1038,1290
86096,-3547,2812,5740,861,948,697
86097,1685,-5083,-6780,-1498,1631,233
86098,405,-4215,4813,1923,1784,955
86099,6475,6813,-5455,-1716,-1177,196
